143.00 145.50
143.50 145.50
144.00 146.00
144.50 146.50
145.00 147.00
145.00 147.50
145.00 148.00
144.50 148.50
144.00 149.00
143.50 149.00
143.00 149.50
142.50 149.50
142.00 149.50
141.50 149.50
141.00 150.00
140.50 150.00
140.00 150.00
139.50 150.00
139.00 150.00
138.50 150.00
138.00 150.00
137.50 149.50
137.50 149.00
137.50 148.50
137.00 148.00
136.50 148.00
136.00 148.00
135.50 148.50
135.00 149.00
134.50 149.00
134.00 149.00
133.50 149.50
133.00 149.50
132.50 149.00
132.50 148.50
132.50 148.00
132.50 147.50
132.50 147.00
132.50 146.50
132.50 146.00
132.50 145.50
133.00 145.00
133.00 144.50
133.50 144.00
134.00 143.50
134.50 143.50
135.00 143.50
135.50 143.50
136.00 144.00
136.50 144.00
137.00 144.50
137.50 144.50
138.00 145.00
138.50 145.00
139.00 145.50
139.50 145.50
140.00 145.50
140.50 145.50
141.00 145.50
141.50 145.50
142.00 145.50
142.50 145.50
