148.00 149.00
147.50 149.50
147.00 150.00
146.50 150.50
146.00 150.50
145.50 151.00
145.00 151.50
144.50 151.50
144.00 152.00
143.50 152.00
143.00 152.50
142.50 152.50
142.00 153.00
141.50 153.00
141.00 153.00
140.50 153.50
140.00 153.50
139.50 153.50
139.00 153.50
138.50 154.00
138.00 154.00
137.50 154.00
137.00 154.00
136.50 154.00
136.00 154.00
135.50 154.00
135.00 154.00
134.50 154.00
134.00 154.00
133.50 154.00
133.00 153.50
132.50 153.50
132.00 153.50
131.50 153.50
131.00 153.00
130.50 153.00
130.00 153.00
129.50 152.50
129.00 152.50
128.50 152.00
128.00 152.00
127.50 151.50
127.00 151.00
126.50 151.00
126.00 150.50
125.50 150.00
125.00 149.50
124.50 149.00
124.50 148.50
124.00 148.00
123.50 147.50
123.00 147.00
123.00 146.50
122.50 146.00
122.50 145.50
122.00 145.00
122.00 144.50
122.00 144.00
122.00 143.50
121.50 143.00
121.50 142.50
121.50 142.00
121.50 141.50
121.50 141.00
121.50 140.50
121.50 140.00
121.00 139.50
121.00 139.00
121.00 138.50
121.00 138.00
121.00 137.50
121.00 137.00
120.50 136.50
120.50 136.00
120.50 135.50
120.50 135.00
120.50 134.50
120.50 134.00
120.50 133.50
120.50 133.00
120.50 132.50
120.50 132.00
121.00 131.50
121.00 131.00
121.00 130.50
121.00 130.00
121.50 129.50
121.50 129.00
121.50 128.50
122.00 128.00
122.00 127.50
122.00 127.00
122.50 126.50
123.00 126.00
123.00 125.50
123.50 125.00
123.50 124.50
124.00 124.00
124.00 123.50
124.50 123.00
125.00 122.50
125.50 122.00
126.00 121.50
126.50 121.00
127.00 120.50
127.50 120.00
128.00 120.00
128.50 119.50
129.00 119.50
129.50 119.00
130.00 119.00
130.50 118.50
131.00 118.50
131.50 118.50
132.00 118.00
132.50 118.00
133.00 117.50
133.50 117.50
134.00 117.50
134.50 117.00
135.00 117.00
135.50 116.50
136.00 116.50
136.50 116.50
137.00 116.00
137.50 116.00
138.00 116.00
138.50 116.00
139.00 116.00
139.50 115.50
140.00 115.50
140.50 115.50
141.00 115.50
141.50 115.50
142.00 115.50
142.50 115.50
143.00 115.50
143.50 115.50
144.00 115.50
144.50 115.50
145.00 115.50
145.50 116.00
146.00 116.00
146.50 116.00
147.00 116.00
147.50 116.50
148.00 116.50
148.50 117.00
149.00 117.50
149.50 118.00
150.00 118.50
150.50 118.50
151.00 119.00
151.50 119.00
152.00 119.50
152.50 120.00
153.00 120.50
153.50 121.00
153.50 121.50
154.00 122.00
154.50 122.50
154.50 123.00
155.00 123.50
155.00 124.00
155.50 124.50
156.00 125.00
156.00 125.50
156.00 126.00
156.00 126.50
156.50 127.00
156.50 127.50
156.50 128.00
156.50 128.50
156.50 129.00
156.50 129.50
156.50 130.00
156.50 130.50
156.50 131.00
156.50 131.50
156.50 132.00
156.50 132.50
156.50 133.00
156.50 133.50
156.50 134.00
156.50 134.50
156.00 135.00
156.00 135.50
156.00 136.00
156.00 136.50
155.50 137.00
155.50 137.50
155.50 138.00
155.00 138.50
155.00 139.00
154.50 139.50
154.50 140.00
154.00 140.50
154.00 141.00
153.50 141.50
153.50 142.00
153.00 142.50
152.50 143.00
152.50 143.50
152.00 144.00
151.50 144.50
151.50 145.00
151.00 145.50
150.50 146.00
150.00 146.50
149.50 147.00
149.50 147.50
149.00 148.00
148.50 148.50
