124.00 131.00
124.00 130.50
124.00 130.00
124.00 129.50
124.00 129.00
124.50 128.50
124.50 128.00
124.50 127.50
124.50 127.00
125.00 126.50
125.00 126.00
125.00 125.50
125.50 125.00
125.50 124.50
126.00 124.00
126.50 123.50
127.00 123.00
127.50 122.50
128.00 122.50
128.50 122.00
129.00 122.00
129.50 121.50
130.00 121.50
130.50 121.50
131.00 121.50
131.50 121.00
132.00 121.00
132.50 121.00
133.00 121.00
133.50 120.50
134.00 120.50
134.50 120.50
135.00 120.50
135.50 120.50
136.00 120.00
136.50 120.00
137.00 120.00
137.50 120.00
138.00 120.00
138.50 120.00
139.00 120.00
139.50 120.00
140.00 120.00
140.50 120.00
141.00 120.00
141.50 120.00
142.00 120.50
142.50 120.50
143.00 120.50
143.50 121.00
144.00 121.00
144.50 121.00
145.00 121.50
145.50 122.00
146.00 122.50
146.50 123.00
146.50 123.50
147.00 124.00
147.00 124.50
147.00 125.00
147.00 125.50
147.50 126.00
147.50 126.50
147.00 127.00
147.00 127.50
147.00 128.00
147.00 128.50
147.00 129.00
147.00 129.50
147.00 130.00
147.00 130.50
147.00 131.00
147.00 131.50
147.00 132.00
147.00 132.50
146.50 133.00
146.50 133.50
146.50 134.00
146.50 134.50
146.50 135.00
146.00 135.50
146.00 136.00
146.00 136.50
146.00 137.00
145.50 137.50
145.00 138.00
145.00 138.50
144.50 139.00
144.50 139.50
144.00 140.00
143.50 140.50
143.00 141.00
142.50 141.50
142.00 141.50
141.50 142.00
141.00 142.50
140.50 143.00
140.00 143.00
139.50 143.00
139.00 143.50
138.50 143.50
138.00 144.00
137.50 144.00
137.00 144.00
136.50 144.00
136.00 144.50
135.50 144.50
135.00 144.50
134.50 144.50
134.00 144.50
133.50 144.50
133.00 144.50
132.50 144.50
132.00 144.50
131.50 144.50
131.00 144.50
130.50 144.50
130.00 144.00
129.50 144.00
129.00 144.00
128.50 143.50
128.00 143.00
127.50 143.00
127.00 142.50
126.50 142.00
126.00 141.50
125.50 141.00
125.50 140.50
125.00 140.00
124.50 139.50
124.50 139.00
124.50 138.50
124.00 138.00
124.00 137.50
124.00 137.00
123.50 136.50
123.50 136.00
123.50 135.50
123.50 135.00
123.50 134.50
123.50 134.00
123.50 133.50
123.50 133.00
123.50 132.50
123.50 132.00
123.50 131.50
