129.50 152.00
129.00 151.50
128.50 151.50
128.00 151.00
127.50 151.00
127.00 150.50
126.50 150.50
126.00 150.00
125.50 149.50
125.00 149.00
125.00 148.50
124.50 148.00
124.50 147.50
124.00 147.00
124.00 146.50
123.50 146.00
123.50 145.50
123.00 145.00
123.00 144.50
123.00 144.00
123.00 143.50
123.00 143.00
123.00 142.50
123.00 142.00
123.00 141.50
123.00 141.00
123.00 140.50
123.00 140.00
123.00 139.50
123.00 139.00
123.50 138.50
123.50 138.00
124.00 137.50
124.00 137.00
124.00 136.50
124.50 136.00
124.50 135.50
125.00 135.00
125.50 134.50
126.00 134.00
126.50 133.50
127.00 133.00
127.50 132.50
128.00 132.50
128.50 132.00
129.00 131.50
129.50 131.50
130.00 131.00
130.50 131.00
131.00 131.00
131.50 130.50
132.00 130.50
132.50 130.50
133.00 130.50
133.50 130.50
134.00 130.50
134.50 130.50
135.00 130.50
135.50 130.50
136.00 131.00
136.50 131.00
137.00 131.50
137.50 131.50
138.00 132.00
138.50 132.00
139.00 132.50
139.00 133.00
139.50 133.50
140.00 134.00
140.50 134.50
141.00 135.00
141.00 135.50
141.50 136.00
141.50 136.50
141.50 137.00
141.50 137.50
141.50 138.00
141.50 138.50
141.50 139.00
141.50 139.50
141.50 140.00
141.50 140.50
141.50 141.00
141.50 141.50
141.50 142.00
141.50 142.50
141.50 143.00
141.50 143.50
141.00 144.00
141.00 144.50
141.00 145.00
141.00 145.50
141.00 146.00
140.50 146.50
140.50 147.00
140.50 147.50
140.00 148.00
140.00 148.50
139.50 149.00
139.50 149.50
139.00 150.00
138.50 150.50
138.00 151.00
137.50 151.50
137.00 152.00
136.50 152.00
136.00 152.00
135.50 152.50
135.00 152.50
134.50 152.50
134.00 152.50
133.50 152.50
133.00 152.50
132.50 152.50
132.00 152.50
131.50 152.50
131.00 152.50
130.50 152.50
130.00 152.00
