139.00 159.00
138.50 159.00
138.00 159.00
137.50 159.00
137.00 159.00
136.50 159.00
136.00 159.00
135.50 158.50
135.00 158.50
134.50 158.50
134.00 158.50
133.50 158.50
133.00 158.50
132.50 158.50
132.00 158.00
131.50 158.00
131.00 158.00
130.50 158.00
130.00 158.00
129.50 157.50
129.00 157.50
128.50 157.50
128.00 157.00
127.50 157.00
127.00 157.00
126.50 156.50
126.00 156.50
125.50 156.00
125.00 156.00
124.50 155.50
124.00 155.50
123.50 155.00
123.00 154.50
122.50 154.50
122.00 154.00
121.50 153.50
121.00 153.00
120.50 152.50
120.00 152.00
119.50 151.50
119.00 151.00
118.50 150.50
118.00 150.00
118.00 149.50
118.00 149.00
117.50 148.50
117.00 148.00
117.00 147.50
117.00 147.00
116.50 146.50
116.50 146.00
116.00 145.50
116.00 145.00
115.50 144.50
115.50 144.00
115.50 143.50
115.00 143.00
115.00 142.50
115.00 142.00
114.50 141.50
114.50 141.00
114.00 140.50
114.00 140.00
114.00 139.50
114.00 139.00
113.50 138.50
113.50 138.00
113.50 137.50
113.50 137.00
113.00 136.50
113.00 136.00
113.00 135.50
113.00 135.00
113.00 134.50
112.50 134.00
112.50 133.50
112.50 133.00
112.50 132.50
112.50 132.00
112.50 131.50
112.50 131.00
112.50 130.50
112.50 130.00
112.50 129.50
112.50 129.00
112.50 128.50
112.50 128.00
112.50 127.50
112.50 127.00
112.50 126.50
112.50 126.00
112.50 125.50
112.50 125.00
112.50 124.50
112.50 124.00
112.50 123.50
113.00 123.00
113.00 122.50
113.00 122.00
113.00 121.50
113.50 121.00
113.50 120.50
113.50 120.00
113.50 119.50
114.00 119.00
114.00 118.50
114.50 118.00
114.50 117.50
114.50 117.00
115.00 116.50
115.50 116.00
115.50 115.50
115.50 115.00
116.00 114.50
116.50 114.00
117.00 113.50
117.00 113.00
117.50 112.50
118.00 112.00
118.50 111.50
119.00 111.00
119.50 110.50
120.00 110.00
120.50 109.50
121.00 109.50
121.50 109.00
122.00 108.50
122.50 108.00
123.00 108.00
123.50 107.50
124.00 107.00
124.50 107.00
125.00 106.50
125.50 106.00
126.00 106.00
126.50 105.50
127.00 105.50
127.50 105.00
128.00 105.00
128.50 104.50
129.00 104.50
129.50 104.50
130.00 104.00
130.50 104.00
131.00 104.00
131.50 104.00
132.00 103.50
132.50 103.50
133.00 103.50
133.50 103.50
134.00 103.50
134.50 103.50
135.00 103.50
135.50 103.50
136.00 103.50
136.50 103.50
137.00 103.50
137.50 103.50
138.00 103.50
138.50 103.50
139.00 103.50
139.50 103.50
140.00 104.00
140.50 104.00
141.00 104.00
141.50 104.00
142.00 104.00
142.50 104.00
143.00 104.50
143.50 104.50
144.00 104.50
144.50 104.50
145.00 105.00
145.50 105.00
146.00 105.00
146.50 105.50
147.00 105.50
147.50 106.00
148.00 106.00
148.50 106.50
149.00 106.50
149.50 107.00
150.00 107.00
150.50 107.50
151.00 107.50
151.50 108.00
152.00 108.00
152.50 108.50
153.00 109.00
153.50 109.50
154.00 110.00
154.50 110.50
155.00 111.00
155.50 111.50
155.50 112.00
156.00 112.50
156.50 113.00
157.00 113.50
157.50 114.00
157.50 114.50
158.00 115.00
158.00 115.50
158.50 116.00
158.50 116.50
159.00 117.00
159.00 117.50
159.00 118.00
159.50 118.50
159.50 119.00
159.50 119.50
160.00 120.00
160.00 120.50
160.50 121.00
160.50 121.50
160.50 122.00
161.00 122.50
161.00 123.00
161.00 123.50
161.00 124.00
161.00 124.50
161.50 125.00
161.50 125.50
161.50 126.00
161.50 126.50
162.00 127.00
162.00 127.50
162.00 128.00
162.00 128.50
162.00 129.00
162.50 129.50
162.50 130.00
162.50 130.50
162.50 131.00
162.50 131.50
162.50 132.00
162.50 132.50
162.50 133.00
162.50 133.50
162.50 134.00
162.50 134.50
162.50 135.00
162.50 135.50
162.50 136.00
162.50 136.50
162.50 137.00
162.50 137.50
162.50 138.00
162.50 138.50
162.50 139.00
162.50 139.50
162.50 140.00
162.00 140.50
162.00 141.00
162.00 141.50
162.00 142.00
162.00 142.50
161.50 143.00
161.50 143.50
161.00 144.00
161.00 144.50
161.00 145.00
160.50 145.50
160.50 146.00
160.50 146.50
160.00 147.00
159.50 147.50
159.50 148.00
159.00 148.50
159.00 149.00
158.50 149.50
158.00 150.00
158.00 150.50
157.50 151.00
157.00 151.50
156.50 152.00
156.00 152.50
155.50 153.00
155.00 153.50
154.50 154.00
154.00 154.50
153.50 155.00
153.00 155.00
152.50 155.50
152.00 155.50
151.50 156.00
151.00 156.00
150.50 156.50
150.00 156.50
149.50 156.50
149.00 157.00
148.50 157.00
148.00 157.00
147.50 157.50
147.00 157.50
146.50 157.50
146.00 157.00
145.50 157.50
145.00 157.50
144.50 157.50
144.00 158.00
143.50 158.00
143.00 158.00
142.50 158.50
142.00 158.50
141.50 158.50
141.00 159.00
140.50 159.00
140.00 159.00
139.50 159.00
