142.50 127.50
143.00 128.00
143.50 128.50
143.50 129.00
144.00 129.50
144.00 130.00
144.50 130.50
145.00 131.00
145.00 131.50
145.00 132.00
145.50 132.50
145.50 133.00
145.50 133.50
145.50 134.00
146.00 134.50
146.00 135.00
146.00 135.50
146.00 136.00
146.00 136.50
146.00 137.00
146.00 137.50
146.00 138.00
146.00 138.50
146.00 139.00
146.00 139.50
146.00 140.00
146.00 140.50
146.00 141.00
146.00 141.50
146.00 142.00
146.00 142.50
146.00 143.00
146.00 143.50
145.50 144.00
145.50 144.50
145.50 145.00
145.50 145.50
145.50 146.00
145.00 146.50
145.00 147.00
144.50 147.50
144.50 148.00
144.50 148.50
144.00 149.00
143.50 149.50
143.50 150.00
143.50 150.50
143.00 151.00
142.50 151.50
142.00 152.00
141.50 152.50
141.00 153.00
140.50 153.50
140.00 153.50
139.50 154.00
139.00 154.50
138.50 154.50
138.00 155.00
137.50 155.00
137.00 155.50
136.50 155.50
136.00 155.50
135.50 155.50
135.00 155.50
134.50 156.00
134.00 156.00
133.50 156.00
133.00 156.00
132.50 156.00
132.00 156.00
131.50 156.00
131.00 156.00
130.50 156.00
130.00 156.00
129.50 155.50
129.00 155.50
128.50 155.50
128.00 155.50
127.50 155.00
127.00 155.00
126.50 155.00
126.00 154.50
125.50 154.50
125.00 154.00
124.50 154.00
124.00 153.50
123.50 153.00
123.00 152.50
122.50 152.50
122.00 152.00
121.50 151.50
121.00 151.00
121.00 150.50
120.50 150.00
120.00 149.50
120.00 149.00
119.50 148.50
119.50 148.00
119.00 147.50
119.00 147.00
119.00 146.50
118.50 146.00
118.50 145.50
118.50 145.00
118.50 144.50
118.00 144.00
118.00 143.50
118.00 143.00
118.00 142.50
118.00 142.00
118.00 141.50
118.00 141.00
118.00 140.50
118.00 140.00
118.00 139.50
118.00 139.00
118.00 138.50
118.00 138.00
118.00 137.50
118.50 137.00
118.50 136.50
118.50 136.00
118.50 135.50
118.50 135.00
119.00 134.50
119.00 134.00
119.00 133.50
119.50 133.00
119.50 132.50
119.50 132.00
120.00 131.50
120.00 131.00
120.50 130.50
121.00 130.00
121.00 129.50
121.50 129.00
122.00 128.50
122.00 128.00
122.50 127.50
123.00 127.00
123.50 126.50
124.00 126.00
124.50 125.50
125.00 125.00
125.50 124.50
126.00 124.50
126.50 124.00
127.00 124.00
127.50 123.50
128.00 123.50
128.50 123.00
129.00 123.00
129.50 123.00
130.00 123.00
130.50 123.00
131.00 122.50
131.50 122.50
132.00 122.50
132.50 122.50
133.00 123.00
133.50 123.00
134.00 123.00
134.50 123.00
135.00 123.00
135.50 123.00
136.00 123.50
136.50 123.50
137.00 123.50
137.50 124.00
138.00 124.00
138.50 124.50
139.00 124.50
139.50 125.00
140.00 125.00
140.50 125.50
141.00 126.00
141.50 126.50
142.00 127.00
