133.00 141.00
133.50 140.50
134.00 140.00
134.50 140.00
135.00 140.50
135.00 141.00
135.00 141.50
135.50 142.00
136.00 142.50
136.50 143.00
137.00 143.50
137.50 144.00
137.50 144.50
137.50 145.00
137.50 145.50
138.00 146.00
138.50 146.00
139.00 146.00
139.50 145.50
140.00 145.50
140.50 145.50
141.00 145.00
141.50 145.00
142.00 145.00
142.50 145.00
143.00 145.50
143.50 146.00
144.00 146.50
144.50 147.00
145.00 147.50
145.00 148.00
145.00 148.50
145.00 149.00
145.00 149.50
144.50 150.00
144.00 150.00
143.50 150.00
143.00 150.00
142.50 150.50
142.00 150.50
141.50 150.50
141.00 150.50
140.50 151.00
140.00 151.00
139.50 151.00
139.00 151.00
138.50 150.50
138.50 150.00
138.50 149.50
138.00 149.00
138.00 148.50
138.00 148.00
138.00 147.50
137.50 147.00
137.00 147.00
136.50 147.50
136.00 147.50
135.50 148.00
135.00 148.50
134.50 148.50
134.00 148.00
133.50 147.50
133.00 147.00
133.00 146.50
132.50 146.00
132.50 145.50
132.00 145.00
132.00 144.50
132.00 144.00
132.00 143.50
132.00 143.00
132.50 142.50
132.50 142.00
133.00 141.50
