125.00 131.00
125.00 130.50
125.00 130.00
125.50 129.50
125.50 129.00
126.00 128.50
126.50 128.00
127.00 127.50
127.00 127.00
127.50 126.50
128.00 126.00
128.50 125.50
129.00 125.00
129.50 124.50
130.00 124.00
130.50 123.50
131.00 123.50
131.50 123.00
132.00 122.50
132.50 122.50
133.00 122.50
133.50 122.00
134.00 122.00
134.50 121.50
135.00 121.50
135.50 121.50
136.00 121.50
136.50 121.00
137.00 121.00
137.50 121.50
138.00 121.50
138.50 121.50
139.00 121.50
139.50 121.50
140.00 121.50
140.50 121.50
141.00 121.50
141.50 121.50
142.00 122.00
142.50 122.00
143.00 122.50
143.50 122.50
144.00 123.00
144.50 123.00
145.00 123.50
145.50 124.00
146.00 124.00
146.50 124.50
147.00 125.00
147.50 125.50
148.00 126.00
148.00 126.50
148.00 127.00
148.50 127.50
148.50 128.00
149.00 128.50
149.00 129.00
149.50 129.50
149.50 130.00
149.50 130.50
149.50 131.00
149.50 131.50
149.50 132.00
150.00 132.50
150.00 133.00
150.00 133.50
150.00 134.00
150.00 134.50
150.00 135.00
150.00 135.50
150.00 136.00
149.50 136.50
149.50 137.00
149.50 137.50
149.50 138.00
149.00 138.50
149.00 139.00
148.50 139.50
148.50 140.00
148.00 140.50
148.00 141.00
147.50 141.50
147.00 142.00
146.50 142.50
146.00 143.00
145.50 143.50
145.00 144.00
144.50 144.00
144.00 144.50
143.50 144.50
143.00 145.00
142.50 145.00
142.00 145.00
141.50 145.00
141.00 145.50
140.50 145.50
140.00 145.50
139.50 145.50
139.00 145.50
138.50 145.50
138.00 145.50
137.50 145.50
137.00 145.50
136.50 145.50
136.00 145.50
135.50 145.50
135.00 145.50
134.50 145.00
134.00 145.00
133.50 145.00
133.00 145.00
132.50 145.00
132.00 145.00
131.50 144.50
131.00 144.00
130.50 144.00
130.00 143.50
129.50 143.50
129.00 143.00
128.50 142.50
128.50 142.00
128.00 141.50
128.00 141.00
127.50 140.50
127.00 140.00
127.00 139.50
126.50 139.00
126.50 138.50
126.50 138.00
126.00 137.50
125.50 137.00
125.50 136.50
125.50 136.00
125.50 135.50
125.00 135.00
125.00 134.50
125.00 134.00
125.00 133.50
125.00 133.00
124.50 132.50
124.50 132.00
124.50 131.50
125.00 131.00
