151.00 133.00
151.00 133.50
151.50 134.00
151.50 134.50
152.00 135.00
152.00 135.50
152.00 136.00
151.50 136.50
151.00 136.50
150.50 136.00
150.00 136.00
149.50 136.00
149.00 135.50
148.50 135.50
148.00 135.50
147.50 135.50
147.00 135.00
146.50 135.00
146.00 135.00
145.50 134.50
145.00 134.50
144.50 134.50
144.00 134.50
143.50 134.50
143.00 134.50
142.50 134.50
142.00 135.00
141.50 135.00
141.00 135.00
140.50 134.50
140.00 134.50
139.50 134.00
139.00 133.50
138.50 133.00
138.50 132.50
138.50 132.00
138.50 131.50
138.50 131.00
138.50 130.50
139.00 130.00
139.50 129.50
140.00 129.00
140.50 128.50
140.50 128.00
141.00 127.50
141.50 127.50
142.00 127.50
142.50 127.50
143.00 127.50
143.50 128.00
144.00 128.00
144.50 128.00
145.00 128.50
145.50 128.50
146.00 129.00
146.50 129.50
147.00 129.50
147.50 130.00
148.00 130.50
148.50 130.50
149.00 131.00
149.50 131.50
150.00 132.00
150.50 132.50
