141.50 144.50
142.00 145.00
142.50 145.50
142.50 146.00
142.50 146.50
142.50 147.00
142.00 147.50
141.50 148.00
141.00 148.00
140.50 148.50
140.00 148.50
139.50 149.00
139.00 149.50
138.50 149.50
138.00 149.50
137.50 149.50
137.00 149.50
136.50 149.00
136.00 148.50
135.50 148.50
135.00 148.00
134.50 148.00
134.00 147.50
133.50 147.50
133.00 147.00
132.50 147.00
132.00 146.50
131.50 146.00
131.00 145.50
131.00 145.00
131.00 144.50
131.00 144.00
131.00 143.50
131.00 143.00
131.00 142.50
131.00 142.00
131.50 141.50
132.00 141.00
132.50 141.50
132.50 142.00
132.50 142.50
132.50 143.00
133.00 143.50
133.00 144.00
133.50 144.50
134.00 145.00
134.50 145.50
135.00 145.50
135.50 145.50
136.00 145.50
136.50 145.50
137.00 145.00
137.50 145.00
138.00 144.50
138.50 144.50
139.00 144.00
139.50 144.00
140.00 144.00
140.50 144.00
141.00 144.00
