145.50 131.00
145.50 131.50
145.50 132.00
145.50 132.50
145.50 133.00
145.50 133.50
145.50 134.00
145.50 134.50
145.50 135.00
145.50 135.50
145.50 136.00
145.50 136.50
145.00 137.00
145.00 137.50
145.00 138.00
144.50 138.50
144.50 139.00
144.00 139.50
144.00 140.00
143.50 140.50
143.00 141.00
142.50 141.50
142.00 142.00
141.50 142.50
141.00 143.00
140.50 143.50
141.00 144.00
140.50 144.50
140.00 144.50
139.50 145.00
139.00 145.00
138.50 145.00
138.00 145.50
137.50 145.50
137.00 145.50
136.50 145.50
136.00 145.50
135.50 145.50
135.00 145.50
134.50 145.50
134.00 145.50
133.50 145.50
133.00 145.50
132.50 145.00
132.00 145.00
131.50 145.00
131.00 144.50
130.50 144.50
130.00 144.50
129.50 144.00
129.00 143.50
128.50 143.50
128.00 143.00
127.50 142.50
127.00 142.00
126.50 141.50
126.50 141.00
126.00 140.50
125.50 140.00
125.50 139.50
125.00 139.00
125.00 138.50
124.50 138.00
124.50 137.50
124.50 137.00
124.50 136.50
124.00 136.00
124.00 135.50
124.00 135.00
123.50 134.50
123.50 134.00
123.50 133.50
123.50 133.00
123.50 132.50
123.50 132.00
123.50 131.50
123.50 131.00
123.50 130.50
124.00 130.00
124.00 129.50
124.00 129.00
124.00 128.50
124.50 128.00
124.50 127.50
124.50 127.00
125.00 126.50
125.50 126.00
126.00 125.50
126.50 125.00
127.00 125.00
127.50 124.50
128.00 124.50
128.50 124.00
129.00 124.00
129.50 123.50
130.00 123.50
130.50 123.50
131.00 123.50
131.50 123.50
132.00 123.50
132.50 123.50
133.00 123.50
133.50 123.50
134.00 123.50
134.50 123.50
135.00 123.50
135.50 123.50
136.00 124.00
136.50 124.00
137.00 124.50
137.50 124.50
138.00 125.00
138.50 125.00
139.00 125.00
139.50 125.50
140.00 126.00
140.50 126.50
141.00 126.50
141.50 127.00
142.00 127.50
142.50 127.50
143.00 128.00
143.50 128.50
144.00 129.00
144.50 129.50
145.00 130.00
145.50 130.50
