114.50 137.50
114.50 137.00
115.00 136.50
115.00 136.00
115.50 135.50
116.00 135.00
116.00 134.50
116.50 134.00
117.00 133.50
117.00 133.00
117.50 132.50
118.00 132.00
118.50 131.50
119.00 131.00
119.50 130.50
120.00 130.50
120.50 130.00
121.00 129.50
121.50 129.00
122.00 129.00
122.50 128.50
123.00 128.00
123.50 128.00
124.00 127.50
124.50 127.00
124.50 126.50
125.00 126.00
125.50 126.00
126.00 125.50
126.50 125.00
126.50 124.50
127.00 124.00
127.50 123.50
127.50 123.00
128.00 122.50
128.50 122.00
128.50 121.50
129.00 121.00
129.50 120.50
129.50 120.00
130.00 119.50
130.50 119.00
130.50 118.50
131.00 118.00
131.00 117.50
131.50 117.00
131.50 116.50
132.00 116.00
132.50 115.50
132.50 115.00
133.00 114.50
133.00 114.00
133.50 113.50
133.50 113.00
134.00 112.50
134.50 112.00
134.50 111.50
135.00 111.00
135.00 110.50
135.50 110.00
136.00 109.50
136.00 109.00
136.50 108.50
137.00 108.00
137.00 107.50
137.50 107.00
138.00 106.50
138.50 106.50
139.00 106.50
139.50 106.50
140.00 107.00
140.50 107.00
141.00 107.00
141.50 107.00
142.00 107.00
142.50 107.50
143.00 107.50
143.50 107.50
144.00 107.50
144.50 108.00
145.00 108.00
145.50 108.00
146.00 108.50
146.50 108.50
147.00 108.50
147.50 109.00
148.00 109.00
148.50 109.00
149.00 109.50
149.50 109.50
150.00 110.00
150.50 110.00
151.00 110.00
151.50 110.50
152.00 110.50
152.50 111.00
153.00 111.00
153.50 111.50
154.00 111.50
154.50 112.00
155.00 112.00
155.50 112.50
156.00 113.00
156.50 113.50
157.00 114.00
157.50 114.50
158.00 114.50
158.50 115.00
158.50 115.50
159.00 116.00
159.50 116.50
160.00 117.00
160.50 117.50
160.50 118.00
161.00 118.50
161.00 119.00
161.50 119.50
162.00 120.00
162.50 120.50
162.50 121.00
162.50 121.50
163.00 122.00
163.00 122.50
163.50 123.00
163.50 123.50
163.50 124.00
164.00 124.50
164.00 125.00
164.00 125.50
164.50 126.00
164.50 126.50
164.50 127.00
164.50 127.50
164.50 128.00
165.00 128.50
165.00 129.00
165.00 129.50
165.00 130.00
165.00 130.50
165.00 131.00
165.00 131.50
165.00 132.00
165.00 132.50
165.00 133.00
165.00 133.50
165.00 134.00
165.00 134.50
165.00 135.00
165.00 135.50
165.00 136.00
164.50 136.50
164.50 137.00
164.50 137.50
164.50 138.00
164.50 138.50
164.00 139.00
164.00 139.50
164.50 140.00
164.50 140.50
164.50 141.00
164.00 141.50
164.00 142.00
164.00 142.50
164.00 143.00
163.50 143.50
163.50 144.00
163.50 144.50
163.00 145.00
163.00 145.50
163.00 146.00
163.00 146.50
162.50 147.00
162.50 147.50
162.00 148.00
161.50 148.50
161.50 149.00
161.00 149.50
160.50 150.00
160.00 150.50
159.50 151.00
159.00 151.50
158.50 152.00
158.00 152.00
157.50 152.50
157.00 153.00
156.50 153.50
156.00 153.50
155.50 154.00
155.00 154.00
154.50 154.50
154.00 154.50
153.50 155.00
153.00 155.00
152.50 155.00
152.00 155.50
151.50 156.00
151.00 156.00
150.50 156.00
150.00 156.50
149.50 157.00
149.00 157.00
148.50 157.50
148.00 157.50
147.50 158.00
147.00 158.50
146.50 158.50
146.00 158.50
145.50 159.00
145.00 159.50
144.50 159.50
144.00 160.00
143.50 160.00
143.00 160.00
142.50 160.00
142.00 160.00
141.50 160.00
141.00 160.00
140.50 160.00
140.00 159.50
139.50 159.50
139.00 159.50
138.50 159.50
138.00 159.50
137.50 159.50
137.00 159.50
136.50 159.50
136.00 159.50
135.50 159.00
135.00 159.00
134.50 159.00
134.00 159.00
133.50 159.00
133.00 159.00
132.50 158.50
132.00 158.50
131.50 158.50
131.00 158.50
130.50 158.50
130.00 158.00
129.50 158.00
129.00 158.00
128.50 158.00
128.00 157.50
127.50 157.50
127.00 157.50
126.50 157.00
126.00 157.00
125.50 157.00
125.00 156.50
124.50 156.50
124.00 156.50
123.50 156.00
123.00 156.00
122.50 155.50
122.00 155.00
121.50 155.00
121.00 155.00
120.50 154.50
120.00 154.50
119.50 154.00
119.00 153.50
118.50 153.50
118.00 153.50
117.50 153.00
117.00 153.00
116.50 152.50
116.50 152.00
116.50 151.50
116.00 151.00
116.00 150.50
116.00 150.00
116.00 149.50
116.00 149.00
115.50 148.50
115.50 148.00
115.50 147.50
115.50 147.00
115.50 146.50
115.50 146.00
115.50 145.50
115.50 145.00
115.50 144.50
115.50 144.00
115.50 143.50
115.50 143.00
115.50 142.50
115.50 142.00
115.50 141.50
115.50 141.00
115.50 140.50
115.50 140.00
115.00 139.50
115.00 139.00
115.00 138.50
115.00 138.00
