110.50 127.00
110.50 126.50
110.50 126.00
110.50 125.50
111.00 125.00
111.00 124.50
111.00 124.00
111.50 123.50
111.50 123.00
111.50 122.50
112.00 122.00
112.50 121.50
112.50 121.00
113.00 120.50
113.00 120.00
113.50 119.50
114.00 119.00
114.00 118.50
114.50 118.00
115.00 117.50
115.50 117.00
116.00 116.50
116.50 116.00
116.50 115.50
117.00 115.00
117.50 114.50
118.00 114.00
118.50 113.50
119.00 113.00
119.50 112.50
120.00 112.00
120.50 111.50
121.00 111.00
121.50 111.00
122.00 110.50
122.50 110.00
123.00 109.50
123.50 109.50
124.00 109.00
124.50 108.50
125.00 108.00
125.50 108.00
126.00 108.00
126.50 107.50
127.00 107.00
127.50 107.00
128.00 106.50
128.50 106.50
129.00 106.50
129.50 106.00
130.00 106.00
130.50 105.50
131.00 105.50
131.50 105.50
132.00 105.00
132.50 105.00
133.00 105.00
133.50 104.50
134.00 104.50
134.50 104.50
135.00 104.00
135.50 104.00
136.00 104.00
136.50 104.00
137.00 104.00
137.50 104.00
138.00 104.00
138.50 104.00
139.00 104.00
139.50 104.00
140.00 104.00
140.50 104.00
141.00 104.00
141.50 104.00
142.00 104.00
142.50 104.00
143.00 104.00
143.50 104.00
144.00 104.00
144.50 104.00
145.00 104.00
145.50 104.50
146.00 104.50
146.50 104.50
147.00 104.50
147.50 104.50
148.00 105.00
148.50 105.00
149.00 105.50
149.50 105.50
150.00 106.00
150.50 106.00
151.00 106.50
151.50 107.00
152.00 107.00
152.50 107.50
153.00 108.00
153.50 108.00
154.00 108.50
154.50 109.00
155.00 109.50
155.50 109.50
156.00 110.00
156.50 110.50
157.00 111.00
157.50 111.50
158.00 112.00
158.00 112.50
158.50 113.00
159.00 113.50
159.50 114.00
160.00 114.50
160.50 115.00
160.50 115.50
161.00 116.00
161.00 116.50
161.50 117.00
162.00 117.50
162.00 118.00
162.50 118.50
163.00 119.00
163.00 119.50
163.00 120.00
163.50 120.50
163.50 121.00
164.00 121.50
164.00 122.00
164.00 122.50
164.50 123.00
164.50 123.50
164.50 124.00
165.00 124.50
165.00 125.00
165.00 125.50
165.00 126.00
165.00 126.50
165.00 127.00
165.50 127.50
165.50 128.00
165.50 128.50
165.50 129.00
165.50 129.50
165.50 130.00
165.50 130.50
165.50 131.00
165.50 131.50
165.50 132.00
165.50 132.50
165.50 133.00
165.50 133.50
165.50 134.00
165.50 134.50
165.00 135.00
165.00 135.50
165.00 136.00
165.00 136.50
165.00 137.00
165.00 137.50
165.00 138.00
164.50 138.50
164.50 139.00
164.50 139.50
164.50 140.00
164.00 140.50
163.50 141.00
163.50 141.50
163.00 142.00
163.00 142.50
163.00 143.00
162.50 143.50
162.50 144.00
162.50 144.50
162.50 145.00
162.00 145.50
161.50 146.00
161.50 146.50
161.50 147.00
161.00 147.50
161.00 148.00
160.50 148.50
160.50 149.00
160.00 149.50
159.50 150.00
159.50 150.50
159.00 151.00
158.50 151.50
158.00 152.00
157.50 152.50
157.00 153.00
156.50 153.50
156.00 154.00
155.50 154.50
155.00 155.00
154.50 155.00
154.00 155.50
153.50 156.00
153.00 156.00
152.50 156.50
152.00 156.50
151.50 157.00
151.00 157.50
150.50 157.50
150.00 157.50
149.50 158.00
149.00 158.00
148.50 158.50
148.00 158.50
147.50 159.00
147.00 159.00
146.50 159.00
146.00 159.50
145.50 159.50
145.00 159.50
144.50 160.00
144.00 160.00
143.50 160.00
143.00 160.50
142.50 160.50
142.00 160.50
141.50 160.50
141.00 161.00
140.50 161.00
140.00 161.00
139.50 161.00
139.00 161.00
138.50 161.50
138.00 161.50
137.50 161.50
137.00 161.50
136.50 161.50
136.00 161.50
135.50 161.50
135.00 161.50
134.50 161.50
134.00 161.50
133.50 161.50
133.00 161.50
132.50 161.50
132.00 161.50
131.50 161.50
131.00 161.50
130.50 161.00
130.00 161.00
129.50 161.00
129.00 161.00
128.50 161.00
128.00 160.50
127.50 160.50
127.00 160.50
126.50 160.00
126.00 160.00
125.50 159.50
125.00 159.50
124.50 159.50
124.00 159.50
123.50 159.00
123.00 159.00
122.50 158.50
122.00 158.50
121.50 158.00
121.00 158.00
120.50 158.00
120.00 157.50
119.50 157.00
119.00 157.00
118.50 156.50
118.00 156.00
117.50 155.50
117.00 155.00
116.50 154.50
116.50 154.00
116.00 153.50
115.50 153.00
115.50 152.50
115.00 152.00
114.50 151.50
114.50 151.00
114.50 150.50
114.00 150.00
114.00 149.50
114.00 149.00
113.50 148.50
113.50 148.00
113.00 147.50
113.00 147.00
113.00 146.50
113.00 146.00
112.50 145.50
112.50 145.00
112.50 144.50
112.50 144.00
112.50 143.50
112.00 143.00
112.00 142.50
112.00 142.00
112.00 141.50
112.00 141.00
112.00 140.50
112.00 140.00
111.50 139.50
111.50 139.00
111.50 138.50
111.50 138.00
111.50 137.50
111.50 137.00
111.50 136.50
111.50 136.00
111.00 135.50
111.00 135.00
111.00 134.50
111.00 134.00
111.00 133.50
111.00 133.00
111.00 132.50
111.00 132.00
111.00 131.50
111.00 131.00
110.50 130.50
110.50 130.00
110.50 129.50
110.50 129.00
110.50 128.50
110.50 128.00
110.50 127.50
