124.00 120.00
124.50 119.50
125.00 119.00
125.50 118.50
126.00 118.00
126.50 117.50
127.00 117.50
127.50 117.00
128.00 117.00
128.50 116.50
129.00 116.00
129.50 116.00
130.00 116.00
130.50 115.50
131.00 115.50
131.50 115.50
132.00 115.50
132.50 115.00
133.00 115.00
133.50 115.00
134.00 115.00
134.50 115.00
135.00 115.00
135.50 115.00
136.00 115.00
136.50 115.00
137.00 115.50
137.50 115.50
138.00 115.50
138.50 115.50
139.00 116.00
139.50 116.00
140.00 116.00
140.50 116.50
141.00 116.50
141.50 116.50
142.00 117.00
142.50 117.00
143.00 117.50
143.50 118.00
144.00 118.00
144.50 118.50
145.00 119.00
145.50 119.00
146.00 119.50
146.50 119.50
147.00 120.00
147.50 120.50
148.00 121.00
148.00 121.50
148.50 122.00
148.50 122.50
149.00 123.00
149.50 123.50
149.50 124.00
150.00 124.50
150.00 125.00
150.00 125.50
150.50 126.00
150.50 126.50
151.00 127.00
151.00 127.50
151.00 128.00
151.00 128.50
151.50 129.00
151.50 129.50
151.50 130.00
151.50 130.50
151.50 131.00
151.50 131.50
151.50 132.00
151.50 132.50
151.50 133.00
151.50 133.50
151.50 134.00
151.50 134.50
151.50 135.00
151.00 135.50
151.00 136.00
151.00 136.50
151.00 137.00
151.00 137.50
150.50 138.00
150.50 138.50
150.50 139.00
150.00 139.50
150.00 140.00
150.00 140.50
149.50 141.00
149.50 141.50
149.00 142.00
149.00 142.50
149.00 143.00
148.50 143.50
148.50 144.00
148.00 144.50
147.50 145.00
147.50 145.50
147.00 146.00
146.50 146.50
146.00 147.00
146.00 147.50
145.50 148.00
145.00 148.50
144.50 149.00
144.00 149.00
143.50 149.50
143.00 150.00
142.50 150.00
142.00 150.50
141.50 150.50
141.00 150.50
140.50 151.00
140.00 151.00
139.50 151.00
139.00 151.00
138.50 151.00
138.00 151.50
137.50 151.50
137.00 151.50
136.50 151.50
136.00 151.50
135.50 151.50
135.00 151.50
134.50 151.50
134.00 151.50
133.50 151.50
133.00 151.50
132.50 151.50
132.00 151.50
131.50 151.50
131.00 151.50
130.50 151.50
130.00 151.50
129.50 151.00
129.00 151.00
128.50 151.00
128.00 151.00
127.50 150.50
127.00 150.50
126.50 150.00
126.00 150.00
125.50 149.50
125.00 149.50
124.50 149.00
124.00 148.50
123.50 148.00
123.00 147.50
122.50 147.00
122.50 146.50
122.00 146.00
121.50 145.50
121.00 145.00
121.00 144.50
121.00 144.00
120.50 143.50
120.50 143.00
120.00 142.50
120.00 142.00
120.00 141.50
119.50 141.00
119.50 140.50
119.00 140.00
119.00 139.50
119.00 139.00
119.00 138.50
119.00 138.00
118.50 137.50
118.50 137.00
118.50 136.50
118.50 136.00
118.00 135.50
118.00 135.00
118.00 134.50
118.00 134.00
118.00 133.50
118.00 133.00
118.00 132.50
118.00 132.00
118.00 131.50
118.00 131.00
118.00 130.50
118.00 130.00
118.00 129.50
118.00 129.00
118.00 128.50
118.50 128.00
118.50 127.50
118.50 127.00
119.00 126.50
119.00 126.00
119.00 125.50
119.50 125.00
120.00 124.50
120.00 124.00
120.50 123.50
121.00 123.00
121.50 122.50
122.00 122.00
122.00 121.50
122.50 121.00
123.00 120.50
123.50 120.00
