159.00 140.00
159.00 140.50
158.50 141.00
158.50 141.50
158.50 142.00
158.50 142.50
158.00 143.00
158.00 143.50
157.50 144.00
157.50 144.50
157.50 145.00
157.00 145.50
157.00 146.00
156.50 146.50
156.00 147.00
156.00 147.50
155.50 148.00
155.50 148.50
155.00 149.00
154.50 149.50
154.00 150.00
153.50 150.50
153.50 151.00
153.00 151.50
152.50 152.00
152.00 152.50
151.50 153.00
151.00 153.50
150.50 154.00
150.00 154.50
149.50 155.00
149.00 155.00
148.50 155.50
148.00 156.00
147.50 156.00
147.00 156.50
146.50 157.00
146.00 157.00
145.50 157.50
145.00 158.00
144.50 158.00
144.00 158.00
143.50 158.50
143.00 158.50
142.50 159.00
142.00 159.00
141.50 159.00
141.00 159.50
140.50 159.50
140.00 159.50
139.50 159.50
139.00 160.00
138.50 160.00
138.00 160.00
137.50 160.00
137.00 160.00
136.50 160.00
136.00 160.00
135.50 160.00
135.00 160.00
134.50 160.00
134.00 160.00
133.50 160.00
133.00 160.00
132.50 160.00
132.00 160.00
131.50 160.00
131.00 160.00
130.50 159.50
130.00 159.50
129.50 159.50
129.00 159.50
128.50 159.00
128.00 159.00
127.50 159.00
127.00 158.50
126.50 158.50
126.00 158.50
125.50 158.00
125.00 158.00
124.50 157.50
124.00 157.50
123.50 157.00
123.00 157.00
122.50 156.50
122.00 156.50
121.50 156.00
121.00 155.50
120.50 155.00
120.00 155.00
119.50 154.50
119.00 154.00
118.50 153.50
118.00 153.00
117.50 152.50
117.00 152.00
117.00 151.50
116.50 151.00
116.00 150.50
115.50 150.00
115.50 149.50
115.00 149.00
115.00 148.50
114.50 148.00
114.00 147.50
114.00 147.00
114.00 146.50
113.50 146.00
113.50 145.50
113.00 145.00
113.00 144.50
113.00 144.00
112.50 143.50
112.50 143.00
112.50 142.50
112.00 142.00
112.00 141.50
112.00 141.00
112.00 140.50
112.00 140.00
111.50 139.50
111.50 139.00
111.50 138.50
111.50 138.00
111.50 137.50
111.50 137.00
111.50 136.50
111.50 136.00
111.50 135.50
111.00 135.00
111.00 134.50
111.00 134.00
111.00 133.50
111.00 133.00
111.00 132.50
111.50 132.00
111.50 131.50
111.50 131.00
111.50 130.50
111.50 130.00
111.50 129.50
111.50 129.00
111.50 128.50
112.00 128.00
112.00 127.50
112.00 127.00
112.00 126.50
112.00 126.00
112.50 125.50
112.50 125.00
112.50 124.50
113.00 124.00
113.00 123.50
113.50 123.00
113.50 122.50
113.50 122.00
114.00 121.50
114.00 121.00
114.50 120.50
114.50 120.00
115.00 119.50
115.00 119.00
115.50 118.50
115.50 118.00
116.00 117.50
116.50 117.00
117.00 116.50
117.00 116.00
117.50 115.50
118.00 115.00
118.50 114.50
119.00 114.00
119.00 113.50
119.50 113.00
120.00 113.00
120.50 112.50
121.00 112.00
121.50 111.50
122.00 111.00
122.50 111.00
123.00 110.50
123.50 110.00
124.00 110.00
124.50 109.50
125.00 109.00
125.50 109.00
126.00 108.50
126.50 108.50
127.00 108.00
127.50 108.00
128.00 108.00
128.50 107.50
129.00 107.50
129.50 107.50
130.00 107.00
130.50 107.00
131.00 107.00
131.50 107.00
132.00 107.00
132.50 106.50
133.00 106.50
133.50 106.50
134.00 106.50
134.50 106.50
135.00 106.50
135.50 106.50
136.00 106.50
136.50 106.50
137.00 106.50
137.50 106.50
138.00 107.00
138.50 107.00
139.00 107.00
139.50 107.00
140.00 107.00
140.50 107.00
141.00 107.00
141.50 107.50
142.00 107.50
142.50 107.50
143.00 108.00
143.50 108.00
144.00 108.00
144.50 108.50
145.00 108.50
145.50 109.00
146.00 109.00
146.50 109.00
147.00 109.50
147.50 110.00
148.00 110.00
148.50 110.00
149.00 110.50
149.50 111.00
150.00 111.00
150.50 111.50
151.00 112.00
151.50 112.50
152.00 113.00
152.50 113.50
153.00 113.50
153.50 114.00
154.00 114.50
154.50 115.00
155.00 115.50
155.00 116.00
155.50 116.50
156.00 117.00
156.00 117.50
156.50 118.00
157.00 118.50
157.00 119.00
157.00 119.50
157.50 120.00
157.50 120.50
158.00 121.00
158.00 121.50
158.00 122.00
158.50 122.50
158.50 123.00
158.50 123.50
158.50 124.00
159.00 124.50
159.00 125.00
159.00 125.50
159.00 126.00
159.00 126.50
159.00 127.00
159.50 127.50
159.50 128.00
159.50 128.50
159.50 129.00
159.50 129.50
159.50 130.00
159.50 130.50
159.50 131.00
159.50 131.50
159.50 132.00
159.50 132.50
159.50 133.00
159.50 133.50
159.50 134.00
159.50 134.50
159.50 135.00
159.50 135.50
159.50 136.00
159.50 136.50
159.50 137.00
159.50 137.50
159.50 138.00
159.50 138.50
159.00 139.00
159.00 139.50
