124.50 133.50
124.50 133.00
124.50 132.50
124.50 132.00
124.50 131.50
124.50 131.00
124.50 130.50
124.50 130.00
124.50 129.50
124.50 129.00
124.50 128.50
125.00 128.00
125.00 127.50
125.00 127.00
125.50 126.50
125.50 126.00
125.50 125.50
126.00 125.00
126.50 124.50
126.50 124.00
127.00 123.50
127.50 123.00
128.00 122.50
128.50 122.00
129.00 122.00
129.50 121.50
130.00 121.50
130.50 121.50
131.00 121.00
131.50 121.00
132.00 121.00
132.50 121.00
133.00 120.50
133.50 120.50
134.00 120.50
134.50 120.50
135.00 120.50
135.50 120.50
136.00 120.50
136.50 120.50
137.00 120.50
137.50 120.50
138.00 120.50
138.50 120.50
139.00 121.00
139.50 121.00
140.00 121.00
140.50 121.00
141.00 121.50
141.50 121.50
142.00 122.00
142.50 122.00
143.00 122.00
143.50 122.50
144.00 123.00
144.50 123.00
145.00 123.50
145.50 124.00
146.00 124.50
146.50 124.50
147.00 125.00
147.50 125.50
147.00 126.00
147.50 126.50
147.50 127.00
147.50 127.50
148.00 128.00
148.00 128.50
148.00 129.00
148.00 129.50
148.00 130.00
148.00 130.50
148.00 131.00
148.00 131.50
148.00 132.00
148.00 132.50
148.00 133.00
148.00 133.50
148.00 134.00
147.50 134.50
147.50 135.00
147.50 135.50
147.50 136.00
147.50 136.50
147.00 137.00
147.00 137.50
147.00 138.00
146.50 138.50
146.50 139.00
146.50 139.50
146.00 140.00
146.00 140.50
145.50 141.00
145.50 141.50
145.00 142.00
144.50 142.50
144.00 143.00
143.50 143.50
143.00 143.50
142.50 143.50
142.00 143.50
141.50 143.50
141.00 144.00
140.50 144.00
140.00 144.00
139.50 144.00
139.00 144.00
138.50 144.00
138.00 144.00
137.50 144.00
137.00 144.00
136.50 144.00
136.00 144.00
135.50 144.00
135.00 144.00
134.50 144.00
134.00 144.00
133.50 143.50
133.00 143.50
132.50 143.50
132.00 143.00
131.50 143.00
131.00 143.00
130.50 142.50
130.00 142.50
129.50 142.00
129.00 141.50
128.50 141.50
128.00 141.00
127.50 140.50
127.00 140.00
127.00 139.50
126.50 139.00
126.00 138.50
126.00 138.00
126.00 137.50
126.00 137.00
125.50 136.50
125.50 136.00
125.50 135.50
125.00 135.00
125.00 134.50
125.00 134.00
124.50 133.50
