132.00 122.50
132.50 122.50
133.00 122.00
133.50 122.00
134.00 121.50
134.50 121.50
135.00 121.00
135.50 121.00
136.00 121.00
136.50 121.00
137.00 121.00
137.50 121.00
138.00 121.00
138.50 121.00
139.00 121.50
139.50 121.50
140.00 122.00
140.50 122.50
141.00 123.00
141.50 123.50
142.00 124.00
142.00 124.50
142.50 125.00
143.00 125.50
143.00 126.00
143.50 126.50
143.50 127.00
144.00 127.50
144.00 128.00
144.00 128.50
144.00 129.00
144.00 129.50
144.50 130.00
144.50 130.50
144.50 131.00
144.50 131.50
144.50 132.00
144.50 132.50
144.50 133.00
144.50 133.50
144.50 134.00
144.50 134.50
144.50 135.00
144.00 135.50
144.00 136.00
144.00 136.50
144.00 137.00
143.50 137.50
143.50 138.00
143.00 138.50
142.50 139.00
142.00 139.50
141.50 140.00
141.00 140.50
140.50 141.00
140.00 141.00
139.50 141.50
139.00 142.00
138.50 142.00
138.00 142.50
137.50 143.00
137.00 143.00
136.50 143.50
136.00 143.50
135.50 143.50
135.00 143.50
134.50 143.50
134.00 144.00
133.50 144.00
133.00 144.00
132.50 144.00
132.00 143.50
131.50 143.50
131.00 143.50
130.50 143.50
130.00 143.50
129.50 143.00
129.00 143.00
128.50 142.50
128.00 142.00
127.50 142.00
127.00 141.50
126.50 141.00
126.00 140.50
126.00 140.00
125.50 139.50
125.00 139.00
125.00 138.50
125.00 138.00
124.50 137.50
124.50 137.00
124.00 136.50
124.00 136.00
124.00 135.50
123.50 135.00
123.50 134.50
123.50 134.00
123.50 133.50
123.50 133.00
123.50 132.50
123.50 132.00
123.50 131.50
123.50 131.00
123.50 130.50
123.50 130.00
124.00 129.50
124.00 129.00
124.00 128.50
124.50 128.00
124.50 127.50
125.00 127.00
125.50 126.50
126.00 126.00
126.50 125.50
127.00 125.50
127.50 125.00
128.00 125.00
128.50 124.50
129.00 124.00
129.50 124.00
130.00 123.50
130.50 123.00
131.00 123.00
131.50 123.00
