145.00 120.50
145.50 121.00
145.50 121.50
146.00 122.00
146.50 122.50
146.50 123.00
147.00 123.50
147.00 124.00
147.50 124.50
147.50 125.00
148.00 125.50
148.00 126.00
148.00 126.50
148.50 127.00
148.50 127.50
149.00 128.00
149.00 128.50
149.00 129.00
149.50 129.50
149.50 130.00
149.50 130.50
149.50 131.00
149.50 131.50
149.50 132.00
149.50 132.50
149.50 133.00
149.00 133.50
148.50 134.00
148.00 134.00
147.50 134.00
147.00 133.50
146.50 133.00
146.50 132.50
146.00 132.00
146.00 131.50
146.50 131.00
146.50 130.50
146.50 130.00
146.50 129.50
147.00 129.00
147.00 128.50
147.00 128.00
147.00 127.50
147.00 127.00
146.50 126.50
146.00 126.00
145.50 126.00
145.00 126.00
144.50 126.50
144.00 126.50
143.50 126.50
143.00 126.50
142.50 126.50
142.00 126.00
141.50 126.00
141.00 125.50
140.50 125.00
140.50 124.50
140.50 124.00
140.50 123.50
140.00 123.00
140.00 122.50
140.00 122.00
140.00 121.50
140.50 121.00
141.00 120.50
141.50 120.00
142.00 120.00
142.50 120.00
143.00 120.00
143.50 120.00
144.00 120.00
144.50 120.50
