138.50 134.50
138.50 134.00
138.50 133.50
138.50 133.00
138.50 132.50
139.00 132.00
139.00 131.50
139.00 131.00
139.50 130.50
139.50 130.00
140.00 129.50
140.50 129.00
141.00 128.50
141.00 128.00
141.50 127.50
142.00 127.50
142.50 127.00
143.00 126.50
143.50 126.50
144.00 126.50
144.50 126.50
145.00 126.50
145.50 126.50
146.00 127.00
146.50 127.00
147.00 127.50
147.50 128.00
148.00 128.50
148.50 129.00
149.00 129.50
149.50 130.00
149.50 130.50
150.00 131.00
150.50 131.50
150.50 132.00
150.50 132.50
150.50 133.00
150.50 133.50
150.50 134.00
150.50 134.50
150.00 135.00
150.00 135.50
149.50 136.00
149.50 136.50
149.00 137.00
148.50 137.50
148.00 137.50
147.50 137.50
147.00 137.50
146.50 137.50
146.00 137.50
145.50 137.50
145.00 137.50
144.50 138.00
144.00 138.00
143.50 138.00
143.00 138.00
142.50 137.50
142.00 137.50
141.50 137.00
141.00 136.50
140.50 136.00
140.00 135.50
139.50 135.00
139.00 135.00
138.50 135.00
138.00 135.00
