137.00 144.00
136.50 144.00
136.00 144.50
135.50 145.00
135.00 145.00
134.50 145.00
134.00 145.50
133.50 145.50
133.00 145.50
132.50 145.50
132.00 145.50
131.50 145.50
131.00 145.50
130.50 145.50
130.00 145.00
129.50 145.00
129.00 144.50
128.50 144.00
128.00 144.00
127.50 143.50
127.00 143.00
126.50 142.50
126.50 142.00
126.00 141.50
125.50 141.00
125.00 140.50
124.50 140.00
124.50 139.50
124.00 139.00
124.00 138.50
123.50 138.00
123.50 137.50
123.50 137.00
123.00 136.50
123.00 136.00
123.00 135.50
123.00 135.00
123.00 134.50
123.00 134.00
123.00 133.50
123.00 133.00
123.00 132.50
123.50 132.00
123.50 131.50
124.00 131.00
124.00 130.50
124.50 130.00
125.00 129.50
125.50 129.00
126.00 129.00
126.50 128.50
127.00 128.00
127.50 128.00
128.00 128.00
128.50 127.50
129.00 127.50
129.50 127.50
130.00 127.00
130.50 127.00
131.00 127.00
131.50 127.00
132.00 127.00
132.50 127.00
133.00 127.00
133.50 127.00
134.00 127.50
134.50 127.50
135.00 128.00
135.50 128.00
136.00 128.50
136.50 128.50
137.00 129.00
137.50 129.50
138.00 130.00
138.50 130.50
139.00 131.00
139.50 131.50
139.50 132.00
140.00 132.50
140.00 133.00
140.50 133.50
140.50 134.00
140.50 134.50
141.00 135.00
141.00 135.50
141.00 136.00
141.00 136.50
141.00 137.00
141.00 137.50
141.00 138.00
141.00 138.50
141.00 139.00
141.00 139.50
140.50 140.00
140.50 140.50
140.00 141.00
140.00 141.50
139.50 142.00
139.00 142.50
138.50 143.00
138.00 143.50
137.50 144.00
