129.50 152.00
129.00 152.00
128.50 151.50
128.00 151.50
127.50 151.50
127.00 151.00
126.50 150.50
126.00 150.50
125.50 150.50
125.00 150.00
124.50 149.50
124.00 149.50
123.50 149.00
123.00 148.50
122.50 148.00
122.50 147.50
122.00 147.00
121.50 146.50
121.50 146.00
121.00 145.50
121.00 145.00
121.00 144.50
120.50 144.00
120.50 143.50
120.00 143.00
120.00 142.50
120.00 142.00
120.00 141.50
120.00 141.00
119.50 140.50
119.50 140.00
119.50 139.50
119.50 139.00
119.50 138.50
119.50 138.00
119.50 137.50
119.50 137.00
119.50 136.50
120.00 136.00
120.00 135.50
120.00 135.00
120.50 134.50
120.50 134.00
120.50 133.50
121.00 133.00
121.00 132.50
121.50 132.00
121.50 131.50
121.50 131.00
122.00 130.50
122.00 130.00
122.00 129.50
122.50 129.00
123.00 128.50
123.00 128.00
123.50 127.50
124.00 127.00
124.50 127.00
125.00 126.50
125.50 126.00
126.00 125.50
126.50 125.00
127.00 125.00
127.50 124.50
128.00 124.00
128.50 124.00
129.00 124.00
129.50 123.50
130.00 123.50
130.50 123.50
131.00 123.50
131.50 123.00
132.00 123.00
132.50 123.00
133.00 123.00
133.50 123.00
134.00 123.00
134.50 123.00
135.00 123.00
135.50 123.00
136.00 123.50
136.50 123.50
137.00 123.50
137.50 123.50
138.00 124.00
138.50 124.00
139.00 124.50
139.50 124.50
140.00 125.00
140.50 125.50
141.00 125.50
141.50 126.00
142.00 126.50
142.00 127.00
142.50 127.50
143.00 128.00
143.00 128.50
143.50 129.00
143.50 129.50
144.00 130.00
144.00 130.50
144.50 131.00
144.50 131.50
144.50 132.00
145.00 132.50
145.00 133.00
145.00 133.50
145.00 134.00
145.50 134.50
145.50 135.00
145.50 135.50
145.50 136.00
145.50 136.50
145.50 137.00
145.50 137.50
145.50 138.00
145.50 138.50
145.50 139.00
145.50 139.50
145.50 140.00
145.50 140.50
145.00 141.00
145.00 141.50
145.00 142.00
145.00 142.50
144.50 143.00
144.50 143.50
144.50 144.00
144.00 144.50
144.00 145.00
144.00 145.50
143.50 146.00
143.50 146.50
143.00 147.00
142.50 147.50
142.50 148.00
142.00 148.50
141.50 149.00
141.50 149.50
141.00 150.00
140.50 150.50
140.00 151.00
139.50 151.50
139.00 151.50
138.50 152.00
138.00 152.00
137.50 152.00
137.00 152.00
136.50 152.00
136.00 152.00
135.50 152.00
135.00 152.50
134.50 152.50
134.00 152.50
133.50 152.50
133.00 152.50
132.50 152.50
132.00 152.50
131.50 152.00
131.00 152.00
130.50 152.00
130.00 152.00
