146.00 115.00
146.50 115.50
147.00 115.50
147.50 116.00
148.00 116.00
148.50 116.50
149.00 117.00
149.50 117.50
150.00 117.50
150.50 118.00
151.00 118.50
151.50 119.00
152.00 119.50
152.50 120.00
153.00 120.50
153.50 121.00
154.00 121.50
154.00 122.00
154.00 122.50
154.50 123.00
155.00 123.50
155.00 124.00
155.50 124.50
155.50 125.00
156.00 125.50
156.00 126.00
156.00 126.50
156.50 127.00
156.50 127.50
156.50 128.00
157.00 128.50
157.00 129.00
157.00 129.50
157.50 130.00
157.00 130.50
157.00 131.00
157.50 131.50
157.50 132.00
157.50 132.50
157.50 133.00
157.50 133.50
157.00 134.00
157.00 134.50
157.00 135.00
157.00 135.50
157.00 136.00
156.50 136.50
156.50 137.00
156.50 137.50
156.00 138.00
156.00 138.50
156.00 139.00
155.50 139.50
155.50 140.00
155.00 140.50
154.50 141.00
154.50 141.50
154.00 142.00
154.00 142.50
153.50 143.00
153.00 143.50
152.50 144.00
152.50 144.50
152.00 145.00
151.50 145.50
151.00 146.00
150.50 146.50
150.00 147.00
149.50 147.50
149.00 148.00
148.50 148.50
148.00 149.00
147.50 149.50
147.00 149.50
146.50 150.00
146.00 150.00
145.50 150.50
145.00 150.50
144.50 151.00
144.00 151.00
143.50 151.50
143.00 151.50
142.50 151.50
142.00 152.00
141.50 152.00
141.00 152.00
140.50 152.00
140.00 152.50
139.50 152.50
139.00 152.50
138.50 152.50
138.00 152.50
137.50 152.50
137.00 152.50
136.50 152.50
136.00 152.50
135.50 152.50
135.00 152.00
134.50 152.00
134.00 152.00
133.50 152.00
133.00 152.00
132.50 151.50
132.00 151.50
131.50 151.00
131.00 151.00
130.50 151.00
130.00 150.50
129.50 150.00
129.00 150.00
128.50 149.50
128.00 149.00
127.50 148.50
127.00 148.50
126.50 148.00
126.00 147.50
126.00 147.00
125.50 146.50
125.00 146.00
124.50 145.50
124.50 145.00
124.00 144.50
124.00 144.00
123.50 143.50
123.50 143.00
123.50 142.50
123.00 142.00
123.00 141.50
123.00 141.00
123.00 140.50
122.50 140.00
122.50 139.50
122.50 139.00
122.50 138.50
122.50 138.00
122.50 137.50
122.50 137.00
122.50 136.50
122.50 136.00
122.50 135.50
122.50 135.00
122.50 134.50
122.50 134.00
122.50 133.50
122.50 133.00
122.50 132.50
122.50 132.00
122.50 131.50
123.00 131.00
123.00 130.50
123.00 130.00
123.00 129.50
123.50 129.00
123.50 128.50
123.50 128.00
123.50 127.50
124.00 127.00
124.00 126.50
124.50 126.00
124.50 125.50
125.00 125.00
125.00 124.50
125.50 124.00
125.50 123.50
126.00 123.00
126.50 122.50
126.50 122.00
127.00 121.50
127.50 121.00
128.00 120.50
128.50 120.00
129.00 119.50
129.50 119.00
130.00 118.50
130.50 118.00
131.00 118.00
131.50 117.50
132.00 117.00
132.50 116.50
133.00 116.50
133.50 116.50
134.00 116.00
134.50 115.50
135.00 115.50
135.50 115.50
136.00 115.00
136.50 115.00
137.00 115.00
137.50 115.00
138.00 115.00
138.50 114.50
139.00 114.50
139.50 114.50
140.00 114.50
140.50 114.50
141.00 114.50
141.50 114.50
142.00 114.50
142.50 114.50
143.00 114.50
143.50 114.50
144.00 115.00
144.50 115.00
145.00 115.00
145.50 115.50
