132.50 115.50
133.00 115.50
133.50 115.50
134.00 115.50
134.50 115.50
135.00 115.50
135.50 115.50
136.00 115.50
136.50 115.50
137.00 115.50
137.50 115.50
138.00 116.00
138.50 116.00
139.00 116.00
139.50 116.50
140.00 116.50
140.50 117.00
141.00 117.00
141.50 117.50
142.00 118.00
142.50 118.50
142.50 119.00
143.00 119.50
143.50 120.00
143.50 120.50
144.00 121.00
144.00 121.50
144.00 122.00
144.50 122.50
144.50 123.00
144.50 123.50
145.00 124.00
145.00 124.50
145.00 125.00
145.00 125.50
145.00 126.00
145.00 126.50
145.00 127.00
145.00 127.50
145.00 128.00
145.00 128.50
145.00 129.00
145.00 129.50
145.00 130.00
145.00 130.50
144.50 131.00
144.50 131.50
144.50 132.00
144.00 132.50
144.00 133.00
143.50 133.50
143.50 134.00
143.00 134.50
143.00 135.00
142.50 135.50
142.00 136.00
141.50 136.50
141.50 137.00
141.00 137.50
140.50 138.00
140.00 138.50
139.50 138.50
139.00 139.00
138.50 139.50
138.00 139.50
137.50 140.00
137.00 140.50
136.50 140.50
136.00 140.50
135.50 141.00
135.00 141.00
134.50 141.50
134.00 141.50
133.50 141.50
133.00 141.50
132.50 141.50
132.00 142.00
131.50 142.00
131.00 142.00
130.50 142.00
130.00 142.00
129.50 142.00
129.00 142.00
128.50 141.50
128.00 141.50
127.50 141.50
127.00 141.50
126.50 141.50
126.00 141.00
125.50 141.00
125.00 141.00
124.50 140.50
124.00 140.50
123.50 140.50
123.00 140.00
122.50 139.50
122.00 139.50
121.50 139.00
121.00 138.50
120.50 138.00
120.00 137.50
120.00 137.00
120.00 136.50
119.50 136.00
119.50 135.50
119.50 135.00
119.50 134.50
119.50 134.00
119.00 133.50
119.00 133.00
119.50 132.50
120.00 132.00
120.00 131.50
120.50 131.00
120.50 130.50
121.00 130.00
121.00 129.50
121.50 129.00
121.50 128.50
122.00 128.00
122.00 127.50
122.50 127.00
122.50 126.50
122.50 126.00
123.00 125.50
123.00 125.00
123.00 124.50
123.50 124.00
123.50 123.50
123.50 123.00
124.00 122.50
124.00 122.00
124.50 121.50
124.50 121.00
125.00 120.50
125.50 120.00
126.00 119.50
126.50 119.00
127.00 118.50
127.50 118.00
128.00 117.50
128.50 117.50
129.00 117.00
129.50 117.00
130.00 116.50
130.50 116.50
131.00 116.00
131.50 116.00
132.00 115.50
