128.50 149.50
128.00 149.00
128.00 148.50
127.50 148.00
127.00 147.50
127.00 147.00
126.50 146.50
126.50 146.00
126.00 145.50
126.00 145.00
125.50 144.50
125.00 144.00
125.00 143.50
124.50 143.00
124.50 142.50
124.50 142.00
124.00 141.50
123.50 141.00
123.50 140.50
123.50 140.00
123.00 139.50
123.00 139.00
122.50 138.50
122.50 138.00
122.50 137.50
122.50 137.00
122.00 136.50
122.00 136.00
122.00 135.50
122.00 135.00
122.00 134.50
122.00 134.00
122.00 133.50
121.50 133.00
121.50 132.50
121.50 132.00
121.50 131.50
121.50 131.00
121.50 130.50
121.50 130.00
121.50 129.50
121.50 129.00
121.50 128.50
121.50 128.00
121.50 127.50
121.50 127.00
121.50 126.50
121.50 126.00
121.50 125.50
121.50 125.00
122.00 124.50
122.00 124.00
122.50 123.50
122.50 123.00
122.50 122.50
123.00 122.00
123.00 121.50
123.50 121.00
124.00 120.50
124.00 120.00
124.50 119.50
125.00 119.00
125.50 118.50
126.00 118.00
126.50 117.50
127.00 117.00
127.50 116.50
128.00 116.00
128.50 115.50
129.00 115.00
129.50 115.00
130.00 114.50
130.50 114.50
131.00 114.00
131.50 113.50
132.00 113.50
132.50 113.00
133.00 113.00
133.50 112.50
134.00 112.50
134.50 112.50
135.00 112.50
135.50 112.00
136.00 112.00
136.50 112.00
137.00 112.00
137.50 112.00
138.00 112.00
138.50 112.00
139.00 112.00
139.50 112.00
140.00 112.00
140.50 112.50
141.00 112.50
141.50 112.50
142.00 113.00
142.50 113.00
143.00 113.00
143.50 113.50
144.00 114.00
144.50 114.00
145.00 114.50
145.50 114.50
146.00 115.00
146.50 115.50
147.00 115.50
147.50 116.00
148.00 116.50
148.50 117.00
149.00 117.50
149.50 118.00
150.00 118.50
150.50 119.00
151.00 119.50
151.50 120.00
151.50 120.50
152.00 121.00
152.50 121.50
153.00 122.00
153.50 122.50
153.50 123.00
153.50 123.50
154.00 124.00
154.00 124.50
154.50 125.00
155.00 125.50
155.00 126.00
155.50 126.50
155.50 127.00
155.50 127.50
155.50 128.00
156.00 128.50
156.00 129.00
156.00 129.50
156.00 130.00
156.50 130.50
156.50 131.00
156.50 131.50
156.50 132.00
156.50 132.50
156.50 133.00
156.50 133.50
156.50 134.00
156.50 134.50
156.50 135.00
156.50 135.50
156.50 136.00
156.50 136.50
156.50 137.00
156.50 137.50
156.50 138.00
156.50 138.50
156.50 139.00
156.50 139.50
156.50 140.00
156.00 140.50
156.00 141.00
156.00 141.50
156.00 142.00
155.50 142.50
155.50 143.00
155.50 143.50
155.50 144.00
155.00 144.50
154.50 145.00
154.50 145.50
154.00 146.00
154.00 146.50
153.50 147.00
153.00 147.50
152.50 148.00
152.00 148.50
151.50 148.50
151.00 149.00
150.50 149.50
150.00 149.50
149.50 150.00
149.00 150.00
148.50 150.50
148.00 150.50
147.50 150.50
147.00 151.00
146.50 151.00
146.00 151.00
145.50 151.50
145.00 151.50
144.50 151.50
144.00 152.00
143.50 152.00
143.00 152.00
142.50 152.00
142.00 152.00
141.50 152.50
141.00 152.50
140.50 152.50
140.00 152.50
139.50 152.50
139.00 152.50
138.50 152.50
138.00 152.50
137.50 153.00
137.00 153.00
136.50 153.00
136.00 153.00
135.50 153.00
135.00 153.00
134.50 153.50
134.00 153.00
133.50 153.00
133.00 153.00
132.50 153.00
132.00 152.50
131.50 152.50
131.00 152.00
130.50 152.00
130.00 151.50
129.50 151.00
129.00 150.50
129.00 150.00
