150.00 127.50
150.50 128.00
150.50 128.50
151.00 129.00
151.00 129.50
151.00 130.00
151.00 130.50
151.00 131.00
151.00 131.50
150.50 132.00
150.00 132.50
149.50 133.00
149.00 133.50
148.50 133.50
148.00 133.50
147.50 133.00
147.00 133.00
146.50 132.50
146.50 132.00
146.50 131.50
146.00 131.00
146.00 130.50
146.00 130.00
146.00 129.50
146.00 129.00
145.50 128.50
145.50 128.00
145.00 127.50
144.50 127.00
144.00 126.50
143.50 126.00
143.00 126.00
142.50 125.50
142.00 125.00
142.00 124.50
141.50 124.00
141.50 123.50
142.00 123.00
142.00 122.50
142.50 122.00
143.00 121.50
143.50 121.50
144.00 121.00
144.50 121.00
145.00 121.00
145.50 121.00
146.00 121.00
146.50 121.00
147.00 121.50
147.50 122.00
147.50 122.50
147.50 123.00
148.00 123.50
148.00 124.00
148.50 124.50
148.50 125.00
149.00 125.50
149.00 126.00
149.50 126.50
149.50 127.00
