159.00 113.00
159.00 113.50
159.50 114.00
160.00 114.50
160.00 115.00
160.50 115.50
160.50 116.00
161.00 116.50
161.00 117.00
161.50 117.50
161.50 118.00
162.00 118.50
162.00 119.00
162.00 119.50
162.50 120.00
162.50 120.50
162.50 121.00
163.00 121.50
163.00 122.00
163.00 122.50
163.00 123.00
163.50 123.50
163.50 124.00
163.50 124.50
164.00 125.00
164.00 125.50
164.00 126.00
164.00 126.50
164.00 127.00
164.00 127.50
164.00 128.00
164.50 128.50
164.50 129.00
164.50 129.50
164.50 130.00
164.50 130.50
164.50 131.00
164.50 131.50
164.50 132.00
164.50 132.50
164.50 133.00
164.50 133.50
164.50 134.00
164.50 134.50
164.50 135.00
164.50 135.50
164.50 136.00
164.50 136.50
164.00 137.00
164.00 137.50
164.00 138.00
164.00 138.50
164.00 139.00
163.50 139.50
163.50 140.00
163.50 140.50
163.50 141.00
163.50 141.50
163.00 142.00
163.00 142.50
163.00 143.00
162.50 143.50
162.50 144.00
162.50 144.50
162.00 145.00
162.00 145.50
161.50 146.00
161.50 146.50
161.00 147.00
161.00 147.50
160.50 148.00
160.50 148.50
160.00 149.00
159.50 149.50
159.50 150.00
159.00 150.50
158.50 151.00
158.00 151.50
158.00 152.00
157.50 152.50
157.00 153.00
156.50 153.50
156.00 154.00
155.50 154.50
155.00 155.00
154.50 155.50
154.00 156.00
153.50 156.50
153.00 156.50
152.50 157.00
152.00 157.50
151.50 157.50
151.00 158.00
150.50 158.50
150.00 158.50
149.50 158.50
149.00 159.00
148.50 159.00
148.00 159.50
147.50 159.50
147.00 160.00
146.50 160.00
146.00 160.00
145.50 160.50
145.00 160.50
144.50 160.50
144.00 160.50
143.50 161.00
143.00 161.00
142.50 161.00
142.00 161.00
141.50 161.00
141.00 161.00
140.50 161.50
140.00 161.50
139.50 161.50
139.00 161.50
138.50 161.50
138.00 161.50
137.50 161.50
137.00 161.50
136.50 161.50
136.00 161.50
135.50 161.50
135.00 161.50
134.50 161.50
134.00 161.50
133.50 161.00
133.00 161.00
132.50 161.00
132.00 161.00
131.50 161.00
131.00 161.00
130.50 160.50
130.00 160.50
129.50 160.50
129.00 160.00
128.50 160.00
128.00 160.00
127.50 159.50
127.00 159.50
126.50 159.50
126.00 159.00
125.50 159.00
125.00 158.50
124.50 158.50
124.00 158.00
123.50 158.00
123.00 157.50
122.50 157.00
122.00 157.00
121.50 156.50
121.00 156.00
120.50 155.50
120.00 155.00
119.50 154.50
119.00 154.00
118.50 153.50
118.00 153.00
117.50 152.50
117.00 152.00
116.50 151.50
116.50 151.00
116.00 150.50
115.50 150.00
115.50 149.50
115.00 149.00
115.00 148.50
114.50 148.00
114.50 147.50
114.50 147.00
114.00 146.50
114.00 146.00
114.00 145.50
113.50 145.00
113.50 144.50
113.50 144.00
113.50 143.50
113.50 143.00
113.50 142.50
113.00 142.00
113.00 141.50
113.00 141.00
113.00 140.50
113.00 140.00
113.00 139.50
113.00 139.00
113.00 138.50
113.00 138.00
113.00 137.50
113.00 137.00
113.00 136.50
113.00 136.00
113.00 135.50
113.00 135.00
113.00 134.50
113.00 134.00
113.00 133.50
113.00 133.00
113.00 132.50
113.00 132.00
113.00 131.50
113.00 131.00
113.00 130.50
113.00 130.00
113.00 129.50
113.00 129.00
113.00 128.50
113.00 128.00
113.00 127.50
113.00 127.00
113.00 126.50
113.00 126.00
113.00 125.50
113.00 125.00
113.00 124.50
113.00 124.00
113.00 123.50
113.00 123.00
113.00 122.50
113.50 122.00
113.50 121.50
113.50 121.00
113.50 120.50
113.50 120.00
113.50 119.50
114.00 119.00
114.00 118.50
114.00 118.00
114.00 117.50
114.50 117.00
114.50 116.50
114.50 116.00
115.00 115.50
115.00 115.00
115.00 114.50
115.50 114.00
115.50 113.50
116.00 113.00
116.50 112.50
116.50 112.00
116.50 111.50
117.00 111.00
117.50 110.50
118.00 110.00
118.00 109.50
118.50 109.00
119.00 108.50
119.50 108.00
120.00 107.50
120.50 107.00
121.00 107.00
121.50 106.50
122.00 106.00
122.50 105.50
123.00 105.50
123.50 105.00
124.00 105.00
124.50 104.50
125.00 104.50
125.50 104.50
126.00 104.00
126.50 104.00
127.00 103.50
127.50 103.50
128.00 103.50
128.50 103.50
129.00 103.00
129.50 103.00
130.00 103.00
130.50 102.50
131.00 102.50
131.50 102.50
132.00 102.50
132.50 102.50
133.00 102.00
133.50 102.00
134.00 102.00
134.50 102.00
135.00 102.00
135.50 101.50
136.00 101.50
136.50 101.50
137.00 101.50
137.50 101.50
138.00 101.50
138.50 101.00
139.00 101.00
139.50 101.00
140.00 101.00
140.50 101.00
141.00 101.00
141.50 101.00
142.00 101.00
142.50 101.00
143.00 101.00
143.50 101.50
144.00 101.50
144.50 101.50
145.00 101.50
145.50 102.00
146.00 102.00
146.50 102.00
147.00 102.00
147.50 102.50
148.00 102.50
148.50 103.00
149.00 103.00
149.50 103.50
150.00 104.00
150.50 104.00
151.00 104.50
151.50 105.00
152.00 105.00
152.50 105.50
153.00 106.00
153.50 106.50
154.00 107.00
154.50 107.50
155.00 108.00
155.50 108.50
156.00 109.00
156.50 109.50
157.00 110.00
157.50 110.50
157.50 111.00
158.00 111.50
158.50 112.00
158.50 112.50
