123.00 119.50
123.50 119.50
124.00 119.00
124.50 118.50
125.00 118.50
125.50 118.00
126.00 118.00
126.50 117.50
127.00 117.00
127.50 117.00
128.00 116.50
128.50 116.50
129.00 116.00
129.50 116.00
130.00 116.00
130.50 115.50
131.00 115.50
131.50 115.50
132.00 115.00
132.50 115.00
133.00 115.00
133.50 114.50
134.00 114.50
134.50 114.50
135.00 114.50
135.50 114.50
136.00 114.50
136.50 114.50
137.00 114.50
137.50 114.50
138.00 114.50
138.50 114.50
139.00 114.50
139.50 114.50
140.00 114.50
140.50 114.50
141.00 114.50
141.50 115.00
142.00 115.00
142.50 115.00
143.00 115.50
143.50 115.50
144.00 115.50
144.50 116.00
145.00 116.00
145.50 116.00
146.00 116.50
146.50 116.50
147.00 117.00
147.50 117.50
148.00 117.50
148.50 118.00
149.00 118.50
149.50 119.00
150.00 119.50
150.50 120.00
151.00 120.50
151.50 121.00
151.50 121.50
152.00 122.00
152.50 122.50
152.50 123.00
152.50 123.50
153.00 124.00
153.00 124.50
153.50 125.00
153.50 125.50
154.00 126.00
154.00 126.50
154.00 127.00
154.00 127.50
154.00 128.00
154.50 128.50
154.50 129.00
154.50 129.50
154.50 130.00
154.50 130.50
154.50 131.00
154.50 131.50
154.50 132.00
154.50 132.50
154.50 133.00
154.50 133.50
154.50 134.00
154.50 134.50
154.00 135.00
154.00 135.50
154.00 136.00
153.50 136.50
153.50 137.00
153.50 137.50
153.50 138.00
153.00 138.50
152.50 139.00
152.50 139.50
152.50 140.00
152.00 140.50
151.50 141.00
151.50 141.50
151.00 142.00
151.00 142.50
150.50 143.00
150.00 143.50
150.00 144.00
149.50 144.50
149.00 145.00
149.00 145.50
148.50 146.00
148.00 146.50
147.50 147.00
147.50 147.50
147.00 148.00
146.50 148.50
146.50 149.00
146.00 149.50
145.50 150.00
145.00 150.00
144.50 150.50
144.00 150.50
143.50 151.00
143.00 151.00
142.50 151.50
142.00 152.00
141.50 152.00
141.00 152.00
140.50 152.50
140.00 152.50
139.50 152.50
139.00 152.50
138.50 152.50
138.00 153.00
137.50 153.00
137.00 153.00
136.50 153.00
136.00 153.00
135.50 153.00
135.00 153.00
134.50 153.00
134.00 153.00
133.50 153.00
133.00 153.00
132.50 153.00
132.00 152.50
131.50 152.50
131.00 152.50
130.50 152.50
130.00 152.00
129.50 152.00
129.00 152.00
128.50 151.50
128.00 151.50
127.50 151.00
127.00 150.50
126.50 150.50
126.00 150.00
125.50 149.50
125.00 149.50
124.50 149.00
124.00 148.50
124.00 148.00
123.50 147.50
123.00 147.00
122.50 147.00
122.00 146.50
121.50 146.00
121.50 145.50
121.00 145.00
120.50 144.50
120.50 144.00
120.00 143.50
120.00 143.00
119.50 142.50
119.50 142.00
119.50 141.50
119.00 141.00
119.00 140.50
119.00 140.00
118.50 139.50
118.50 139.00
118.50 138.50
118.50 138.00
118.00 137.50
118.00 137.00
118.00 136.50
118.00 136.00
118.00 135.50
118.00 135.00
118.00 134.50
118.00 134.00
118.00 133.50
118.00 133.00
118.00 132.50
117.50 132.00
117.50 131.50
117.50 131.00
117.50 130.50
118.00 130.00
118.00 129.50
118.00 129.00
118.00 128.50
118.00 128.00
118.50 127.50
118.50 127.00
118.50 126.50
119.00 126.00
119.00 125.50
119.00 125.00
119.50 124.50
120.00 124.00
120.00 123.50
120.50 123.00
120.50 122.50
121.00 122.00
121.50 121.50
122.00 121.00
122.00 120.50
122.50 120.00
