125.00 115.00
125.50 114.50
125.50 114.00
126.00 113.50
126.00 113.00
126.50 112.50
127.00 112.00
127.50 111.50
127.50 111.00
128.00 110.50
128.50 110.00
129.00 110.00
129.50 109.50
130.00 109.00
130.50 109.00
131.00 108.50
131.50 108.50
132.00 108.50
132.50 108.00
133.00 108.00
133.50 108.00
134.00 108.00
134.50 108.00
135.00 108.00
135.50 108.00
136.00 108.00
136.50 108.00
137.00 108.50
137.50 108.50
138.00 108.50
138.50 108.50
139.00 109.00
139.50 109.00
140.00 109.50
140.50 109.50
141.00 110.00
141.50 110.00
142.00 110.50
142.50 110.50
143.00 111.00
143.50 111.50
144.00 111.50
144.50 112.00
145.00 112.50
145.50 113.00
146.00 113.50
146.50 114.00
147.00 114.50
147.00 115.00
147.50 115.50
148.00 116.00
148.00 116.50
148.50 117.00
149.00 117.50
149.00 118.00
149.50 118.50
149.50 119.00
150.00 119.50
150.00 120.00
150.00 120.50
150.50 121.00
150.50 121.50
150.50 122.00
151.00 122.50
151.00 123.00
151.00 123.50
151.00 124.00
151.00 124.50
151.00 125.00
151.00 125.50
151.00 126.00
151.00 126.50
151.00 127.00
151.00 127.50
150.50 128.00
150.50 128.50
150.00 129.00
150.00 129.50
150.00 130.00
149.50 130.50
149.00 131.00
148.50 131.50
148.00 132.00
147.50 132.50
147.00 133.00
146.50 133.50
146.00 133.50
145.50 134.00
145.00 134.50
144.50 135.00
144.00 135.50
143.50 136.00
143.00 136.00
142.50 136.50
142.00 136.50
141.50 137.00
141.00 137.00
140.50 137.50
140.00 137.50
139.50 138.00
139.00 138.00
138.50 138.00
138.00 138.00
137.50 138.50
137.00 138.50
136.50 138.50
136.00 138.50
135.50 138.50
135.00 138.50
134.50 138.50
134.00 138.50
133.50 138.50
133.00 138.00
132.50 138.00
132.00 138.00
131.50 138.00
131.00 137.50
130.50 137.50
130.00 137.50
129.50 137.00
129.00 136.50
128.50 136.50
128.00 136.00
127.50 135.50
127.00 135.00
126.50 134.50
126.00 134.00
125.50 133.50
125.00 133.00
124.50 132.50
124.50 132.00
124.00 131.50
124.00 131.00
124.00 130.50
123.50 130.00
123.50 129.50
123.50 129.00
123.50 128.50
123.00 128.00
123.00 127.50
123.00 127.00
123.00 126.50
123.00 126.00
123.00 125.50
123.00 125.00
123.00 124.50
123.00 124.00
123.00 123.50
123.00 123.00
123.00 122.50
123.00 122.00
123.00 121.50
123.00 121.00
123.50 120.50
123.50 120.00
123.50 119.50
123.50 119.00
123.50 118.50
124.00 118.00
124.00 117.50
124.00 117.00
124.50 116.50
124.50 116.00
124.50 115.50
