136.00 118.50
136.50 118.50
137.00 118.50
137.50 119.00
138.00 119.00
138.50 119.50
139.00 119.50
139.50 120.00
140.00 120.50
140.50 121.00
141.00 121.50
141.00 122.00
141.50 122.50
141.50 123.00
142.00 123.50
142.00 124.00
142.00 124.50
142.00 125.00
142.00 125.50
142.00 126.00
142.00 126.50
141.50 127.00
141.50 127.50
141.50 128.00
141.00 128.50
140.50 129.00
140.50 129.50
140.00 130.00
140.00 130.50
139.50 131.00
139.00 131.50
138.50 132.00
138.00 132.50
137.50 132.50
137.00 133.00
136.50 133.00
136.00 133.50
135.50 133.50
135.00 134.00
134.50 134.00
134.00 134.00
133.50 134.00
133.00 134.00
132.50 134.00
132.00 134.00
131.50 133.50
131.00 133.50
130.50 133.00
130.00 132.50
129.50 132.00
129.00 131.50
128.50 131.00
128.50 130.50
128.00 130.00
128.00 129.50
128.00 129.00
128.00 128.50
128.00 128.00
128.00 127.50
128.00 127.00
128.00 126.50
128.00 126.00
128.50 125.50
128.50 125.00
128.50 124.50
129.00 124.00
129.00 123.50
129.00 123.00
129.50 122.50
129.50 122.00
129.50 121.50
130.00 121.00
130.00 120.50
130.50 120.00
131.00 119.50
131.50 119.00
132.00 119.00
132.50 118.50
133.00 118.50
133.50 118.50
134.00 118.50
134.50 118.50
135.00 118.50
135.50 118.50
