135.50 120.00
136.00 120.00
136.50 120.00
137.00 120.00
137.50 120.50
138.00 120.50
138.50 121.00
139.00 121.50
139.50 122.00
140.00 122.50
140.00 123.00
140.50 123.50
140.50 124.00
141.00 124.50
141.00 125.00
141.00 125.50
141.00 126.00
141.00 126.50
140.50 127.00
140.50 127.50
140.50 128.00
140.50 128.50
140.00 129.00
139.50 129.50
139.50 130.00
139.00 130.50
138.50 131.00
138.00 131.50
137.50 132.00
137.00 132.00
136.50 132.50
136.00 132.50
135.50 132.50
135.00 132.50
134.50 132.50
134.00 132.50
133.50 132.50
133.00 132.50
132.50 132.00
132.00 132.00
131.50 131.50
131.00 131.00
130.50 130.50
130.00 130.00
130.00 129.50
130.00 129.00
130.00 128.50
130.00 128.00
130.00 127.50
130.00 127.00
130.50 126.50
130.50 126.00
130.50 125.50
130.50 125.00
131.00 124.50
131.00 124.00
131.50 123.50
131.50 123.00
132.00 122.50
132.00 122.00
132.50 121.50
133.00 121.00
133.50 120.50
134.00 120.50
134.50 120.00
135.00 120.00
