127.50 124.00
127.50 123.50
127.50 123.00
127.50 122.50
127.50 122.00
127.50 121.50
127.50 121.00
127.50 120.50
127.50 120.00
127.50 119.50
127.50 119.00
128.00 118.50
128.50 118.00
128.50 117.50
129.00 117.00
129.50 116.50
130.00 116.00
130.50 116.00
131.00 115.50
131.50 115.50
132.00 115.00
132.50 114.50
133.00 114.50
133.50 114.50
134.00 114.00
134.50 113.50
135.00 113.50
135.50 113.50
136.00 113.00
136.50 113.00
137.00 113.00
137.50 113.00
138.00 113.00
138.50 113.00
139.00 113.00
139.50 113.00
140.00 113.00
140.50 113.00
141.00 113.50
141.50 113.50
142.00 114.00
142.50 114.00
143.00 114.50
143.50 114.50
144.00 115.00
144.50 115.50
145.00 116.00
145.50 116.50
146.00 117.00
146.00 117.50
146.50 118.00
146.50 118.50
146.50 119.00
146.50 119.50
147.00 120.00
147.00 120.50
147.00 121.00
147.00 121.50
147.00 122.00
147.00 122.50
147.00 123.00
147.00 123.50
147.00 124.00
147.00 124.50
147.00 125.00
147.00 125.50
147.00 126.00
147.00 126.50
147.00 127.00
146.50 127.50
146.50 128.00
146.50 128.50
146.50 129.00
146.00 129.50
145.50 130.00
145.50 130.50
145.00 131.00
144.50 131.50
144.00 132.00
144.00 132.50
143.50 133.00
143.00 133.00
142.50 133.50
142.00 133.50
141.50 134.00
141.00 134.00
140.50 134.50
140.00 134.50
139.50 135.00
139.00 135.00
138.50 135.00
138.00 135.00
137.50 135.00
137.00 135.00
136.50 135.00
136.00 135.00
135.50 135.00
135.00 135.00
134.50 135.00
134.00 135.00
133.50 135.00
133.00 134.50
132.50 134.50
132.00 134.00
131.50 134.00
131.00 133.50
130.50 133.00
130.00 132.50
129.50 132.00
129.00 131.50
128.50 131.00
128.50 130.50
128.00 130.00
128.00 129.50
128.00 129.00
128.00 128.50
128.00 128.00
128.00 127.50
128.00 127.00
127.50 126.50
127.50 126.00
127.50 125.50
127.50 125.00
127.50 124.50
