127.50 109.50
128.00 109.00
128.50 108.50
129.00 108.00
129.50 108.00
130.00 107.50
130.50 107.00
131.00 107.00
131.50 106.50
132.00 106.50
132.50 106.00
133.00 106.00
133.50 105.50
134.00 105.50
134.50 105.50
135.00 105.50
135.50 105.00
136.00 105.00
136.50 105.00
137.00 105.00
137.50 105.00
138.00 105.00
138.50 105.00
139.00 105.00
139.50 105.00
140.00 105.00
140.50 105.00
141.00 105.50
141.50 105.50
142.00 105.50
142.50 105.50
143.00 106.00
143.50 106.00
144.00 106.50
144.50 106.50
145.00 107.00
145.50 107.50
146.00 108.00
146.50 108.00
147.00 108.50
147.50 109.00
148.00 109.50
148.50 110.00
149.00 110.50
149.50 111.00
149.50 111.50
149.50 112.00
150.00 112.50
150.50 113.00
150.50 113.50
151.00 114.00
151.00 114.50
151.50 115.00
151.50 115.50
151.50 116.00
152.00 116.50
152.00 117.00
152.00 117.50
152.50 118.00
152.50 118.50
152.50 119.00
153.00 119.50
153.00 120.00
153.00 120.50
153.00 121.00
153.00 121.50
153.50 122.00
153.50 122.50
153.50 123.00
153.50 123.50
153.50 124.00
153.50 124.50
153.50 125.00
153.50 125.50
153.50 126.00
153.50 126.50
153.00 127.00
153.00 127.50
153.00 128.00
152.50 128.50
152.50 129.00
152.00 129.50
151.50 130.00
151.00 130.50
150.50 131.00
150.00 131.50
149.50 132.00
149.00 132.50
148.50 132.50
148.00 133.00
147.50 133.50
147.00 133.50
146.50 134.00
146.00 134.50
145.50 134.50
145.00 135.00
144.50 135.00
144.00 135.00
143.50 135.50
143.00 135.50
142.50 135.50
142.00 136.00
141.50 136.00
141.00 136.00
140.50 136.00
140.00 136.50
139.50 136.50
139.00 136.50
138.50 136.50
138.00 136.50
137.50 136.50
137.00 136.50
136.50 136.50
136.00 136.50
135.50 136.50
135.00 136.50
134.50 136.50
134.00 136.50
133.50 136.50
133.00 136.00
132.50 136.00
132.00 136.00
131.50 136.00
131.00 135.50
130.50 135.50
130.00 135.50
129.50 135.00
129.00 135.00
128.50 134.50
128.00 134.50
127.50 134.00
127.00 134.00
126.50 133.50
126.00 133.00
125.50 132.50
125.00 132.00
124.50 131.50
124.00 131.00
124.00 130.50
123.50 130.00
123.50 129.50
123.50 129.00
123.00 128.50
123.00 128.00
123.00 127.50
122.50 127.00
122.50 126.50
122.50 126.00
122.50 125.50
122.50 125.00
122.50 124.50
122.50 124.00
122.50 123.50
122.50 123.00
122.50 122.50
122.50 122.00
122.50 121.50
122.50 121.00
122.50 120.50
122.50 120.00
122.50 119.50
123.00 119.00
123.00 118.50
123.00 118.00
123.00 117.50
123.50 117.00
123.50 116.50
123.50 116.00
123.50 115.50
124.00 115.00
124.00 114.50
124.50 114.00
124.50 113.50
125.00 113.00
125.50 112.50
125.50 112.00
126.00 111.50
126.50 111.00
126.50 110.50
127.00 110.00
