121.50 112.00
121.50 111.50
121.50 111.00
121.00 110.50
121.00 110.00
121.00 109.50
121.00 109.00
120.50 108.50
120.50 108.00
120.50 107.50
120.50 107.00
120.50 106.50
121.00 106.00
121.00 105.50
121.50 105.00
122.00 104.50
122.50 104.00
123.00 104.00
123.50 103.50
124.00 103.50
124.50 103.00
125.00 103.00
125.50 102.50
126.00 102.50
126.50 102.50
127.00 102.50
127.50 102.00
128.00 102.00
128.50 102.00
129.00 102.00
129.50 102.00
130.00 102.00
130.50 102.00
131.00 101.50
131.50 101.50
132.00 101.50
132.50 102.00
133.00 102.00
133.50 102.00
134.00 102.00
134.50 102.00
135.00 102.00
135.50 102.00
136.00 102.50
136.50 102.50
137.00 102.50
137.50 102.50
138.00 103.00
138.50 103.00
139.00 103.00
139.50 103.00
140.00 103.50
140.50 103.50
141.00 103.50
141.50 104.00
142.00 104.00
142.50 104.00
143.00 104.50
143.50 104.50
144.00 104.50
144.50 105.00
145.00 105.00
145.50 105.00
146.00 105.50
146.50 105.50
147.00 105.50
147.50 106.00
148.00 106.00
148.50 106.50
149.00 106.50
149.50 107.00
150.00 107.00
150.50 107.50
151.00 108.00
151.50 108.00
152.00 108.50
152.50 109.00
153.00 109.50
153.50 110.00
154.00 110.50
154.00 111.00
154.50 111.50
155.00 112.00
155.00 112.50
155.50 113.00
155.50 113.50
156.00 114.00
156.00 114.50
156.00 115.00
156.50 115.50
156.50 116.00
156.50 116.50
156.50 117.00
156.50 117.50
157.00 118.00
157.00 118.50
157.00 119.00
157.00 119.50
157.00 120.00
157.00 120.50
157.00 121.00
157.00 121.50
157.00 122.00
157.00 122.50
157.00 123.00
157.00 123.50
157.00 124.00
157.00 124.50
156.50 125.00
156.50 125.50
156.50 126.00
156.50 126.50
156.50 127.00
156.00 127.50
156.00 128.00
156.00 128.50
155.50 129.00
155.50 129.50
155.50 130.00
155.50 130.50
155.00 131.00
155.00 131.50
154.50 132.00
154.50 132.50
154.00 133.00
154.00 133.50
154.00 134.00
153.50 134.50
153.50 135.00
153.50 135.50
153.00 136.00
153.00 136.50
152.50 137.00
152.50 137.50
152.50 138.00
152.00 138.50
151.50 139.00
151.00 139.50
151.00 140.00
150.50 140.50
150.00 141.00
149.50 141.50
149.00 142.00
148.50 142.50
148.00 142.50
147.50 143.00
147.00 143.00
146.50 143.50
146.00 143.50
145.50 143.50
145.00 144.00
144.50 144.00
144.00 144.00
143.50 144.00
143.00 144.50
142.50 144.50
142.00 144.50
141.50 144.50
141.00 144.50
140.50 145.00
140.00 145.00
139.50 145.00
139.00 145.00
138.50 145.00
138.00 145.00
137.50 145.00
137.00 145.50
136.50 145.50
136.00 145.50
135.50 145.50
135.00 145.50
134.50 145.50
134.00 146.00
133.50 146.00
133.00 146.00
132.50 146.00
132.00 146.00
131.50 146.00
131.00 146.00
130.50 146.00
130.00 146.00
129.50 146.00
129.00 146.00
128.50 146.00
128.00 146.00
127.50 146.00
127.00 146.00
126.50 146.00
126.00 146.00
125.50 146.00
125.00 145.50
124.50 145.50
124.00 145.50
123.50 145.50
123.00 145.00
122.50 145.00
122.00 144.50
121.50 144.50
121.00 144.00
120.50 144.00
120.00 143.50
119.50 143.50
119.00 143.00
118.50 142.50
118.00 142.00
117.50 142.00
117.00 141.50
116.50 141.00
116.00 140.50
116.00 140.00
116.00 139.50
115.50 139.00
115.00 138.50
114.50 138.00
114.50 137.50
114.50 137.00
114.00 136.50
114.00 136.00
114.00 135.50
113.50 135.00
113.50 134.50
113.50 134.00
113.50 133.50
113.50 133.00
113.50 132.50
113.00 132.00
113.00 131.50
113.00 131.00
113.00 130.50
113.00 130.00
113.00 129.50
113.00 129.00
113.50 128.50
113.50 128.00
113.50 127.50
113.50 127.00
113.50 126.50
113.50 126.00
113.50 125.50
114.00 125.00
114.00 124.50
114.00 124.00
114.00 123.50
114.50 123.00
114.50 122.50
114.50 122.00
115.00 121.50
115.00 121.00
115.50 120.50
115.50 120.00
116.00 119.50
116.50 119.00
116.50 118.50
117.00 118.00
117.50 117.50
118.00 117.00
118.50 116.50
119.00 116.00
119.50 115.50
120.00 115.00
120.50 114.50
120.50 114.00
121.00 113.50
121.50 113.00
121.50 112.50
