130.00 101.00
130.50 101.00
131.00 101.00
131.50 100.50
132.00 100.50
132.50 100.50
133.00 100.50
133.50 100.00
134.00 100.00
134.50 100.00
135.00 100.00
135.50 100.00
136.00 100.00
136.50 100.00
137.00 100.00
137.50 100.00
138.00 100.00
138.50 100.00
139.00 100.00
139.50 100.50
140.00 100.50
140.50 100.50
141.00 100.50
141.50 100.50
142.00 101.00
142.50 101.50
143.00 101.50
143.50 102.00
144.00 102.00
144.50 102.00
145.00 102.50
145.50 103.00
146.00 103.50
146.50 103.50
147.00 104.00
147.50 104.50
148.00 105.00
148.50 105.50
148.50 106.00
149.00 106.50
149.50 107.00
150.00 107.50
150.50 108.00
151.00 108.50
151.00 109.00
151.50 109.50
152.00 110.00
152.50 110.50
152.50 111.00
153.00 111.50
153.00 112.00
153.50 112.50
154.00 113.00
154.00 113.50
154.50 114.00
154.50 114.50
155.00 115.00
155.00 115.50
155.00 116.00
155.50 116.50
155.50 117.00
156.00 117.50
156.00 118.00
156.00 118.50
156.50 119.00
156.50 119.50
156.50 120.00
157.00 120.50
157.00 121.00
157.00 121.50
157.00 122.00
157.00 122.50
157.00 123.00
157.00 123.50
157.00 124.00
157.50 124.50
157.00 125.00
157.00 125.50
157.00 126.00
157.00 126.50
157.00 127.00
157.00 127.50
156.50 128.00
156.50 128.50
156.50 129.00
156.00 129.50
156.00 130.00
155.50 130.50
155.50 131.00
155.00 131.50
154.50 132.00
154.50 132.50
154.00 133.00
153.50 133.50
153.00 134.00
153.00 134.50
152.50 135.00
152.00 135.50
151.50 136.00
151.00 136.50
150.50 137.00
150.00 137.50
149.50 138.00
149.00 138.50
148.50 139.00
148.00 139.50
147.50 140.00
147.00 140.50
146.50 141.00
146.00 141.00
145.50 141.50
145.00 142.00
144.50 142.00
144.00 142.50
143.50 143.00
143.00 143.00
142.50 143.00
142.00 143.50
141.50 144.00
141.00 144.00
140.50 144.00
140.00 144.00
139.50 144.50
139.00 144.50
138.50 144.50
138.00 144.50
137.50 144.50
137.00 144.50
136.50 144.50
136.00 144.50
135.50 144.50
135.00 144.50
134.50 144.50
134.00 144.50
133.50 144.00
133.00 144.00
132.50 144.00
132.00 144.00
131.50 144.00
131.00 143.50
130.50 143.50
130.00 143.50
129.50 143.00
129.00 143.00
128.50 142.50
128.00 142.50
127.50 142.50
127.00 142.00
126.50 141.50
126.00 141.50
125.50 141.50
125.00 141.00
124.50 140.50
124.00 140.00
123.50 140.00
123.00 139.50
122.50 139.00
122.00 138.50
121.50 138.00
121.00 137.50
120.50 137.00
120.00 136.50
119.50 136.00
119.00 135.50
118.50 135.00
118.50 134.50
118.50 134.00
118.00 133.50
117.50 133.00
117.50 132.50
117.00 132.00
117.00 131.50
116.50 131.00
116.50 130.50
116.50 130.00
116.00 129.50
116.00 129.00
116.00 128.50
115.50 128.00
115.50 127.50
115.50 127.00
115.50 126.50
115.50 126.00
115.50 125.50
115.50 125.00
115.50 124.50
115.50 124.00
115.50 123.50
115.50 123.00
115.50 122.50
115.50 122.00
115.50 121.50
115.50 121.00
115.50 120.50
116.00 120.00
116.00 119.50
116.00 119.00
116.00 118.50
116.50 118.00
116.50 117.50
116.50 117.00
116.50 116.50
117.00 116.00
117.00 115.50
117.00 115.00
117.50 114.50
117.50 114.00
117.50 113.50
118.00 113.00
118.00 112.50
118.00 112.00
118.50 111.50
118.50 111.00
119.00 110.50
119.00 110.00
119.50 109.50
119.50 109.00
120.00 108.50
120.00 108.00
120.50 107.50
120.50 107.00
121.00 106.50
121.50 106.00
122.00 105.50
122.50 105.00
123.00 104.50
123.50 104.00
124.00 103.50
124.50 103.50
125.00 103.00
125.50 103.00
126.00 102.50
126.50 102.50
127.00 102.00
127.50 102.00
128.00 101.50
128.50 101.50
129.00 101.50
129.50 101.00
