131.50 105.00
132.00 105.00
132.50 104.50
133.00 104.50
133.50 104.50
134.00 104.50
134.50 104.50
135.00 104.50
135.50 104.50
136.00 104.50
136.50 105.00
137.00 105.00
137.50 105.00
138.00 105.00
138.50 105.50
139.00 105.50
139.50 105.50
140.00 105.50
140.50 106.00
141.00 106.00
141.50 106.00
142.00 106.50
142.50 107.00
143.00 107.00
143.50 107.00
144.00 107.50
144.50 107.50
145.00 108.00
145.50 108.50
146.00 108.50
146.50 109.00
147.00 109.50
147.50 110.00
148.00 110.00
148.50 110.50
149.00 111.00
149.50 111.50
149.50 112.00
150.00 112.50
150.50 113.00
150.50 113.50
151.00 114.00
151.00 114.50
151.50 115.00
151.50 115.50
151.50 116.00
152.00 116.50
152.00 117.00
152.00 117.50
152.00 118.00
152.50 118.50
152.50 119.00
152.50 119.50
152.50 120.00
152.50 120.50
152.50 121.00
152.50 121.50
152.50 122.00
152.50 122.50
152.50 123.00
152.50 123.50
152.50 124.00
152.50 124.50
152.50 125.00
152.50 125.50
152.50 126.00
152.50 126.50
152.50 127.00
152.00 127.50
152.00 128.00
152.00 128.50
152.00 129.00
151.50 129.50
151.50 130.00
151.50 130.50
151.50 131.00
151.00 131.50
151.00 132.00
150.50 132.50
150.50 133.00
150.00 133.50
150.00 134.00
150.00 134.50
149.50 135.00
149.00 135.50
148.50 136.00
148.00 136.50
147.50 137.00
147.00 137.50
146.50 138.00
146.00 138.00
145.50 138.50
145.00 138.50
144.50 139.00
144.00 139.00
143.50 139.00
143.00 139.50
142.50 139.50
142.00 139.50
141.50 139.50
141.00 140.00
140.50 140.00
140.00 140.00
139.50 140.00
139.00 140.00
138.50 140.00
138.00 140.00
137.50 140.00
137.00 140.00
136.50 140.00
136.00 140.00
135.50 140.00
135.00 140.00
134.50 140.00
134.00 140.00
133.50 140.00
133.00 140.00
132.50 139.50
132.00 139.50
131.50 139.50
131.00 139.50
130.50 139.50
130.00 139.00
129.50 139.00
129.00 139.00
128.50 138.50
128.00 138.50
127.50 138.00
127.00 138.00
126.50 137.50
126.00 137.50
125.50 137.00
125.00 136.50
124.50 136.00
124.00 135.50
123.50 135.00
123.00 134.50
122.50 134.00
122.50 133.50
122.00 133.00
121.50 132.50
121.50 132.00
121.50 131.50
121.00 131.00
121.00 130.50
120.50 130.00
120.50 129.50
120.50 129.00
120.00 128.50
120.00 128.00
120.00 127.50
120.00 127.00
120.00 126.50
120.00 126.00
120.00 125.50
120.00 125.00
120.00 124.50
120.00 124.00
120.00 123.50
120.00 123.00
120.00 122.50
120.00 122.00
120.00 121.50
120.50 121.00
120.50 120.50
120.50 120.00
120.50 119.50
120.50 119.00
121.00 118.50
121.00 118.00
121.00 117.50
121.50 117.00
121.50 116.50
121.50 116.00
122.00 115.50
122.00 115.00
122.50 114.50
122.50 114.00
123.00 113.50
123.00 113.00
123.50 112.50
123.50 112.00
124.00 111.50
124.50 111.00
125.00 110.50
125.00 110.00
125.50 109.50
126.00 109.00
126.50 108.50
127.00 108.00
127.50 107.50
128.00 107.00
128.50 106.50
129.00 106.00
129.50 106.00
130.00 105.50
130.50 105.50
131.00 105.00
