124.50 112.00
125.00 111.50
125.50 111.00
126.00 110.50
126.50 110.00
127.00 109.50
127.50 109.00
128.00 108.50
128.50 108.00
129.00 107.50
129.50 107.50
130.00 107.50
130.50 107.00
131.00 106.50
131.50 106.50
132.00 106.00
132.50 106.00
133.00 105.50
133.50 105.50
134.00 105.50
134.50 105.00
135.00 105.00
135.50 105.00
136.00 105.00
136.50 105.00
137.00 105.00
137.50 105.00
138.00 105.00
138.50 105.00
139.00 105.00
139.50 105.00
140.00 105.00
140.50 105.50
141.00 105.50
141.50 105.50
142.00 105.50
142.50 106.00
143.00 106.00
143.50 106.50
144.00 107.00
144.50 107.00
145.00 107.50
145.50 108.00
146.00 108.50
146.50 109.00
147.00 109.50
147.00 110.00
147.50 110.50
148.00 111.00
148.50 111.50
148.50 112.00
149.00 112.50
149.50 113.00
150.00 113.50
150.00 114.00
150.00 114.50
150.50 115.00
151.00 115.50
151.50 116.00
151.50 116.50
152.00 117.00
152.00 117.50
152.00 118.00
152.50 118.50
153.00 119.00
153.00 119.50
153.00 120.00
153.00 120.50
153.50 121.00
153.50 121.50
153.50 122.00
153.50 122.50
153.50 123.00
153.50 123.50
153.50 124.00
153.50 124.50
153.50 125.00
153.50 125.50
153.50 126.00
153.00 126.50
153.00 127.00
153.00 127.50
152.50 128.00
152.50 128.50
152.00 129.00
152.00 129.50
151.50 130.00
151.50 130.50
151.00 131.00
150.50 131.50
150.00 132.00
149.50 132.50
149.00 133.00
148.50 133.50
148.00 134.00
147.50 134.50
147.00 135.00
146.50 135.00
146.00 135.00
145.50 135.50
145.00 136.00
144.50 136.00
144.00 136.00
143.50 136.50
143.00 136.50
142.50 136.50
142.00 137.00
141.50 137.00
141.00 137.00
140.50 137.00
140.00 137.50
139.50 137.50
139.00 137.50
138.50 137.50
138.00 137.50
137.50 137.50
137.00 137.50
136.50 137.50
136.00 137.50
135.50 137.50
135.00 137.50
134.50 137.50
134.00 137.50
133.50 137.50
133.00 137.50
132.50 137.50
132.00 137.00
131.50 137.00
131.00 137.00
130.50 137.00
130.00 136.50
129.50 136.50
129.00 136.50
128.50 136.00
128.00 136.00
127.50 135.50
127.00 135.50
126.50 135.00
126.00 135.00
125.50 134.50
125.00 134.00
124.50 134.00
124.00 133.50
124.00 133.00
123.50 132.50
123.00 132.00
123.00 131.50
122.50 131.00
122.00 130.50
122.00 130.00
121.50 129.50
121.50 129.00
121.00 128.50
121.00 128.00
120.50 127.50
120.50 127.00
120.50 126.50
120.00 126.00
120.00 125.50
120.00 125.00
120.00 124.50
120.00 124.00
120.00 123.50
120.00 123.00
120.00 122.50
120.00 122.00
120.00 121.50
120.00 121.00
120.00 120.50
120.00 120.00
120.00 119.50
120.00 119.00
120.50 118.50
120.50 118.00
120.50 117.50
120.50 117.00
121.00 116.50
121.50 116.00
121.50 115.50
122.00 115.00
122.00 114.50
122.50 114.00
123.00 113.50
123.50 113.00
124.00 112.50
