129.00 105.00
129.50 105.00
130.00 104.50
130.50 104.50
131.00 104.00
131.50 104.00
132.00 104.00
132.50 104.00
133.00 104.00
133.50 103.50
134.00 103.50
134.50 103.50
135.00 103.50
135.50 103.50
136.00 103.50
136.50 103.50
137.00 104.00
137.50 104.00
138.00 104.00
138.50 104.00
139.00 104.00
139.50 104.50
140.00 104.50
140.50 104.50
141.00 105.00
141.50 105.00
142.00 105.00
142.50 105.50
143.00 105.50
143.50 106.00
144.00 106.00
144.50 106.00
145.00 106.50
145.50 107.00
146.00 107.50
146.50 107.50
147.00 107.50
147.50 108.00
148.00 108.50
148.50 109.00
149.00 109.50
149.50 110.00
150.00 110.50
150.50 111.00
151.00 111.50
151.50 112.00
151.50 112.50
152.00 113.00
152.50 113.50
153.00 114.00
153.00 114.50
153.50 115.00
154.00 115.50
154.00 116.00
154.50 116.50
154.50 117.00
155.00 117.50
155.00 118.00
155.00 118.50
155.50 119.00
156.00 119.50
156.00 120.00
156.00 120.50
156.50 121.00
156.50 121.50
156.50 122.00
156.50 122.50
157.00 123.00
157.00 123.50
157.00 124.00
157.00 124.50
157.00 125.00
157.00 125.50
157.50 126.00
157.50 126.50
157.50 127.00
157.50 127.50
157.50 128.00
157.50 128.50
157.50 129.00
157.00 129.50
157.00 130.00
157.00 130.50
157.00 131.00
157.00 131.50
157.00 132.00
156.50 132.50
156.50 133.00
156.50 133.50
156.00 134.00
156.00 134.50
155.50 135.00
155.50 135.50
155.00 136.00
155.00 136.50
154.50 137.00
154.00 137.50
154.00 138.00
153.50 138.50
153.00 139.00
152.50 139.50
152.00 140.00
152.00 140.50
151.50 141.00
151.00 141.00
150.50 141.50
150.00 142.00
149.50 142.50
149.00 143.00
148.50 143.00
148.00 143.50
147.50 143.50
147.00 144.00
146.50 144.00
146.00 144.50
145.50 144.50
145.00 145.00
144.50 145.00
144.00 145.00
143.50 145.50
143.00 145.50
142.50 145.50
142.00 146.00
141.50 146.00
141.00 146.00
140.50 146.00
140.00 146.00
139.50 146.50
139.00 146.50
138.50 146.50
138.00 146.50
137.50 146.50
137.00 146.50
136.50 146.50
136.00 146.50
135.50 146.50
135.00 146.50
134.50 146.50
134.00 146.50
133.50 146.50
133.00 146.50
132.50 146.50
132.00 146.50
131.50 146.00
131.00 146.00
130.50 146.00
130.00 146.00
129.50 145.50
129.00 145.50
128.50 145.50
128.00 145.50
127.50 145.00
127.00 145.00
126.50 144.50
126.00 144.50
125.50 144.00
125.00 143.50
124.50 143.00
124.00 143.00
123.50 142.50
123.00 142.00
122.50 141.50
122.00 141.00
122.00 140.50
121.50 140.00
121.50 139.50
121.00 139.00
120.50 138.50
120.50 138.00
120.00 137.50
120.00 137.00
119.50 136.50
119.50 136.00
119.00 135.50
119.00 135.00
119.00 134.50
118.50 134.00
118.50 133.50
118.50 133.00
118.00 132.50
118.00 132.00
118.00 131.50
118.00 131.00
117.50 130.50
117.50 130.00
117.50 129.50
117.50 129.00
117.00 128.50
117.00 128.00
117.00 127.50
117.00 127.00
117.00 126.50
117.00 126.00
117.00 125.50
117.00 125.00
117.00 124.50
117.00 124.00
117.00 123.50
117.00 123.00
117.00 122.50
117.00 122.00
117.50 121.50
117.50 121.00
117.50 120.50
117.50 120.00
118.00 119.50
118.00 119.00
118.00 118.50
118.50 118.00
118.50 117.50
119.00 117.00
119.00 116.50
119.50 116.00
119.50 115.50
120.00 115.00
120.50 114.50
121.00 114.00
121.50 113.50
121.50 113.00
121.50 112.50
122.00 112.00
122.50 111.50
123.00 111.00
123.50 110.50
123.50 110.00
124.00 109.50
124.50 109.00
125.00 108.50
125.50 108.00
126.00 107.50
126.50 107.00
127.00 106.50
127.50 106.00
128.00 105.50
128.50 105.50
