127.00 122.00
127.00 121.50
127.00 121.00
127.00 120.50
127.50 120.00
127.50 119.50
127.50 119.00
127.50 118.50
127.50 118.00
128.00 117.50
128.00 117.00
128.00 116.50
128.50 116.00
128.50 115.50
128.50 115.00
129.00 114.50
129.50 114.00
130.00 113.50
130.50 113.00
131.00 112.50
131.50 112.50
132.00 112.00
132.50 112.00
133.00 112.00
133.50 112.00
134.00 112.00
134.50 112.00
135.00 112.00
135.50 112.00
136.00 112.00
136.50 112.00
137.00 112.50
137.50 112.50
138.00 113.00
138.50 113.00
139.00 113.50
139.50 113.50
140.00 114.00
140.50 114.00
141.00 114.50
141.50 115.00
142.00 115.00
142.50 115.50
143.00 116.00
143.50 116.50
144.00 117.00
144.50 117.50
145.00 118.00
145.00 118.50
145.50 119.00
145.50 119.50
146.00 120.00
146.50 120.50
146.50 121.00
146.50 121.50
146.50 122.00
147.00 122.50
147.00 123.00
147.00 123.50
147.00 124.00
147.00 124.50
146.50 125.00
146.50 125.50
146.50 126.00
146.50 126.50
146.00 127.00
145.50 127.50
145.50 128.00
145.00 128.50
144.50 129.00
144.00 129.00
143.50 129.50
143.00 130.00
142.50 130.00
142.00 130.00
141.50 130.00
141.00 130.50
140.50 130.50
140.00 130.50
139.50 130.50
139.00 130.50
138.50 130.50
138.00 130.50
137.50 130.50
137.00 130.50
136.50 130.50
136.00 130.50
135.50 130.50
135.00 130.50
134.50 130.50
134.00 130.50
133.50 130.50
133.00 130.50
132.50 130.50
132.00 130.00
131.50 130.00
131.00 130.00
130.50 129.50
130.00 129.00
129.50 129.00
129.00 128.50
128.50 128.00
128.00 127.50
127.50 127.00
127.00 126.50
126.50 126.00
126.50 125.50
126.50 125.00
127.00 124.50
127.00 124.00
127.00 123.50
127.00 123.00
127.00 122.50
