132.00 99.00
132.50 99.00
133.00 99.00
133.50 99.00
134.00 99.00
134.50 99.00
135.00 98.50
135.50 98.50
136.00 98.50
136.50 98.50
137.00 98.50
137.50 98.50
138.00 99.00
138.50 99.00
139.00 99.00
139.50 99.00
140.00 99.00
140.50 99.00
141.00 99.00
141.50 99.50
142.00 99.50
142.50 99.50
143.00 99.50
143.50 100.00
144.00 100.00
144.50 100.50
145.00 100.50
145.50 101.00
146.00 101.00
146.50 101.50
147.00 102.00
147.50 102.50
148.00 103.00
148.50 103.50
149.00 104.00
149.50 104.50
150.00 105.00
150.50 105.50
150.50 106.00
151.00 106.50
151.00 107.00
151.50 107.50
152.00 108.00
152.00 108.50
152.50 109.00
153.00 109.50
153.00 110.00
153.00 110.50
153.50 111.00
154.00 111.50
154.00 112.00
154.50 112.50
154.50 113.00
155.00 113.50
155.00 114.00
155.50 114.50
155.50 115.00
156.00 115.50
156.00 116.00
156.50 116.50
156.50 117.00
157.00 117.50
157.00 118.00
157.00 118.50
157.50 119.00
157.50 119.50
157.50 120.00
157.50 120.50
158.00 121.00
158.00 121.50
158.00 122.00
158.00 122.50
158.00 123.00
158.00 123.50
158.00 124.00
158.00 124.50
158.00 125.00
158.00 125.50
158.00 126.00
157.50 126.50
157.50 127.00
157.50 127.50
157.00 128.00
157.00 128.50
157.00 129.00
157.00 129.50
156.50 130.00
156.50 130.50
156.00 131.00
156.00 131.50
155.50 132.00
155.00 132.50
155.00 133.00
154.50 133.50
154.50 134.00
154.00 134.50
153.50 135.00
153.00 135.50
152.50 136.00
152.50 136.50
152.00 137.00
151.50 137.00
151.00 137.50
150.50 138.00
150.00 138.50
149.50 139.00
149.00 139.50
148.50 139.50
148.00 139.50
147.50 140.00
147.00 140.00
146.50 140.50
146.00 140.50
145.50 141.00
145.00 141.00
144.50 141.00
144.00 141.50
143.50 141.50
143.00 141.50
142.50 142.00
142.00 142.00
141.50 142.00
141.00 142.00
140.50 142.50
140.00 142.50
139.50 142.50
139.00 142.50
138.50 142.50
138.00 143.00
137.50 143.00
137.00 143.00
136.50 143.00
136.00 143.00
135.50 143.00
135.00 143.50
134.50 143.50
134.00 143.50
133.50 143.50
133.00 143.50
132.50 143.50
132.00 143.50
131.50 143.50
131.00 143.50
130.50 143.50
130.00 143.50
129.50 143.50
129.00 143.50
128.50 143.50
128.00 143.50
127.50 143.50
127.00 143.50
126.50 143.00
126.00 143.00
125.50 143.00
125.00 143.00
124.50 143.00
124.00 142.50
123.50 142.50
123.00 142.00
122.50 142.00
122.00 141.50
121.50 141.50
121.00 141.00
120.50 141.00
120.00 140.50
119.50 140.00
119.00 139.50
118.50 139.50
118.00 139.00
117.50 138.50
117.00 138.00
116.50 137.50
116.00 137.00
115.50 136.50
115.50 136.00
115.00 135.50
114.50 135.00
114.50 134.50
114.50 134.00
114.00 133.50
113.50 133.00
113.50 132.50
113.50 132.00
113.50 131.50
113.00 131.00
113.00 130.50
113.00 130.00
113.00 129.50
113.00 129.00
112.50 128.50
112.50 128.00
112.50 127.50
112.50 127.00
112.50 126.50
112.50 126.00
112.50 125.50
112.50 125.00
112.50 124.50
112.50 124.00
112.50 123.50
112.50 123.00
112.50 122.50
112.50 122.00
112.50 121.50
112.50 121.00
113.00 120.50
113.00 120.00
113.00 119.50
113.00 119.00
113.00 118.50
113.00 118.00
113.50 117.50
113.50 117.00
113.50 116.50
113.50 116.00
113.50 115.50
114.00 115.00
114.00 114.50
114.00 114.00
114.50 113.50
114.50 113.00
114.50 112.50
115.00 112.00
115.00 111.50
115.00 111.00
115.50 110.50
116.00 110.00
116.00 109.50
116.00 109.00
116.50 108.50
117.00 108.00
117.00 107.50
117.50 107.00
117.50 106.50
118.00 106.00
118.50 105.50
119.00 105.00
119.50 104.50
120.00 104.00
120.50 103.50
121.00 103.50
121.50 103.00
122.00 102.50
122.50 102.00
123.00 102.00
123.50 101.50
124.00 101.50
124.50 101.00
125.00 101.00
125.50 100.50
126.00 100.50
126.50 100.50
127.00 100.00
127.50 100.00
128.00 100.00
128.50 99.50
129.00 99.50
129.50 99.50
130.00 99.50
130.50 99.00
131.00 99.00
131.50 99.00
