142.50 115.50
142.50 115.00
143.00 114.50
143.00 114.00
143.50 113.50
144.00 113.00
144.00 112.50
144.50 112.00
145.00 112.00
145.50 112.00
146.00 112.00
146.50 112.50
147.00 113.00
147.50 113.50
147.50 114.00
148.00 114.50
148.50 115.00
148.50 115.50
148.50 116.00
148.50 116.50
149.00 117.00
149.00 117.50
149.00 118.00
149.00 118.50
149.50 119.00
149.50 119.50
149.50 120.00
149.50 120.50
149.50 121.00
149.50 121.50
149.50 122.00
149.50 122.50
149.50 123.00
149.50 123.50
149.50 124.00
149.00 124.50
148.50 125.00
148.00 125.00
147.50 124.50
147.00 124.50
146.50 124.00
146.00 123.50
145.50 123.00
145.00 122.50
144.50 122.00
144.00 121.50
144.00 121.00
143.50 120.50
143.00 120.00
143.00 119.50
142.50 119.00
142.50 118.50
142.50 118.00
142.50 117.50
142.50 117.00
142.50 116.50
142.50 116.00
