124.50 131.50
124.50 131.00
124.50 130.50
124.50 130.00
124.50 129.50
124.00 129.00
124.00 128.50
124.00 128.00
124.00 127.50
124.00 127.00
124.00 126.50
124.00 126.00
124.00 125.50
124.00 125.00
124.00 124.50
124.00 124.00
124.00 123.50
124.00 123.00
124.00 122.50
124.00 122.00
124.50 121.50
124.50 121.00
124.50 120.50
124.50 120.00
124.50 119.50
125.00 119.00
125.00 118.50
125.00 118.00
125.00 117.50
125.00 117.00
125.50 116.50
125.50 116.00
125.50 115.50
126.00 115.00
126.00 114.50
126.50 114.00
127.00 113.50
127.50 113.00
128.00 112.50
128.50 112.50
129.00 112.00
129.50 112.00
130.00 112.00
130.50 112.00
131.00 111.50
131.50 111.50
132.00 111.50
132.50 111.50
133.00 111.50
133.50 111.50
134.00 111.50
134.50 111.50
135.00 111.50
135.50 111.50
136.00 112.00
136.50 112.00
137.00 112.00
137.50 112.00
138.00 112.00
138.50 112.50
139.00 112.50
139.50 112.50
140.00 113.00
140.50 113.00
141.00 113.00
141.50 113.50
142.00 114.00
142.50 114.00
143.00 114.50
143.50 115.00
144.00 115.50
144.50 116.00
144.50 116.50
145.00 117.00
145.50 117.50
145.50 118.00
145.50 118.50
146.00 119.00
146.00 119.50
146.00 120.00
146.00 120.50
146.50 121.00
146.50 121.50
146.50 122.00
146.50 122.50
146.50 123.00
146.50 123.50
146.50 124.00
146.50 124.50
146.50 125.00
146.50 125.50
146.50 126.00
146.00 126.50
146.00 127.00
146.00 127.50
145.50 128.00
145.50 128.50
145.50 129.00
145.00 129.50
145.00 130.00
144.50 130.50
144.00 131.00
143.50 131.50
143.00 132.00
142.50 132.50
142.00 133.00
141.50 133.50
141.00 134.00
140.50 134.50
140.00 134.50
139.50 135.00
139.00 135.00
138.50 135.50
138.00 135.50
137.50 135.50
137.00 136.00
136.50 136.00
136.00 136.00
135.50 136.00
135.00 136.50
134.50 136.50
134.00 136.50
133.50 136.50
133.00 136.50
132.50 136.50
132.00 136.50
131.50 136.50
131.00 136.00
130.50 136.00
130.00 136.00
129.50 136.00
129.00 135.50
128.50 135.50
128.00 135.50
127.50 135.00
127.00 134.50
126.50 134.50
126.00 134.00
125.50 133.50
125.00 133.50
124.50 133.00
124.00 132.50
124.00 132.00
