126.00 121.50
126.00 121.00
126.00 120.50
126.00 120.00
126.00 119.50
126.00 119.00
126.50 118.50
126.50 118.00
126.50 117.50
127.00 117.00
127.50 116.50
128.00 116.00
128.50 116.00
129.00 115.50
129.50 115.00
130.00 115.00
130.50 114.50
131.00 114.50
131.50 114.00
132.00 114.00
132.50 113.50
133.00 113.50
133.50 113.00
134.00 113.00
134.50 113.00
135.00 113.00
135.50 113.00
136.00 113.00
136.50 113.00
137.00 113.50
137.50 113.50
138.00 113.50
138.50 114.00
139.00 114.50
139.50 114.50
140.00 115.00
140.50 115.50
141.00 116.00
141.50 116.50
142.00 116.50
142.50 117.00
143.00 117.50
143.00 118.00
143.50 118.50
143.50 119.00
144.00 119.50
144.00 120.00
144.50 120.50
144.50 121.00
144.50 121.50
144.50 122.00
144.50 122.50
144.50 123.00
144.50 123.50
144.50 124.00
144.50 124.50
144.50 125.00
144.50 125.50
144.50 126.00
144.50 126.50
144.50 127.00
144.00 127.50
144.00 128.00
143.50 128.50
143.50 129.00
143.00 129.50
142.50 130.00
142.00 130.50
141.50 131.00
141.00 131.00
140.50 131.50
140.00 132.00
139.50 132.00
139.00 132.50
138.50 132.50
138.00 132.50
137.50 132.50
137.00 132.50
136.50 133.00
136.00 133.00
135.50 133.00
135.00 133.00
134.50 133.00
134.00 133.00
133.50 133.00
133.00 132.50
132.50 132.50
132.00 132.50
131.50 132.50
131.00 132.00
130.50 132.00
130.00 131.50
129.50 131.50
129.00 131.00
128.50 131.00
128.00 130.50
127.50 130.50
127.00 130.00
126.50 129.50
126.00 129.00
125.50 128.50
125.00 128.00
125.50 127.50
125.50 127.00
125.50 126.50
125.50 126.00
125.50 125.50
125.00 125.00
125.50 124.50
125.50 124.00
125.50 123.50
125.50 123.00
125.50 122.50
125.50 122.00
