128.50 121.00
128.50 120.50
128.50 120.00
128.50 119.50
129.00 119.00
129.00 118.50
129.00 118.00
129.00 117.50
129.00 117.00
129.50 116.50
129.50 116.00
130.00 115.50
130.50 115.00
131.00 114.50
131.50 114.50
132.00 114.00
132.50 114.00
133.00 114.00
133.50 114.00
134.00 114.00
134.50 114.00
135.00 114.00
135.50 114.00
136.00 114.00
136.50 114.00
137.00 114.50
137.50 114.50
138.00 115.00
138.50 115.00
139.00 115.50
139.50 116.00
140.00 116.50
140.50 117.00
141.00 117.50
141.00 118.00
141.50 118.50
142.00 119.00
142.00 119.50
142.50 120.00
142.50 120.50
143.00 121.00
143.00 121.50
143.00 122.00
143.50 122.50
143.50 123.00
143.50 123.50
143.50 124.00
143.50 124.50
143.50 125.00
143.50 125.50
143.50 126.00
143.50 126.50
143.00 127.00
143.00 127.50
142.50 128.00
142.50 128.50
142.00 129.00
141.50 129.50
141.00 130.00
140.50 130.50
140.00 131.00
139.50 131.00
139.00 131.00
138.50 131.00
138.00 131.50
137.50 131.50
137.00 131.50
136.50 131.50
136.00 131.50
135.50 131.50
135.00 131.50
134.50 131.50
134.00 131.50
133.50 131.50
133.00 131.50
132.50 131.50
132.00 131.50
131.50 131.50
131.00 131.00
130.50 131.00
130.00 131.00
129.50 130.50
129.00 130.00
128.50 129.50
128.50 129.00
128.00 128.50
128.00 128.00
128.00 127.50
127.50 127.00
127.50 126.50
127.50 126.00
127.50 125.50
127.50 125.00
127.50 124.50
128.00 124.00
128.00 123.50
128.00 123.00
128.00 122.50
128.00 122.00
128.50 121.50
