125.50 115.00
126.00 114.50
126.50 114.00
127.00 113.50
127.50 113.00
128.00 112.50
128.50 112.50
129.00 112.00
129.50 111.50
130.00 111.00
130.50 111.00
131.00 110.50
131.50 110.50
132.00 110.00
132.50 110.00
133.00 110.00
133.50 109.50
134.00 109.50
134.50 109.50
135.00 109.50
135.50 109.50
136.00 109.50
136.50 109.50
137.00 109.50
137.50 109.50
138.00 109.50
138.50 109.50
139.00 109.50
139.50 110.00
140.00 110.00
140.50 110.00
141.00 110.50
141.50 110.50
142.00 110.50
142.50 111.00
143.00 111.00
143.50 111.50
144.00 112.00
144.50 112.00
145.00 112.50
145.50 112.50
146.00 113.00
146.50 113.50
147.00 114.00
147.50 114.00
148.00 114.50
148.50 115.00
149.00 115.50
149.50 116.00
149.50 116.50
150.00 117.00
150.00 117.50
150.50 118.00
151.00 118.50
151.00 119.00
151.00 119.50
151.50 120.00
151.50 120.50
152.00 121.00
152.00 121.50
152.00 122.00
152.00 122.50
152.50 123.00
152.50 123.50
152.50 124.00
152.50 124.50
152.50 125.00
152.50 125.50
152.50 126.00
152.50 126.50
152.50 127.00
152.00 127.50
152.00 128.00
152.00 128.50
152.00 129.00
151.50 129.50
151.50 130.00
151.50 130.50
151.00 131.00
151.00 131.50
150.50 132.00
150.50 132.50
150.00 133.00
150.00 133.50
149.50 134.00
149.00 134.50
148.50 135.00
148.00 135.50
147.50 136.00
147.00 136.50
146.50 137.00
146.00 137.00
145.50 137.50
145.00 138.00
144.50 138.00
144.00 138.50
143.50 138.50
143.00 138.50
142.50 139.00
142.00 139.00
141.50 139.50
141.00 139.50
140.50 139.50
140.00 139.50
139.50 140.00
139.00 140.00
138.50 140.00
138.00 140.00
137.50 140.00
137.00 140.00
136.50 140.00
136.00 140.00
135.50 140.00
135.00 140.00
134.50 140.00
134.00 140.00
133.50 140.00
133.00 139.50
132.50 139.50
132.00 139.50
131.50 139.50
131.00 139.00
130.50 139.00
130.00 139.00
129.50 138.50
129.00 138.50
128.50 138.00
128.00 138.00
127.50 137.50
127.00 137.50
126.50 137.00
126.00 136.50
125.50 136.00
125.00 135.50
124.50 135.00
124.00 134.50
123.50 134.00
123.50 133.50
123.00 133.00
122.50 132.50
122.50 132.00
122.50 131.50
122.00 131.00
122.00 130.50
121.50 130.00
121.50 129.50
121.50 129.00
121.50 128.50
121.00 128.00
121.00 127.50
121.00 127.00
121.00 126.50
121.00 126.00
121.00 125.50
121.00 125.00
121.00 124.50
121.00 124.00
121.00 123.50
121.00 123.00
121.00 122.50
121.50 122.00
121.50 121.50
121.50 121.00
122.00 120.50
122.00 120.00
122.50 119.50
122.50 119.00
123.00 118.50
123.00 118.00
123.50 117.50
124.00 117.00
124.00 116.50
124.50 116.00
125.00 115.50
