132.00 131.50
132.50 131.00
133.00 131.00
133.50 131.00
134.00 131.00
134.50 131.00
135.00 131.00
135.50 131.00
136.00 131.50
136.50 131.50
137.00 131.50
137.50 132.00
138.00 132.50
138.50 133.00
139.00 133.50
139.00 134.00
139.00 134.50
139.00 135.00
138.50 135.50
138.00 136.00
137.50 136.50
137.00 137.00
136.50 137.00
136.00 137.50
135.50 137.50
135.00 137.50
134.50 137.50
134.00 137.00
133.50 137.00
133.00 137.00
132.50 136.50
132.00 136.00
131.50 135.50
131.00 135.00
131.00 134.50
131.00 134.00
131.00 133.50
131.00 133.00
131.50 132.50
131.50 132.00
