133.50 108.50
134.00 109.00
134.50 109.00
135.00 109.50
135.50 110.00
136.00 110.00
136.50 110.50
137.00 111.00
137.50 111.50
138.00 112.00
138.50 112.50
139.00 113.00
139.50 113.50
139.50 114.00
140.00 114.50
140.50 115.00
140.50 115.50
141.00 116.00
141.50 116.50
141.50 117.00
141.50 117.50
142.00 118.00
142.00 118.50
142.00 119.00
142.50 119.50
142.50 120.00
142.50 120.50
142.50 121.00
143.00 121.50
143.00 122.00
143.00 122.50
143.00 123.00
143.00 123.50
143.00 124.00
143.00 124.50
143.00 125.00
143.00 125.50
143.00 126.00
143.00 126.50
143.00 127.00
143.00 127.50
143.00 128.00
143.00 128.50
143.00 129.00
142.50 129.50
142.50 130.00
142.50 130.50
142.50 131.00
142.50 131.50
142.00 132.00
142.00 132.50
142.00 133.00
141.50 133.50
141.50 134.00
141.50 134.50
141.00 135.00
140.50 135.50
140.50 136.00
140.00 136.50
140.00 137.00
139.50 137.50
139.00 138.00
138.50 138.50
138.50 139.00
138.00 139.50
137.50 139.50
137.00 140.00
136.50 140.50
136.00 140.50
135.50 141.00
135.00 141.50
134.50 141.50
134.00 141.50
133.50 141.50
133.00 142.00
132.50 142.00
132.00 142.00
131.50 142.00
131.00 142.00
130.50 142.00
130.00 142.00
129.50 142.00
129.00 142.00
128.50 141.50
128.00 141.50
127.50 141.00
127.00 141.00
126.50 141.00
126.00 140.50
125.50 140.00
125.00 140.00
124.50 139.50
124.00 139.00
123.50 138.50
123.00 138.00
122.50 137.50
122.00 137.00
121.50 136.50
121.50 136.00
121.00 135.50
120.50 135.00
120.50 134.50
120.00 134.00
119.50 133.50
119.00 133.00
119.00 132.50
119.00 132.00
118.50 131.50
118.50 131.00
118.00 130.50
118.00 130.00
118.00 129.50
118.00 129.00
117.50 128.50
117.50 128.00
117.50 127.50
117.50 127.00
117.50 126.50
117.50 126.00
117.50 125.50
117.50 125.00
117.50 124.50
118.00 124.00
118.00 123.50
118.00 123.00
118.00 122.50
118.00 122.00
118.00 121.50
118.50 121.00
118.50 120.50
118.50 120.00
118.50 119.50
118.50 119.00
119.00 118.50
119.00 118.00
119.00 117.50
119.50 117.00
119.50 116.50
120.00 116.00
120.00 115.50
120.00 115.00
120.50 114.50
120.50 114.00
121.00 113.50
121.50 113.00
122.00 112.50
122.50 112.00
123.00 111.50
123.50 111.00
124.00 110.50
124.50 110.50
125.00 110.00
125.50 109.50
126.00 109.50
126.50 109.50
127.00 109.00
127.50 109.00
128.00 108.50
128.50 108.50
129.00 108.50
129.50 108.50
130.00 108.50
130.50 108.00
131.00 108.00
131.50 108.00
132.00 108.50
132.50 108.50
133.00 108.50
