129.00 100.50
129.50 100.50
130.00 100.50
130.50 100.50
131.00 100.00
131.50 100.00
132.00 100.00
132.50 100.50
133.00 100.50
133.50 100.50
134.00 100.50
134.50 100.50
135.00 100.50
135.50 100.50
136.00 100.50
136.50 101.00
137.00 101.00
137.50 101.00
138.00 101.00
138.50 101.50
139.00 101.50
139.50 101.50
140.00 101.50
140.50 102.00
141.00 102.00
141.50 102.00
142.00 102.50
142.50 102.50
143.00 103.00
143.50 103.50
144.00 103.50
144.50 103.50
145.00 104.00
145.50 104.50
146.00 104.50
146.50 105.00
147.00 105.00
147.50 105.50
148.00 106.00
148.50 106.50
149.00 107.00
149.50 107.50
150.00 108.00
150.50 108.50
150.50 109.00
151.00 109.50
151.50 110.00
152.00 110.50
152.50 111.00
152.50 111.50
152.50 112.00
153.00 112.50
153.00 113.00
153.50 113.50
153.50 114.00
153.50 114.50
153.50 115.00
154.00 115.50
154.00 116.00
154.00 116.50
154.00 117.00
154.00 117.50
154.00 118.00
154.00 118.50
154.00 119.00
154.00 119.50
154.00 120.00
154.00 120.50
154.00 121.00
154.00 121.50
154.00 122.00
154.00 122.50
154.00 123.00
154.00 123.50
153.50 124.00
153.50 124.50
153.50 125.00
153.50 125.50
153.50 126.00
153.50 126.50
153.00 127.00
153.00 127.50
153.00 128.00
153.00 128.50
152.50 129.00
152.50 129.50
152.50 130.00
152.00 130.50
152.00 131.00
151.50 131.50
151.50 132.00
151.50 132.50
151.00 133.00
151.00 133.50
150.50 134.00
150.00 134.50
150.00 135.00
149.50 135.50
149.00 136.00
148.50 136.50
148.50 137.00
148.00 137.50
147.50 138.00
147.00 138.50
146.50 139.00
146.00 139.50
145.50 140.00
145.00 140.50
144.50 141.00
144.00 141.00
143.50 141.50
143.00 142.00
142.50 142.50
142.00 143.00
141.50 143.00
141.00 143.00
140.50 143.50
140.00 144.00
139.50 144.00
139.00 144.50
138.50 144.50
138.00 144.50
137.50 145.00
137.00 145.00
136.50 145.50
136.00 145.50
135.50 146.00
135.00 146.00
134.50 146.00
134.00 146.00
133.50 146.50
133.00 146.50
132.50 146.50
132.00 146.50
131.50 146.50
131.00 146.50
130.50 146.50
130.00 146.50
129.50 146.50
129.00 146.50
128.50 146.50
128.00 146.50
127.50 146.00
127.00 146.00
126.50 146.00
126.00 145.50
125.50 145.50
125.00 145.00
124.50 145.00
124.00 145.00
123.50 144.50
123.00 144.50
122.50 144.00
122.00 144.00
121.50 143.50
121.00 143.50
120.50 143.00
120.00 143.00
119.50 142.50
119.00 142.00
118.50 142.00
118.00 141.50
117.50 141.00
117.00 140.50
116.50 140.00
116.50 139.50
116.00 139.00
116.00 138.50
115.50 138.00
115.00 137.50
115.00 137.00
115.00 136.50
114.50 136.00
114.50 135.50
114.50 135.00
114.00 134.50
114.00 134.00
114.00 133.50
113.50 133.00
113.50 132.50
113.50 132.00
113.00 131.50
113.00 131.00
113.00 130.50
112.50 130.00
112.50 129.50
112.50 129.00
112.00 128.50
112.00 128.00
112.00 127.50
112.00 127.00
112.00 126.50
111.50 126.00
111.50 125.50
111.50 125.00
111.50 124.50
111.50 124.00
111.50 123.50
111.50 123.00
111.00 122.50
111.00 122.00
111.00 121.50
111.00 121.00
111.00 120.50
111.00 120.00
111.00 119.50
111.00 119.00
111.50 118.50
111.50 118.00
111.50 117.50
111.50 117.00
111.50 116.50
111.50 116.00
111.50 115.50
112.00 115.00
112.00 114.50
112.00 114.00
112.00 113.50
112.50 113.00
112.50 112.50
112.50 112.00
113.00 111.50
113.00 111.00
113.50 110.50
113.50 110.00
114.00 109.50
114.50 109.00
115.00 108.50
115.00 108.00
115.50 107.50
116.00 107.50
116.50 107.00
117.00 106.50
117.50 106.00
118.00 105.50
118.50 105.00
119.00 105.00
119.50 104.50
120.00 104.00
120.50 104.00
121.00 103.50
121.50 103.00
122.00 103.00
122.50 102.50
123.00 102.50
123.50 102.50
124.00 102.00
124.50 102.00
125.00 101.50
125.50 101.50
126.00 101.00
126.50 101.00
127.00 101.00
127.50 101.00
128.00 100.50
128.50 100.50
