143.50 117.50
143.50 118.00
143.50 118.50
143.50 119.00
143.50 119.50
143.50 120.00
143.50 120.50
143.50 121.00
143.50 121.50
143.50 122.00
143.00 122.50
143.00 123.00
143.00 123.50
143.00 124.00
143.00 124.50
143.00 125.00
142.50 125.50
142.50 126.00
142.50 126.50
142.00 127.00
142.00 127.50
142.00 128.00
141.50 128.50
141.00 129.00
141.00 129.50
140.50 130.00
140.00 130.50
140.00 131.00
139.50 131.50
139.00 132.00
138.50 132.50
138.00 133.00
137.50 133.00
137.00 133.50
136.50 134.00
136.00 134.00
135.50 134.50
135.00 134.50
134.50 135.00
134.00 135.00
133.50 135.50
133.00 135.50
132.50 135.50
132.00 136.00
131.50 136.00
131.00 136.00
130.50 136.00
130.00 136.00
129.50 136.00
129.00 136.00
128.50 136.00
128.00 136.00
127.50 136.00
127.00 136.00
126.50 136.00
126.00 136.00
125.50 135.50
125.00 135.50
124.50 135.50
124.00 135.00
123.50 135.00
123.00 135.00
122.50 134.50
122.00 134.00
121.50 134.00
121.00 133.50
120.50 133.00
120.00 132.50
119.50 132.00
119.00 131.50
118.50 131.00
118.50 130.50
118.00 130.00
118.00 129.50
117.50 129.00
117.00 128.50
117.00 128.00
117.00 127.50
116.50 127.00
116.50 126.50
116.50 126.00
116.00 125.50
116.00 125.00
116.00 124.50
116.00 124.00
116.00 123.50
116.00 123.00
115.50 122.50
115.50 122.00
115.50 121.50
115.50 121.00
116.00 120.50
116.00 120.00
116.00 119.50
116.00 119.00
116.00 118.50
116.00 118.00
116.50 117.50
116.50 117.00
117.00 116.50
117.50 116.00
117.50 115.50
118.00 115.00
118.50 114.50
118.50 114.00
119.00 113.50
119.50 113.00
120.00 112.50
120.50 112.00
121.00 111.50
121.50 111.00
122.00 110.50
122.50 110.50
123.00 110.00
123.50 110.00
124.00 109.50
124.50 109.50
125.00 109.00
125.50 108.50
126.00 108.50
126.50 108.50
127.00 108.50
127.50 108.00
128.00 108.00
128.50 108.00
129.00 107.50
129.50 107.50
130.00 108.00
130.50 108.00
131.00 108.00
131.50 108.00
132.00 108.00
132.50 108.50
133.00 108.50
133.50 108.50
134.00 108.50
134.50 108.50
135.00 109.00
135.50 109.00
136.00 109.00
136.50 109.50
137.00 109.50
137.50 110.00
138.00 110.00
138.50 110.00
139.00 110.50
139.50 111.00
140.00 111.50
140.50 112.00
141.00 112.50
141.50 113.00
142.00 113.50
142.00 114.00
142.50 114.50
142.50 115.00
143.00 115.50
143.00 116.00
143.50 116.50
143.50 117.00
