136.50 131.50
136.50 132.00
136.50 132.50
136.50 133.00
136.00 133.50
136.00 134.00
136.00 134.50
135.50 135.00
135.00 135.50
134.50 136.00
134.00 136.50
133.50 136.50
133.00 137.00
132.50 137.00
132.00 137.50
131.50 137.50
131.00 138.00
130.50 138.00
130.00 138.00
129.50 138.50
129.00 138.50
128.50 138.50
128.00 138.50
127.50 138.50
127.00 138.50
126.50 138.50
126.00 138.50
125.50 138.50
125.00 138.50
124.50 138.00
124.00 138.00
123.50 138.00
123.00 137.50
122.50 137.00
122.00 137.00
121.50 136.50
121.00 136.00
120.50 135.50
120.00 135.00
119.50 134.50
119.00 134.00
119.00 133.50
118.50 133.00
118.00 132.50
118.00 132.00
117.50 131.50
117.00 131.00
117.00 130.50
117.00 130.00
117.00 129.50
116.50 129.00
116.50 128.50
116.50 128.00
116.50 127.50
116.50 127.00
116.50 126.50
116.50 126.00
116.50 125.50
116.50 125.00
116.50 124.50
117.00 124.00
117.00 123.50
117.00 123.00
117.00 122.50
117.00 122.00
117.50 121.50
117.50 121.00
118.00 120.50
118.50 120.00
119.00 119.50
119.00 119.00
119.50 118.50
120.00 118.00
120.50 117.50
121.00 117.00
121.50 117.00
122.00 116.50
122.50 116.00
123.00 115.50
123.50 115.00
124.00 115.00
124.50 114.50
125.00 114.00
125.50 113.50
126.00 113.50
126.50 113.00
127.00 113.00
127.50 113.00
128.00 113.00
128.50 113.00
129.00 113.50
129.50 113.50
130.00 113.50
130.50 114.00
131.00 114.50
131.50 115.00
132.00 115.50
132.50 116.00
133.00 116.50
133.50 117.00
133.50 117.50
134.00 118.00
134.50 118.50
135.00 119.00
135.00 119.50
135.50 120.00
135.50 120.50
136.00 121.00
136.50 121.50
136.50 122.00
137.00 122.50
137.00 123.00
137.00 123.50
137.00 124.00
137.00 124.50
137.00 125.00
137.00 125.50
137.00 126.00
137.00 126.50
137.00 127.00
137.00 127.50
137.00 128.00
137.00 128.50
137.00 129.00
136.50 129.50
136.50 130.00
136.50 130.50
136.50 131.00
