135.00 111.00
135.50 111.00
136.00 111.50
136.50 111.50
137.00 111.50
137.50 112.00
138.00 112.00
138.50 112.50
139.00 112.50
139.50 113.00
140.00 113.00
140.50 113.50
141.00 114.00
141.50 114.50
142.00 115.00
142.50 115.00
143.00 115.50
143.50 116.00
144.00 116.50
144.50 117.00
145.00 117.50
145.50 118.00
146.00 118.50
146.00 119.00
146.50 119.50
147.00 120.00
147.00 120.50
147.50 121.00
147.50 121.50
148.00 122.00
148.00 122.50
148.50 123.00
148.50 123.50
148.50 124.00
148.50 124.50
149.00 125.00
149.00 125.50
149.00 126.00
149.00 126.50
149.00 127.00
149.00 127.50
149.00 128.00
149.00 128.50
148.50 129.00
148.50 129.50
148.50 130.00
148.50 130.50
148.00 131.00
148.00 131.50
148.00 132.00
147.50 132.50
147.50 133.00
147.00 133.50
146.50 134.00
146.50 134.50
146.00 135.00
145.50 135.50
145.00 136.00
145.00 136.50
144.50 137.00
144.00 137.00
143.50 137.50
143.50 138.00
143.00 138.50
142.50 139.00
142.00 139.50
142.00 140.00
141.50 140.50
141.00 141.00
140.50 141.50
140.00 142.00
139.50 142.50
139.00 143.00
138.50 143.50
138.00 144.00
137.50 144.00
137.00 144.50
136.50 144.50
136.00 145.00
135.50 145.00
135.00 145.50
134.50 145.50
134.00 146.00
133.50 146.00
133.00 146.00
132.50 146.00
132.00 146.50
131.50 146.50
131.00 146.50
130.50 146.50
130.00 146.50
129.50 146.50
129.00 146.50
128.50 146.50
128.00 146.50
127.50 146.50
127.00 146.50
126.50 146.00
126.00 146.00
125.50 146.00
125.00 145.50
124.50 145.50
124.00 145.50
123.50 145.00
123.00 144.50
122.50 144.00
122.00 143.50
122.00 143.00
121.50 142.50
121.00 142.00
121.00 141.50
121.00 141.00
120.50 140.50
120.50 140.00
120.50 139.50
120.00 139.00
120.00 138.50
120.00 138.00
119.50 137.50
119.50 137.00
119.50 136.50
119.00 136.00
119.00 135.50
118.50 135.00
118.50 134.50
118.50 134.00
118.00 133.50
118.00 133.00
118.00 132.50
118.00 132.00
117.50 131.50
117.50 131.00
117.50 130.50
117.50 130.00
117.50 129.50
117.50 129.00
117.50 128.50
117.50 128.00
117.50 127.50
117.50 127.00
117.50 126.50
117.50 126.00
117.50 125.50
117.50 125.00
117.50 124.50
118.00 124.00
118.00 123.50
118.00 123.00
118.50 122.50
118.50 122.00
118.50 121.50
119.00 121.00
119.50 120.50
119.50 120.00
120.00 119.50
120.50 119.00
121.00 118.50
121.00 118.00
121.50 117.50
122.00 117.00
122.50 116.50
123.00 116.00
123.50 115.50
124.00 115.00
124.50 115.00
125.00 114.50
125.50 114.00
126.00 113.50
126.50 113.50
127.00 113.00
127.50 112.50
128.00 112.00
128.50 112.00
129.00 111.50
129.50 111.50
130.00 111.50
130.50 111.00
131.00 111.00
131.50 111.00
132.00 111.00
132.50 111.00
133.00 111.00
133.50 111.00
134.00 111.00
134.50 111.00
