140.00 116.50
140.00 117.00
140.00 117.50
140.00 118.00
140.50 118.50
141.00 119.00
141.50 119.50
142.00 119.50
142.50 119.50
143.00 119.50
143.50 119.50
144.00 120.00
144.50 120.00
145.00 120.50
145.50 121.00
145.50 121.50
145.50 122.00
145.50 122.50
145.50 123.00
145.00 123.50
145.00 124.00
144.50 124.50
144.00 125.00
143.50 125.00
143.00 124.50
142.50 124.00
142.00 123.50
141.50 123.00
141.50 122.50
141.00 122.00
140.50 121.50
140.00 121.50
139.50 121.50
139.00 121.50
138.50 121.50
138.00 121.50
137.50 121.50
137.00 121.00
136.50 120.50
136.00 120.00
135.50 119.50
135.00 119.00
135.00 118.50
134.50 118.00
134.50 117.50
134.50 117.00
134.50 116.50
135.00 116.00
135.50 115.50
136.00 115.00
136.50 115.00
137.00 115.00
137.50 115.00
138.00 115.00
138.50 115.00
139.00 115.50
139.50 116.00
