136.00 135.50
135.50 135.50
135.00 135.50
134.50 135.00
134.00 135.00
133.50 135.00
133.00 134.50
132.50 134.00
132.50 133.50
132.50 133.00
132.00 132.50
132.00 132.00
132.00 131.50
132.50 131.00
132.50 130.50
132.50 130.00
133.00 129.50
133.50 129.00
134.00 128.50
134.50 128.50
135.00 128.50
135.50 128.50
136.00 129.00
136.50 129.50
137.00 130.00
137.00 130.50
137.00 131.00
137.00 131.50
137.50 132.00
138.00 132.50
138.50 133.00
139.00 133.00
139.50 133.50
139.50 134.00
139.50 134.50
139.00 135.00
138.50 135.00
138.00 135.50
137.50 135.50
137.00 135.50
136.50 135.50
