114.00 122.50
114.00 122.00
114.00 121.50
114.00 121.00
114.00 120.50
114.00 120.00
114.50 119.50
114.50 119.00
114.50 118.50
114.50 118.00
115.00 117.50
115.00 117.00
115.50 116.50
115.50 116.00
116.00 115.50
116.50 115.00
117.00 114.50
117.50 114.00
118.00 113.50
118.50 113.00
119.00 112.50
119.50 112.00
120.00 111.50
120.50 111.50
121.00 111.00
121.50 110.50
122.00 110.50
122.50 110.50
123.00 110.00
123.50 110.00
124.00 109.50
124.50 109.50
125.00 109.00
125.50 109.00
126.00 109.00
126.50 109.00
127.00 108.50
127.50 108.50
128.00 108.50
128.50 108.50
129.00 108.50
129.50 108.50
130.00 108.50
130.50 108.50
131.00 108.50
131.50 108.50
132.00 108.50
132.50 108.50
133.00 108.50
133.50 109.00
134.00 109.00
134.50 109.00
135.00 109.50
135.50 109.50
136.00 109.50
136.50 109.50
137.00 110.00
137.50 110.00
138.00 110.50
138.50 110.50
139.00 111.00
139.50 111.50
140.00 111.50
140.50 112.00
141.00 112.50
141.50 113.00
142.00 113.50
142.50 114.00
143.00 114.50
143.50 115.00
144.00 115.50
144.00 116.00
144.50 116.50
144.50 117.00
144.50 117.50
145.00 118.00
145.00 118.50
145.00 119.00
145.00 119.50
145.50 120.00
145.50 120.50
145.50 121.00
145.50 121.50
145.50 122.00
145.50 122.50
145.50 123.00
145.50 123.50
145.50 124.00
145.50 124.50
145.50 125.00
145.50 125.50
145.50 126.00
145.50 126.50
145.50 127.00
145.50 127.50
145.50 128.00
145.50 128.50
145.50 129.00
145.50 129.50
145.50 130.00
145.50 130.50
145.50 131.00
145.50 131.50
145.50 132.00
145.00 132.50
145.00 133.00
144.50 133.50
144.50 134.00
144.50 134.50
144.00 135.00
144.00 135.50
143.50 136.00
143.50 136.50
143.00 137.00
142.50 137.50
142.50 138.00
142.00 138.50
141.50 139.00
141.00 139.50
140.50 140.00
140.00 140.50
140.00 141.00
139.50 141.50
139.00 141.50
138.50 142.00
138.00 142.00
137.50 142.50
137.00 142.50
136.50 143.00
136.00 143.00
135.50 143.00
135.00 143.50
134.50 143.50
134.00 143.50
133.50 143.50
133.00 143.50
132.50 144.00
132.00 144.00
131.50 144.00
131.00 144.00
130.50 144.00
130.00 144.00
129.50 144.00
129.00 144.00
128.50 144.00
128.00 144.00
127.50 144.00
127.00 144.00
126.50 144.00
126.00 144.00
125.50 143.50
125.00 143.50
124.50 143.50
124.00 143.00
123.50 143.00
123.00 143.00
122.50 142.50
122.00 142.50
121.50 142.00
121.00 141.50
120.50 141.00
120.50 140.50
120.00 140.00
119.50 139.50
119.00 139.00
119.00 138.50
118.50 138.00
118.00 137.50
117.50 137.00
117.00 136.50
117.00 136.00
116.50 135.50
116.00 135.00
116.00 134.50
116.00 134.00
115.50 133.50
115.50 133.00
115.00 132.50
115.00 132.00
115.00 131.50
115.00 131.00
114.50 130.50
114.50 130.00
114.50 129.50
114.50 129.00
114.00 128.50
114.00 128.00
114.00 127.50
114.00 127.00
114.00 126.50
114.00 126.00
114.00 125.50
113.50 125.00
113.50 124.50
113.50 124.00
113.50 123.50
113.50 123.00
