138.50 107.00
139.00 107.50
139.50 107.50
140.00 108.00
140.50 108.50
141.00 109.00
141.50 109.00
142.00 109.50
142.50 110.00
143.00 110.50
143.50 111.00
144.00 111.50
144.00 112.00
144.50 112.50
145.00 113.00
145.50 113.50
145.50 114.00
146.00 114.50
146.50 115.00
146.50 115.50
147.00 116.00
147.00 116.50
147.00 117.00
147.00 117.50
147.00 118.00
147.00 118.50
147.00 119.00
147.00 119.50
147.00 120.00
147.00 120.50
147.00 121.00
147.00 121.50
147.00 122.00
147.00 122.50
147.00 123.00
147.00 123.50
147.00 124.00
147.00 124.50
147.00 125.00
147.00 125.50
147.00 126.00
146.50 126.50
146.50 127.00
146.50 127.50
146.50 128.00
146.50 128.50
146.50 129.00
146.00 129.50
146.00 130.00
146.00 130.50
145.50 131.00
145.50 131.50
145.50 132.00
145.00 132.50
145.00 133.00
144.50 133.50
144.50 134.00
144.00 134.50
143.50 135.00
143.50 135.50
143.00 136.00
142.50 136.50
142.00 137.00
141.50 137.00
141.00 137.50
140.50 138.00
140.00 138.00
139.50 138.50
139.00 138.50
138.50 139.00
138.00 139.00
137.50 139.00
137.00 139.50
136.50 139.50
136.00 139.50
135.50 139.50
135.00 140.00
134.50 140.00
134.00 140.00
133.50 140.00
133.00 140.00
132.50 140.00
132.00 140.00
131.50 140.50
131.00 140.50
130.50 140.50
130.00 140.50
129.50 140.50
129.00 140.50
128.50 140.50
128.00 140.00
127.50 140.00
127.00 140.00
126.50 140.00
126.00 139.50
125.50 139.50
125.00 139.50
124.50 139.00
124.00 139.00
123.50 138.50
123.00 138.50
122.50 138.00
122.00 138.00
121.50 137.50
121.00 137.00
120.50 136.50
120.00 136.00
119.50 135.50
119.00 135.00
119.00 134.50
118.50 134.00
118.00 133.50
118.00 133.00
117.50 132.50
117.50 132.00
117.00 131.50
117.00 131.00
117.00 130.50
117.00 130.00
116.50 129.50
116.50 129.00
116.50 128.50
116.50 128.00
116.50 127.50
116.50 127.00
116.00 126.50
116.00 126.00
116.00 125.50
116.00 125.00
116.00 124.50
116.00 124.00
116.00 123.50
116.00 123.00
116.50 122.50
116.50 122.00
116.50 121.50
116.50 121.00
116.50 120.50
116.50 120.00
116.50 119.50
116.50 119.00
116.50 118.50
116.50 118.00
116.50 117.50
116.50 117.00
117.00 116.50
117.00 116.00
117.00 115.50
117.00 115.00
117.50 114.50
117.50 114.00
117.50 113.50
118.00 113.00
118.00 112.50
118.50 112.00
118.50 111.50
119.00 111.00
119.50 110.50
120.00 110.00
120.50 110.00
121.00 109.50
121.50 109.00
122.00 109.00
122.50 108.50
123.00 108.50
123.50 108.50
124.00 108.00
124.50 108.00
125.00 108.00
125.50 107.50
126.00 107.50
126.50 107.50
127.00 107.00
127.50 107.00
128.00 107.00
128.50 106.50
129.00 106.50
129.50 106.50
130.00 106.50
130.50 106.00
131.00 106.00
131.50 106.00
132.00 106.00
132.50 106.00
133.00 106.00
133.50 106.00
134.00 106.00
134.50 106.00
135.00 106.00
135.50 106.50
136.00 106.50
136.50 106.50
137.00 106.50
137.50 107.00
138.00 107.00
