130.50 136.50
130.00 136.50
129.50 136.50
129.00 136.00
128.50 136.00
128.00 136.00
127.50 136.00
127.00 136.00
126.50 136.00
126.00 135.50
125.50 135.00
125.00 135.00
124.50 135.00
124.00 134.50
123.50 134.00
123.00 134.00
122.50 133.50
122.00 133.00
121.50 132.50
121.00 132.00
120.50 131.50
120.00 131.00
119.50 130.50
119.50 130.00
119.00 129.50
119.00 129.00
118.50 128.50
118.00 128.00
118.00 127.50
117.50 127.00
117.50 126.50
117.50 126.00
117.00 125.50
117.00 125.00
117.00 124.50
116.50 124.00
116.50 123.50
116.50 123.00
116.50 122.50
116.50 122.00
116.50 121.50
116.50 121.00
116.50 120.50
116.50 120.00
116.50 119.50
116.50 119.00
116.50 118.50
116.50 118.00
116.50 117.50
117.00 117.00
117.00 116.50
117.00 116.00
117.00 115.50
117.00 115.00
117.50 114.50
117.50 114.00
118.00 113.50
118.00 113.00
118.00 112.50
118.50 112.00
118.50 111.50
119.00 111.00
119.50 110.50
120.00 110.00
120.50 109.50
121.00 109.00
121.50 108.50
122.00 108.00
122.50 108.00
123.00 107.50
123.50 107.50
124.00 107.00
124.50 107.00
125.00 107.00
125.50 107.00
126.00 107.00
126.50 107.00
127.00 107.00
127.50 107.00
128.00 107.00
128.50 107.00
129.00 107.00
129.50 107.00
130.00 107.00
130.50 107.00
131.00 107.00
131.50 107.00
132.00 107.00
132.50 107.00
133.00 107.00
133.50 107.50
134.00 107.50
134.50 107.50
135.00 107.50
135.50 108.00
136.00 108.00
136.50 108.50
137.00 108.50
137.50 109.00
138.00 109.00
138.50 109.50
139.00 110.00
139.50 110.50
140.00 111.00
140.50 111.50
141.00 112.00
141.00 112.50
141.50 113.00
141.50 113.50
142.00 114.00
142.00 114.50
142.00 115.00
142.50 115.50
142.50 116.00
142.50 116.50
143.00 117.00
143.00 117.50
143.00 118.00
143.00 118.50
143.00 119.00
143.00 119.50
143.50 120.00
143.50 120.50
143.50 121.00
143.50 121.50
143.50 122.00
143.50 122.50
143.00 123.00
143.00 123.50
143.00 124.00
143.00 124.50
143.00 125.00
143.00 125.50
143.00 126.00
142.50 126.50
142.50 127.00
142.50 127.50
142.00 128.00
142.00 128.50
142.00 129.00
141.50 129.50
141.50 130.00
141.00 130.50
140.50 131.00
140.50 131.50
140.00 132.00
139.50 132.50
139.00 133.00
138.50 133.50
138.00 134.00
137.50 134.50
137.00 134.50
136.50 135.00
136.00 135.00
135.50 135.00
135.00 135.50
134.50 135.50
134.00 135.50
133.50 135.50
133.00 135.50
132.50 136.00
132.00 136.00
131.50 136.00
131.00 136.00
