141.00 117.00
141.50 117.50
142.00 117.50
142.50 118.00
143.00 118.00
143.50 118.00
144.00 118.50
144.50 118.50
145.00 118.50
145.50 119.00
146.00 119.50
146.50 120.00
146.50 120.50
146.50 121.00
147.00 121.50
147.00 122.00
147.00 122.50
147.00 123.00
147.00 123.50
147.50 124.00
147.50 124.50
147.50 125.00
147.00 125.50
146.50 126.00
146.00 126.50
145.50 126.50
145.00 126.50
144.50 126.50
144.00 126.50
143.50 126.00
143.00 125.50
143.00 125.00
143.00 124.50
143.00 124.00
143.00 123.50
143.00 123.00
143.00 122.50
143.00 122.00
143.00 121.50
142.50 121.00
142.00 121.00
141.50 121.00
141.00 121.00
140.50 121.50
140.00 122.00
139.50 122.50
139.00 122.50
138.50 123.00
138.00 123.00
137.50 123.00
137.00 123.00
136.50 122.50
136.00 122.00
135.50 121.50
135.00 121.00
134.50 120.50
134.50 120.00
134.50 119.50
134.50 119.00
134.50 118.50
135.00 118.00
135.50 117.50
136.00 117.50
136.50 117.00
137.00 117.00
137.50 116.50
138.00 116.50
138.50 116.50
139.00 116.50
139.50 116.50
140.00 117.00
140.50 117.00
