143.00 104.00
143.50 104.00
144.00 104.50
144.50 104.50
145.00 104.50
145.50 105.00
146.00 105.50
146.50 106.00
147.00 106.00
147.50 106.50
148.00 107.00
148.50 107.50
149.00 108.00
149.00 108.50
149.50 109.00
150.00 109.50
150.50 110.00
151.00 110.50
151.50 111.00
151.50 111.50
152.00 112.00
152.50 112.50
152.50 113.00
153.00 113.50
153.50 114.00
153.50 114.50
153.50 115.00
154.00 115.50
154.50 116.00
154.50 116.50
154.50 117.00
155.00 117.50
155.00 118.00
155.50 118.50
155.50 119.00
155.50 119.50
155.50 120.00
156.00 120.50
156.00 121.00
156.00 121.50
156.00 122.00
156.00 122.50
156.00 123.00
156.00 123.50
156.00 124.00
156.00 124.50
156.00 125.00
156.00 125.50
156.00 126.00
156.00 126.50
156.00 127.00
156.00 127.50
156.00 128.00
156.00 128.50
156.00 129.00
155.50 129.50
155.50 130.00
155.50 130.50
155.50 131.00
155.00 131.50
155.00 132.00
155.00 132.50
154.50 133.00
154.50 133.50
154.50 134.00
154.50 134.50
154.00 135.00
154.00 135.50
154.00 136.00
153.50 136.50
153.50 137.00
153.00 137.50
153.00 138.00
152.50 138.50
152.50 139.00
152.00 139.50
152.00 140.00
151.50 140.50
151.00 141.00
150.50 141.50
150.00 142.00
149.50 142.50
149.00 142.50
148.50 143.00
148.00 143.50
147.50 143.50
147.00 144.00
146.50 144.50
146.00 144.50
145.50 145.00
145.00 145.00
144.50 145.50
144.00 145.50
143.50 145.50
143.00 145.50
142.50 146.00
142.00 146.00
141.50 146.00
141.00 146.00
140.50 146.50
140.00 146.50
139.50 146.50
139.00 146.50
138.50 146.50
138.00 146.50
137.50 146.50
137.00 146.50
136.50 146.50
136.00 146.50
135.50 146.50
135.00 146.50
134.50 146.50
134.00 146.00
133.50 146.00
133.00 146.00
132.50 146.00
132.00 145.50
131.50 145.50
131.00 145.50
130.50 145.00
130.00 145.00
129.50 144.50
129.00 144.50
128.50 144.00
128.00 143.50
127.50 143.50
127.00 143.00
126.50 143.00
126.00 142.50
125.50 142.00
125.00 141.50
124.50 141.00
124.00 140.50
124.00 140.00
123.50 139.50
123.00 139.00
122.50 138.50
122.50 138.00
122.00 137.50
122.00 137.00
121.50 136.50
121.50 136.00
121.50 135.50
121.00 135.00
121.00 134.50
120.50 134.00
120.50 133.50
120.50 133.00
120.50 132.50
120.00 132.00
120.00 131.50
120.00 131.00
120.00 130.50
120.00 130.00
119.50 129.50
119.50 129.00
119.50 128.50
119.50 128.00
119.50 127.50
119.50 127.00
119.50 126.50
119.50 126.00
119.50 125.50
119.50 125.00
119.50 124.50
119.50 124.00
119.50 123.50
119.50 123.00
119.50 122.50
119.50 122.00
119.50 121.50
119.50 121.00
119.50 120.50
119.50 120.00
119.50 119.50
119.50 119.00
119.50 118.50
119.50 118.00
120.00 117.50
120.00 117.00
120.00 116.50
120.50 116.00
120.50 115.50
120.50 115.00
120.50 114.50
121.00 114.00
121.00 113.50
121.50 113.00
121.50 112.50
121.50 112.00
122.00 111.50
122.50 111.00
122.50 110.50
123.00 110.00
123.00 109.50
123.50 109.00
124.00 108.50
124.50 108.00
125.00 107.50
125.50 107.00
126.00 106.50
126.50 106.00
127.00 105.50
127.50 105.00
128.00 105.00
128.50 104.50
129.00 104.50
129.50 104.00
130.00 104.00
130.50 103.50
131.00 103.50
131.50 103.00
132.00 103.00
132.50 103.00
133.00 103.00
133.50 103.00
134.00 102.50
134.50 102.50
135.00 102.50
135.50 102.50
136.00 102.50
136.50 102.50
137.00 102.50
137.50 102.50
138.00 102.50
138.50 102.50
139.00 102.50
139.50 102.50
140.00 103.00
140.50 103.00
141.00 103.00
141.50 103.00
142.00 103.50
142.50 103.50
