148.50 131.50
148.00 132.00
147.50 132.50
147.50 133.00
147.00 133.50
147.00 134.00
146.50 134.50
146.50 135.00
146.00 135.50
145.50 136.00
145.50 136.50
145.00 137.00
144.50 137.50
144.00 138.00
143.50 138.50
143.00 139.00
142.50 139.50
142.00 140.00
141.50 140.50
141.00 140.50
140.50 141.00
140.00 141.00
139.50 141.00
139.00 141.50
138.50 141.50
138.00 142.00
137.50 142.00
137.00 142.00
136.50 142.50
136.00 142.50
135.50 142.50
135.00 142.50
134.50 142.50
134.00 142.50
133.50 142.50
133.00 142.00
132.50 142.00
132.00 142.00
131.50 142.00
131.00 142.00
130.50 141.50
130.00 141.50
129.50 141.00
129.00 141.00
128.50 140.50
128.00 140.00
127.50 139.50
127.00 139.00
126.50 138.50
126.00 138.00
125.50 137.50
125.50 137.00
125.50 136.50
125.00 136.00
125.00 135.50
124.50 135.00
124.00 134.50
124.00 134.00
124.00 133.50
123.50 133.00
123.50 132.50
123.50 132.00
123.00 131.50
123.00 131.00
123.00 130.50
122.50 130.00
122.50 129.50
122.50 129.00
122.50 128.50
122.00 128.00
122.00 127.50
122.00 127.00
122.00 126.50
122.00 126.00
122.00 125.50
121.50 125.00
121.50 124.50
121.50 124.00
121.50 123.50
121.50 123.00
121.50 122.50
121.50 122.00
121.50 121.50
121.50 121.00
121.50 120.50
121.50 120.00
121.50 119.50
121.50 119.00
121.50 118.50
121.50 118.00
121.50 117.50
122.00 117.00
122.00 116.50
122.00 116.00
122.00 115.50
122.50 115.00
122.50 114.50
122.50 114.00
123.00 113.50
123.50 113.00
123.50 112.50
124.00 112.00
124.50 111.50
125.00 111.00
125.00 110.50
125.50 110.00
126.00 110.00
126.50 109.50
127.00 109.00
127.50 109.00
128.00 108.50
128.50 108.50
129.00 108.00
129.50 108.00
130.00 108.00
130.50 108.00
131.00 108.00
131.50 108.00
132.00 108.00
132.50 108.00
133.00 108.50
133.50 108.50
134.00 108.50
134.50 109.00
135.00 109.00
135.50 109.00
136.00 109.00
136.50 109.50
137.00 109.50
137.50 110.00
138.00 110.50
138.50 110.50
139.00 111.00
139.50 111.00
140.00 111.50
140.50 112.00
141.00 112.50
141.50 112.50
142.00 113.00
142.50 113.50
143.00 114.00
143.50 114.50
144.00 115.00
144.50 115.50
145.00 116.00
145.50 116.50
146.00 117.00
146.50 117.50
146.50 118.00
147.00 118.50
147.00 119.00
147.50 119.50
147.50 120.00
147.50 120.50
148.00 121.00
148.00 121.50
148.00 122.00
148.00 122.50
148.00 123.00
148.00 123.50
148.00 124.00
148.00 124.50
148.00 125.00
148.00 125.50
148.00 126.00
148.00 126.50
148.00 127.00
148.00 127.50
148.00 128.00
148.00 128.50
148.00 129.00
148.00 129.50
148.00 130.00
147.50 130.50
148.00 131.00
148.50 131.50
