137.50 102.50
138.00 102.50
138.50 102.50
139.00 102.50
139.50 102.50
140.00 102.50
140.50 102.50
141.00 102.50
141.50 102.50
142.00 102.50
142.50 103.00
143.00 103.00
143.50 103.00
144.00 103.00
144.50 103.50
145.00 103.50
145.50 103.50
146.00 104.00
146.50 104.00
147.00 104.50
147.50 104.50
148.00 105.00
148.50 105.50
149.00 105.50
149.50 106.00
150.00 106.50
150.50 107.00
151.00 107.50
151.50 108.00
152.00 108.50
152.50 109.00
152.50 109.50
153.00 110.00
153.00 110.50
153.50 111.00
154.00 111.50
154.00 112.00
154.00 112.50
154.50 113.00
154.50 113.50
155.00 114.00
155.00 114.50
155.00 115.00
155.50 115.50
155.50 116.00
155.50 116.50
155.50 117.00
155.50 117.50
155.50 118.00
156.00 118.50
156.00 119.00
156.00 119.50
156.00 120.00
156.00 120.50
156.00 121.00
156.00 121.50
156.00 122.00
156.00 122.50
156.00 123.00
156.00 123.50
156.00 124.00
156.00 124.50
156.00 125.00
155.50 125.50
155.50 126.00
155.50 126.50
155.50 127.00
155.50 127.50
155.00 128.00
155.00 128.50
155.00 129.00
154.50 129.50
154.50 130.00
154.50 130.50
154.50 131.00
154.00 131.50
154.00 132.00
153.50 132.50
153.50 133.00
153.00 133.50
153.00 134.00
152.50 134.50
152.00 135.00
152.00 135.50
151.50 136.00
151.00 136.50
151.00 137.00
150.50 137.50
150.00 138.00
150.00 138.50
149.50 139.00
149.00 139.50
149.00 140.00
148.50 140.50
148.00 141.00
147.50 141.50
147.00 142.00
146.50 142.50
146.50 143.00
146.00 143.50
145.50 143.50
145.00 144.00
144.50 144.50
144.00 145.00
143.50 145.00
143.00 145.00
142.50 145.50
142.00 145.50
141.50 146.00
141.00 146.00
140.50 146.00
140.00 146.00
139.50 146.50
139.00 146.50
138.50 146.50
138.00 146.50
137.50 147.00
137.00 147.00
136.50 147.00
136.00 147.00
135.50 147.00
135.00 147.50
134.50 147.50
134.00 147.50
133.50 147.50
133.00 148.00
132.50 148.00
132.00 148.00
131.50 148.00
131.00 148.00
130.50 148.00
130.00 148.00
129.50 148.00
129.00 148.00
128.50 148.00
128.00 147.50
127.50 147.50
127.00 147.50
126.50 147.00
126.00 146.50
125.50 146.50
125.00 146.00
124.50 145.50
124.00 145.00
123.50 144.50
123.00 144.00
122.50 143.50
122.50 143.00
122.00 142.50
121.50 142.00
121.50 141.50
121.00 141.00
121.00 140.50
120.50 140.00
120.50 139.50
120.00 139.00
120.00 138.50
120.00 138.00
119.50 137.50
119.50 137.00
119.50 136.50
119.50 136.00
119.00 135.50
119.00 135.00
119.00 134.50
118.50 134.00
118.50 133.50
118.50 133.00
118.50 132.50
118.50 132.00
118.50 131.50
118.00 131.00
118.00 130.50
118.00 130.00
118.00 129.50
118.00 129.00
118.00 128.50
118.00 128.00
118.00 127.50
118.00 127.00
117.50 126.50
117.50 126.00
117.50 125.50
117.50 125.00
117.50 124.50
117.50 124.00
117.50 123.50
117.50 123.00
117.50 122.50
118.00 122.00
118.00 121.50
118.00 121.00
118.00 120.50
118.00 120.00
118.00 119.50
118.00 119.00
118.50 118.50
118.50 118.00
118.50 117.50
118.50 117.00
119.00 116.50
119.00 116.00
119.50 115.50
119.50 115.00
119.50 114.50
120.00 114.00
120.00 113.50
120.50 113.00
120.50 112.50
121.00 112.00
121.00 111.50
121.50 111.00
122.00 110.50
122.50 110.00
123.00 109.50
123.50 109.00
124.00 108.50
124.50 108.00
125.00 107.50
125.50 107.00
126.00 107.00
126.50 106.50
127.00 106.00
127.50 106.00
128.00 105.50
128.50 105.50
129.00 105.50
129.50 105.00
130.00 105.00
130.50 104.50
131.00 104.50
131.50 104.00
132.00 104.00
132.50 103.50
133.00 103.50
133.50 103.00
134.00 103.00
134.50 103.00
135.00 103.00
135.50 103.00
136.00 102.50
136.50 102.50
137.00 102.50
