132.50 137.50
132.00 138.00
131.50 138.00
131.00 138.00
130.50 138.50
130.00 138.50
129.50 139.00
129.00 139.00
128.50 139.00
128.00 139.00
127.50 139.00
127.00 139.00
126.50 139.00
126.00 139.00
125.50 139.00
125.00 139.00
124.50 138.50
124.00 138.50
123.50 138.50
123.00 138.00
122.50 138.00
122.00 137.50
121.50 137.00
121.00 136.50
120.50 136.00
120.50 135.50
120.00 135.00
119.50 134.50
119.00 134.00
119.00 133.50
119.00 133.00
119.00 132.50
118.50 132.00
118.50 131.50
118.50 131.00
119.00 130.50
119.00 130.00
119.00 129.50
119.50 129.00
119.50 128.50
120.00 128.00
120.50 127.50
121.00 127.00
121.50 127.00
122.00 126.50
122.50 126.50
123.00 126.50
123.50 126.50
124.00 126.50
124.50 126.50
125.00 126.50
125.50 126.50
126.00 126.50
126.50 126.50
127.00 127.00
127.50 127.00
128.00 127.00
128.50 127.00
129.00 127.50
129.50 127.50
130.00 128.00
130.50 128.50
131.00 128.50
131.50 129.00
132.00 129.50
132.00 130.00
132.50 130.50
133.00 131.00
133.00 131.50
133.50 132.00
133.50 132.50
133.50 133.00
133.50 133.50
133.50 134.00
133.50 134.50
133.50 135.00
133.50 135.50
133.50 136.00
133.00 136.50
133.00 137.00
133.00 137.50
