139.00 146.00
138.50 146.00
138.00 146.00
137.50 146.00
137.00 146.50
136.50 146.50
136.00 146.50
135.50 146.50
135.00 146.50
134.50 146.50
134.00 146.50
133.50 146.50
133.00 147.00
132.50 147.00
132.00 147.00
131.50 147.00
131.00 147.00
130.50 147.00
130.00 147.00
129.50 147.00
129.00 147.00
128.50 147.00
128.00 147.00
127.50 147.00
127.00 147.00
126.50 147.00
126.00 147.00
125.50 147.00
125.00 146.50
124.50 146.50
124.00 146.50
123.50 146.00
123.00 146.00
122.50 146.00
122.00 145.50
121.50 145.00
121.00 145.00
120.50 144.50
120.00 144.50
119.50 144.00
119.00 143.50
118.50 143.50
118.00 143.00
117.50 142.50
117.00 142.00
116.50 141.50
116.00 141.00
115.50 140.50
115.00 140.00
114.50 139.50
114.00 139.00
113.50 138.50
113.50 138.00
113.00 137.50
112.50 137.00
112.00 136.50
112.00 136.00
111.50 135.50
111.50 135.00
111.50 134.50
111.00 134.00
111.00 133.50
110.50 133.00
110.50 132.50
110.50 132.00
110.00 131.50
110.00 131.00
110.00 130.50
109.50 130.00
109.50 129.50
109.50 129.00
109.50 128.50
109.50 128.00
109.00 127.50
109.00 127.00
109.00 126.50
109.00 126.00
109.00 125.50
109.00 125.00
109.00 124.50
109.00 124.00
109.00 123.50
109.00 123.00
109.00 122.50
109.00 122.00
109.00 121.50
109.00 121.00
109.00 120.50
109.50 120.00
109.50 119.50
109.50 119.00
109.50 118.50
109.50 118.00
109.50 117.50
109.50 117.00
110.00 116.50
110.00 116.00
110.00 115.50
110.00 115.00
110.00 114.50
110.00 114.00
110.00 113.50
110.50 113.00
110.50 112.50
110.50 112.00
110.50 111.50
110.50 111.00
111.00 110.50
111.00 110.00
111.00 109.50
111.00 109.00
111.50 108.50
111.50 108.00
112.00 107.50
112.00 107.00
112.50 106.50
112.50 106.00
113.00 105.50
113.50 105.00
113.50 104.50
114.00 104.00
114.50 103.50
115.00 103.00
115.50 102.50
116.00 102.50
116.50 102.00
117.00 101.50
117.50 101.50
118.00 101.00
118.50 101.00
119.00 101.00
119.50 100.50
120.00 100.50
120.50 100.50
121.00 100.00
121.50 100.00
122.00 100.00
122.50 100.00
123.00 100.00
123.50 99.50
124.00 99.50
124.50 99.50
125.00 99.50
125.50 99.50
126.00 99.50
126.50 99.00
127.00 99.00
127.50 99.00
128.00 99.00
128.50 99.00
129.00 99.00
129.50 99.00
130.00 99.00
130.50 99.00
131.00 99.00
131.50 99.00
132.00 99.00
132.50 99.00
133.00 99.00
133.50 99.00
134.00 99.00
134.50 99.00
135.00 99.50
135.50 99.50
136.00 99.50
136.50 99.50
137.00 99.50
137.50 100.00
138.00 100.00
138.50 100.00
139.00 100.00
139.50 100.50
140.00 100.50
140.50 101.00
141.00 101.00
141.50 101.00
142.00 101.50
142.50 101.50
143.00 102.00
143.50 102.00
144.00 102.50
144.50 103.00
145.00 103.50
145.50 103.50
146.00 104.00
146.50 104.00
147.00 104.50
147.50 105.00
148.00 105.50
148.50 106.00
149.00 106.50
149.50 107.00
150.00 107.50
150.50 108.00
151.00 108.50
151.50 109.00
152.00 109.50
152.50 110.00
152.50 110.50
153.00 111.00
153.50 111.50
153.50 112.00
154.00 112.50
154.50 113.00
154.50 113.50
155.00 114.00
155.00 114.50
155.00 115.00
155.50 115.50
155.50 116.00
156.00 116.50
156.00 117.00
156.00 117.50
156.00 118.00
156.00 118.50
156.50 119.00
156.50 119.50
156.50 120.00
156.50 120.50
156.50 121.00
156.50 121.50
156.50 122.00
156.50 122.50
156.50 123.00
156.50 123.50
156.50 124.00
156.00 124.50
156.00 125.00
156.00 125.50
156.00 126.00
156.00 126.50
155.50 127.00
155.50 127.50
155.50 128.00
155.00 128.50
155.00 129.00
155.00 129.50
154.50 130.00
154.50 130.50
154.50 131.00
154.00 131.50
154.00 132.00
153.50 132.50
153.50 133.00
153.00 133.50
153.00 134.00
152.50 134.50
152.50 135.00
152.00 135.50
152.00 136.00
151.50 136.50
151.00 136.50
150.50 137.00
150.50 137.50
150.00 138.00
149.50 138.50
149.00 139.00
148.50 139.50
148.00 140.00
148.00 140.50
147.50 141.00
147.00 141.00
146.50 141.50
146.50 142.00
146.00 142.50
145.50 142.50
145.00 143.00
144.50 143.50
144.00 143.50
143.50 144.00
143.00 144.50
142.50 144.50
142.00 145.00
141.50 145.00
141.00 145.50
140.50 145.50
140.00 145.50
139.50 146.00
