136.50 136.50
136.00 137.00
135.50 137.50
135.00 137.50
134.50 138.00
134.00 138.50
133.50 138.50
133.00 139.00
132.50 139.50
132.00 139.50
131.50 140.00
131.00 140.00
130.50 140.00
130.00 140.00
129.50 140.50
129.00 140.50
128.50 140.50
128.00 140.50
127.50 140.50
127.00 140.50
126.50 140.00
126.00 140.00
125.50 139.50
125.00 139.50
124.50 139.00
124.00 138.50
123.50 138.50
123.00 138.00
122.50 137.50
122.00 137.00
121.50 136.50
121.00 136.00
120.50 135.50
120.50 135.00
120.00 134.50
119.50 134.00
119.50 133.50
119.50 133.00
119.00 132.50
119.00 132.00
118.50 131.50
118.50 131.00
118.50 130.50
118.00 130.00
118.00 129.50
118.00 129.00
118.00 128.50
118.00 128.00
117.50 127.50
117.50 127.00
117.50 126.50
117.50 126.00
117.50 125.50
117.50 125.00
117.50 124.50
117.50 124.00
117.50 123.50
117.50 123.00
117.50 122.50
117.50 122.00
117.50 121.50
117.50 121.00
117.50 120.50
117.50 120.00
118.00 119.50
118.00 119.00
118.50 118.50
118.50 118.00
119.00 117.50
119.50 117.00
119.50 116.50
120.00 116.00
120.50 115.50
121.00 115.00
121.50 114.50
122.00 114.00
122.50 113.50
123.00 113.00
123.50 113.00
124.00 112.50
124.50 112.50
125.00 112.00
125.50 112.00
126.00 112.00
126.50 112.00
127.00 112.00
127.50 111.50
128.00 112.00
128.50 112.00
129.00 112.00
129.50 112.00
130.00 112.00
130.50 112.00
131.00 112.50
131.50 112.50
132.00 112.50
132.50 113.00
133.00 113.00
133.50 113.50
134.00 114.00
134.50 114.00
135.00 114.50
135.50 115.00
136.00 115.50
136.00 116.00
136.50 116.50
137.00 117.00
137.00 117.50
137.00 118.00
137.50 118.50
138.00 119.00
138.00 119.50
138.00 120.00
138.50 120.50
138.50 121.00
139.00 121.50
139.00 122.00
139.00 122.50
139.50 123.00
139.50 123.50
139.50 124.00
139.50 124.50
139.50 125.00
139.50 125.50
139.50 126.00
139.50 126.50
139.50 127.00
139.50 127.50
139.00 128.00
139.00 128.50
139.00 129.00
139.00 129.50
139.00 130.00
139.00 130.50
139.00 131.00
138.50 131.50
138.50 132.00
138.50 132.50
138.50 133.00
138.00 133.50
138.00 134.00
138.00 134.50
137.50 135.00
137.50 135.50
137.00 136.00
