129.00 111.50
129.50 111.50
130.00 111.50
130.50 112.00
131.00 112.00
131.50 112.00
132.00 112.00
132.50 112.50
133.00 112.50
133.50 113.00
134.00 113.50
134.50 114.00
135.00 114.50
135.50 115.00
135.50 115.50
136.00 116.00
136.00 116.50
136.00 117.00
136.50 117.50
136.50 118.00
136.50 118.50
136.50 119.00
137.00 119.50
137.00 120.00
137.00 120.50
137.00 121.00
137.00 121.50
137.00 122.00
137.00 122.50
136.50 123.00
136.50 123.50
136.50 124.00
136.50 124.50
136.50 125.00
136.50 125.50
136.00 126.00
136.00 126.50
136.00 127.00
136.00 127.50
135.50 128.00
135.50 128.50
135.50 129.00
135.50 129.50
135.50 130.00
135.00 130.50
135.00 131.00
135.00 131.50
135.00 132.00
134.50 132.50
134.50 133.00
134.00 133.50
134.00 134.00
133.50 134.50
133.00 135.00
133.00 135.50
132.50 136.00
132.00 136.50
131.50 137.00
131.00 137.50
130.50 137.50
130.00 138.00
129.50 138.50
129.00 138.50
128.50 139.00
128.00 139.00
127.50 139.00
127.00 139.50
126.50 139.50
126.00 139.50
125.50 139.50
125.00 140.00
124.50 140.00
124.00 140.00
123.50 140.00
123.00 140.00
122.50 140.00
122.00 140.00
121.50 140.00
121.00 139.50
120.50 139.50
120.00 139.00
119.50 139.00
119.00 138.50
118.50 138.00
118.00 137.50
117.50 137.00
117.00 136.50
116.50 136.00
116.50 135.50
116.50 135.00
116.00 134.50
116.00 134.00
115.50 133.50
115.50 133.00
115.00 132.50
115.00 132.00
115.00 131.50
115.00 131.00
114.50 130.50
114.50 130.00
114.50 129.50
114.50 129.00
114.50 128.50
114.50 128.00
114.50 127.50
114.50 127.00
114.50 126.50
114.50 126.00
114.50 125.50
114.50 125.00
114.50 124.50
115.00 124.00
115.00 123.50
115.00 123.00
115.00 122.50
115.50 122.00
115.50 121.50
115.50 121.00
116.00 120.50
116.00 120.00
116.50 119.50
116.50 119.00
117.00 118.50
117.00 118.00
117.50 117.50
117.50 117.00
118.00 116.50
118.50 116.00
119.00 115.50
119.50 115.00
120.00 114.50
120.50 114.00
121.00 113.50
121.50 113.00
122.00 112.50
122.50 112.50
123.00 112.00
123.50 112.00
124.00 112.00
124.50 112.00
125.00 111.50
125.50 111.50
126.00 111.50
126.50 111.50
127.00 111.50
127.50 111.50
128.00 111.50
128.50 111.50
