145.00 112.50
145.50 112.50
146.00 113.00
146.00 113.50
146.00 114.00
146.00 114.50
146.50 115.00
147.00 115.50
147.50 115.50
148.00 115.00
148.50 115.00
149.00 115.00
149.50 115.00
150.00 115.50
150.50 115.50
151.00 116.00
151.50 116.00
152.00 116.50
152.50 117.00
153.00 117.50
153.50 118.00
153.50 118.50
153.50 119.00
154.00 119.50
154.00 120.00
154.00 120.50
153.50 121.00
153.50 121.50
153.00 122.00
152.50 122.50
152.00 122.50
151.50 123.00
151.00 123.00
150.50 123.00
150.00 123.00
149.50 123.00
149.00 123.50
148.50 123.50
148.00 123.00
147.50 123.00
147.00 122.50
147.00 122.00
147.00 121.50
146.50 121.00
146.50 120.50
146.50 120.00
146.50 119.50
146.00 119.00
145.50 118.50
145.00 118.00
144.50 118.00
144.00 118.00
143.50 118.00
143.00 118.00
142.50 118.00
142.00 118.00
141.50 118.00
141.00 118.00
140.50 118.00
140.00 117.50
139.50 117.50
139.00 117.00
139.00 116.50
139.00 116.00
139.00 115.50
139.00 115.00
139.00 114.50
139.00 114.00
139.50 113.50
139.50 113.00
140.00 112.50
140.50 112.00
141.00 112.00
141.50 111.50
142.00 111.50
142.50 111.50
143.00 111.50
143.50 111.50
144.00 112.00
144.50 112.00
