141.00 103.50
141.50 104.00
142.00 104.50
142.50 104.50
143.00 105.00
143.50 105.50
144.00 106.00
144.50 106.50
145.00 106.50
145.50 107.00
146.00 107.50
146.50 108.00
147.00 108.50
147.50 109.00
148.00 109.50
148.50 110.00
148.50 110.50
149.00 111.00
149.50 111.50
150.00 112.00
150.50 112.50
150.50 113.00
151.00 113.50
151.00 114.00
151.50 114.50
151.50 115.00
152.00 115.50
152.50 116.00
152.50 116.50
152.50 117.00
152.50 117.50
153.00 118.00
153.00 118.50
153.00 119.00
153.50 119.50
153.50 120.00
153.50 120.50
153.50 121.00
153.50 121.50
153.50 122.00
153.50 122.50
153.50 123.00
153.50 123.50
153.50 124.00
153.50 124.50
153.50 125.00
153.00 125.50
153.00 126.00
153.00 126.50
152.50 127.00
152.50 127.50
152.50 128.00
152.50 128.50
152.00 129.00
152.00 129.50
152.00 130.00
151.50 130.50
151.00 131.00
151.00 131.50
151.00 132.00
150.50 132.50
150.50 133.00
150.00 133.50
149.50 134.00
149.50 134.50
149.00 135.00
148.50 135.50
148.50 136.00
148.00 136.50
147.50 137.00
147.00 137.50
146.50 138.00
146.00 138.50
146.00 139.00
145.50 139.50
145.00 139.50
144.50 140.00
144.00 140.50
143.50 141.00
143.00 141.50
142.50 142.00
142.00 142.00
141.50 142.50
141.00 143.00
140.50 143.00
140.00 143.50
139.50 144.00
139.00 144.00
138.50 144.50
138.00 144.50
137.50 145.00
137.00 145.00
136.50 145.00
136.00 145.00
135.50 145.50
135.00 145.50
134.50 145.50
134.00 145.50
133.50 145.50
133.00 146.00
132.50 146.00
132.00 146.00
131.50 146.00
131.00 145.50
130.50 145.50
130.00 145.50
129.50 145.50
129.00 145.50
128.50 145.00
128.00 145.00
127.50 144.50
127.00 144.50
126.50 144.00
126.00 143.50
125.50 143.00
125.00 142.50
124.50 142.00
124.00 141.50
123.50 141.00
123.00 140.50
122.50 140.00
122.50 139.50
122.00 139.00
121.50 138.50
121.00 138.00
120.50 137.50
120.50 137.00
120.00 136.50
120.00 136.00
120.00 135.50
119.50 135.00
119.00 134.50
119.00 134.00
119.00 133.50
118.50 133.00
118.50 132.50
118.50 132.00
118.50 131.50
118.00 131.00
118.00 130.50
118.00 130.00
118.00 129.50
118.00 129.00
118.00 128.50
118.00 128.00
117.50 127.50
117.50 127.00
117.50 126.50
117.50 126.00
117.50 125.50
117.50 125.00
117.50 124.50
117.50 124.00
117.50 123.50
117.50 123.00
117.50 122.50
117.50 122.00
117.50 121.50
117.50 121.00
117.50 120.50
117.50 120.00
117.50 119.50
117.50 119.00
117.50 118.50
117.50 118.00
117.50 117.50
117.50 117.00
117.50 116.50
117.50 116.00
117.50 115.50
117.50 115.00
117.50 114.50
117.50 114.00
117.50 113.50
117.50 113.00
117.50 112.50
118.00 112.00
118.00 111.50
118.00 111.00
118.00 110.50
118.50 110.00
118.50 109.50
118.50 109.00
119.00 108.50
119.50 108.00
119.50 107.50
120.00 107.00
120.50 106.50
121.00 106.00
121.50 105.50
122.00 105.00
122.50 105.00
123.00 104.50
123.50 104.50
124.00 104.00
124.50 104.00
125.00 103.50
125.50 103.50
126.00 103.50
126.50 103.00
127.00 103.00
127.50 103.00
128.00 103.00
128.50 103.00
129.00 103.00
129.50 102.50
130.00 102.50
130.50 102.50
131.00 102.50
131.50 102.50
132.00 102.50
132.50 102.50
133.00 102.50
133.50 102.50
134.00 102.50
134.50 102.50
135.00 102.50
135.50 102.50
136.00 102.50
136.50 102.50
137.00 102.50
137.50 102.50
138.00 103.00
138.50 103.00
139.00 103.00
139.50 103.00
140.00 103.50
140.50 103.50
