121.50 99.00
122.00 99.00
122.50 99.00
123.00 98.50
123.50 98.50
124.00 98.50
124.50 98.00
125.00 98.00
125.50 98.00
126.00 98.00
126.50 98.00
127.00 97.50
127.50 97.50
128.00 97.50
128.50 97.50
129.00 97.50
129.50 97.50
130.00 97.50
130.50 97.50
131.00 97.50
131.50 97.50
132.00 97.50
132.50 97.50
133.00 97.50
133.50 97.50
134.00 97.50
134.50 97.50
135.00 97.50
135.50 97.50
136.00 97.50
136.50 98.00
137.00 98.00
137.50 98.00
138.00 98.00
138.50 98.00
139.00 98.00
139.50 98.50
140.00 98.50
140.50 98.50
141.00 98.50
141.50 99.00
142.00 99.00
142.50 99.00
143.00 99.00
143.50 99.50
144.00 99.50
144.50 100.00
145.00 100.50
145.50 100.50
146.00 101.00
146.50 101.00
147.00 101.50
147.50 102.00
148.00 102.00
148.50 102.50
149.00 103.00
149.50 103.50
150.00 104.00
150.50 104.00
151.00 104.50
151.50 105.00
152.00 105.50
152.50 106.00
153.00 106.50
153.50 107.00
154.00 107.50
154.50 108.00
154.50 108.50
155.00 109.00
155.50 109.50
156.00 110.00
156.50 110.50
156.50 111.00
157.00 111.50
157.00 112.00
157.50 112.50
158.00 113.00
158.00 113.50
158.00 114.00
158.50 114.50
159.00 115.00
159.00 115.50
159.00 116.00
159.50 116.50
159.50 117.00
159.50 117.50
160.00 118.00
160.00 118.50
160.00 119.00
160.00 119.50
160.00 120.00
160.50 120.50
160.50 121.00
160.50 121.50
160.50 122.00
160.50 122.50
160.50 123.00
160.50 123.50
160.50 124.00
160.50 124.50
160.50 125.00
160.50 125.50
160.50 126.00
160.50 126.50
160.00 127.00
160.00 127.50
160.00 128.00
160.00 128.50
159.50 129.00
159.50 129.50
159.50 130.00
159.00 130.50
159.00 131.00
159.00 131.50
158.50 132.00
158.50 132.50
158.50 133.00
158.00 133.50
158.00 134.00
157.50 134.50
157.50 135.00
157.00 135.50
157.00 136.00
156.50 136.50
156.50 137.00
156.00 137.50
156.00 138.00
155.50 138.50
155.00 139.00
155.00 139.50
154.50 140.00
154.00 140.50
153.50 141.00
153.50 141.50
153.00 142.00
152.50 142.50
152.00 143.00
151.50 143.50
151.00 144.00
150.50 144.50
150.00 145.00
149.50 145.50
149.00 145.50
148.50 146.00
148.00 146.50
147.50 146.50
147.00 147.00
146.50 147.00
146.00 147.50
145.50 147.50
145.00 148.00
144.50 148.50
144.00 148.50
143.50 148.50
143.00 149.00
142.50 149.00
142.00 149.00
141.50 149.50
141.00 149.50
140.50 149.50
140.00 150.00
139.50 150.00
139.00 150.00
138.50 150.00
138.00 150.00
137.50 150.50
137.00 150.50
136.50 150.50
136.00 150.50
135.50 150.50
135.00 150.50
134.50 150.50
134.00 150.50
133.50 150.50
133.00 150.50
132.50 150.50
132.00 150.50
131.50 150.50
131.00 150.50
130.50 150.50
130.00 150.50
129.50 150.50
129.00 150.00
128.50 150.00
128.00 150.00
127.50 150.00
127.00 150.00
126.50 150.00
126.00 149.50
125.50 149.50
125.00 149.50
124.50 149.00
124.00 149.00
123.50 149.00
123.00 148.50
122.50 148.50
122.00 148.00
121.50 148.00
121.00 147.50
120.50 147.50
120.00 147.00
119.50 146.50
119.00 146.50
118.50 146.00
118.00 145.50
117.50 145.00
117.00 144.50
116.50 144.50
116.00 144.00
116.00 143.50
115.50 143.00
115.00 142.50
114.50 142.00
114.00 141.50
114.00 141.00
113.50 140.50
113.00 140.00
113.00 139.50
112.50 139.00
112.50 138.50
112.00 138.00
112.00 137.50
111.50 137.00
111.50 136.50
111.50 136.00
111.00 135.50
111.00 135.00
111.00 134.50
111.00 134.00
110.50 133.50
110.50 133.00
110.50 132.50
110.00 132.00
110.00 131.50
110.00 131.00
110.00 130.50
110.00 130.00
110.00 129.50
109.50 129.00
109.50 128.50
109.50 128.00
109.50 127.50
109.50 127.00
109.50 126.50
109.50 126.00
109.50 125.50
109.50 125.00
109.50 124.50
109.50 124.00
109.50 123.50
109.50 123.00
109.50 122.50
109.50 122.00
109.50 121.50
109.50 121.00
110.00 120.50
110.00 120.00
110.00 119.50
110.00 119.00
110.00 118.50
110.00 118.00
110.50 117.50
110.50 117.00
110.50 116.50
110.50 116.00
111.00 115.50
111.00 115.00
111.00 114.50
111.00 114.00
111.50 113.50
111.50 113.00
111.50 112.50
112.00 112.00
112.00 111.50
112.00 111.00
112.50 110.50
112.50 110.00
112.50 109.50
113.00 109.00
113.00 108.50
113.50 108.00
113.50 107.50
114.00 107.00
114.00 106.50
114.50 106.00
114.50 105.50
115.00 105.00
115.50 104.50
115.50 104.00
116.00 103.50
116.50 103.00
117.00 102.50
117.50 102.00
118.00 101.50
118.50 101.00
119.00 101.00
119.50 100.50
120.00 100.00
120.50 99.50
121.00 99.50
