149.50 117.00
149.00 117.50
149.00 118.00
148.50 118.50
148.00 119.00
147.50 119.50
147.00 119.50
146.50 119.50
146.00 119.50
145.50 119.50
145.00 119.50
144.50 119.00
144.00 118.50
143.50 118.00
143.00 117.50
142.50 117.00
142.00 116.50
142.00 116.00
141.50 115.50
141.50 115.00
141.50 114.50
141.50 114.00
141.50 113.50
141.50 113.00
141.50 112.50
141.50 112.00
142.00 111.50
142.50 111.00
143.00 110.50
143.50 110.50
144.00 110.50
144.50 110.50
145.00 110.50
145.50 110.50
146.00 110.50
146.50 110.50
147.00 111.00
147.50 111.50
147.50 112.00
148.00 112.50
148.50 113.00
148.50 113.50
149.00 114.00
149.00 114.50
149.00 115.00
149.50 115.50
149.50 116.00
149.50 116.50
