138.00 135.00
137.50 134.50
137.00 134.50
136.50 134.00
136.00 134.00
135.50 133.50
135.00 133.00
134.50 132.50
134.00 132.00
133.50 131.50
133.00 131.00
133.00 130.50
133.50 130.00
133.50 129.50
134.00 129.00
134.50 128.50
135.00 128.50
135.50 128.50
136.00 129.00
136.50 129.00
137.00 129.50
137.50 129.50
138.00 130.00
138.50 130.00
139.00 130.50
139.50 130.50
140.00 130.00
140.50 129.50
140.50 129.00
140.50 128.50
141.00 128.00
141.50 127.50
142.00 127.50
142.50 127.50
143.00 127.50
143.50 127.50
144.00 128.00
144.00 128.50
144.00 129.00
144.00 129.50
144.50 130.00
144.50 130.50
144.00 131.00
143.50 131.50
143.50 132.00
143.00 132.50
142.50 133.00
142.00 133.50
141.50 134.00
141.00 134.50
140.50 134.50
140.00 135.00
139.50 135.00
139.00 135.00
138.50 135.00
