144.00 109.00
144.50 109.50
145.00 109.50
145.50 110.00
146.00 110.50
146.50 111.00
147.00 111.50
147.50 112.00
147.50 112.50
148.00 113.00
148.50 113.50
148.50 114.00
148.50 114.50
149.00 115.00
149.00 115.50
149.00 116.00
149.00 116.50
149.50 117.00
149.50 117.50
149.50 118.00
149.50 118.50
149.50 119.00
149.50 119.50
149.50 120.00
149.50 120.50
149.50 121.00
149.50 121.50
149.50 122.00
149.50 122.50
149.50 123.00
149.50 123.50
149.50 124.00
149.50 124.50
149.50 125.00
149.50 125.50
149.50 126.00
149.50 126.50
149.50 127.00
149.50 127.50
149.50 128.00
149.00 128.50
149.00 129.00
149.00 129.50
148.50 130.00
148.50 130.50
148.00 131.00
147.50 131.50
147.50 132.00
147.00 132.50
146.50 133.00
146.00 133.50
146.00 134.00
145.50 134.50
145.00 135.00
144.50 135.50
144.00 136.00
143.50 136.50
143.00 137.00
142.50 137.50
142.00 138.00
141.50 138.00
141.00 138.50
140.50 139.00
140.00 139.00
139.50 139.50
139.00 139.50
138.50 140.00
138.00 140.00
137.50 140.50
137.00 140.50
136.50 140.50
136.00 141.00
135.50 141.00
135.00 141.00
134.50 141.00
134.00 141.00
133.50 141.00
133.00 141.00
132.50 141.00
132.00 141.00
131.50 141.00
131.00 141.00
130.50 141.00
130.00 141.00
129.50 141.00
129.00 140.50
128.50 140.50
128.00 140.50
127.50 140.00
127.00 140.00
126.50 139.50
126.00 139.50
125.50 139.00
125.00 138.50
124.50 138.00
124.00 138.00
123.50 137.50
123.00 137.00
122.50 136.50
122.00 136.00
121.50 135.50
121.00 135.00
120.50 134.50
120.50 134.00
120.00 133.50
119.50 133.00
119.50 132.50
119.00 132.00
118.50 131.50
118.50 131.00
118.50 130.50
118.00 130.00
118.00 129.50
117.50 129.00
117.50 128.50
117.50 128.00
117.50 127.50
117.00 127.00
117.00 126.50
117.00 126.00
117.00 125.50
117.00 125.00
116.50 124.50
116.50 124.00
116.50 123.50
116.50 123.00
116.50 122.50
116.50 122.00
116.50 121.50
116.50 121.00
116.50 120.50
116.50 120.00
116.50 119.50
116.50 119.00
116.50 118.50
116.50 118.00
116.50 117.50
116.50 117.00
116.50 116.50
116.50 116.00
116.50 115.50
116.50 115.00
116.50 114.50
116.50 114.00
116.50 113.50
117.00 113.00
117.00 112.50
117.00 112.00
117.00 111.50
117.50 111.00
117.50 110.50
117.50 110.00
118.00 109.50
118.00 109.00
118.50 108.50
119.00 108.00
119.00 107.50
119.50 107.00
120.00 106.50
120.50 106.50
121.00 106.00
121.50 105.50
122.00 105.00
122.50 104.50
123.00 104.50
123.50 104.50
124.00 104.00
124.50 104.00
125.00 104.00
125.50 103.50
126.00 103.50
126.50 103.50
127.00 103.50
127.50 103.50
128.00 103.50
128.50 103.50
129.00 103.50
129.50 103.50
130.00 103.50
130.50 103.50
131.00 103.50
131.50 103.50
132.00 103.50
132.50 103.50
133.00 103.50
133.50 103.50
134.00 104.00
134.50 104.00
135.00 104.00
135.50 104.00
136.00 104.00
136.50 104.50
137.00 104.50
137.50 104.50
138.00 105.00
138.50 105.00
139.00 105.50
139.50 105.50
140.00 105.50
140.50 106.00
141.00 106.50
141.50 107.00
142.00 107.50
142.50 107.50
143.00 108.00
143.50 108.50
