149.50 128.50
150.00 129.00
150.00 129.50
150.00 130.00
150.00 130.50
150.00 131.00
150.00 131.50
150.00 132.00
150.00 132.50
150.00 133.00
150.00 133.50
149.50 134.00
149.50 134.50
149.00 135.00
148.50 135.50
148.00 135.50
147.50 135.50
147.00 135.50
146.50 135.50
146.00 135.50
145.50 135.00
145.00 134.50
144.50 134.00
144.50 133.50
144.50 133.00
144.50 132.50
144.50 132.00
144.50 131.50
145.00 131.00
145.00 130.50
145.50 130.00
146.00 129.50
146.50 129.00
147.00 128.50
147.50 128.00
148.00 128.00
148.50 128.00
149.00 128.00
