145.50 119.00
145.00 119.00
144.50 119.50
144.00 119.50
143.50 119.50
143.00 119.50
142.50 119.50
142.00 119.50
141.50 119.50
141.00 119.50
140.50 119.50
140.00 119.00
139.50 118.50
139.50 118.00
139.50 117.50
139.00 117.00
139.00 116.50
139.00 116.00
139.50 115.50
139.50 115.00
140.00 114.50
140.50 114.00
141.00 113.50
141.50 113.00
142.00 112.50
142.50 112.50
143.00 112.50
143.50 112.50
144.00 112.00
144.50 112.00
145.00 112.00
145.50 112.50
146.00 112.50
146.50 113.00
147.00 113.50
147.50 114.00
147.50 114.50
148.00 115.00
148.00 115.50
148.00 116.00
148.00 116.50
148.00 117.00
148.50 117.50
149.00 117.50
149.50 117.50
150.00 118.00
150.50 118.00
151.00 118.00
151.50 118.00
152.00 118.00
152.50 118.50
153.00 119.00
153.00 119.50
153.00 120.00
153.00 120.50
153.00 121.00
153.00 121.50
152.50 122.00
152.00 122.50
151.50 123.00
151.00 123.00
150.50 123.00
150.00 123.00
149.50 123.00
149.00 122.50
148.50 122.00
148.00 121.50
148.00 121.00
148.00 120.50
148.00 120.00
148.00 119.50
147.50 119.00
147.00 118.50
146.50 118.50
146.00 118.50
