137.00 137.50
137.00 138.00
136.50 138.50
136.50 139.00
136.00 139.50
135.50 140.00
135.00 140.50
134.50 140.50
134.00 141.00
133.50 141.50
133.00 141.50
132.50 142.00
132.00 142.00
131.50 142.00
131.00 142.00
130.50 142.00
130.00 142.00
129.50 142.00
129.00 142.00
128.50 141.50
128.00 141.50
127.50 141.50
127.00 141.00
126.50 141.00
126.00 140.50
125.50 140.50
125.00 140.50
124.50 140.00
124.00 139.50
123.50 139.00
123.00 139.00
122.50 138.50
122.00 138.00
121.50 137.50
121.50 137.00
121.00 136.50
120.50 136.00
120.00 135.50
119.50 135.00
119.50 134.50
119.00 134.00
119.00 133.50
118.50 133.00
118.50 132.50
118.00 132.00
118.00 131.50
118.00 131.00
117.50 130.50
117.50 130.00
117.50 129.50
117.50 129.00
117.50 128.50
117.50 128.00
117.50 127.50
117.50 127.00
117.50 126.50
117.50 126.00
117.50 125.50
117.50 125.00
118.00 124.50
118.00 124.00
118.00 123.50
118.50 123.00
119.00 122.50
119.50 122.00
119.50 121.50
120.00 121.00
120.50 120.50
121.00 120.00
121.50 120.00
122.00 119.50
122.50 119.50
123.00 119.00
123.50 118.50
124.00 118.50
124.50 118.50
125.00 118.00
125.50 118.00
126.00 118.00
126.50 117.50
127.00 117.50
127.50 117.50
128.00 117.50
128.50 117.50
129.00 117.50
129.50 117.50
130.00 117.50
130.50 117.50
131.00 118.00
131.50 118.00
132.00 118.00
132.50 118.50
133.00 118.50
133.50 118.50
134.00 119.00
134.50 119.00
135.00 119.50
135.50 120.00
136.00 120.50
136.50 121.00
137.00 121.50
137.50 122.00
138.00 122.50
138.00 123.00
138.50 123.50
138.50 124.00
138.50 124.50
139.00 125.00
139.00 125.50
139.50 126.00
139.50 126.50
139.50 127.00
139.50 127.50
139.50 128.00
139.50 128.50
139.50 129.00
139.50 129.50
139.50 130.00
139.50 130.50
139.50 131.00
139.50 131.50
139.50 132.00
139.00 132.50
139.00 133.00
139.00 133.50
139.00 134.00
138.50 134.50
138.50 135.00
138.00 135.50
138.00 136.00
138.00 136.50
137.50 137.00
