130.00 96.50
130.50 96.50
131.00 96.00
131.50 96.00
132.00 96.00
132.50 96.00
133.00 96.00
133.50 95.50
134.00 95.50
134.50 95.50
135.00 95.50
135.50 95.50
136.00 95.50
136.50 95.50
137.00 95.50
137.50 95.50
138.00 95.50
138.50 95.50
139.00 95.50
139.50 95.50
140.00 95.50
140.50 96.00
141.00 96.00
141.50 96.00
142.00 96.00
142.50 96.50
143.00 96.50
143.50 96.50
144.00 97.00
144.50 97.00
145.00 97.50
145.50 97.50
146.00 98.00
146.50 98.00
147.00 98.50
147.50 98.50
148.00 99.00
148.50 99.50
149.00 100.00
149.50 100.50
150.00 101.00
150.50 101.50
151.00 102.00
151.50 102.50
152.00 103.00
152.50 103.50
153.00 104.00
153.50 104.50
154.00 105.00
154.50 105.50
155.00 106.00
155.50 106.50
156.00 107.00
156.00 107.50
156.50 108.00
157.00 108.50
157.50 109.00
158.00 109.50
158.00 110.00
158.50 110.50
159.00 111.00
159.00 111.50
159.50 112.00
160.00 112.50
160.00 113.00
160.50 113.50
160.50 114.00
161.00 114.50
161.00 115.00
161.00 115.50
161.50 116.00
161.50 116.50
161.50 117.00
162.00 117.50
162.00 118.00
162.00 118.50
162.00 119.00
162.50 119.50
162.50 120.00
162.50 120.50
162.50 121.00
162.50 121.50
162.50 122.00
162.50 122.50
163.00 123.00
163.00 123.50
163.00 124.00
163.00 124.50
163.00 125.00
163.00 125.50
162.50 126.00
162.50 126.50
162.50 127.00
162.50 127.50
162.50 128.00
162.50 128.50
162.50 129.00
162.50 129.50
162.00 130.00
162.00 130.50
162.00 131.00
161.50 131.50
161.50 132.00
161.50 132.50
161.50 133.00
161.00 133.50
161.00 134.00
160.50 134.50
160.50 135.00
160.00 135.50
160.00 136.00
159.50 136.50
159.50 137.00
159.00 137.50
158.50 138.00
158.50 138.50
158.00 139.00
157.50 139.50
157.50 140.00
157.00 140.50
156.50 141.00
156.00 141.50
155.50 142.00
155.00 142.50
154.50 143.00
154.00 143.50
153.50 144.00
153.00 144.50
152.50 144.50
152.00 145.00
151.50 145.50
151.00 146.00
150.50 146.00
150.00 146.50
149.50 147.00
149.00 147.50
148.50 147.50
148.00 148.00
147.50 148.00
147.00 148.50
146.50 149.00
146.00 149.00
145.50 149.50
145.00 149.50
144.50 150.00
144.00 150.50
143.50 150.50
143.00 150.50
142.50 151.00
142.00 151.00
141.50 151.50
141.00 151.50
140.50 152.00
140.00 152.00
139.50 152.50
139.00 152.50
138.50 152.50
138.00 152.50
137.50 153.00
137.00 153.00
136.50 153.00
136.00 153.00
135.50 153.00
135.00 153.00
134.50 153.50
134.00 153.50
133.50 153.50
133.00 153.50
132.50 153.50
132.00 153.50
131.50 153.50
131.00 153.50
130.50 153.50
130.00 153.50
129.50 153.00
129.00 153.00
128.50 153.00
128.00 153.00
127.50 153.00
127.00 152.50
126.50 152.50
126.00 152.50
125.50 152.00
125.00 152.00
124.50 152.00
124.00 151.50
123.50 151.50
123.00 151.00
122.50 151.00
122.00 150.50
121.50 150.50
121.00 150.00
120.50 149.50
120.00 149.00
119.50 149.00
119.00 148.50
118.50 148.00
118.00 148.00
117.50 147.50
117.00 147.00
116.50 146.50
116.00 146.00
115.50 145.50
115.00 145.00
114.50 144.50
114.00 144.00
113.50 143.50
113.00 143.00
113.00 142.50
112.50 142.00
112.00 141.50
112.00 141.00
111.50 140.50
111.50 140.00
111.50 139.50
111.00 139.00
111.00 138.50
111.00 138.00
111.00 137.50
110.50 137.00
110.50 136.50
110.50 136.00
110.50 135.50
110.50 135.00
110.50 134.50
110.00 134.00
110.00 133.50
110.00 133.00
110.00 132.50
110.00 132.00
110.00 131.50
110.00 131.00
110.00 130.50
110.00 130.00
110.00 129.50
110.00 129.00
110.00 128.50
110.00 128.00
110.00 127.50
110.00 127.00
110.00 126.50
110.00 126.00
110.00 125.50
110.00 125.00
110.00 124.50
110.00 124.00
110.00 123.50
110.50 123.00
110.50 122.50
110.50 122.00
110.50 121.50
110.50 121.00
110.50 120.50
110.50 120.00
111.00 119.50
111.00 119.00
111.00 118.50
111.00 118.00
111.00 117.50
111.50 117.00
111.50 116.50
111.50 116.00
112.00 115.50
112.00 115.00
112.00 114.50
112.00 114.00
112.50 113.50
112.50 113.00
113.00 112.50
113.00 112.00
113.00 111.50
113.50 111.00
113.50 110.50
114.00 110.00
114.00 109.50
114.00 109.00
114.50 108.50
115.00 108.00
115.00 107.50
115.50 107.00
115.50 106.50
116.00 106.00
116.00 105.50
116.50 105.00
116.50 104.50
117.00 104.00
117.50 103.50
118.00 103.00
118.50 102.50
118.50 102.00
119.00 101.50
119.50 101.50
120.00 101.00
120.50 100.50
121.00 100.00
121.50 100.00
122.00 99.50
122.50 99.00
123.00 99.00
123.50 98.50
124.00 98.50
124.50 98.00
125.00 98.00
125.50 98.00
126.00 97.50
126.50 97.50
127.00 97.00
127.50 97.00
128.00 97.00
128.50 97.00
129.00 96.50
129.50 96.50
