123.00 106.00
123.50 106.00
124.00 105.50
124.50 105.50
125.00 105.50
125.50 105.00
126.00 105.00
126.50 104.50
127.00 104.50
127.50 104.50
128.00 104.50
128.50 104.50
129.00 104.00
129.50 104.00
130.00 104.00
130.50 104.00
131.00 104.00
131.50 104.00
132.00 104.00
132.50 104.00
133.00 104.00
133.50 104.00
134.00 104.00
134.50 104.00
135.00 104.00
135.50 104.00
136.00 104.50
136.50 104.50
137.00 104.50
137.50 104.50
138.00 105.00
138.50 105.00
139.00 105.00
139.50 105.50
140.00 105.50
140.50 105.50
141.00 106.00
141.50 106.00
142.00 106.50
142.50 107.00
143.00 107.00
143.50 107.50
144.00 108.00
144.50 108.00
145.00 108.50
145.00 109.00
145.50 109.50
146.00 109.50
146.50 110.00
146.50 110.50
147.00 111.00
147.50 111.50
147.50 112.00
148.00 112.50
148.00 113.00
148.50 113.50
148.50 114.00
149.00 114.50
149.00 115.00
149.00 115.50
149.50 116.00
149.50 116.50
149.50 117.00
149.50 117.50
149.50 118.00
150.00 118.50
150.00 119.00
150.00 119.50
150.00 120.00
150.00 120.50
150.00 121.00
150.50 121.50
150.50 122.00
150.50 122.50
150.50 123.00
150.50 123.50
150.50 124.00
150.50 124.50
150.50 125.00
150.50 125.50
150.50 126.00
150.00 126.50
150.00 127.00
150.00 127.50
150.00 128.00
150.00 128.50
149.50 129.00
149.50 129.50
149.50 130.00
149.00 130.50
149.00 131.00
149.00 131.50
149.00 132.00
148.50 132.50
148.50 133.00
148.00 133.50
148.00 134.00
147.50 134.50
147.50 135.00
147.00 135.50
147.00 136.00
146.50 136.50
146.00 137.00
146.00 137.50
145.50 138.00
145.00 138.50
145.00 139.00
144.50 139.50
144.00 140.00
143.50 140.50
143.00 141.00
143.00 141.50
142.50 142.00
142.00 142.50
141.50 143.00
141.00 143.50
140.50 143.50
140.00 144.00
139.50 144.00
139.00 144.50
138.50 145.00
138.00 145.00
137.50 145.00
137.00 145.50
136.50 145.50
136.00 145.50
135.50 145.50
135.00 146.00
134.50 146.00
134.00 146.00
133.50 146.00
133.00 146.00
132.50 146.00
132.00 146.00
131.50 146.00
131.00 146.00
130.50 146.00
130.00 146.00
129.50 146.00
129.00 145.50
128.50 145.50
128.00 145.50
127.50 145.00
127.00 145.00
126.50 145.00
126.00 144.50
125.50 144.50
125.00 144.00
124.50 144.00
124.00 143.50
123.50 143.00
123.00 143.00
122.50 142.50
122.00 142.00
121.50 141.50
121.00 141.50
120.50 141.00
120.00 140.50
119.50 140.00
119.00 139.50
118.50 139.00
118.00 138.50
117.50 138.50
117.00 138.00
117.00 137.50
116.50 137.00
116.00 136.50
115.50 136.00
115.00 135.50
115.00 135.00
114.50 134.50
114.50 134.00
114.50 133.50
114.00 133.00
114.00 132.50
114.00 132.00
114.00 131.50
113.50 131.00
113.50 130.50
113.50 130.00
113.50 129.50
113.50 129.00
113.50 128.50
113.50 128.00
113.50 127.50
113.50 127.00
113.50 126.50
113.50 126.00
113.50 125.50
113.50 125.00
113.50 124.50
113.50 124.00
113.50 123.50
113.50 123.00
113.50 122.50
113.50 122.00
113.50 121.50
113.50 121.00
113.50 120.50
113.50 120.00
113.50 119.50
113.50 119.00
113.50 118.50
113.50 118.00
114.00 117.50
114.00 117.00
114.00 116.50
114.50 116.00
114.50 115.50
115.00 115.00
115.00 114.50
115.50 114.00
116.00 113.50
116.50 113.00
117.00 112.50
117.00 112.00
117.50 111.50
118.00 111.00
118.50 110.50
119.00 110.00
119.50 109.50
119.50 109.00
120.00 108.50
120.50 108.00
121.00 107.50
121.50 107.50
122.00 107.00
122.50 106.50
