143.00 147.50
142.50 148.00
142.00 148.00
141.50 148.00
141.00 148.50
140.50 148.50
140.00 148.50
139.50 148.50
139.00 148.50
138.50 149.00
138.00 149.00
137.50 149.00
137.00 149.00
136.50 149.00
136.00 149.00
135.50 149.00
135.00 149.00
134.50 149.50
134.00 149.50
133.50 149.50
133.00 149.50
132.50 149.50
132.00 149.50
131.50 149.50
131.00 149.50
130.50 149.50
130.00 149.50
129.50 149.00
129.00 149.00
128.50 149.00
128.00 149.00
127.50 149.00
127.00 148.50
126.50 148.50
126.00 148.00
125.50 148.00
125.00 148.00
124.50 147.50
124.00 147.00
123.50 147.00
123.00 146.50
122.50 146.50
122.00 146.00
121.50 145.50
121.00 145.50
120.50 145.00
120.00 144.50
119.50 144.00
119.00 143.50
118.50 143.00
118.00 142.50
117.50 142.00
117.00 141.50
116.50 141.00
116.00 140.50
115.50 140.00
115.00 139.50
114.50 139.00
114.50 138.50
114.00 138.00
113.50 137.50
113.50 137.00
113.00 136.50
113.00 136.00
113.00 135.50
112.50 135.00
112.50 134.50
112.50 134.00
112.50 133.50
112.00 133.00
112.00 132.50
112.00 132.00
112.00 131.50
112.00 131.00
111.50 130.50
111.50 130.00
111.50 129.50
111.50 129.00
111.50 128.50
111.50 128.00
111.50 127.50
111.50 127.00
111.50 126.50
111.50 126.00
111.50 125.50
111.50 125.00
111.50 124.50
111.50 124.00
111.50 123.50
111.50 123.00
111.50 122.50
111.50 122.00
111.50 121.50
111.50 121.00
111.50 120.50
111.50 120.00
111.50 119.50
111.50 119.00
111.50 118.50
111.50 118.00
111.50 117.50
111.50 117.00
111.50 116.50
111.50 116.00
111.50 115.50
112.00 115.00
112.00 114.50
112.00 114.00
112.00 113.50
112.00 113.00
112.50 112.50
112.50 112.00
112.50 111.50
112.50 111.00
112.50 110.50
113.00 110.00
113.00 109.50
113.00 109.00
113.00 108.50
113.50 108.00
113.50 107.50
113.50 107.00
113.50 106.50
114.00 106.00
114.00 105.50
114.50 105.00
115.00 104.50
115.00 104.00
115.50 103.50
116.00 103.00
116.50 102.50
117.00 102.00
117.50 101.50
118.00 101.50
118.50 101.00
119.00 100.50
119.50 100.50
120.00 100.00
120.50 100.00
121.00 99.50
121.50 99.50
122.00 99.50
122.50 99.00
123.00 99.00
123.50 99.00
124.00 98.50
124.50 98.50
125.00 98.50
125.50 98.50
126.00 98.50
126.50 98.50
127.00 98.00
127.50 98.00
128.00 98.00
128.50 98.00
129.00 98.00
129.50 98.00
130.00 98.00
130.50 98.00
131.00 98.00
131.50 98.00
132.00 98.00
132.50 98.00
133.00 98.00
133.50 98.00
134.00 98.00
134.50 98.00
135.00 98.50
135.50 98.50
136.00 98.50
136.50 98.50
137.00 98.50
137.50 98.50
138.00 99.00
138.50 99.00
139.00 99.00
139.50 99.50
140.00 99.50
140.50 99.50
141.00 100.00
141.50 100.00
142.00 100.00
142.50 100.50
143.00 100.50
143.50 101.00
144.00 101.00
144.50 101.50
145.00 102.00
145.50 102.00
146.00 102.50
146.50 102.50
147.00 103.00
147.50 103.50
148.00 103.50
148.50 104.00
149.00 104.50
149.50 105.00
150.00 105.00
150.50 105.50
151.00 106.00
151.50 106.50
152.00 107.00
152.50 107.50
153.00 108.00
153.50 108.50
154.00 109.00
154.50 109.50
154.50 110.00
155.00 110.50
155.50 111.00
155.50 111.50
156.00 112.00
156.50 112.50
156.50 113.00
156.50 113.50
157.00 114.00
157.00 114.50
157.50 115.00
157.50 115.50
157.50 116.00
157.50 116.50
158.00 117.00
158.00 117.50
158.00 118.00
158.00 118.50
158.00 119.00
158.00 119.50
158.50 120.00
158.50 120.50
158.50 121.00
158.50 121.50
158.50 122.00
158.50 122.50
158.50 123.00
158.50 123.50
158.50 124.00
158.50 124.50
158.50 125.00
158.50 125.50
158.50 126.00
158.50 126.50
158.50 127.00
158.50 127.50
158.50 128.00
158.50 128.50
158.00 129.00
158.00 129.50
158.00 130.00
158.00 130.50
158.00 131.00
157.50 131.50
157.50 132.00
157.50 132.50
157.00 133.00
157.00 133.50
157.00 134.00
156.50 134.50
156.50 135.00
156.00 135.50
155.50 136.00
155.00 136.50
154.50 136.50
154.00 137.00
154.00 137.50
153.50 138.00
153.00 138.50
152.50 139.00
152.00 139.50
152.00 140.00
151.50 140.50
151.00 141.00
150.50 141.50
150.00 142.00
149.50 142.50
149.00 143.00
148.50 143.50
148.00 143.50
147.50 144.00
147.00 144.50
146.50 145.00
146.00 145.50
145.50 145.50
145.00 146.00
144.50 146.50
144.00 146.50
143.50 147.00
143.00 147.50
