144.00 136.00
144.50 135.50
145.00 135.50
145.50 135.00
145.50 134.50
145.50 134.00
145.50 133.50
145.50 133.00
145.50 132.50
146.00 132.00
146.50 131.50
147.00 131.00
147.50 131.00
148.00 131.00
148.50 131.00
149.00 131.00
149.50 131.50
150.00 131.50
150.50 132.00
150.50 132.50
150.50 133.00
150.00 133.50
150.00 134.00
149.50 134.50
149.50 135.00
149.50 135.50
149.00 136.00
148.50 136.50
148.00 137.00
147.50 136.50
147.00 136.50
146.50 136.50
146.00 136.50
145.50 136.50
145.00 136.50
144.50 136.50
144.00 136.50
143.50 137.00
143.50 137.50
143.00 138.00
142.50 138.00
142.00 138.50
141.50 139.00
141.00 139.00
140.50 139.00
140.00 139.50
139.50 139.50
139.00 139.00
138.50 139.50
138.00 139.50
137.50 139.00
137.00 139.00
136.50 138.50
136.00 138.00
135.50 137.50
135.00 137.00
135.00 136.50
135.00 136.00
135.00 135.50
135.00 135.00
135.00 134.50
135.00 134.00
135.00 133.50
135.50 133.00
135.50 132.50
136.00 132.00
136.50 131.50
137.00 131.50
137.50 131.50
138.00 131.50
138.50 131.50
139.00 131.50
139.50 132.00
140.00 132.00
140.50 132.50
141.00 133.00
141.50 133.50
142.00 134.00
142.50 134.50
143.00 135.00
143.50 135.50
144.00 136.00
