120.50 135.50
121.00 135.50
121.50 135.50
122.00 135.50
122.50 135.50
123.00 135.50
123.50 135.50
124.00 135.50
124.50 135.50
125.00 136.00
125.50 136.50
126.00 137.00
126.00 137.50
126.00 138.00
126.00 138.50
126.00 139.00
125.50 139.50
125.00 140.00
124.50 140.50
124.00 141.00
123.50 141.00
123.00 141.50
122.50 141.50
122.00 141.50
121.50 141.50
121.00 141.50
120.50 141.00
120.00 140.50
119.50 140.00
119.00 139.50
118.50 139.00
118.00 138.50
118.00 138.00
118.00 137.50
117.50 137.00
117.50 136.50
117.50 136.00
118.00 135.50
118.50 135.00
119.00 135.00
119.50 135.00
120.00 135.00
