115.00 124.50
115.00 124.00
115.50 123.50
115.50 123.00
116.00 122.50
116.00 122.00
116.50 121.50
116.50 121.00
117.00 120.50
117.50 120.00
118.00 119.50
118.00 119.00
118.50 118.50
119.00 118.00
119.50 118.00
120.00 118.00
120.50 117.50
121.00 117.50
121.50 117.50
122.00 117.50
122.50 117.50
123.00 117.50
123.50 117.50
124.00 117.50
124.50 117.50
125.00 117.50
125.50 118.00
126.00 118.00
126.50 118.00
127.00 118.00
127.50 118.00
128.00 118.00
128.50 118.00
129.00 118.50
129.50 118.50
130.00 118.50
130.50 118.50
131.00 118.50
131.50 119.00
132.00 119.00
132.50 119.00
133.00 119.50
133.50 120.00
134.00 120.00
134.50 120.50
135.00 121.00
135.50 121.50
136.00 122.00
136.00 122.50
136.50 123.00
137.00 123.50
137.00 124.00
137.50 124.50
138.00 125.00
138.00 125.50
138.50 126.00
138.50 126.50
139.00 127.00
139.00 127.50
139.00 128.00
139.50 128.50
139.50 129.00
139.50 129.50
139.50 130.00
139.50 130.50
139.50 131.00
139.50 131.50
139.50 132.00
139.50 132.50
139.50 133.00
139.00 133.50
139.00 134.00
139.00 134.50
139.00 135.00
138.50 135.50
138.00 136.00
138.00 136.50
137.50 137.00
137.50 137.50
137.00 138.00
136.50 138.50
136.00 139.00
135.50 139.50
135.00 140.00
134.50 140.00
134.00 140.50
133.50 140.50
133.00 141.00
132.50 141.50
132.00 141.50
131.50 142.00
131.00 142.00
130.50 142.00
130.00 142.50
129.50 142.50
129.00 142.50
128.50 143.00
128.00 143.00
127.50 143.00
127.00 143.00
126.50 143.00
126.00 143.00
125.50 143.00
125.00 143.00
124.50 143.00
124.00 143.00
123.50 143.00
123.00 143.00
122.50 143.00
122.00 143.00
121.50 142.50
121.00 142.50
120.50 142.00
120.00 142.00
119.50 142.00
119.00 141.50
118.50 141.00
118.00 141.00
117.50 140.50
117.00 140.00
116.50 139.50
116.00 139.00
115.50 138.50
115.00 138.00
115.00 137.50
114.50 137.00
114.50 136.50
114.00 136.00
114.00 135.50
114.00 135.00
114.00 134.50
114.00 134.00
114.00 133.50
114.00 133.00
114.00 132.50
114.00 132.00
114.00 131.50
114.00 131.00
114.00 130.50
114.00 130.00
114.50 129.50
114.50 129.00
114.50 128.50
114.50 128.00
114.50 127.50
115.00 127.00
115.00 126.50
115.00 126.00
115.50 125.50
115.50 125.00
