124.00 143.50
123.50 143.50
123.00 143.50
122.50 143.50
122.00 143.50
121.50 143.50
121.00 143.50
120.50 143.50
120.00 143.50
119.50 143.50
119.00 143.50
118.50 143.50
118.00 143.00
117.50 143.00
117.00 142.50
116.50 142.50
116.00 142.00
115.50 141.50
115.00 141.00
114.50 140.50
114.00 140.00
114.00 139.50
113.50 139.00
113.50 138.50
113.00 138.00
113.00 137.50
113.00 137.00
112.50 136.50
112.50 136.00
112.00 135.50
112.00 135.00
111.50 134.50
111.50 134.00
111.50 133.50
111.50 133.00
111.50 132.50
111.50 132.00
111.50 131.50
111.50 131.00
112.00 130.50
112.00 130.00
112.00 129.50
112.50 129.00
112.50 128.50
112.50 128.00
113.00 127.50
113.50 127.00
113.50 126.50
114.00 126.00
114.50 125.50
114.50 125.00
115.00 124.50
115.50 124.00
116.00 123.50
116.50 123.00
117.00 122.50
117.50 122.00
118.00 121.50
118.50 121.50
119.00 121.00
119.50 120.50
120.00 120.50
120.50 120.00
121.00 120.00
121.50 119.50
122.00 119.50
122.50 119.50
123.00 119.00
123.50 119.00
124.00 119.00
124.50 119.00
125.00 119.00
125.50 118.50
126.00 118.50
126.50 118.50
127.00 119.00
127.50 119.00
128.00 119.00
128.50 119.00
129.00 119.50
129.50 119.50
130.00 120.00
130.50 120.50
131.00 121.00
131.00 121.50
131.50 122.00
131.50 122.50
132.00 123.00
132.00 123.50
132.50 124.00
133.00 124.50
133.00 125.00
133.00 125.50
133.50 126.00
134.00 126.50
134.00 127.00
134.50 127.50
134.50 128.00
135.00 128.50
135.00 129.00
135.00 129.50
135.50 130.00
135.50 130.50
135.50 131.00
135.50 131.50
135.50 132.00
135.50 132.50
135.50 133.00
135.50 133.50
135.00 134.00
135.00 134.50
135.00 135.00
135.00 135.50
134.50 136.00
134.50 136.50
134.50 137.00
134.00 137.50
134.00 138.00
133.50 138.50
133.00 139.00
132.50 139.50
132.00 140.00
131.50 140.50
131.00 140.50
130.50 141.00
130.00 141.50
129.50 142.00
129.00 142.00
128.50 142.50
128.00 142.50
127.50 142.50
127.00 143.00
126.50 143.00
126.00 143.00
125.50 143.00
125.00 143.00
124.50 143.00
