117.00 117.00
117.00 116.50
117.50 116.00
117.50 115.50
117.50 115.00
118.00 114.50
118.00 114.00
117.50 113.50
118.00 113.00
118.50 113.00
119.00 112.50
119.50 112.00
120.00 111.50
120.50 111.50
121.00 111.00
121.50 110.50
122.00 110.50
122.50 110.00
123.00 109.50
123.50 109.50
124.00 109.00
124.50 109.00
125.00 108.50
125.50 108.50
126.00 108.00
126.50 108.00
127.00 107.50
127.50 107.50
128.00 107.50
128.50 107.50
129.00 107.50
129.50 107.50
130.00 107.50
130.50 107.50
131.00 107.50
131.50 107.50
132.00 107.50
132.50 107.50
133.00 107.50
133.50 108.00
134.00 108.00
134.50 108.00
135.00 108.50
135.50 109.00
136.00 109.00
136.50 109.50
137.00 110.00
137.50 110.00
138.00 110.50
138.50 111.00
139.00 111.50
139.50 112.00
140.00 112.50
140.50 113.00
141.00 113.50
141.50 114.00
142.00 114.50
142.50 115.00
143.00 115.50
143.50 115.50
144.00 116.00
144.50 116.50
145.00 117.00
145.00 117.50
145.50 118.00
146.00 118.50
146.50 119.00
146.50 119.50
147.00 120.00
147.00 120.50
147.50 121.00
148.00 121.50
148.00 122.00
148.00 122.50
148.00 123.00
148.50 123.50
148.50 124.00
148.50 124.50
148.50 125.00
148.50 125.50
149.00 126.00
149.00 126.50
149.00 127.00
149.00 127.50
149.00 128.00
149.00 128.50
149.00 129.00
149.00 129.50
149.00 130.00
149.00 130.50
149.00 131.00
149.00 131.50
148.50 132.00
148.50 132.50
148.50 133.00
148.50 133.50
148.50 134.00
148.50 134.50
148.50 135.00
148.50 135.50
148.50 136.00
148.50 136.50
148.50 137.00
148.00 137.50
148.00 138.00
148.00 138.50
148.00 139.00
148.00 139.50
148.00 140.00
147.50 140.50
147.50 141.00
147.50 141.50
147.50 142.00
147.00 142.50
147.00 143.00
147.00 143.50
146.50 144.00
146.50 144.50
146.00 145.00
146.00 145.50
145.50 146.00
145.00 146.50
144.50 147.00
144.00 147.50
144.00 148.00
143.50 148.50
143.00 149.00
142.50 149.50
142.00 149.50
141.50 150.00
141.00 150.00
140.50 150.50
140.00 151.00
139.50 151.00
139.00 151.50
138.50 151.50
138.00 152.00
137.50 152.00
137.00 152.50
136.50 152.50
136.00 152.50
135.50 153.00
135.00 153.00
134.50 153.50
134.00 153.50
133.50 153.50
133.00 154.00
132.50 154.00
132.00 154.00
131.50 154.00
131.00 154.50
130.50 154.50
130.00 154.50
129.50 154.50
129.00 154.50
128.50 155.00
128.00 155.00
127.50 155.00
127.00 155.00
126.50 155.00
126.00 155.00
125.50 155.00
125.00 155.00
124.50 155.00
124.00 155.00
123.50 155.00
123.00 155.00
122.50 155.00
122.00 155.00
121.50 155.00
121.00 155.00
120.50 155.00
120.00 154.50
119.50 154.50
119.00 154.50
118.50 154.50
118.00 154.50
117.50 154.00
117.00 154.00
116.50 154.00
116.00 153.50
115.50 153.50
115.00 153.00
114.50 153.00
114.00 152.50
113.50 152.50
113.00 152.00
112.50 152.00
112.00 151.50
111.50 151.00
111.00 150.50
110.50 150.50
110.00 150.00
110.00 149.50
109.50 149.00
109.00 149.00
108.50 148.50
108.50 148.00
108.50 147.50
108.00 147.00
108.00 146.50
108.00 146.00
108.00 145.50
107.50 145.00
107.50 144.50
107.50 144.00
107.00 143.50
107.00 143.00
107.00 142.50
107.00 142.00
107.00 141.50
106.50 141.00
106.50 140.50
106.50 140.00
106.00 139.50
106.00 139.00
106.00 138.50
106.00 138.00
106.00 137.50
106.00 137.00
106.50 136.50
107.00 136.00
107.00 135.50
107.50 135.00
107.50 134.50
107.50 134.00
108.00 133.50
108.50 133.00
109.00 132.50
109.00 132.00
109.00 131.50
109.00 131.00
109.00 130.50
109.00 130.00
109.00 129.50
109.50 129.00
109.50 128.50
109.50 128.00
109.50 127.50
109.50 127.00
110.00 126.50
110.00 126.00
110.00 125.50
110.50 125.00
110.50 124.50
111.00 124.00
111.00 123.50
111.50 123.00
112.00 122.50
112.00 122.00
112.50 121.50
113.00 121.00
113.50 120.50
114.00 120.00
114.50 119.50
115.00 119.00
115.50 118.50
116.00 118.50
116.50 118.00
116.50 117.50
