126.50 126.00
126.00 125.50
126.00 125.00
125.50 124.50
125.50 124.00
125.00 123.50
125.00 123.00
124.50 122.50
124.50 122.00
124.00 121.50
124.50 121.00
124.50 120.50
125.00 120.00
125.50 119.50
126.00 119.00
126.50 119.00
127.00 118.50
127.50 118.50
128.00 118.50
128.50 118.50
129.00 118.50
129.50 118.50
130.00 118.50
130.50 118.50
131.00 118.50
131.50 119.00
132.00 119.50
132.50 120.00
132.50 120.50
133.00 121.00
133.00 121.50
133.00 122.00
133.00 122.50
133.00 123.00
132.50 123.50
132.50 124.00
132.00 124.50
131.50 125.00
131.00 125.00
130.50 125.50
130.00 125.50
129.50 125.50
129.00 126.00
128.50 126.00
128.00 126.00
127.50 126.00
127.00 126.00
