116.00 112.00
116.50 111.50
117.00 111.00
117.50 111.00
118.00 110.50
118.50 110.50
119.00 110.50
119.50 110.00
120.00 110.00
120.50 110.00
121.00 110.00
121.50 110.00
122.00 110.00
122.50 110.00
123.00 110.00
123.50 110.00
124.00 110.00
124.50 110.00
125.00 110.50
125.50 110.50
126.00 111.00
126.50 111.00
127.00 111.00
127.50 111.50
128.00 111.50
128.50 112.00
129.00 112.00
129.50 112.50
130.00 113.00
130.50 113.00
131.00 113.50
131.50 113.50
132.00 113.50
132.50 114.00
133.00 114.00
133.50 114.50
134.00 114.50
134.50 115.00
135.00 115.00
135.50 115.50
136.00 115.50
136.50 115.50
137.00 116.00
137.50 116.50
138.00 117.00
138.50 117.00
139.00 117.50
139.50 118.00
140.00 118.50
140.50 119.00
141.00 119.50
141.00 120.00
141.50 120.50
141.50 121.00
141.50 121.50
142.00 122.00
142.00 122.50
142.50 123.00
142.50 123.50
142.50 124.00
142.50 124.50
142.50 125.00
143.00 125.50
143.00 126.00
143.00 126.50
143.00 127.00
143.00 127.50
143.00 128.00
143.00 128.50
143.00 129.00
143.00 129.50
143.00 130.00
143.00 130.50
143.00 131.00
143.00 131.50
143.00 132.00
143.00 132.50
142.50 133.00
142.50 133.50
142.50 134.00
142.50 134.50
142.50 135.00
142.00 135.50
142.00 136.00
142.00 136.50
142.00 137.00
141.50 137.50
141.50 138.00
141.00 138.50
141.00 139.00
140.50 139.50
140.50 140.00
140.00 140.50
139.50 141.00
139.00 141.50
138.50 142.00
138.00 142.50
137.50 143.00
137.00 143.00
136.50 143.50
136.00 144.00
135.50 144.00
135.00 144.50
134.50 144.50
134.00 144.50
133.50 145.00
133.00 145.00
132.50 145.50
132.00 145.50
131.50 145.50
131.00 146.00
130.50 146.00
130.00 146.00
129.50 146.00
129.00 146.00
128.50 146.50
128.00 146.50
127.50 146.50
127.00 146.50
126.50 146.50
126.00 146.50
125.50 147.00
125.00 147.00
124.50 147.00
124.00 147.00
123.50 147.00
123.00 147.00
122.50 147.00
122.00 146.50
121.50 146.50
121.00 146.50
120.50 146.50
120.00 146.50
119.50 146.00
119.00 146.00
118.50 146.00
118.00 145.50
117.50 145.50
117.00 145.00
116.50 144.50
116.00 144.00
115.50 143.50
115.00 143.00
114.50 143.00
114.00 142.50
114.00 142.00
113.50 141.50
113.00 141.00
113.00 140.50
112.50 140.00
112.00 139.50
112.00 139.00
111.50 138.50
111.50 138.00
111.00 137.50
111.00 137.00
110.50 136.50
110.50 136.00
110.50 135.50
110.00 135.00
110.00 134.50
110.00 134.00
109.50 133.50
109.50 133.00
109.50 132.50
109.50 132.00
109.00 131.50
108.50 131.00
108.00 130.50
108.00 130.00
108.00 129.50
107.50 129.00
107.50 128.50
107.50 128.00
107.50 127.50
107.50 127.00
107.50 126.50
107.50 126.00
108.00 125.50
108.00 125.00
108.00 124.50
108.00 124.00
108.00 123.50
108.50 123.00
108.50 122.50
108.50 122.00
109.00 121.50
109.00 121.00
109.50 120.50
109.50 120.00
110.00 119.50
110.00 119.00
110.50 118.50
111.00 118.00
111.00 117.50
111.50 117.00
112.00 116.50
112.00 116.00
112.50 115.50
113.00 115.00
113.50 114.50
114.00 114.00
114.00 113.50
114.50 113.00
115.00 112.50
115.50 112.00
