115.00 117.00
115.50 116.50
116.00 116.50
116.50 116.50
117.00 116.50
117.50 116.00
118.00 116.00
118.50 116.00
119.00 115.50
119.50 115.50
120.00 115.50
120.50 115.50
121.00 115.50
121.50 115.50
122.00 115.00
122.50 115.00
123.00 115.00
123.50 115.00
124.00 115.00
124.50 115.00
125.00 115.00
125.50 115.00
126.00 115.00
126.50 115.00
127.00 115.00
127.50 115.50
128.00 115.50
128.50 115.50
129.00 115.50
129.50 116.00
130.00 116.00
130.50 116.50
131.00 117.00
131.50 117.00
132.00 117.50
132.50 118.00
132.50 118.50
133.00 119.00
133.50 119.50
134.00 120.00
134.00 120.50
134.50 121.00
134.50 121.50
134.50 122.00
135.00 122.50
135.50 123.00
135.50 123.50
135.50 124.00
136.00 124.50
136.00 125.00
136.00 125.50
136.50 126.00
136.50 126.50
136.50 127.00
137.00 127.50
137.00 128.00
137.00 128.50
137.00 129.00
137.00 129.50
137.50 130.00
137.50 130.50
137.50 131.00
137.50 131.50
137.50 132.00
137.50 132.50
137.50 133.00
137.50 133.50
137.00 134.00
137.00 134.50
137.00 135.00
136.50 135.50
136.50 136.00
136.00 136.50
135.50 137.00
135.00 137.50
135.00 138.00
134.50 138.50
134.00 139.00
133.50 139.50
133.00 140.00
132.50 140.50
132.00 140.50
131.50 141.00
131.00 141.50
130.50 141.50
130.00 142.00
129.50 142.00
129.00 142.50
128.50 143.00
128.00 143.00
127.50 143.00
127.00 143.50
126.50 144.00
126.00 144.00
125.50 144.00
125.00 144.50
124.50 144.50
124.00 144.50
123.50 144.50
123.00 144.50
122.50 145.00
122.00 145.00
121.50 145.00
121.00 145.00
120.50 145.00
120.00 145.00
119.50 145.00
119.00 145.00
118.50 145.00
118.00 145.00
117.50 145.00
117.00 145.00
116.50 145.00
116.00 144.50
115.50 144.50
115.00 144.50
114.50 144.50
114.00 144.00
113.50 144.00
113.00 144.00
112.50 143.50
112.00 143.50
111.50 143.00
111.00 143.00
110.50 142.50
110.00 142.00
109.50 141.50
109.00 141.00
108.50 140.50
108.00 140.00
108.00 139.50
107.50 139.00
107.00 138.50
107.50 138.00
107.50 137.50
107.00 137.00
107.00 136.50
106.50 136.00
106.50 135.50
106.00 135.00
106.00 134.50
106.00 134.00
105.50 133.50
105.50 133.00
105.50 132.50
105.50 132.00
105.50 131.50
105.00 131.00
105.00 130.50
105.00 130.00
105.00 129.50
105.00 129.00
105.00 128.50
105.00 128.00
105.00 127.50
105.00 127.00
105.00 126.50
105.00 126.00
105.50 125.50
105.50 125.00
105.50 124.50
106.00 124.00
106.00 123.50
106.50 123.00
106.50 122.50
107.00 122.00
107.00 121.50
107.50 121.00
108.00 120.50
108.50 120.00
109.00 119.50
109.50 119.50
110.00 119.00
110.50 118.50
111.00 118.50
111.50 118.00
112.00 118.00
112.50 118.00
113.00 117.50
113.50 117.50
114.00 117.00
114.50 117.00
