121.00 134.00
121.50 134.00
122.00 134.00
122.50 134.50
123.00 135.00
123.50 135.50
124.00 136.00
124.50 136.50
125.00 137.00
125.50 137.50
125.50 138.00
126.00 138.50
126.00 139.00
126.00 139.50
126.00 140.00
126.00 140.50
125.50 141.00
125.00 141.50
124.50 141.50
124.00 141.50
123.50 141.50
123.00 141.50
122.50 141.00
122.00 141.00
121.50 140.50
121.00 140.50
120.50 140.00
120.00 140.00
119.50 139.50
119.00 139.00
118.50 138.50
118.50 138.00
118.50 137.50
119.00 137.00
119.00 136.50
119.00 136.00
119.50 135.50
119.50 135.00
120.00 134.50
120.50 134.00
