129.50 106.00
130.00 106.00
130.50 106.50
131.00 106.50
131.50 107.00
132.00 107.00
132.50 107.00
133.00 107.50
133.50 108.00
134.00 108.00
134.50 108.50
135.00 108.50
135.50 109.00
136.00 109.50
136.50 110.00
137.00 110.00
137.50 110.50
138.00 111.00
138.50 111.50
139.00 112.00
139.50 112.50
140.00 113.00
140.50 113.50
141.00 114.00
141.50 114.50
142.00 115.00
142.50 115.50
143.00 116.00
143.50 116.50
143.50 117.00
144.00 117.50
144.50 118.00
145.00 118.50
145.00 119.00
145.50 119.50
145.50 120.00
145.50 120.50
146.00 121.00
146.50 121.50
146.50 122.00
146.50 122.50
147.00 123.00
147.00 123.50
147.00 124.00
147.50 124.50
147.50 125.00
147.50 125.50
147.50 126.00
147.50 126.50
148.00 127.00
148.00 127.50
148.00 128.00
148.00 128.50
148.00 129.00
148.00 129.50
148.00 130.00
148.00 130.50
148.00 131.00
148.00 131.50
148.00 132.00
148.00 132.50
147.50 133.00
147.50 133.50
147.50 134.00
147.50 134.50
147.00 135.00
147.00 135.50
147.00 136.00
147.00 136.50
146.50 137.00
146.00 137.50
146.00 138.00
145.50 138.50
145.50 139.00
145.50 139.50
145.00 140.00
144.50 140.50
144.00 141.00
143.50 141.50
143.00 142.00
142.50 142.50
142.00 143.00
141.50 143.50
141.00 143.50
140.50 144.00
140.00 144.50
139.50 145.00
139.00 145.50
138.50 145.50
138.00 145.50
137.50 146.00
137.00 146.00
136.50 146.50
136.00 147.00
135.50 147.00
135.00 147.00
134.50 147.50
134.00 147.50
133.50 147.50
133.00 148.00
132.50 148.00
132.00 148.00
131.50 148.50
131.00 148.50
130.50 148.50
130.00 148.50
129.50 149.00
129.00 149.00
128.50 149.00
128.00 149.00
127.50 149.00
127.00 149.00
126.50 149.00
126.00 149.50
125.50 149.50
125.00 149.50
124.50 149.50
124.00 149.50
123.50 149.50
123.00 149.50
122.50 149.50
122.00 149.50
121.50 149.50
121.00 149.50
120.50 149.50
120.00 149.50
119.50 149.50
119.00 149.50
118.50 149.50
118.00 149.50
117.50 149.50
117.00 149.50
116.50 149.50
116.00 149.00
115.50 149.00
115.00 149.00
114.50 148.50
114.00 148.50
113.50 148.50
113.00 148.00
112.50 147.50
112.00 147.50
111.50 147.00
111.00 146.50
110.50 146.00
110.00 145.50
109.50 145.00
109.00 144.50
108.50 144.00
108.00 143.50
108.00 143.00
107.50 142.50
107.00 142.00
107.00 141.50
106.50 141.00
106.50 140.50
106.00 140.00
105.50 139.50
105.50 139.00
105.50 138.50
105.00 138.00
105.00 137.50
105.00 137.00
104.50 136.50
104.50 136.00
104.50 135.50
104.00 135.00
104.00 134.50
104.00 134.00
103.50 133.50
103.50 133.00
103.50 132.50
103.50 132.00
103.50 131.50
103.00 131.00
103.00 130.50
103.00 130.00
103.00 129.50
103.00 129.00
102.50 128.50
102.50 128.00
102.50 127.50
102.50 127.00
102.50 126.50
102.50 126.00
102.50 125.50
102.50 125.00
102.50 124.50
102.50 124.00
102.50 123.50
102.50 123.00
102.50 122.50
102.50 122.00
102.50 121.50
102.50 121.00
102.50 120.50
103.00 120.00
103.00 119.50
103.00 119.00
103.00 118.50
103.50 118.00
103.50 117.50
103.50 117.00
104.00 116.50
104.00 116.00
104.50 115.50
104.50 115.00
105.00 114.50
105.50 114.00
105.50 113.50
106.00 113.00
106.50 112.50
107.00 112.00
107.50 111.50
108.00 111.00
108.50 110.50
109.00 110.00
109.50 109.50
110.00 109.00
110.50 108.50
111.00 108.50
111.50 108.00
112.00 108.00
112.50 107.50
113.00 107.50
113.50 107.00
114.00 107.00
114.50 106.50
115.00 106.50
115.50 106.50
116.00 106.00
116.50 106.00
117.00 106.00
117.50 105.50
118.00 105.50
118.50 105.50
119.00 105.50
119.50 105.50
120.00 105.00
120.50 105.00
121.00 105.00
121.50 105.00
122.00 105.00
122.50 105.00
123.00 105.00
123.50 105.00
124.00 105.00
124.50 105.00
125.00 105.00
125.50 105.00
126.00 105.00
126.50 105.50
127.00 105.50
127.50 105.50
128.00 105.50
128.50 105.50
129.00 106.00
