122.50 137.50
122.00 137.50
121.50 137.00
121.00 137.00
120.50 137.00
120.00 136.50
119.50 136.50
119.00 136.00
118.50 135.50
118.00 135.50
117.50 135.00
117.00 134.50
116.50 134.00
116.50 133.50
116.00 133.00
116.00 132.50
115.50 132.00
115.50 131.50
115.50 131.00
115.50 130.50
115.00 130.00
115.00 129.50
115.00 129.00
115.00 128.50
115.50 128.00
115.50 127.50
115.50 127.00
116.00 126.50
116.00 126.00
116.00 125.50
116.50 125.00
117.00 124.50
117.00 124.00
117.50 123.50
117.50 123.00
118.00 122.50
118.50 122.00
118.50 121.50
119.00 121.00
119.50 120.50
119.50 120.00
120.00 119.50
120.50 119.00
121.00 118.50
121.50 118.00
122.00 118.00
122.50 117.50
123.00 117.50
123.50 117.00
124.00 117.00
124.50 117.00
125.00 117.00
125.50 117.00
126.00 117.00
126.50 117.00
127.00 117.00
127.50 117.00
128.00 117.50
128.50 117.50
129.00 117.50
129.50 117.50
130.00 118.00
130.50 118.50
131.00 118.50
131.50 119.00
132.00 119.50
132.50 120.00
133.00 120.50
133.50 121.00
133.50 121.50
134.00 122.00
134.00 122.50
134.50 123.00
134.50 123.50
135.00 124.00
135.00 124.50
135.00 125.00
135.00 125.50
135.00 126.00
135.00 126.50
135.00 127.00
134.50 127.50
134.50 128.00
134.50 128.50
134.50 129.00
134.50 129.50
134.50 130.00
134.00 130.50
134.00 131.00
133.50 131.50
133.50 132.00
133.50 132.50
133.00 133.00
133.00 133.50
132.50 134.00
132.00 134.50
131.50 135.00
131.00 135.50
130.50 136.00
130.00 136.50
129.50 136.50
129.00 137.00
128.50 137.50
128.00 137.50
127.50 137.50
127.00 138.00
126.50 138.00
126.00 138.00
125.50 138.00
125.00 138.00
124.50 138.00
124.00 138.00
123.50 137.50
123.00 137.50
