110.00 134.00
110.00 133.50
110.00 133.00
110.00 132.50
110.00 132.00
110.00 131.50
110.00 131.00
109.50 130.50
109.50 130.00
109.50 129.50
109.50 129.00
109.50 128.50
110.00 128.00
110.00 127.50
110.00 127.00
110.00 126.50
110.00 126.00
110.00 125.50
110.50 125.00
110.50 124.50
110.50 124.00
111.00 123.50
111.50 123.00
111.50 122.50
112.00 122.00
112.50 121.50
113.00 121.00
113.50 120.50
114.00 120.00
114.50 119.50
115.00 119.00
115.50 118.50
116.00 118.00
116.50 117.50
116.50 117.00
116.50 116.50
117.00 116.00
117.00 115.50
117.00 115.00
117.00 114.50
117.00 114.00
117.00 113.50
117.00 113.00
117.00 112.50
117.00 112.00
117.00 111.50
117.50 111.00
118.00 111.00
118.50 110.50
119.00 110.50
119.50 110.50
120.00 110.50
120.50 110.00
121.00 110.00
121.50 110.00
122.00 109.50
122.50 109.50
123.00 109.50
123.50 109.50
124.00 109.50
124.50 109.50
125.00 110.00
125.50 110.00
126.00 110.00
126.50 110.00
127.00 110.00
127.50 110.50
128.00 110.50
128.50 110.50
129.00 110.50
129.50 110.50
130.00 110.50
130.50 111.00
131.00 111.00
131.50 111.00
132.00 111.00
132.50 111.00
133.00 111.50
133.50 111.50
134.00 111.50
134.50 112.00
135.00 112.00
135.50 112.00
136.00 112.50
136.50 113.00
137.00 113.00
137.50 113.50
138.00 114.00
138.50 114.00
139.00 114.50
139.50 115.00
140.00 115.50
140.50 115.50
141.00 116.00
141.50 116.50
141.50 117.00
142.00 117.50
142.50 118.00
143.00 118.50
143.50 119.00
143.50 119.50
144.00 120.00
144.50 120.50
144.50 121.00
144.50 121.50
145.00 122.00
145.00 122.50
145.50 123.00
145.50 123.50
146.00 124.00
146.00 124.50
146.00 125.00
146.50 125.50
146.50 126.00
146.50 126.50
147.00 127.00
147.00 127.50
147.00 128.00
147.50 128.50
147.50 129.00
147.50 129.50
147.50 130.00
147.50 130.50
147.50 131.00
148.00 131.50
148.00 132.00
148.00 132.50
148.00 133.00
148.00 133.50
148.00 134.00
148.00 134.50
148.00 135.00
147.50 135.50
147.50 136.00
147.50 136.50
147.50 137.00
147.00 137.50
147.00 138.00
146.50 138.50
146.50 139.00
146.00 139.50
145.50 140.00
145.50 140.50
145.00 141.00
144.50 141.50
144.00 142.00
143.50 142.50
143.00 142.50
142.50 143.00
142.00 143.50
141.50 144.00
141.00 144.00
140.50 144.50
140.00 145.00
139.50 145.00
139.00 145.50
138.50 146.00
138.00 146.00
137.50 146.00
137.00 146.50
136.50 147.00
136.00 147.00
135.50 147.00
135.00 147.50
134.50 147.50
134.00 147.50
133.50 148.00
133.00 148.00
132.50 148.00
132.00 148.50
131.50 148.50
131.00 148.50
130.50 148.50
130.00 148.50
129.50 149.00
129.00 149.00
128.50 149.00
128.00 149.00
127.50 149.00
127.00 149.00
126.50 149.00
126.00 149.00
125.50 149.00
125.00 149.00
124.50 149.00
124.00 149.00
123.50 149.00
123.00 149.00
122.50 149.00
122.00 149.00
121.50 149.00
121.00 148.50
120.50 148.50
120.00 148.50
119.50 148.50
119.00 148.00
118.50 148.00
118.00 148.00
117.50 147.50
117.00 147.50
116.50 147.00
116.00 147.00
115.50 146.50
115.00 146.50
114.50 146.00
114.00 145.50
113.50 145.00
113.00 145.00
112.50 144.50
112.50 144.00
112.00 143.50
111.50 143.00
111.50 142.50
111.00 142.00
111.00 141.50
110.50 141.00
110.50 140.50
110.50 140.00
110.50 139.50
110.00 139.00
110.00 138.50
110.00 138.00
110.00 137.50
110.00 137.00
110.00 136.50
110.00 136.00
110.00 135.50
110.00 135.00
110.00 134.50
