113.50 121.50
114.00 121.00
114.50 120.50
114.50 120.00
115.00 119.50
115.50 119.00
116.00 119.00
116.50 118.50
117.00 118.00
117.50 118.00
118.00 118.00
118.50 118.00
119.00 118.00
119.50 118.50
120.00 118.50
120.50 118.50
121.00 119.00
121.50 119.00
122.00 119.00
122.50 119.00
123.00 119.00
123.50 119.00
124.00 119.50
124.50 119.50
125.00 119.50
125.50 120.00
126.00 120.50
126.50 121.00
127.00 121.00
127.50 121.50
127.50 122.00
128.00 122.50
128.00 123.00
128.00 123.50
128.50 124.00
128.50 124.50
129.00 125.00
129.00 125.50
129.00 126.00
129.00 126.50
129.00 127.00
129.00 127.50
129.00 128.00
129.00 128.50
129.00 129.00
129.00 129.50
129.00 130.00
128.50 130.50
128.50 131.00
128.50 131.50
128.00 132.00
127.50 132.50
127.00 133.00
126.50 133.50
126.00 133.50
125.50 134.00
125.00 134.50
124.50 134.50
124.00 134.50
123.50 135.00
123.00 135.00
122.50 135.50
122.00 135.50
121.50 136.00
121.00 136.00
120.50 136.00
120.00 136.00
119.50 136.50
119.00 136.50
118.50 136.50
118.00 136.50
117.50 136.50
117.00 136.50
116.50 136.50
116.00 136.50
115.50 136.50
115.00 136.00
114.50 136.00
114.00 135.50
113.50 135.50
113.00 135.00
112.50 134.50
112.00 134.00
111.50 133.50
111.50 133.00
111.00 132.50
111.00 132.00
111.00 131.50
110.50 131.00
110.50 130.50
110.50 130.00
110.50 129.50
110.50 129.00
110.50 128.50
110.50 128.00
110.50 127.50
111.00 127.00
111.00 126.50
111.00 126.00
111.50 125.50
111.50 125.00
111.50 124.50
112.00 124.00
112.50 123.50
112.50 123.00
113.00 122.50
113.00 122.00
