137.50 125.50
137.00 125.50
136.50 125.50
136.00 125.50
135.50 125.50
135.00 125.00
134.50 125.00
134.00 124.50
133.50 124.00
133.50 123.50
133.00 123.00
132.50 122.50
132.00 122.50
131.50 122.50
131.00 122.50
130.50 123.00
130.00 123.50
129.50 123.50
129.00 124.00
128.50 124.00
128.00 124.50
127.50 124.50
127.00 124.50
126.50 124.00
126.50 123.50
126.00 123.00
126.00 122.50
126.00 122.00
126.00 121.50
126.00 121.00
126.00 120.50
126.00 120.00
126.00 119.50
126.50 119.00
127.00 118.50
127.50 118.50
128.00 118.00
128.50 118.00
129.00 118.00
129.50 117.50
130.00 117.50
130.50 117.50
131.00 117.50
131.50 117.00
132.00 117.00
132.50 117.00
133.00 117.00
133.50 117.00
134.00 117.00
134.50 117.00
135.00 117.00
135.50 117.50
136.00 117.50
136.50 117.50
137.00 118.00
137.50 118.00
138.00 118.50
138.50 119.00
139.00 119.50
139.00 120.00
138.50 120.50
138.00 121.00
137.50 121.50
137.00 121.50
136.50 122.00
136.00 122.00
135.50 122.50
135.50 123.00
136.00 123.50
136.50 123.50
137.00 123.50
137.50 123.50
138.00 124.00
138.00 124.50
138.00 125.00
137.50 125.50
