115.50 125.50
116.00 125.00
116.50 125.00
117.00 124.50
117.50 124.00
118.00 124.00
118.50 124.00
119.00 123.50
119.50 123.50
120.00 123.50
120.50 123.50
121.00 123.50
121.50 123.50
122.00 123.50
122.50 124.00
123.00 124.00
123.50 124.00
124.00 124.50
124.50 125.00
125.00 125.50
125.00 126.00
125.50 126.50
125.50 127.00
125.50 127.50
125.50 128.00
125.50 128.50
125.50 129.00
125.50 129.50
125.50 130.00
125.50 130.50
125.00 131.00
125.00 131.50
125.00 132.00
125.00 132.50
124.50 133.00
124.50 133.50
124.00 134.00
123.50 134.50
123.00 135.00
122.50 135.50
122.00 136.00
121.50 136.00
121.00 136.00
120.50 135.50
120.00 135.50
119.50 135.00
119.00 134.50
118.50 134.00
118.00 133.50
117.50 133.00
117.00 132.50
116.50 132.00
116.00 131.50
115.50 131.00
115.00 130.50
114.50 130.00
114.50 129.50
114.00 129.00
114.00 128.50
114.00 128.00
114.00 127.50
114.50 127.00
114.50 126.50
115.00 126.00
