111.00 120.50
111.50 120.00
111.50 119.50
112.00 119.00
112.50 118.50
113.00 118.00
113.50 117.50
114.00 117.00
114.50 117.00
115.00 116.50
115.50 116.50
116.00 116.00
116.50 116.00
117.00 115.50
117.50 115.50
118.00 115.50
118.50 115.00
119.00 115.00
119.50 115.00
120.00 115.00
120.50 114.50
121.00 114.50
121.50 114.50
122.00 114.50
122.50 114.50
123.00 114.50
123.50 114.50
124.00 114.50
124.50 114.50
125.00 114.50
125.50 114.50
126.00 114.50
126.50 114.50
127.00 115.00
127.50 115.00
128.00 115.00
128.50 115.50
129.00 115.50
129.50 116.00
130.00 116.00
130.50 116.50
131.00 117.00
131.50 117.50
132.00 118.00
132.00 118.50
132.50 119.00
133.00 119.50
133.00 120.00
133.00 120.50
133.00 121.00
133.50 121.50
133.50 122.00
133.50 122.50
134.00 123.00
134.00 123.50
134.00 124.00
134.00 124.50
134.00 125.00
134.50 125.50
134.50 126.00
134.50 126.50
134.50 127.00
134.50 127.50
135.00 128.00
135.00 128.50
135.00 129.00
135.00 129.50
135.00 130.00
135.00 130.50
135.00 131.00
135.50 131.50
135.50 132.00
135.50 132.50
135.50 133.00
135.50 133.50
135.50 134.00
135.00 134.50
135.00 135.00
135.00 135.50
134.50 136.00
134.50 136.50
134.00 137.00
134.00 137.50
133.50 138.00
133.00 138.50
132.50 138.50
132.00 139.00
131.50 139.50
131.00 139.50
130.50 140.00
130.00 140.00
129.50 140.50
129.00 141.00
128.50 141.00
128.00 141.50
127.50 141.50
127.00 141.50
126.50 142.00
126.00 142.00
125.50 142.00
125.00 142.50
124.50 142.50
124.00 143.00
123.50 143.00
123.00 143.00
122.50 143.00
122.00 143.00
121.50 143.00
121.00 143.00
120.50 143.00
120.00 143.00
119.50 142.50
119.00 142.50
118.50 142.00
118.00 142.00
117.50 141.50
117.00 141.50
116.50 141.00
116.00 140.50
115.50 140.50
115.00 140.00
114.50 139.50
114.50 139.00
114.00 138.50
113.50 138.50
113.00 138.00
112.50 137.50
112.50 137.00
112.00 136.50
112.00 136.00
111.50 135.50
111.50 135.00
111.00 134.50
111.00 134.00
111.00 133.50
111.00 133.00
110.50 132.50
110.50 132.00
110.50 131.50
110.50 131.00
110.50 130.50
110.50 130.00
110.50 129.50
110.50 129.00
110.50 128.50
110.50 128.00
110.50 127.50
110.50 127.00
110.50 126.50
110.50 126.00
110.50 125.50
110.50 125.00
110.50 124.50
110.50 124.00
110.50 123.50
110.50 123.00
110.50 122.50
110.50 122.00
110.50 121.50
111.00 121.00
