112.00 122.50
112.50 122.00
113.00 122.00
113.50 121.50
114.00 121.50
114.50 121.00
115.00 121.00
115.50 121.00
116.00 120.50
116.50 120.50
117.00 120.50
117.50 120.50
118.00 120.00
118.50 120.00
119.00 120.00
119.50 120.00
120.00 120.00
120.50 120.00
121.00 120.00
121.50 120.00
122.00 120.00
122.50 120.00
123.00 120.00
123.50 120.00
124.00 120.00
124.50 120.00
125.00 120.00
125.50 120.00
126.00 120.00
126.50 120.50
127.00 120.50
127.50 121.00
128.00 121.00
128.50 121.50
129.00 122.00
129.50 122.50
130.00 123.00
130.00 123.50
130.50 124.00
130.50 124.50
131.00 125.00
131.00 125.50
131.50 126.00
131.50 126.50
131.50 127.00
131.50 127.50
132.00 128.00
132.00 128.50
132.00 129.00
132.00 129.50
132.00 130.00
132.00 130.50
132.00 131.00
132.00 131.50
132.00 132.00
132.00 132.50
132.00 133.00
132.00 133.50
131.50 134.00
131.50 134.50
131.50 135.00
131.00 135.50
130.50 136.00
130.00 136.50
129.50 137.00
129.00 137.50
128.50 137.50
128.00 138.00
127.50 138.00
127.00 138.00
126.50 138.00
126.00 138.50
125.50 138.50
125.00 138.50
124.50 138.50
124.00 138.50
123.50 138.50
123.00 138.50
122.50 138.50
122.00 138.50
121.50 138.50
121.00 138.50
120.50 138.50
120.00 138.00
119.50 138.00
119.00 138.00
118.50 137.50
118.00 137.50
117.50 137.50
117.00 137.00
116.50 137.00
116.00 136.50
115.50 136.00
115.00 135.50
114.50 135.00
114.50 134.50
114.00 134.00
113.50 133.50
113.50 133.00
113.00 132.50
112.50 132.00
112.50 131.50
112.00 131.00
112.00 130.50
111.50 130.00
111.00 129.50
111.00 129.00
110.50 128.50
110.00 128.00
110.00 127.50
109.50 127.00
109.50 126.50
109.50 126.00
109.50 125.50
109.50 125.00
110.00 124.50
110.50 124.00
111.00 123.50
111.50 123.00
