127.00 117.00
127.50 117.00
128.00 116.50
128.50 116.50
129.00 116.50
129.50 116.50
130.00 116.50
130.50 116.50
131.00 116.50
131.50 117.00
132.00 117.00
132.50 117.00
133.00 117.50
133.50 118.00
134.00 118.00
134.50 118.50
135.00 118.50
135.50 119.00
136.00 119.50
136.50 120.00
136.50 120.50
136.50 121.00
136.50 121.50
136.00 122.00
135.50 122.50
135.00 122.50
134.50 122.50
134.00 122.50
133.50 123.00
133.00 123.00
132.50 123.00
132.00 123.00
131.50 123.00
131.00 123.00
130.50 123.50
130.00 123.50
129.50 123.50
129.00 123.50
128.50 123.50
128.00 123.50
127.50 123.00
127.00 123.00
126.50 122.50
126.00 122.00
126.00 121.50
125.50 121.00
125.50 120.50
125.50 120.00
125.50 119.50
125.50 119.00
126.00 118.50
126.00 118.00
126.50 117.50
