118.50 119.50
119.00 119.00
119.50 119.00
120.00 118.50
120.50 118.50
121.00 118.50
121.50 118.00
122.00 118.00
122.50 118.00
123.00 118.00
123.50 117.50
124.00 117.50
124.50 117.50
125.00 117.50
125.50 117.50
126.00 117.50
126.50 117.50
127.00 117.50
127.50 117.50
128.00 118.00
128.50 118.00
129.00 118.00
129.50 118.00
130.00 118.50
130.50 118.50
131.00 119.00
131.50 119.00
132.00 119.50
132.50 120.00
133.00 120.50
133.50 120.50
134.00 121.00
134.00 121.50
134.50 122.00
135.00 122.50
135.00 123.00
135.50 123.50
135.50 124.00
135.50 124.50
136.00 125.00
136.00 125.50
136.00 126.00
136.50 126.50
136.00 127.00
136.00 127.50
136.50 128.00
136.50 128.50
136.50 129.00
136.50 129.50
136.50 130.00
136.50 130.50
137.00 131.00
137.00 131.50
137.00 132.00
136.50 132.50
136.50 133.00
136.50 133.50
136.50 134.00
136.50 134.50
136.00 135.00
136.00 135.50
135.50 136.00
135.00 136.50
135.00 137.00
134.50 137.50
134.00 138.00
133.50 138.50
133.00 138.50
132.50 139.00
132.00 139.50
131.50 139.50
131.00 140.00
130.50 140.00
130.00 140.00
129.50 140.00
129.00 140.50
128.50 140.50
128.00 140.50
127.50 140.50
127.00 140.50
126.50 140.50
126.00 140.00
125.50 140.00
125.00 140.00
124.50 140.00
124.00 140.00
123.50 140.00
123.00 140.00
122.50 140.00
122.00 140.00
121.50 140.00
121.00 140.00
120.50 140.00
120.00 140.00
119.50 139.50
119.00 139.50
118.50 139.50
118.00 139.00
117.50 138.50
117.50 138.00
117.00 137.50
117.00 137.00
116.50 136.50
116.50 136.00
116.00 135.50
116.00 135.00
116.00 134.50
115.50 134.00
115.00 133.50
115.00 133.00
114.50 132.50
114.50 132.00
114.00 131.50
114.00 131.00
114.00 130.50
114.00 130.00
114.00 129.50
114.00 129.00
114.00 128.50
114.00 128.00
114.00 127.50
114.00 127.00
114.00 126.50
114.00 126.00
114.00 125.50
114.50 125.00
114.50 124.50
114.50 124.00
115.00 123.50
115.50 123.00
115.50 122.50
115.50 122.00
116.00 121.50
116.50 121.00
117.00 121.00
117.50 120.50
118.00 120.00
118.50 119.50
