118.00 136.00
117.50 135.50
117.00 135.00
116.50 135.00
116.00 134.50
115.50 134.00
115.00 133.50
114.50 133.00
114.50 132.50
114.50 132.00
114.00 131.50
114.00 131.00
114.00 130.50
114.50 130.00
114.50 129.50
114.50 129.00
114.50 128.50
114.50 128.00
115.00 127.50
115.00 127.00
115.50 126.50
115.50 126.00
115.50 125.50
116.00 125.00
116.00 124.50
116.50 124.00
116.50 123.50
116.50 123.00
117.00 122.50
117.50 122.00
118.00 121.50
118.50 121.00
119.00 120.50
119.50 120.50
120.00 120.50
120.50 120.50
121.00 120.00
121.50 120.00
122.00 120.00
122.50 120.00
123.00 120.50
123.50 120.50
124.00 120.50
124.50 120.50
125.00 121.00
125.50 121.00
126.00 121.50
126.50 121.50
127.00 121.50
127.50 122.00
128.00 122.00
128.50 122.50
129.00 123.00
129.00 123.50
129.50 124.00
130.00 124.50
130.50 125.00
130.50 125.50
131.00 126.00
131.00 126.50
131.00 127.00
130.50 127.50
130.50 128.00
130.50 128.50
130.50 129.00
130.50 129.50
130.50 130.00
130.00 130.50
130.00 131.00
130.00 131.50
130.00 132.00
129.50 132.50
129.50 133.00
129.50 133.50
129.00 134.00
128.50 134.50
128.00 135.00
127.50 135.50
127.00 136.00
126.50 136.00
126.00 136.50
125.50 136.50
125.00 136.50
124.50 137.00
124.00 137.00
123.50 137.00
123.00 137.00
122.50 137.00
122.00 137.00
121.50 136.50
121.00 136.50
120.50 136.50
120.00 136.00
119.50 136.00
119.00 136.00
118.50 136.00
