137.00 125.50
137.00 125.00
137.00 124.50
137.00 124.00
137.00 123.50
137.00 123.00
137.00 122.50
137.00 122.00
137.00 121.50
137.00 121.00
137.00 120.50
137.00 120.00
137.00 119.50
137.00 119.00
137.00 118.50
137.50 118.00
138.00 117.50
138.50 117.00
139.00 117.00
139.50 117.00
140.00 117.00
140.50 117.00
141.00 117.00
141.50 117.00
142.00 117.00
142.50 117.00
143.00 117.50
143.50 117.50
144.00 117.50
144.50 118.00
145.00 118.50
145.50 118.50
146.00 119.00
146.50 119.50
147.00 119.50
147.50 120.00
148.00 120.50
148.00 121.00
148.50 121.50
148.50 122.00
148.50 122.50
148.50 123.00
148.50 123.50
148.00 124.00
148.00 124.50
147.50 125.00
147.00 125.50
146.50 126.00
146.00 126.00
145.50 126.00
145.00 126.50
144.50 126.50
144.00 126.50
143.50 127.00
143.00 127.00
142.50 127.00
142.00 127.00
141.50 127.00
141.00 127.00
140.50 127.00
140.00 127.00
139.50 127.00
139.00 127.00
138.50 126.50
138.00 126.50
137.50 126.00
