142.00 141.00
142.50 140.50
143.00 140.50
143.50 140.50
144.00 140.50
144.50 140.50
145.00 140.50
145.50 141.00
146.00 141.00
146.50 141.50
147.00 142.00
147.50 142.50
148.00 143.00
148.50 143.50
148.50 144.00
149.00 144.50
149.50 145.00
149.50 145.50
149.50 146.00
149.00 146.50
148.50 147.00
148.00 147.00
147.50 147.00
147.00 147.50
146.50 147.50
146.00 147.50
145.50 147.50
145.00 147.50
144.50 147.50
144.00 148.00
143.50 148.00
143.00 148.00
142.50 148.00
142.00 147.50
141.50 147.50
141.00 147.50
140.50 147.00
140.00 147.00
139.50 146.50
139.00 146.00
138.50 145.50
138.50 145.00
138.50 144.50
138.50 144.00
139.00 143.50
139.00 143.00
139.50 142.50
140.00 142.00
140.50 142.00
141.00 141.50
141.50 141.00
