123.00 142.50
122.50 142.00
122.00 141.50
121.50 141.50
121.00 141.00
120.50 140.50
120.00 140.00
120.00 139.50
119.50 139.00
119.00 138.50
119.00 138.00
119.00 137.50
118.50 137.00
118.50 136.50
118.00 136.00
118.00 135.50
118.00 135.00
118.00 134.50
117.50 134.00
117.50 133.50
117.00 133.00
117.00 132.50
116.50 132.00
116.00 132.00
115.50 131.50
115.50 131.00
115.50 130.50
115.50 130.00
115.50 129.50
115.50 129.00
115.50 128.50
115.50 128.00
115.50 127.50
115.50 127.00
115.50 126.50
116.00 126.00
116.00 125.50
116.00 125.00
116.00 124.50
116.00 124.00
116.50 123.50
116.50 123.00
116.50 122.50
117.00 122.00
117.00 121.50
117.50 121.00
117.50 120.50
117.50 120.00
118.00 119.50
118.50 119.00
118.50 118.50
119.00 118.00
119.50 117.50
120.00 117.00
120.50 116.50
121.00 116.00
121.50 116.00
122.00 115.50
122.50 115.00
123.00 115.00
123.50 114.50
124.00 114.50
124.50 114.00
125.00 114.00
125.50 113.50
126.00 113.50
126.50 113.50
127.00 113.50
127.50 113.50
128.00 113.00
128.50 113.00
129.00 113.00
129.50 113.00
130.00 113.00
130.50 113.00
131.00 113.00
131.50 113.00
132.00 113.00
132.50 113.00
133.00 113.00
133.50 113.00
134.00 113.00
134.50 113.00
135.00 113.00
135.50 113.50
136.00 113.50
136.50 113.50
137.00 114.00
137.50 114.00
138.00 114.00
138.50 114.50
139.00 114.50
139.50 115.00
140.00 115.50
140.50 116.00
141.00 116.00
141.50 116.50
142.00 116.50
142.50 117.00
142.50 117.50
143.00 118.00
143.50 118.50
144.00 119.00
144.50 119.50
144.50 120.00
145.00 120.50
145.00 121.00
145.50 121.50
145.50 122.00
146.00 122.50
145.50 123.00
145.00 123.50
145.50 124.00
145.50 124.50
145.50 125.00
146.00 125.50
146.00 126.00
146.00 126.50
146.00 127.00
146.00 127.50
146.00 128.00
146.00 128.50
146.00 129.00
146.00 129.50
146.00 130.00
146.00 130.50
146.00 131.00
146.50 131.50
146.50 132.00
146.50 132.50
146.50 133.00
146.50 133.50
146.50 134.00
146.00 134.50
146.00 135.00
145.50 135.50
145.50 136.00
145.00 136.50
145.00 137.00
144.50 137.50
144.00 138.00
143.50 138.50
143.00 139.00
142.50 139.50
142.00 140.00
141.50 140.00
141.00 140.50
140.50 140.50
140.00 141.00
139.50 141.00
139.00 141.50
138.50 141.50
138.00 142.00
137.50 142.00
137.00 142.50
136.50 142.50
136.00 142.50
135.50 143.00
135.00 143.00
134.50 143.00
134.00 143.00
133.50 143.50
133.00 143.50
132.50 143.50
132.00 143.50
131.50 143.50
131.00 143.50
130.50 144.00
130.00 144.00
129.50 144.00
129.00 144.00
128.50 144.00
128.00 144.00
127.50 144.00
127.00 144.00
126.50 144.00
126.00 144.00
125.50 144.00
125.00 144.00
124.50 144.00
124.00 144.00
123.50 143.50
123.50 143.00
