133.00 138.50
133.50 138.00
133.50 137.50
134.00 137.00
134.50 136.50
135.00 136.00
135.50 135.50
136.00 135.00
136.50 134.50
137.00 134.00
137.50 133.50
138.00 133.50
138.50 133.50
139.00 134.00
139.00 134.50
139.50 135.00
139.50 135.50
139.50 136.00
139.50 136.50
139.50 137.00
139.00 137.50
139.00 138.00
138.50 138.50
138.50 139.00
138.00 139.50
137.50 140.00
137.50 140.50
137.00 141.00
137.00 141.50
136.50 142.00
136.00 142.50
135.50 142.50
135.00 142.50
134.50 142.50
134.00 142.50
133.50 142.00
133.00 141.50
133.00 141.00
133.00 140.50
133.00 140.00
133.00 139.50
133.00 139.00
