143.00 135.00
143.50 135.00
144.00 134.50
144.50 134.00
145.00 134.00
145.50 134.00
146.00 133.50
146.50 133.50
147.00 133.50
147.50 133.50
148.00 134.00
148.50 134.00
149.00 134.50
149.50 135.00
149.50 135.50
149.50 136.00
149.50 136.50
149.00 137.00
149.00 137.50
149.00 138.00
149.00 138.50
148.50 139.00
148.00 139.50
148.00 140.00
147.50 140.50
147.00 141.00
146.50 141.50
146.00 142.00
145.50 142.00
145.00 142.50
144.50 142.50
144.00 143.00
143.50 143.00
143.00 143.00
142.50 143.00
142.00 143.00
141.50 143.00
141.00 143.00
140.50 142.50
140.00 142.00
139.50 141.50
139.50 141.00
139.00 140.50
139.00 140.00
139.00 139.50
139.00 139.00
139.00 138.50
139.00 138.00
139.00 137.50
139.50 137.00
140.00 137.00
140.50 136.50
141.00 136.50
141.50 136.00
142.00 136.00
142.50 135.50
