115.00 135.00
115.00 134.50
114.50 134.00
114.50 133.50
114.50 133.00
114.00 132.50
114.00 132.00
114.00 131.50
113.50 131.00
113.50 130.50
113.50 130.00
113.50 129.50
113.00 129.00
113.00 128.50
113.00 128.00
113.00 127.50
113.00 127.00
113.00 126.50
113.00 126.00
113.00 125.50
113.00 125.00
113.00 124.50
113.00 124.00
113.00 123.50
113.00 123.00
113.50 122.50
113.50 122.00
113.50 121.50
113.50 121.00
114.00 120.50
114.00 120.00
114.00 119.50
114.50 119.00
114.50 118.50
115.00 118.00
115.00 117.50
115.50 117.00
115.50 116.50
116.00 116.00
116.50 115.50
117.00 115.00
117.50 114.50
118.00 114.00
118.50 114.00
119.00 113.50
119.50 113.00
120.00 112.50
120.50 112.50
121.00 112.50
121.50 112.00
122.00 112.00
122.50 112.00
123.00 111.50
123.50 111.50
124.00 111.50
124.50 111.50
125.00 111.00
125.50 111.00
126.00 111.00
126.50 111.00
127.00 110.50
127.50 110.50
128.00 110.50
128.50 110.50
129.00 110.50
129.50 110.50
130.00 110.50
130.50 110.50
131.00 110.50
131.50 110.50
132.00 110.50
132.50 110.50
133.00 110.50
133.50 110.50
134.00 110.50
134.50 110.50
135.00 110.50
135.50 110.50
136.00 111.00
136.50 111.00
137.00 111.00
137.50 111.50
138.00 111.50
138.50 112.00
139.00 112.00
139.50 112.50
140.00 113.00
140.50 113.00
141.00 113.50
141.50 114.00
142.00 114.50
142.50 114.50
143.00 115.00
143.50 115.50
143.50 116.00
144.00 116.50
144.50 117.00
144.50 117.50
145.00 118.00
145.00 118.50
145.50 119.00
145.50 119.50
145.50 120.00
146.00 120.50
146.00 121.00
146.50 121.50
146.50 122.00
146.50 122.50
146.50 123.00
146.50 123.50
147.00 124.00
147.00 124.50
147.00 125.00
147.00 125.50
147.00 126.00
147.00 126.50
147.00 127.00
147.00 127.50
147.00 128.00
147.00 128.50
147.00 129.00
147.00 129.50
147.00 130.00
147.00 130.50
147.00 131.00
147.00 131.50
146.50 132.00
146.50 132.50
146.50 133.00
146.50 133.50
146.50 134.00
146.00 134.50
146.00 135.00
145.50 135.50
145.00 136.00
145.00 136.50
144.50 137.00
144.00 137.50
143.50 138.00
143.00 138.00
142.50 138.50
142.00 139.00
141.50 139.50
141.00 139.50
140.50 140.00
140.00 140.50
139.50 140.50
139.00 141.00
138.50 141.00
138.00 141.00
137.50 141.50
137.00 142.00
136.50 142.00
136.00 142.00
135.50 142.50
135.00 142.50
134.50 142.50
134.00 143.00
133.50 143.00
133.00 143.50
132.50 143.50
132.00 143.50
131.50 143.50
131.00 144.00
130.50 144.00
130.00 144.00
129.50 144.00
129.00 144.00
128.50 144.00
128.00 144.00
127.50 144.00
127.00 144.00
126.50 144.00
126.00 144.00
125.50 143.50
125.00 143.50
124.50 143.50
124.00 143.00
123.50 143.00
123.00 143.00
122.50 142.50
122.00 142.50
121.50 142.00
121.00 142.00
120.50 141.50
120.00 141.00
119.50 140.50
119.00 140.00
118.50 139.50
118.00 139.00
117.50 138.50
117.00 138.00
117.00 137.50
116.50 137.00
116.00 136.50
115.50 136.00
115.50 135.50
