119.00 151.50
119.00 151.00
118.50 150.50
118.50 150.00
118.00 149.50
118.00 149.00
118.00 148.50
117.50 148.00
117.50 147.50
117.00 147.00
117.00 146.50
117.00 146.00
116.50 145.50
116.50 145.00
116.00 144.50
116.00 144.00
116.00 143.50
115.50 143.00
115.50 142.50
115.50 142.00
115.00 141.50
115.00 141.00
114.50 140.50
114.50 140.00
114.00 139.50
114.00 139.00
114.00 138.50
113.50 138.00
113.50 137.50
113.00 137.00
113.00 136.50
113.00 136.00
112.50 135.50
112.50 135.00
112.50 134.50
112.00 134.00
112.00 133.50
111.50 133.00
111.50 132.50
111.50 132.00
111.00 131.50
111.00 131.00
111.00 130.50
111.00 130.00
110.50 129.50
110.50 129.00
110.50 128.50
110.50 128.00
110.50 127.50
110.00 127.00
110.00 126.50
110.00 126.00
110.00 125.50
110.00 125.00
110.00 124.50
110.00 124.00
110.00 123.50
110.00 123.00
110.00 122.50
110.00 122.00
110.00 121.50
110.00 121.00
110.00 120.50
110.00 120.00
110.50 119.50
110.50 119.00
110.50 118.50
110.50 118.00
111.00 117.50
111.00 117.00
111.00 116.50
111.50 116.00
111.50 115.50
112.00 115.00
112.00 114.50
112.50 114.00
113.00 113.50
113.50 113.00
113.50 112.50
114.00 112.00
114.50 111.50
115.00 111.00
115.50 111.00
116.00 110.50
116.50 110.00
117.00 110.00
117.50 109.50
118.00 109.50
118.50 109.00
119.00 109.00
119.50 108.50
120.00 108.50
120.50 108.50
121.00 108.00
121.50 108.00
122.00 108.00
122.50 108.00
123.00 108.00
123.50 107.50
124.00 107.50
124.50 107.50
125.00 107.50
125.50 107.50
126.00 107.50
126.50 107.50
127.00 107.50
127.50 107.50
128.00 107.50
128.50 107.50
129.00 107.50
129.50 107.50
130.00 107.50
130.50 107.50
131.00 107.50
131.50 107.50
132.00 107.50
132.50 107.50
133.00 107.50
133.50 108.00
134.00 108.00
134.50 108.00
135.00 108.00
135.50 108.00
136.00 108.00
136.50 108.50
137.00 108.50
137.50 108.50
138.00 109.00
138.50 109.00
139.00 109.00
139.50 109.00
140.00 109.50
140.50 109.50
141.00 109.50
141.50 110.00
142.00 110.00
142.50 110.50
143.00 110.50
143.50 110.50
144.00 111.00
144.50 111.50
145.00 111.50
145.50 112.00
146.00 112.00
146.50 112.50
147.00 113.00
147.50 113.00
148.00 113.50
148.50 114.00
149.00 114.00
149.50 114.50
149.50 115.00
150.00 115.50
150.50 116.00
151.00 116.50
151.50 117.00
152.00 117.50
152.50 118.00
152.50 118.50
153.00 119.00
153.50 119.50
153.50 120.00
154.00 120.50
154.00 121.00
154.50 121.50
154.50 122.00
155.00 122.50
155.00 123.00
155.00 123.50
155.50 124.00
155.50 124.50
155.50 125.00
156.00 125.50
156.00 126.00
156.00 126.50
156.00 127.00
156.50 127.50
156.50 128.00
156.50 128.50
156.50 129.00
157.00 129.50
157.00 130.00
157.00 130.50
157.00 131.00
157.50 131.50
157.50 132.00
157.50 132.50
157.50 133.00
157.50 133.50
157.50 134.00
157.50 134.50
157.50 135.00
157.50 135.50
157.50 136.00
157.50 136.50
157.50 137.00
157.00 137.50
157.00 138.00
157.00 138.50
157.00 139.00
157.00 139.50
156.50 140.00
156.50 140.50
156.50 141.00
156.00 141.50
156.00 142.00
155.50 142.50
155.50 143.00
155.00 143.50
155.00 144.00
155.00 144.50
154.50 145.00
154.50 145.50
154.00 146.00
153.50 146.50
153.50 147.00
153.50 147.50
153.00 148.00
152.50 148.50
152.00 149.00
152.00 149.50
151.50 150.00
151.00 150.50
150.50 151.00
150.00 151.50
149.50 152.00
149.00 152.50
148.50 153.00
148.00 153.50
147.50 154.00
147.00 154.00
146.50 154.50
146.00 155.00
145.50 155.00
145.00 155.50
144.50 156.00
144.00 156.00
143.50 156.00
143.00 156.50
142.50 156.50
142.00 157.00
141.50 157.00
141.00 157.50
140.50 157.50
140.00 157.50
139.50 158.00
139.00 158.00
138.50 158.00
138.00 158.00
137.50 158.50
137.00 158.50
136.50 158.50
136.00 158.50
135.50 158.50
135.00 158.50
134.50 158.50
134.00 158.50
133.50 159.00
133.00 159.00
132.50 159.00
132.00 158.50
131.50 158.50
131.00 158.50
130.50 158.50
130.00 158.50
129.50 158.50
129.00 158.50
128.50 158.00
128.00 158.00
127.50 158.00
127.00 158.00
126.50 157.50
126.00 157.50
125.50 157.00
125.00 157.00
124.50 157.00
124.00 156.50
123.50 156.00
123.00 156.00
122.50 155.50
122.00 155.00
121.50 154.50
121.00 154.50
120.50 154.00
120.00 153.50
120.00 153.00
119.50 152.50
119.50 152.00
