151.00 150.50
150.50 151.00
150.00 151.00
149.50 151.50
149.00 152.00
148.50 152.50
148.00 152.50
147.50 153.00
147.00 153.50
146.50 153.50
146.00 154.00
145.50 154.50
145.00 155.00
144.50 155.00
144.00 155.50
143.50 156.00
143.00 156.00
142.50 156.50
142.00 157.00
141.50 157.50
141.00 158.00
140.50 158.50
140.00 158.50
139.50 159.00
139.00 159.00
138.50 159.50
138.00 160.00
137.50 160.00
137.00 160.50
136.50 160.50
136.00 160.50
135.50 161.00
135.00 161.00
134.50 161.00
134.00 161.50
133.50 161.50
133.00 161.50
132.50 161.50
132.00 161.50
131.50 161.50
131.00 161.50
130.50 162.00
130.00 162.00
129.50 162.00
129.00 162.00
128.50 162.00
128.00 162.00
127.50 162.00
127.00 162.50
126.50 162.50
126.00 162.50
125.50 162.50
125.00 162.50
124.50 162.00
124.00 162.00
123.50 161.50
123.00 161.00
122.50 160.50
122.00 160.00
121.50 159.50
121.00 159.00
120.50 158.50
120.50 158.00
120.00 157.50
119.50 157.00
119.50 156.50
119.00 156.00
118.50 155.50
118.00 155.00
118.00 154.50
117.50 154.00
117.00 153.50
117.00 153.00
117.00 152.50
116.50 152.00
116.50 151.50
116.00 151.00
116.00 150.50
115.50 150.00
115.00 149.50
115.00 149.00
114.50 148.50
114.50 148.00
114.50 147.50
115.00 147.00
115.00 146.50
114.50 146.00
114.50 145.50
114.00 145.00
114.00 144.50
113.50 144.00
113.50 143.50
113.50 143.00
113.50 142.50
113.00 142.00
113.00 141.50
112.50 141.00
112.50 140.50
112.50 140.00
112.00 139.50
112.00 139.00
112.00 138.50
112.00 138.00
111.50 137.50
111.50 137.00
111.50 136.50
111.50 136.00
111.50 135.50
111.00 135.00
111.00 134.50
111.00 134.00
111.00 133.50
111.00 133.00
111.00 132.50
111.00 132.00
111.00 131.50
111.00 131.00
111.00 130.50
111.00 130.00
111.00 129.50
111.00 129.00
111.00 128.50
111.00 128.00
111.00 127.50
111.00 127.00
111.00 126.50
111.00 126.00
111.50 125.50
111.50 125.00
111.50 124.50
112.00 124.00
112.00 123.50
112.00 123.00
112.50 122.50
112.50 122.00
113.00 121.50
113.50 121.00
113.50 120.50
114.00 120.00
114.50 119.50
114.50 119.00
115.00 118.50
115.50 118.00
116.00 117.50
116.00 117.00
116.50 116.50
116.00 116.00
116.50 115.50
117.00 115.00
117.50 114.50
118.00 114.00
118.50 113.50
119.00 113.00
119.50 112.50
120.00 112.00
120.50 112.00
121.00 111.50
121.50 111.00
122.00 110.50
122.50 110.00
123.00 109.50
123.50 109.50
124.00 109.50
124.50 109.00
125.00 109.00
125.50 108.50
126.00 108.50
126.50 108.50
127.00 108.00
127.50 108.00
128.00 108.00
128.50 108.00
129.00 107.50
129.50 107.50
130.00 107.50
130.50 107.50
131.00 107.50
131.50 107.50
132.00 107.50
132.50 107.50
133.00 107.50
133.50 107.00
134.00 107.00
134.50 107.00
135.00 107.00
135.50 107.00
136.00 107.00
136.50 107.50
137.00 107.50
137.50 107.50
138.00 107.50
138.50 107.50
139.00 107.50
139.50 107.50
140.00 108.00
140.50 108.00
141.00 108.50
141.50 108.50
142.00 108.50
142.50 109.00
143.00 109.50
143.50 109.50
144.00 110.00
144.50 110.50
145.00 111.00
145.50 111.50
146.00 112.00
146.50 112.50
147.00 113.00
147.50 113.50
148.00 114.00
148.50 114.50
149.00 115.00
149.50 115.50
150.00 115.50
150.50 116.00
151.00 116.50
151.50 117.00
152.00 117.50
152.50 118.00
153.00 118.50
153.50 119.00
154.00 119.00
154.50 119.50
155.00 120.00
155.00 120.50
155.50 121.00
156.00 121.50
156.50 122.00
156.50 122.50
156.50 123.00
157.00 123.50
157.00 124.00
157.50 124.50
157.50 125.00
157.50 125.50
158.00 126.00
158.00 126.50
158.00 127.00
158.00 127.50
158.00 128.00
158.50 128.50
158.50 129.00
158.50 129.50
158.50 130.00
158.50 130.50
158.50 131.00
158.50 131.50
158.50 132.00
158.50 132.50
158.50 133.00
158.50 133.50
158.50 134.00
158.50 134.50
158.50 135.00
158.00 135.50
158.00 136.00
158.00 136.50
158.00 137.00
158.00 137.50
157.50 138.00
157.50 138.50
157.50 139.00
157.50 139.50
157.00 140.00
157.00 140.50
157.00 141.00
156.50 141.50
156.50 142.00
156.00 142.50
156.00 143.00
156.00 143.50
155.50 144.00
155.00 144.50
155.00 145.00
154.50 145.50
154.50 146.00
154.00 146.50
154.00 147.00
153.50 147.50
153.00 148.00
153.00 148.50
152.50 149.00
152.00 149.50
151.50 150.00
