119.50 132.50
119.50 132.00
119.50 131.50
119.00 131.00
119.00 130.50
119.00 130.00
119.00 129.50
119.00 129.00
119.00 128.50
119.00 128.00
119.00 127.50
119.00 127.00
119.00 126.50
119.00 126.00
119.00 125.50
119.00 125.00
119.00 124.50
119.00 124.00
119.50 123.50
119.50 123.00
119.50 122.50
119.50 122.00
119.50 121.50
120.00 121.00
120.00 120.50
120.50 120.00
120.50 119.50
120.50 119.00
121.00 118.50
121.50 118.00
121.50 117.50
122.00 117.00
122.50 116.50
123.00 116.00
123.50 116.00
124.00 115.50
124.50 115.00
125.00 115.00
125.50 115.00
126.00 114.50
126.50 114.50
127.00 114.50
127.50 114.50
128.00 114.50
128.50 114.00
129.00 114.00
129.50 114.00
130.00 114.00
130.50 114.00
131.00 114.00
131.50 114.00
132.00 114.00
132.50 114.00
133.00 114.00
133.50 114.00
134.00 114.00
134.50 114.00
135.00 114.00
135.50 114.00
136.00 114.00
136.50 114.00
137.00 114.00
137.50 114.50
138.00 114.50
138.50 115.00
139.00 115.00
139.50 115.50
140.00 115.50
140.50 116.00
141.00 116.00
141.50 116.50
142.00 117.00
142.00 117.50
142.50 118.00
143.00 118.50
143.00 119.00
143.50 119.50
144.00 120.00
144.00 120.50
144.50 121.00
144.50 121.50
144.50 122.00
145.00 122.50
145.00 123.00
145.50 123.50
145.50 124.00
145.50 124.50
145.50 125.00
146.00 125.50
146.00 126.00
146.00 126.50
146.00 127.00
146.00 127.50
146.00 128.00
146.00 128.50
146.00 129.00
146.00 129.50
146.00 130.00
145.50 130.50
145.50 131.00
145.50 131.50
145.50 132.00
145.00 132.50
145.00 133.00
145.00 133.50
144.50 134.00
144.50 134.50
144.00 135.00
143.50 135.50
143.50 136.00
143.00 136.50
142.50 137.00
142.00 137.50
142.00 138.00
141.50 138.50
141.00 139.00
140.50 139.00
140.00 139.50
139.50 139.50
139.00 140.00
138.50 140.00
138.00 140.50
137.50 140.50
137.00 140.50
136.50 141.00
136.00 141.00
135.50 141.00
135.00 141.00
134.50 141.00
134.00 141.00
133.50 141.50
133.00 141.50
132.50 141.50
132.00 141.50
131.50 141.50
131.00 141.50
130.50 141.50
130.00 141.50
129.50 141.50
129.00 141.50
128.50 141.50
128.00 141.50
127.50 141.50
127.00 141.50
126.50 141.50
126.00 141.50
125.50 141.50
125.00 141.50
124.50 141.50
124.00 141.00
123.50 140.50
123.00 140.50
122.50 140.00
122.00 139.50
121.50 139.00
121.50 138.50
121.00 138.00
121.00 137.50
120.50 137.00
120.50 136.50
120.50 136.00
120.00 135.50
120.00 135.00
120.00 134.50
119.50 134.00
119.50 133.50
119.50 133.00
