135.00 156.50
134.50 157.00
134.00 157.00
133.50 157.50
133.00 158.00
132.50 158.00
132.00 158.50
131.50 158.50
131.00 159.00
130.50 159.50
130.00 159.50
129.50 159.50
129.00 160.00
128.50 160.00
128.00 160.00
127.50 160.50
127.00 160.50
126.50 160.50
126.00 160.50
125.50 160.50
125.00 160.50
124.50 160.50
124.00 160.50
123.50 160.50
123.00 160.50
122.50 160.50
122.00 160.50
121.50 160.00
121.00 160.00
120.50 160.00
120.00 159.50
119.50 159.50
119.00 159.00
118.50 158.50
118.00 158.00
117.50 157.50
117.00 157.00
116.50 156.50
116.50 156.00
116.00 155.50
116.00 155.00
116.00 154.50
115.50 154.00
115.00 153.50
115.00 153.00
115.00 152.50
115.00 152.00
114.50 151.50
114.50 151.00
114.50 150.50
114.00 150.00
114.00 149.50
114.00 149.00
114.00 148.50
114.00 148.00
113.50 147.50
113.50 147.00
113.50 146.50
113.50 146.00
113.50 145.50
113.50 145.00
113.00 144.50
113.00 144.00
113.00 143.50
113.00 143.00
113.00 142.50
112.50 142.00
112.50 141.50
112.50 141.00
112.00 140.50
112.00 140.00
112.00 139.50
112.00 139.00
112.00 138.50
111.50 138.00
111.50 137.50
111.50 137.00
111.50 136.50
111.50 136.00
111.50 135.50
111.50 135.00
111.50 134.50
111.50 134.00
111.50 133.50
111.50 133.00
111.50 132.50
111.50 132.00
111.50 131.50
111.50 131.00
111.50 130.50
111.50 130.00
111.50 129.50
111.50 129.00
111.50 128.50
111.50 128.00
111.50 127.50
111.50 127.00
111.50 126.50
111.50 126.00
111.50 125.50
111.50 125.00
111.50 124.50
111.50 124.00
111.50 123.50
111.50 123.00
111.50 122.50
112.00 122.00
112.00 121.50
112.00 121.00
112.00 120.50
112.00 120.00
112.50 119.50
112.50 119.00
112.50 118.50
113.00 118.00
113.50 117.50
113.50 117.00
114.00 116.50
114.50 116.00
115.00 115.50
115.50 115.50
116.00 115.50
116.50 115.00
117.00 115.00
117.50 114.50
118.00 114.50
118.50 114.50
119.00 114.00
119.50 114.00
120.00 114.00
120.50 114.00
121.00 113.50
121.50 113.50
122.00 113.50
122.50 113.50
123.00 113.00
123.50 113.00
124.00 113.00
124.50 112.50
125.00 112.50
125.50 112.50
126.00 112.50
126.50 112.50
127.00 112.50
127.50 112.50
128.00 112.50
128.50 112.50
129.00 112.50
129.50 112.50
130.00 112.50
130.50 112.50
131.00 113.00
131.50 113.50
132.00 113.50
132.50 113.50
133.00 114.00
133.50 114.00
134.00 114.00
134.50 114.00
135.00 114.00
135.50 114.50
136.00 114.50
136.50 114.50
137.00 115.00
137.50 115.00
138.00 115.50
138.50 115.50
139.00 115.50
139.50 116.00
140.00 116.50
140.50 117.00
141.00 117.00
141.50 117.50
142.00 118.00
142.50 118.50
142.50 119.00
143.00 119.50
143.50 120.00
144.00 120.50
144.50 121.00
145.00 121.50
145.50 122.00
145.50 122.50
146.00 123.00
146.50 123.50
147.00 124.00
147.00 124.50
147.50 125.00
147.50 125.50
148.00 126.00
148.50 126.50
148.50 127.00
148.50 127.50
149.00 128.00
149.00 128.50
149.00 129.00
149.00 129.50
149.00 130.00
149.50 130.50
149.50 131.00
149.50 131.50
149.50 132.00
149.50 132.50
149.50 133.00
149.50 133.50
149.50 134.00
149.50 134.50
149.50 135.00
150.00 135.50
150.00 136.00
150.50 136.50
151.00 137.00
150.50 137.50
150.50 138.00
150.50 138.50
150.50 139.00
150.00 139.50
150.00 140.00
150.00 140.50
149.50 141.00
149.50 141.50
149.50 142.00
149.00 142.50
149.00 143.00
149.00 143.50
148.50 144.00
148.00 144.50
148.00 145.00
148.00 145.50
147.50 146.00
147.00 146.50
146.50 147.00
146.00 147.50
146.00 148.00
145.50 148.50
145.00 149.00
144.50 149.50
144.00 150.00
143.50 150.50
143.00 151.00
142.50 151.50
142.00 151.50
141.50 152.00
141.00 152.50
140.50 153.00
140.00 153.00
139.50 153.50
139.00 154.00
138.50 154.00
138.00 154.50
137.50 154.50
137.00 155.00
136.50 155.00
136.00 155.50
135.50 155.50
135.00 156.00
