122.00 125.50
122.00 125.00
121.50 124.50
121.50 124.00
121.00 123.50
121.00 123.00
121.00 122.50
121.00 122.00
120.50 121.50
120.50 121.00
120.50 120.50
121.00 120.00
121.00 119.50
121.00 119.00
121.50 118.50
122.00 118.50
122.50 118.00
123.00 117.50
123.50 117.00
124.00 116.50
124.50 116.00
125.00 115.50
125.50 115.00
126.00 114.50
126.50 114.00
127.00 114.00
127.50 114.00
128.00 114.00
128.50 114.00
129.00 114.00
129.50 114.50
130.00 114.50
130.50 115.00
131.00 115.00
131.50 115.50
132.00 116.00
132.50 116.50
133.00 117.00
133.00 117.50
133.50 118.00
133.50 118.50
133.50 119.00
134.00 119.50
134.00 120.00
134.00 120.50
134.50 121.00
134.50 121.50
134.50 122.00
134.50 122.50
135.00 123.00
135.00 123.50
135.00 124.00
135.00 124.50
135.00 125.00
135.00 125.50
135.00 126.00
135.00 126.50
135.00 127.00
134.50 127.50
134.50 128.00
134.50 128.50
134.00 129.00
133.50 129.50
133.00 130.00
132.50 130.50
132.00 131.00
131.50 131.50
131.00 131.50
130.50 131.50
130.00 131.50
129.50 132.00
129.00 132.00
128.50 132.00
128.00 132.00
127.50 131.50
127.00 131.50
126.50 131.50
126.00 131.50
125.50 131.00
125.00 131.00
124.50 130.50
124.00 130.50
123.50 130.00
123.00 129.50
122.50 129.00
122.00 128.50
122.00 128.00
121.50 127.50
122.00 127.00
122.00 126.50
121.50 126.00
