123.50 152.50
123.00 152.50
122.50 152.00
122.00 152.00
121.50 152.00
121.00 151.50
120.50 151.50
120.00 151.50
119.50 151.00
119.00 151.00
118.50 150.50
118.00 150.50
117.50 150.00
117.00 150.00
116.50 150.00
116.00 149.50
115.50 149.00
115.00 149.00
114.50 148.50
114.00 148.00
113.50 147.50
113.00 147.00
112.50 147.00
112.00 146.50
111.50 146.00
111.00 145.50
111.00 145.00
110.50 144.50
110.00 144.00
109.50 143.50
109.50 143.00
109.00 142.50
108.50 142.00
108.50 141.50
108.00 141.00
108.00 140.50
108.00 140.00
107.50 139.50
107.50 139.00
107.00 138.50
107.00 138.00
107.00 137.50
107.00 137.00
106.50 136.50
106.50 136.00
106.50 135.50
106.50 135.00
106.50 134.50
106.00 134.00
106.00 133.50
106.00 133.00
106.00 132.50
106.00 132.00
106.00 131.50
106.00 131.00
106.00 130.50
106.00 130.00
105.50 129.50
105.50 129.00
105.50 128.50
105.50 128.00
105.50 127.50
105.50 127.00
105.50 126.50
105.50 126.00
105.50 125.50
106.00 125.00
106.00 124.50
106.00 124.00
106.00 123.50
106.00 123.00
106.00 122.50
106.00 122.00
106.00 121.50
106.50 121.00
106.50 120.50
106.50 120.00
106.50 119.50
107.00 119.00
107.00 118.50
107.00 118.00
107.50 117.50
107.50 117.00
107.50 116.50
108.00 116.00
108.00 115.50
108.50 115.00
108.50 114.50
109.00 114.00
109.00 113.50
109.50 113.00
110.00 112.50
110.50 112.00
110.50 111.50
111.00 111.00
111.50 110.50
112.00 110.00
112.50 109.50
113.00 109.00
113.50 108.50
114.00 108.00
114.50 107.50
115.00 107.00
115.50 107.00
116.00 106.50
116.50 106.00
117.00 105.50
117.50 105.50
118.00 105.00
118.50 105.00
119.00 104.50
119.50 104.50
120.00 104.50
120.50 104.00
121.00 104.00
121.50 103.50
122.00 103.50
122.50 103.50
123.00 103.00
123.50 103.00
124.00 103.00
124.50 103.00
125.00 103.00
125.50 102.50
126.00 102.50
126.50 102.50
127.00 102.50
127.50 102.50
128.00 102.50
128.50 102.50
129.00 102.50
129.50 102.50
130.00 102.50
130.50 102.50
131.00 102.50
131.50 102.50
132.00 102.50
132.50 102.50
133.00 102.50
133.50 102.50
134.00 102.50
134.50 102.50
135.00 102.50
135.50 102.50
136.00 102.50
136.50 102.50
137.00 103.00
137.50 103.00
138.00 103.00
138.50 103.00
139.00 103.00
139.50 103.00
140.00 103.50
140.50 103.50
141.00 103.50
141.50 103.50
142.00 104.00
142.50 104.00
143.00 104.50
143.50 104.50
144.00 104.50
144.50 105.00
145.00 105.00
145.50 105.50
146.00 106.00
146.50 106.50
147.00 106.50
147.50 107.00
148.00 107.50
148.50 108.00
149.00 108.50
149.50 109.00
150.00 109.50
150.50 110.00
151.00 110.50
151.50 111.00
152.00 111.50
152.50 112.00
152.50 112.50
153.00 113.00
153.50 113.50
153.50 114.00
154.00 114.50
154.50 115.00
154.50 115.50
155.00 116.00
155.00 116.50
155.50 117.00
156.00 117.50
156.00 118.00
156.00 118.50
156.50 119.00
156.50 119.50
157.00 120.00
157.00 120.50
157.50 121.00
157.50 121.50
157.50 122.00
157.50 122.50
158.00 123.00
158.00 123.50
158.00 124.00
158.00 124.50
158.50 125.00
158.50 125.50
158.50 126.00
158.50 126.50
158.50 127.00
158.50 127.50
158.50 128.00
158.50 128.50
158.50 129.00
158.50 129.50
158.50 130.00
158.50 130.50
158.50 131.00
158.50 131.50
158.00 132.00
158.00 132.50
158.00 133.00
158.00 133.50
157.50 134.00
157.50 134.50
157.50 135.00
157.00 135.50
157.00 136.00
157.00 136.50
156.50 137.00
156.50 137.50
156.00 138.00
156.00 138.50
156.00 139.00
155.50 139.50
155.00 140.00
155.00 140.50
155.00 141.00
154.50 141.50
154.00 142.00
154.00 142.50
154.00 143.00
153.50 143.50
153.00 144.00
152.50 144.50
152.50 145.00
152.50 145.50
152.00 146.00
151.50 146.50
151.00 147.00
150.50 147.50
150.00 148.00
149.50 148.50
149.00 149.00
148.50 149.50
148.00 150.00
147.50 150.00
147.00 150.00
146.50 150.50
146.00 151.00
145.50 151.00
145.00 151.50
144.50 151.50
144.00 151.50
143.50 152.00
143.00 152.00
142.50 152.00
142.00 152.00
141.50 152.50
141.00 152.50
140.50 152.50
140.00 152.50
139.50 153.00
139.00 153.00
138.50 153.00
138.00 153.00
137.50 153.00
137.00 153.00
136.50 153.00
136.00 153.00
135.50 153.50
135.00 153.50
134.50 153.50
134.00 153.50
133.50 153.50
133.00 153.50
132.50 153.50
132.00 153.50
131.50 153.50
131.00 153.50
130.50 153.50
130.00 153.50
129.50 153.50
129.00 153.50
128.50 153.00
128.00 153.00
127.50 153.00
127.00 153.00
126.50 153.00
126.00 153.00
125.50 153.00
125.00 152.50
124.50 152.50
124.00 152.50
