122.00 133.50
121.50 133.00
121.50 132.50
121.50 132.00
121.50 131.50
121.00 131.00
121.00 130.50
121.00 130.00
121.00 129.50
121.00 129.00
121.00 128.50
121.00 128.00
121.00 127.50
121.00 127.00
121.00 126.50
121.00 126.00
121.00 125.50
121.00 125.00
121.00 124.50
121.00 124.00
121.50 123.50
121.50 123.00
122.00 122.50
122.00 122.00
122.50 121.50
123.00 121.00
123.50 120.50
124.00 120.00
124.50 119.50
125.00 119.00
125.50 119.00
126.00 118.50
126.50 118.00
127.00 118.00
127.50 117.50
128.00 117.50
128.50 117.00
129.00 117.00
129.50 116.50
130.00 116.50
130.50 116.50
131.00 116.50
131.50 116.50
132.00 116.50
132.50 116.50
133.00 116.50
133.50 116.50
134.00 117.00
134.50 117.00
135.00 117.50
135.50 117.50
136.00 117.50
136.50 118.00
137.00 118.50
137.50 118.50
138.00 119.00
138.50 119.50
139.00 120.00
139.50 120.50
140.00 121.00
140.50 121.50
140.50 122.00
141.00 122.50
141.00 123.00
141.50 123.50
141.50 124.00
141.50 124.50
141.50 125.00
141.50 125.50
141.50 126.00
141.50 126.50
141.50 127.00
141.50 127.50
141.50 128.00
141.50 128.50
141.00 129.00
141.00 129.50
141.00 130.00
141.00 130.50
140.50 131.00
140.50 131.50
140.00 132.00
139.50 132.50
139.50 133.00
139.00 133.50
138.50 134.00
138.50 134.50
138.00 135.00
137.50 135.00
137.00 135.50
136.50 136.00
136.00 136.50
135.50 136.50
135.00 137.00
134.50 137.50
134.00 137.50
133.50 138.00
133.00 138.00
132.50 138.00
132.00 138.50
131.50 138.50
131.00 138.50
130.50 138.50
130.00 139.00
129.50 139.00
129.00 139.00
128.50 139.00
128.00 139.00
127.50 139.00
127.00 138.50
126.50 138.50
126.00 138.50
125.50 138.00
125.00 138.00
124.50 137.50
124.00 137.00
123.50 137.00
123.00 136.50
123.00 136.00
123.00 135.50
122.50 135.00
122.00 134.50
122.00 134.00
