137.50 119.50
138.00 119.00
138.50 118.50
139.00 118.00
139.50 117.50
140.00 117.00
140.50 116.50
141.00 116.00
141.50 116.00
142.00 115.50
142.50 115.50
143.00 115.50
143.50 115.50
144.00 115.50
144.50 116.00
145.00 116.00
145.50 116.50
146.00 116.50
146.50 117.00
147.00 117.50
147.50 118.00
148.00 118.50
148.50 119.00
149.00 119.50
149.50 120.00
149.50 120.50
150.00 121.00
150.00 121.50
150.00 122.00
150.00 122.50
150.00 123.00
149.50 123.50
149.00 124.00
149.00 124.50
148.50 125.00
148.00 125.50
147.50 126.00
147.00 126.50
146.50 126.50
146.00 127.00
145.50 127.00
145.00 127.50
144.50 127.50
144.00 127.50
143.50 127.50
143.00 128.00
142.50 128.00
142.00 128.00
141.50 128.00
141.00 128.00
140.50 128.00
140.00 128.00
139.50 128.00
139.00 128.00
138.50 128.00
138.00 128.00
137.50 128.00
137.00 128.00
136.50 128.00
136.00 128.00
135.50 127.50
135.00 127.50
134.50 127.00
134.00 126.50
134.00 126.00
133.50 125.50
133.50 125.00
134.00 124.50
134.00 124.00
134.00 123.50
134.00 123.00
134.50 122.50
135.00 122.00
135.50 121.50
136.00 121.00
136.50 120.50
137.00 120.00
