104.00 120.50
104.00 120.00
104.50 119.50
104.50 119.00
105.00 118.50
105.00 118.00
105.00 117.50
105.50 117.00
105.50 116.50
105.50 116.00
106.00 115.50
106.00 115.00
106.00 114.50
106.50 114.00
106.50 113.50
107.00 113.00
107.00 112.50
107.50 112.00
107.50 111.50
108.00 111.00
108.50 110.50
108.50 110.00
109.00 109.50
109.50 109.00
110.00 108.50
110.50 108.00
111.00 107.50
111.50 107.00
112.00 107.00
112.50 106.50
113.00 106.00
113.50 106.00
114.00 105.50
114.50 105.50
115.00 105.00
115.50 105.00
116.00 104.50
116.50 104.50
117.00 104.00
117.50 104.00
118.00 104.00
118.50 104.00
119.00 103.50
119.50 103.50
120.00 103.50
120.50 103.00
121.00 103.00
121.50 103.00
122.00 103.00
122.50 103.00
123.00 102.50
123.50 102.50
124.00 102.50
124.50 102.50
125.00 102.50
125.50 102.50
126.00 102.00
126.50 102.00
127.00 102.00
127.50 102.00
128.00 102.00
128.50 102.00
129.00 101.50
129.50 101.50
130.00 101.50
130.50 101.50
131.00 101.50
131.50 101.50
132.00 101.50
132.50 101.50
133.00 101.50
133.50 101.50
134.00 101.50
134.50 101.50
135.00 101.50
135.50 101.50
136.00 101.50
136.50 101.50
137.00 102.00
137.50 102.00
138.00 102.00
138.50 102.00
139.00 102.00
139.50 102.00
140.00 102.50
140.50 102.50
141.00 102.50
141.50 102.50
142.00 102.50
142.50 103.00
143.00 103.00
143.50 103.00
144.00 103.00
144.50 103.50
145.00 103.50
145.50 103.50
146.00 104.00
146.50 104.00
147.00 104.00
147.50 104.50
148.00 105.00
148.50 105.00
149.00 105.50
149.50 105.50
150.00 106.00
150.50 106.50
151.00 107.00
151.50 107.50
152.00 108.00
152.50 108.50
153.00 109.00
153.50 109.50
154.00 110.00
154.50 110.50
155.00 111.00
155.50 111.50
156.00 112.00
156.50 112.50
157.00 113.00
157.50 113.50
158.00 114.00
158.50 114.50
159.00 115.00
159.50 115.50
160.00 116.00
160.50 116.50
161.00 117.00
161.00 117.50
161.50 118.00
161.50 118.50
162.00 119.00
162.50 119.50
163.00 120.00
163.00 120.50
163.50 121.00
163.50 121.50
164.00 122.00
164.00 122.50
164.50 123.00
164.50 123.50
164.50 124.00
164.50 124.50
165.00 125.00
165.00 125.50
165.00 126.00
165.50 126.50
165.50 127.00
165.50 127.50
165.50 128.00
165.50 128.50
165.50 129.00
166.00 129.50
166.00 130.00
166.00 130.50
166.00 131.00
166.00 131.50
166.00 132.00
166.00 132.50
166.00 133.00
166.00 133.50
166.00 134.00
166.00 134.50
166.00 135.00
166.00 135.50
166.00 136.00
166.00 136.50
166.00 137.00
166.00 137.50
165.50 138.00
165.50 138.50
165.50 139.00
165.50 139.50
165.50 140.00
165.50 140.50
165.00 141.00
165.00 141.50
165.00 142.00
165.00 142.50
164.50 143.00
164.50 143.50
164.50 144.00
164.00 144.50
164.00 145.00
163.50 145.50
163.50 146.00
163.00 146.50
163.00 147.00
162.50 147.50
162.50 148.00
162.00 148.50
162.00 149.00
161.50 149.50
161.00 150.00
160.50 150.50
160.00 151.00
159.50 151.50
159.00 152.00
158.50 152.00
158.00 152.50
157.50 153.00
157.00 153.50
156.50 154.00
156.00 154.00
155.50 154.50
155.00 155.00
154.50 155.00
154.00 155.50
153.50 156.00
153.00 156.00
152.50 156.50
152.00 157.00
151.50 157.00
151.00 157.50
150.50 158.00
150.00 158.50
149.50 158.50
149.00 159.00
148.50 159.50
148.00 159.50
147.50 160.00
147.00 160.00
146.50 160.50
146.00 161.00
145.50 161.00
145.00 161.50
144.50 161.50
144.00 162.00
143.50 162.00
143.00 162.00
142.50 162.00
142.00 162.50
141.50 162.50
141.00 163.00
140.50 163.00
140.00 163.00
139.50 163.50
139.00 163.50
138.50 163.50
138.00 164.00
137.50 164.00
137.00 164.00
136.50 164.50
136.00 164.50
135.50 164.50
135.00 164.50
134.50 165.00
134.00 165.00
133.50 165.00
133.00 165.50
132.50 165.50
132.00 165.50
131.50 165.50
131.00 165.50
130.50 166.00
130.00 166.00
129.50 166.00
129.00 166.00
128.50 166.00
128.00 166.00
127.50 166.00
127.00 166.00
126.50 166.00
126.00 166.00
125.50 166.00
125.00 166.00
124.50 165.50
124.00 165.50
123.50 165.50
123.00 165.00
122.50 165.00
122.00 165.00
121.50 165.00
121.00 164.50
120.50 164.50
120.00 164.50
119.50 164.00
119.00 164.00
118.50 164.00
118.00 163.50
117.50 163.00
117.00 163.00
116.50 163.00
116.00 162.50
115.50 162.00
115.00 162.00
114.50 161.50
114.00 161.00
113.50 160.50
113.00 160.00
112.50 159.50
112.00 159.00
111.50 158.50
111.50 158.00
111.00 157.50
111.00 157.00
110.50 156.50
110.00 156.00
110.00 155.50
109.50 155.00
109.00 154.50
109.00 154.00
108.50 153.50
108.00 153.00
108.00 152.50
107.50 152.00
107.00 151.50
107.00 151.00
106.50 150.50
106.00 150.00
105.50 149.50
105.50 149.00
105.00 148.50
105.00 148.00
104.50 147.50
104.50 147.00
104.00 146.50
104.00 146.00
104.00 145.50
104.00 145.00
103.50 144.50
103.50 144.00
103.50 143.50
103.50 143.00
103.50 142.50
103.50 142.00
103.50 141.50
103.50 141.00
103.50 140.50
103.50 140.00
103.50 139.50
103.50 139.00
103.50 138.50
103.50 138.00
103.50 137.50
103.50 137.00
103.50 136.50
103.50 136.00
103.50 135.50
103.00 135.00
103.00 134.50
103.00 134.00
103.00 133.50
103.00 133.00
102.50 132.50
102.50 132.00
102.50 131.50
102.50 131.00
102.50 130.50
102.50 130.00
103.00 129.50
103.00 129.00
103.00 128.50
103.00 128.00
103.00 127.50
103.00 127.00
103.00 126.50
103.00 126.00
103.00 125.50
103.00 125.00
103.00 124.50
103.50 124.00
103.50 123.50
103.50 123.00
103.50 122.50
103.50 122.00
103.50 121.50
103.50 121.00
