119.50 116.50
120.00 116.50
120.50 116.00
121.00 116.00
121.50 115.50
122.00 115.50
122.50 115.00
123.00 115.00
123.50 114.50
124.00 114.50
124.50 114.50
125.00 114.00
125.50 114.00
126.00 114.00
126.50 114.00
127.00 114.00
127.50 114.00
128.00 114.00
128.50 114.00
129.00 114.00
129.50 114.00
130.00 114.00
130.50 114.00
131.00 114.00
131.50 114.00
132.00 114.00
132.50 114.00
133.00 114.00
133.50 114.00
134.00 114.50
134.50 114.50
135.00 114.50
135.50 114.50
136.00 115.00
136.50 115.00
137.00 115.00
137.50 115.50
138.00 115.50
138.50 116.00
139.00 116.00
139.50 116.50
140.00 116.50
140.50 116.50
141.00 117.00
141.50 117.50
142.00 118.00
142.50 118.50
143.00 118.50
143.50 119.00
144.00 119.50
144.50 120.00
145.00 120.50
145.50 121.00
146.00 121.50
146.50 122.00
146.50 122.50
147.00 123.00
147.00 123.50
147.50 124.00
148.00 124.50
148.00 125.00
148.50 125.50
148.50 126.00
149.00 126.50
149.00 127.00
149.00 127.50
149.50 128.00
149.50 128.50
149.50 129.00
150.00 129.50
150.00 130.00
150.00 130.50
150.00 131.00
150.00 131.50
150.50 132.00
150.50 132.50
150.50 133.00
150.50 133.50
150.50 134.00
150.50 134.50
150.50 135.00
150.50 135.50
150.50 136.00
150.50 136.50
150.50 137.00
150.50 137.50
150.00 138.00
150.00 138.50
150.00 139.00
150.00 139.50
149.50 140.00
149.50 140.50
149.50 141.00
149.50 141.50
149.00 142.00
149.00 142.50
148.50 143.00
148.50 143.50
148.00 144.00
148.00 144.50
148.00 145.00
147.50 145.50
147.00 146.00
147.00 146.50
146.50 147.00
146.00 147.50
145.50 148.00
145.50 148.50
145.00 149.00
144.50 149.50
144.00 150.00
143.50 150.50
143.00 151.00
142.50 151.50
142.00 152.00
141.50 152.00
141.00 152.50
140.50 153.00
140.00 153.50
139.50 153.50
139.00 154.00
138.50 154.50
138.00 154.50
137.50 155.00
137.00 155.00
136.50 155.50
136.00 155.50
135.50 156.00
135.00 156.00
134.50 156.00
134.00 156.50
133.50 156.50
133.00 156.50
132.50 157.00
132.00 157.00
131.50 157.00
131.00 157.00
130.50 157.50
130.00 157.50
129.50 157.50
129.00 157.50
128.50 157.50
128.00 158.00
127.50 158.00
127.00 158.00
126.50 158.00
126.00 158.00
125.50 158.00
125.00 158.50
124.50 158.50
124.00 158.50
123.50 158.50
123.00 158.50
122.50 158.50
122.00 158.50
121.50 158.50
121.00 158.50
120.50 158.50
120.00 158.00
119.50 158.00
119.00 158.00
118.50 158.00
118.00 158.00
117.50 157.50
117.00 157.50
116.50 157.00
116.00 156.50
115.50 156.50
115.00 156.00
115.00 155.50
114.50 155.00
114.00 154.50
113.50 154.00
113.00 153.50
112.50 153.00
112.50 152.50
112.50 152.00
112.00 151.50
112.00 151.00
111.50 150.50
111.50 150.00
111.00 149.50
110.50 149.00
110.50 148.50
110.50 148.00
110.00 147.50
110.00 147.00
109.50 146.50
109.00 146.00
109.00 145.50
109.00 145.00
108.50 144.50
108.50 144.00
108.50 143.50
108.00 143.00
108.00 142.50
108.00 142.00
108.00 141.50
107.50 141.00
107.50 140.50
107.50 140.00
107.50 139.50
107.50 139.00
107.50 138.50
107.50 138.00
107.50 137.50
107.50 137.00
107.50 136.50
107.50 136.00
107.50 135.50
108.00 135.00
108.00 134.50
108.00 134.00
108.00 133.50
108.00 133.00
108.50 132.50
108.50 132.00
109.00 131.50
109.00 131.00
109.00 130.50
109.50 130.00
109.50 129.50
109.50 129.00
110.00 128.50
110.00 128.00
110.50 127.50
110.50 127.00
111.00 126.50
111.00 126.00
111.50 125.50
111.50 125.00
112.00 124.50
112.50 124.00
112.50 123.50
113.00 123.00
113.50 122.50
113.50 122.00
114.00 121.50
114.50 121.00
115.00 120.50
115.50 120.00
116.00 119.50
116.50 119.00
117.00 118.50
117.50 118.00
118.00 118.00
118.50 117.50
119.00 117.00
