103.50 138.50
103.50 138.00
103.50 137.50
103.50 137.00
103.50 136.50
103.50 136.00
104.00 135.50
104.00 135.00
104.00 134.50
104.00 134.00
104.00 133.50
104.00 133.00
104.00 132.50
104.00 132.00
104.00 131.50
104.00 131.00
104.00 130.50
104.00 130.00
104.00 129.50
104.00 129.00
104.00 128.50
104.00 128.00
104.00 127.50
104.00 127.00
104.00 126.50
104.00 126.00
104.00 125.50
104.00 125.00
104.00 124.50
104.00 124.00
104.00 123.50
104.00 123.00
104.00 122.50
104.00 122.00
104.00 121.50
104.00 121.00
104.00 120.50
104.00 120.00
104.00 119.50
104.50 119.00
104.50 118.50
104.50 118.00
104.50 117.50
104.50 117.00
105.00 116.50
105.00 116.00
105.00 115.50
105.00 115.00
105.50 114.50
105.50 114.00
105.50 113.50
106.00 113.00
106.00 112.50
106.50 112.00
107.00 111.50
107.00 111.00
107.50 110.50
108.00 110.00
108.50 109.50
108.50 109.00
109.00 108.50
109.50 108.00
110.00 107.50
110.50 107.00
111.00 106.50
111.50 106.00
112.00 106.00
112.50 105.50
113.00 105.00
113.50 104.50
114.00 104.00
114.50 104.00
115.00 104.00
115.50 103.50
116.00 103.50
116.50 103.00
117.00 103.00
117.50 102.50
118.00 102.50
118.50 102.50
119.00 102.50
119.50 102.50
120.00 102.50
120.50 102.50
121.00 102.50
121.50 102.50
122.00 102.50
122.50 102.50
123.00 102.50
123.50 102.50
124.00 102.50
124.50 102.50
125.00 102.50
125.50 102.50
126.00 102.50
126.50 102.50
127.00 102.00
127.50 102.00
128.00 102.00
128.50 102.00
129.00 101.50
129.50 101.50
130.00 101.50
130.50 101.50
131.00 101.50
131.50 101.00
132.00 101.00
132.50 101.00
133.00 101.00
133.50 101.00
134.00 101.00
134.50 101.00
135.00 101.00
135.50 101.00
136.00 101.50
136.50 101.50
137.00 101.50
137.50 101.50
138.00 102.00
138.50 102.00
139.00 102.00
139.50 102.00
140.00 102.50
140.50 103.00
141.00 103.00
141.50 103.00
142.00 103.50
142.50 103.50
143.00 104.00
143.50 104.50
144.00 104.50
144.50 105.00
145.00 105.00
145.50 105.50
146.00 106.00
146.50 106.00
147.00 106.50
147.50 107.00
148.00 107.50
148.50 107.50
149.00 108.00
149.50 108.50
150.00 109.00
150.50 109.50
151.00 110.00
151.50 110.50
152.00 110.50
152.50 111.00
153.00 111.50
153.50 112.00
154.00 112.50
154.50 113.00
155.00 113.50
155.50 114.00
156.00 114.50
156.50 115.00
157.00 115.50
157.50 116.00
158.00 116.50
158.50 117.00
159.00 117.50
159.50 118.00
160.00 118.50
160.50 119.00
161.00 119.50
161.00 120.00
161.50 120.50
161.50 121.00
162.00 121.50
162.00 122.00
162.50 122.50
162.50 123.00
163.00 123.50
163.00 124.00
163.50 124.50
163.50 125.00
163.50 125.50
164.00 126.00
164.00 126.50
164.00 127.00
164.00 127.50
164.50 128.00
164.50 128.50
164.50 129.00
164.50 129.50
165.00 130.00
165.00 130.50
165.00 131.00
165.00 131.50
165.00 132.00
165.00 132.50
165.00 133.00
165.00 133.50
165.00 134.00
165.00 134.50
165.00 135.00
165.00 135.50
165.00 136.00
165.00 136.50
165.00 137.00
164.50 137.50
164.50 138.00
164.50 138.50
164.50 139.00
164.00 139.50
164.00 140.00
164.00 140.50
164.00 141.00
163.50 141.50
163.50 142.00
163.50 142.50
163.00 143.00
163.00 143.50
162.50 144.00
162.00 144.50
162.00 145.00
161.50 145.50
161.50 146.00
161.00 146.50
160.50 147.00
160.00 147.50
160.00 148.00
159.50 148.50
159.00 149.00
158.50 149.50
158.00 150.00
157.50 150.50
157.00 151.00
156.50 151.50
156.00 152.00
155.50 152.50
155.00 153.00
154.50 153.00
154.00 153.50
153.50 154.00
153.00 154.50
152.50 155.00
152.00 155.00
151.50 155.50
151.00 156.00
150.50 156.50
150.00 156.50
149.50 156.50
149.00 157.00
148.50 157.50
148.00 158.00
147.50 158.00
147.00 158.50
146.50 158.50
146.00 159.00
145.50 159.00
145.00 159.50
144.50 159.50
144.00 159.50
143.50 160.00
143.00 160.00
142.50 160.00
142.00 160.50
141.50 160.50
141.00 160.50
140.50 160.50
140.00 161.00
139.50 161.00
139.00 161.00
138.50 161.00
138.00 161.00
137.50 161.00
137.00 161.00
136.50 161.00
136.00 161.00
135.50 161.00
135.00 161.50
134.50 161.50
134.00 161.50
133.50 161.50
133.00 161.50
132.50 161.50
132.00 161.50
131.50 161.50
131.00 161.50
130.50 162.00
130.00 162.00
129.50 162.00
129.00 162.00
128.50 162.00
128.00 162.00
127.50 162.50
127.00 162.50
126.50 162.50
126.00 162.50
125.50 162.50
125.00 162.50
124.50 162.50
124.00 162.50
123.50 162.50
123.00 162.50
122.50 162.50
122.00 162.50
121.50 162.50
121.00 162.00
120.50 162.00
120.00 162.00
119.50 162.00
119.00 161.50
118.50 161.50
118.00 161.00
117.50 161.00
117.00 161.00
116.50 160.50
116.00 160.00
115.50 160.00
115.00 159.50
114.50 159.00
114.00 158.50
113.50 158.00
113.00 157.50
113.00 157.00
112.50 156.50
112.00 156.00
111.50 155.50
111.00 155.00
111.00 154.50
110.50 154.00
110.00 153.50
110.00 153.00
109.50 152.50
109.00 152.00
109.00 151.50
108.50 151.00
108.00 150.50
108.00 150.00
107.50 149.50
107.50 149.00
107.00 148.50
106.50 148.00
106.50 147.50
106.00 147.00
106.00 146.50
105.50 146.00
105.50 145.50
105.00 145.00
105.00 144.50
104.50 144.00
104.50 143.50
104.50 143.00
104.00 142.50
104.00 142.00
104.00 141.50
104.00 141.00
103.50 140.50
103.50 140.00
103.50 139.50
103.50 139.00
