105.50 130.50
105.50 130.00
105.50 129.50
105.50 129.00
105.00 128.50
105.00 128.00
105.00 127.50
105.00 127.00
105.00 126.50
105.00 126.00
105.00 125.50
105.00 125.00
105.00 124.50
105.00 124.00
105.00 123.50
105.00 123.00
105.50 122.50
105.50 122.00
105.50 121.50
105.50 121.00
105.50 120.50
105.50 120.00
105.50 119.50
105.50 119.00
106.00 118.50
106.00 118.00
106.00 117.50
106.00 117.00
106.50 116.50
106.50 116.00
106.50 115.50
106.50 115.00
107.00 114.50
107.00 114.00
107.00 113.50
107.50 113.00
107.50 112.50
108.00 112.00
108.00 111.50
108.50 111.00
108.50 110.50
109.00 110.00
109.50 109.50
109.50 109.00
110.00 108.50
110.50 108.00
111.00 107.50
111.50 107.00
112.00 106.50
112.50 106.00
113.00 105.50
113.50 105.00
114.00 105.00
114.50 104.50
115.00 104.00
115.50 104.00
116.00 103.50
116.50 103.00
117.00 103.00
117.50 102.50
118.00 102.50
118.50 102.00
119.00 102.00
119.50 102.00
120.00 101.50
120.50 101.50
121.00 101.00
121.50 101.00
122.00 101.00
122.50 101.00
123.00 100.50
123.50 100.50
124.00 100.50
124.50 100.50
125.00 100.50
125.50 100.50
126.00 100.50
126.50 100.50
127.00 100.50
127.50 100.50
128.00 100.50
128.50 100.50
129.00 100.50
129.50 100.50
130.00 100.50
130.50 100.50
131.00 100.50
131.50 101.00
132.00 101.00
132.50 101.00
133.00 101.00
133.50 101.00
134.00 101.00
134.50 101.00
135.00 101.50
135.50 101.50
136.00 101.50
136.50 101.50
137.00 101.50
137.50 101.50
138.00 102.00
138.50 102.00
139.00 102.00
139.50 102.00
140.00 102.00
140.50 102.00
141.00 102.50
141.50 102.50
142.00 102.50
142.50 102.50
143.00 103.00
143.50 103.00
144.00 103.00
144.50 103.50
145.00 103.50
145.50 104.00
146.00 104.00
146.50 104.00
147.00 104.50
147.50 104.50
148.00 105.00
148.50 105.50
149.00 105.50
149.50 106.00
150.00 106.00
150.50 106.50
151.00 107.00
151.50 107.50
152.00 108.00
152.50 108.50
153.00 108.50
153.50 109.00
154.00 109.50
154.50 110.00
155.00 110.50
155.50 111.00
156.00 111.00
156.50 111.50
157.00 112.00
157.00 112.50
157.50 113.00
158.00 113.50
158.50 114.00
159.00 114.50
159.00 115.00
159.50 115.50
159.50 116.00
160.00 116.50
160.50 117.00
160.50 117.50
160.50 118.00
161.00 118.50
161.00 119.00
161.50 119.50
161.50 120.00
161.50 120.50
162.00 121.00
162.00 121.50
162.00 122.00
162.00 122.50
162.00 123.00
162.00 123.50
162.00 124.00
162.00 124.50
162.00 125.00
162.00 125.50
162.00 126.00
162.00 126.50
162.00 127.00
162.00 127.50
162.00 128.00
162.00 128.50
162.00 129.00
162.00 129.50
162.00 130.00
161.50 130.50
161.50 131.00
161.50 131.50
161.50 132.00
161.00 132.50
161.00 133.00
161.00 133.50
160.50 134.00
160.50 134.50
160.00 135.00
160.00 135.50
160.00 136.00
159.50 136.50
159.50 137.00
159.00 137.50
159.00 138.00
158.50 138.50
158.50 139.00
158.00 139.50
157.50 140.00
157.50 140.50
157.50 141.00
157.00 141.50
156.50 142.00
156.00 142.50
155.50 143.00
155.50 143.50
155.00 144.00
154.50 144.50
154.00 145.00
154.00 145.50
153.50 146.00
153.00 146.50
152.50 147.00
152.00 147.50
152.00 148.00
151.50 148.50
151.00 148.50
150.50 149.00
150.00 149.50
149.50 150.00
149.00 150.50
148.50 150.50
148.00 151.00
147.50 151.50
147.00 151.50
146.50 151.50
146.00 152.00
145.50 152.50
145.00 152.50
144.50 152.50
144.00 153.00
143.50 153.00
143.00 153.00
142.50 153.50
142.00 153.50
141.50 153.50
141.00 154.00
140.50 154.00
140.00 154.00
139.50 154.00
139.00 154.00
138.50 154.50
138.00 154.50
137.50 154.50
137.00 154.50
136.50 154.50
136.00 154.50
135.50 154.50
135.00 154.50
134.50 154.50
134.00 154.50
133.50 154.50
133.00 154.50
132.50 154.50
132.00 154.50
131.50 154.50
131.00 154.50
130.50 154.50
130.00 154.50
129.50 154.50
129.00 154.50
128.50 154.50
128.00 154.50
127.50 154.50
127.00 154.50
126.50 154.50
126.00 154.50
125.50 154.50
125.00 154.50
124.50 154.50
124.00 154.50
123.50 154.50
123.00 154.00
122.50 154.00
122.00 154.00
121.50 154.00
121.00 154.00
120.50 153.50
120.00 153.50
119.50 153.50
119.00 153.00
118.50 153.00
118.00 153.00
117.50 152.50
117.00 152.00
116.50 152.00
116.00 151.50
115.50 151.00
115.00 151.00
114.50 150.50
114.00 150.00
113.50 149.50
113.00 149.00
112.50 148.50
112.00 148.00
112.00 147.50
111.50 147.00
111.00 146.50
111.00 146.00
110.50 145.50
110.00 145.00
110.00 144.50
109.50 144.00
109.50 143.50
109.00 143.00
109.00 142.50
108.50 142.00
108.50 141.50
108.00 141.00
108.00 140.50
108.00 140.00
107.50 139.50
107.50 139.00
107.50 138.50
107.00 138.00
107.00 137.50
107.00 137.00
106.50 136.50
106.50 136.00
106.50 135.50
106.50 135.00
106.00 134.50
106.00 134.00
106.00 133.50
106.00 133.00
105.50 132.50
105.50 132.00
105.50 131.50
105.50 131.00
