113.50 126.50
113.50 126.00
113.50 125.50
113.50 125.00
113.00 124.50
113.00 124.00
113.00 123.50
113.00 123.00
113.00 122.50
113.00 122.00
113.00 121.50
113.00 121.00
113.00 120.50
113.00 120.00
113.00 119.50
113.00 119.00
113.00 118.50
113.00 118.00
113.00 117.50
113.50 117.00
113.50 116.50
113.50 116.00
114.00 115.50
114.00 115.00
114.00 114.50
114.00 114.00
114.50 113.50
115.00 113.00
115.00 112.50
115.50 112.00
116.00 111.50
116.50 111.00
117.00 110.50
117.50 110.00
118.00 110.00
118.50 109.50
119.00 109.50
119.50 109.00
120.00 109.00
120.50 109.00
121.00 109.00
121.50 109.00
122.00 109.00
122.50 109.00
123.00 108.50
123.50 108.50
124.00 108.50
124.50 108.50
125.00 108.50
125.50 108.50
126.00 108.50
126.50 108.50
127.00 108.50
127.50 108.50
128.00 108.50
128.50 108.50
129.00 108.50
129.50 108.50
130.00 108.50
130.50 108.50
131.00 108.50
131.50 108.50
132.00 108.50
132.50 108.50
133.00 108.50
133.50 108.50
134.00 108.50
134.50 108.50
135.00 108.50
135.50 109.00
136.00 109.00
136.50 109.00
137.00 109.00
137.50 109.50
138.00 109.50
138.50 110.00
139.00 110.00
139.50 110.00
140.00 110.50
140.50 111.00
141.00 111.00
141.50 111.50
142.00 111.50
142.50 112.00
143.00 112.00
143.50 112.50
144.00 113.00
144.50 113.50
145.00 113.50
145.50 114.00
146.00 114.00
146.50 114.50
147.00 115.00
147.50 115.50
148.00 116.00
148.50 116.50
149.00 117.00
149.50 117.50
149.50 118.00
150.00 118.50
150.50 119.00
150.50 119.50
151.00 120.00
151.00 120.50
151.50 121.00
151.50 121.50
151.50 122.00
151.50 122.50
151.50 123.00
152.00 123.50
152.00 124.00
152.00 124.50
152.00 125.00
152.00 125.50
152.00 126.00
151.50 126.50
151.50 127.00
151.50 127.50
151.50 128.00
151.50 128.50
151.50 129.00
151.50 129.50
151.50 130.00
151.00 130.50
151.00 131.00
151.00 131.50
151.00 132.00
151.00 132.50
150.50 133.00
150.50 133.50
150.50 134.00
150.50 134.50
150.50 135.00
150.00 135.50
150.00 136.00
150.00 136.50
149.50 137.00
149.50 137.50
149.00 138.00
149.00 138.50
148.50 139.00
148.50 139.50
148.00 140.00
147.50 140.50
147.00 141.00
146.50 141.50
146.00 142.00
145.50 142.50
145.00 142.50
144.50 143.00
144.00 143.00
143.50 143.50
143.00 144.00
142.50 144.00
142.00 144.50
141.50 144.50
141.00 145.00
140.50 145.00
140.00 145.50
139.50 145.50
139.00 145.50
138.50 145.50
138.00 146.00
137.50 146.00
137.00 146.50
136.50 146.50
136.00 146.50
135.50 146.50
135.00 147.00
134.50 147.00
134.00 147.00
133.50 147.00
133.00 147.00
132.50 147.00
132.00 147.00
131.50 147.00
131.00 147.00
130.50 147.00
130.00 147.00
129.50 147.00
129.00 147.00
128.50 146.50
128.00 146.50
127.50 146.50
127.00 146.00
126.50 146.00
126.00 146.00
125.50 145.50
125.00 145.50
124.50 145.00
124.00 145.00
123.50 144.50
123.00 144.50
122.50 144.00
122.00 143.50
121.50 143.50
121.00 143.00
120.50 142.50
120.00 142.00
119.50 142.00
119.00 141.50
118.50 141.00
118.00 140.50
117.50 140.00
117.00 139.50
117.00 139.00
116.50 138.50
116.00 138.00
116.00 137.50
115.50 137.00
115.00 136.50
115.00 136.00
115.00 135.50
114.50 135.00
114.50 134.50
114.50 134.00
114.50 133.50
114.00 133.00
114.00 132.50
114.00 132.00
114.00 131.50
114.00 131.00
114.00 130.50
114.00 130.00
114.00 129.50
113.50 129.00
113.50 128.50
113.50 128.00
113.50 127.50
113.50 127.00
