130.50 139.00
131.00 139.00
131.50 138.50
132.00 138.00
132.50 137.50
133.00 137.50
133.50 137.50
134.00 137.50
134.50 137.50
135.00 138.00
135.50 138.50
136.00 139.00
136.50 139.50
136.50 140.00
136.50 140.50
136.50 141.00
136.50 141.50
136.50 142.00
136.00 142.50
136.00 143.00
135.50 143.50
135.00 144.00
134.50 144.50
134.00 145.00
133.50 145.50
133.00 145.50
132.50 146.00
132.00 146.00
131.50 146.00
131.00 146.00
130.50 146.00
130.00 146.00
129.50 146.00
129.00 145.50
128.50 145.00
128.00 144.50
128.00 144.00
127.50 143.50
127.50 143.00
127.50 142.50
127.50 142.00
128.00 141.50
128.50 141.00
128.50 140.50
129.00 140.00
129.50 140.00
130.00 139.50
