114.50 132.50
114.00 132.00
114.00 131.50
114.00 131.00
113.50 130.50
113.50 130.00
113.50 129.50
113.00 129.00
113.00 128.50
113.00 128.00
112.50 127.50
112.50 127.00
112.50 126.50
112.50 126.00
112.50 125.50
112.50 125.00
112.00 124.50
112.00 124.00
112.00 123.50
112.00 123.00
112.00 122.50
112.00 122.00
112.00 121.50
112.00 121.00
112.00 120.50
112.00 120.00
112.00 119.50
112.00 119.00
112.00 118.50
112.00 118.00
112.00 117.50
112.00 117.00
112.00 116.50
112.00 116.00
112.00 115.50
112.50 115.00
112.50 114.50
112.50 114.00
112.50 113.50
113.00 113.00
113.00 112.50
113.50 112.00
113.50 111.50
113.50 111.00
114.00 110.50
114.50 110.00
115.00 109.50
115.50 109.00
116.00 108.50
116.50 108.00
117.00 107.50
117.50 107.50
118.00 107.00
118.50 106.50
119.00 106.50
119.50 106.50
120.00 106.00
120.50 105.50
121.00 105.50
121.50 105.50
122.00 105.50
122.50 105.00
123.00 105.00
123.50 105.00
124.00 105.00
124.50 105.00
125.00 105.00
125.50 104.50
126.00 104.50
126.50 104.50
127.00 104.50
127.50 104.50
128.00 104.50
128.50 104.50
129.00 104.50
129.50 104.50
130.00 104.50
130.50 105.00
131.00 105.00
131.50 105.00
132.00 105.00
132.50 105.00
133.00 105.00
133.50 105.50
134.00 105.50
134.50 105.50
135.00 106.00
135.50 106.00
136.00 106.00
136.50 106.00
137.00 106.50
137.50 106.50
138.00 107.00
138.50 107.00
139.00 107.50
139.50 107.50
140.00 108.00
140.50 108.00
141.00 108.50
141.50 108.50
142.00 108.50
142.50 109.00
143.00 109.00
143.50 109.50
144.00 109.50
144.50 110.00
145.00 110.00
145.50 110.50
146.00 111.00
146.50 111.50
147.00 111.50
147.50 111.50
148.00 112.00
148.50 112.50
149.00 113.00
149.50 113.50
150.00 114.00
150.50 114.50
151.00 115.00
151.50 115.50
151.50 116.00
152.00 116.50
152.50 117.00
152.50 117.50
153.00 118.00
153.50 118.50
153.50 119.00
154.00 119.50
154.00 120.00
154.00 120.50
154.50 121.00
154.50 121.50
155.00 122.00
155.00 122.50
155.00 123.00
155.00 123.50
155.50 124.00
155.50 124.50
155.50 125.00
155.50 125.50
155.50 126.00
155.50 126.50
155.50 127.00
155.50 127.50
155.50 128.00
155.50 128.50
155.50 129.00
155.50 129.50
155.00 130.00
155.00 130.50
155.00 131.00
155.00 131.50
154.50 132.00
154.50 132.50
154.50 133.00
154.00 133.50
154.00 134.00
153.50 134.50
153.50 135.00
153.00 135.50
153.00 136.00
152.50 136.50
152.50 137.00
152.00 137.50
151.50 138.00
151.50 138.50
151.00 139.00
150.50 139.50
150.00 140.00
149.50 140.50
149.00 141.00
148.50 141.50
148.00 142.00
147.50 142.50
147.00 142.50
146.50 143.00
146.00 143.50
145.50 143.50
145.00 144.00
144.50 144.50
144.00 144.50
143.50 145.00
143.00 145.00
142.50 145.50
142.00 145.50
141.50 146.00
141.00 146.00
140.50 146.00
140.00 146.50
139.50 146.50
139.00 146.50
138.50 147.00
138.00 147.00
137.50 147.00
137.00 147.00
136.50 147.00
136.00 147.00
135.50 147.00
135.00 147.00
134.50 147.00
134.00 147.00
133.50 147.00
133.00 146.50
132.50 146.50
132.00 146.50
131.50 146.50
131.00 146.00
130.50 146.00
130.00 146.00
129.50 146.00
129.00 145.50
128.50 145.50
128.00 145.50
127.50 145.00
127.00 145.00
126.50 145.00
126.00 144.50
125.50 144.50
125.00 144.00
124.50 144.00
124.00 143.50
123.50 143.50
123.00 143.00
122.50 143.00
122.00 142.50
121.50 142.50
121.00 142.00
120.50 142.00
120.00 141.50
119.50 141.50
119.00 141.00
118.50 140.50
118.00 140.00
117.50 139.50
117.00 139.00
117.00 138.50
116.50 138.00
116.50 137.50
116.00 137.00
116.00 136.50
115.50 136.00
115.50 135.50
115.00 135.00
115.00 134.50
115.00 134.00
114.50 133.50
114.50 133.00
