138.50 135.00
139.00 134.50
139.00 134.00
139.50 133.50
140.00 133.00
140.50 132.50
141.00 132.00
141.50 132.00
142.00 132.00
142.50 131.50
143.00 131.50
143.50 131.50
144.00 131.50
144.50 132.00
145.00 132.00
145.50 132.00
146.00 132.50
146.50 133.00
147.00 133.50
147.00 134.00
147.50 134.50
147.50 135.00
148.00 135.50
148.00 136.00
148.00 136.50
148.00 137.00
148.00 137.50
147.50 138.00
147.50 138.50
147.50 139.00
147.00 139.50
146.50 140.00
146.00 140.50
145.50 141.00
145.00 141.00
144.50 141.00
144.00 141.00
143.50 141.50
143.00 141.50
142.50 141.00
142.00 141.00
141.50 141.00
141.00 140.50
140.50 140.50
140.00 140.00
139.50 139.50
139.00 139.00
139.00 138.50
138.50 138.00
138.50 137.50
138.50 137.00
138.50 136.50
138.50 136.00
138.50 135.50
