118.50 144.50
118.00 144.00
117.50 143.50
117.00 143.00
116.50 142.50
116.50 142.00
116.00 141.50
116.00 141.00
115.50 140.50
115.50 140.00
115.00 139.50
114.50 139.00
114.50 138.50
114.00 138.00
114.00 137.50
114.00 137.00
113.50 136.50
113.50 136.00
113.00 135.50
113.00 135.00
113.00 134.50
112.50 134.00
112.50 133.50
112.50 133.00
112.00 132.50
112.00 132.00
112.00 131.50
112.00 131.00
111.50 130.50
111.50 130.00
111.50 129.50
111.50 129.00
111.50 128.50
111.50 128.00
111.50 127.50
111.50 127.00
111.50 126.50
111.50 126.00
111.50 125.50
111.50 125.00
111.50 124.50
112.00 124.00
112.00 123.50
112.00 123.00
112.00 122.50
112.50 122.00
112.50 121.50
113.00 121.00
113.00 120.50
113.50 120.00
113.50 119.50
114.00 119.00
114.50 118.50
115.00 118.00
115.50 117.50
115.50 117.00
116.00 116.50
116.50 116.50
117.00 116.00
117.50 115.50
118.00 115.00
118.50 114.50
119.00 114.00
119.50 113.50
120.00 113.00
120.50 112.50
121.00 112.00
121.50 112.00
122.00 111.50
122.50 111.00
123.00 110.50
123.50 110.00
124.00 110.00
124.50 109.50
125.00 109.50
125.50 109.00
126.00 109.00
126.50 109.00
127.00 108.50
127.50 108.50
128.00 108.50
128.50 108.50
129.00 108.50
129.50 108.50
130.00 108.50
130.50 108.50
131.00 109.00
131.50 109.00
132.00 109.00
132.50 109.00
133.00 109.00
133.50 109.00
134.00 109.50
134.50 109.50
135.00 109.50
135.50 109.50
136.00 110.00
136.50 110.00
137.00 110.00
137.50 110.50
138.00 110.50
138.50 110.50
139.00 110.50
139.50 111.00
140.00 111.00
140.50 111.00
141.00 111.50
141.50 111.50
142.00 111.50
142.50 112.00
143.00 112.00
143.50 112.50
144.00 112.50
144.50 112.50
145.00 113.00
145.50 113.50
146.00 113.50
146.50 114.00
147.00 114.50
147.50 115.00
148.00 115.50
148.50 116.00
149.00 116.50
149.00 117.00
149.50 117.50
150.00 118.00
150.50 118.50
150.50 119.00
151.00 119.50
151.00 120.00
151.00 120.50
151.50 121.00
151.50 121.50
152.00 122.00
152.00 122.50
152.00 123.00
152.00 123.50
152.50 124.00
152.50 124.50
152.50 125.00
152.50 125.50
152.50 126.00
152.50 126.50
152.50 127.00
152.50 127.50
152.50 128.00
152.50 128.50
152.50 129.00
152.50 129.50
152.50 130.00
152.50 130.50
152.50 131.00
152.50 131.50
152.00 132.00
152.00 132.50
152.00 133.00
151.50 133.50
151.50 134.00
151.50 134.50
151.00 135.00
151.00 135.50
151.00 136.00
150.50 136.50
150.00 137.00
150.00 137.50
149.50 138.00
149.50 138.50
149.00 139.00
148.50 139.50
148.00 140.00
147.50 140.50
147.00 141.00
146.50 141.50
146.00 142.00
145.50 142.50
145.00 143.00
144.50 143.00
144.00 143.50
143.50 143.50
143.00 144.00
142.50 144.50
142.00 144.50
141.50 144.50
141.00 145.00
140.50 145.50
140.00 145.50
139.50 145.50
139.00 146.00
138.50 146.50
138.00 146.50
137.50 146.50
137.00 147.00
136.50 147.00
136.00 147.50
135.50 147.50
135.00 147.50
134.50 147.50
134.00 148.00
133.50 148.00
133.00 148.00
132.50 148.00
132.00 148.50
131.50 148.50
131.00 148.50
130.50 148.50
130.00 148.50
129.50 148.50
129.00 148.50
128.50 148.50
128.00 148.50
127.50 148.50
127.00 148.50
126.50 148.50
126.00 148.00
125.50 148.00
125.00 148.00
124.50 148.00
124.00 147.50
123.50 147.50
123.00 147.50
122.50 147.00
122.00 147.00
121.50 147.00
121.00 146.50
120.50 146.00
120.00 146.00
119.50 145.50
119.00 145.00
