113.50 122.50
113.50 122.00
113.50 121.50
113.50 121.00
113.50 120.50
113.50 120.00
113.50 119.50
113.50 119.00
113.50 118.50
113.50 118.00
113.50 117.50
113.50 117.00
113.50 116.50
113.50 116.00
114.00 115.50
114.00 115.00
114.00 114.50
114.50 114.00
114.50 113.50
115.00 113.00
115.50 112.50
116.00 112.00
116.50 111.50
117.00 111.00
117.50 110.50
118.00 110.50
118.50 110.00
119.00 109.50
119.50 109.50
120.00 109.50
120.50 109.00
121.00 109.00
121.50 109.00
122.00 109.00
122.50 109.00
123.00 109.00
123.50 109.00
124.00 109.00
124.50 109.00
125.00 109.00
125.50 109.50
126.00 109.50
126.50 109.50
127.00 109.50
127.50 109.50
128.00 109.50
128.50 109.50
129.00 109.50
129.50 109.50
130.00 109.50
130.50 109.50
131.00 109.50
131.50 109.50
132.00 109.50
132.50 109.00
133.00 109.00
133.50 109.00
134.00 109.00
134.50 109.00
135.00 109.00
135.50 109.00
136.00 109.00
136.50 109.00
137.00 109.00
137.50 109.50
138.00 109.50
138.50 109.50
139.00 110.00
139.50 110.00
140.00 110.50
140.50 111.00
141.00 111.50
141.50 112.00
142.00 112.50
142.50 113.00
143.00 113.00
143.50 113.50
143.50 114.00
144.00 114.50
144.50 115.00
145.00 115.50
145.50 116.00
146.00 116.50
146.50 117.00
147.00 117.50
147.50 118.00
148.00 118.50
148.00 119.00
148.50 119.50
149.00 120.00
149.50 120.50
149.50 121.00
149.50 121.50
150.00 122.00
150.00 122.50
150.00 123.00
150.00 123.50
150.00 124.00
150.00 124.50
150.00 125.00
150.00 125.50
150.00 126.00
150.00 126.50
150.00 127.00
150.00 127.50
150.00 128.00
150.00 128.50
150.00 129.00
150.00 129.50
150.00 130.00
150.00 130.50
150.00 131.00
150.50 131.50
150.50 132.00
150.50 132.50
150.50 133.00
150.50 133.50
150.50 134.00
150.50 134.50
150.50 135.00
150.50 135.50
150.50 136.00
150.50 136.50
150.50 137.00
150.50 137.50
150.50 138.00
150.50 138.50
150.50 139.00
150.50 139.50
150.00 140.00
150.00 140.50
149.50 141.00
149.50 141.50
149.00 142.00
149.00 142.50
148.50 143.00
148.00 143.50
148.00 144.00
147.50 144.50
147.00 145.00
146.50 145.50
146.00 146.00
145.50 146.50
145.00 147.00
144.50 147.00
144.00 147.50
143.50 148.00
143.00 148.00
142.50 148.50
142.00 149.00
141.50 149.00
141.00 149.50
140.50 149.50
140.00 150.00
139.50 150.00
139.00 150.50
138.50 150.50
138.00 150.50
137.50 150.50
137.00 151.00
136.50 151.00
136.00 151.50
135.50 151.50
135.00 151.50
134.50 151.50
134.00 152.00
133.50 152.00
133.00 152.00
132.50 152.00
132.00 152.00
131.50 152.50
131.00 152.50
130.50 152.50
130.00 152.50
129.50 152.50
129.00 152.50
128.50 152.50
128.00 152.50
127.50 152.50
127.00 152.50
126.50 152.50
126.00 152.50
125.50 152.50
125.00 152.50
124.50 152.50
124.00 152.00
123.50 152.00
123.00 152.00
122.50 151.50
122.00 151.50
121.50 151.50
121.00 151.00
120.50 150.50
120.00 150.00
119.50 149.50
119.00 149.00
118.50 148.50
118.50 148.00
118.00 147.50
118.00 147.00
117.50 146.50
117.50 146.00
117.00 145.50
117.00 145.00
117.00 144.50
116.50 144.00
116.50 143.50
116.50 143.00
116.50 142.50
116.50 142.00
116.50 141.50
116.00 141.00
116.00 140.50
116.00 140.00
116.00 139.50
116.00 139.00
115.50 138.50
115.00 138.00
115.00 137.50
114.50 137.00
114.50 136.50
114.00 136.00
114.00 135.50
114.00 135.00
114.00 134.50
113.50 134.00
113.50 133.50
113.50 133.00
113.50 132.50
113.50 132.00
113.50 131.50
113.50 131.00
113.50 130.50
113.50 130.00
113.50 129.50
113.50 129.00
113.50 128.50
113.50 128.00
113.50 127.50
113.50 127.00
113.50 126.50
113.50 126.00
113.50 125.50
113.50 125.00
113.50 124.50
113.50 124.00
113.50 123.50
113.50 123.00
