121.00 113.50
121.50 113.50
122.00 113.50
122.50 113.50
123.00 113.50
123.50 113.50
124.00 113.50
124.50 113.50
125.00 113.50
125.50 113.50
126.00 113.50
126.50 113.50
127.00 113.50
127.50 114.00
128.00 114.00
128.50 114.00
129.00 114.00
129.50 114.00
130.00 114.50
130.50 114.50
131.00 114.50
131.50 115.00
132.00 115.00
132.50 115.00
133.00 115.00
133.50 115.50
134.00 115.50
134.50 116.00
135.00 116.00
135.50 116.00
136.00 116.50
136.50 116.50
137.00 117.00
137.50 117.50
138.00 118.00
138.50 118.50
138.50 119.00
139.00 119.50
139.00 120.00
139.50 120.50
139.50 121.00
139.50 121.50
139.50 122.00
140.00 122.50
140.00 123.00
140.00 123.50
140.00 124.00
140.00 124.50
140.00 125.00
140.00 125.50
139.50 126.00
139.50 126.50
139.50 127.00
139.50 127.50
139.50 128.00
139.00 128.50
139.00 129.00
139.00 129.50
139.00 130.00
138.50 130.50
138.50 131.00
138.00 131.50
137.50 132.00
137.50 132.50
137.00 133.00
136.50 133.50
136.00 134.00
135.50 134.50
135.00 135.00
134.50 135.50
134.00 136.00
133.50 136.50
133.00 136.50
132.50 136.50
132.00 137.00
131.50 137.50
131.00 137.50
130.50 138.00
130.00 138.00
129.50 138.00
129.00 138.50
128.50 138.50
128.00 138.50
127.50 138.50
127.00 138.50
126.50 138.50
126.00 139.00
125.50 138.50
125.00 138.50
124.50 138.50
124.00 138.50
123.50 138.50
123.00 138.00
122.50 138.00
122.00 137.50
121.50 137.50
121.00 137.00
120.50 136.50
120.00 136.50
119.50 136.00
119.00 135.50
118.50 135.00
118.50 134.50
118.00 134.00
117.50 133.50
117.50 133.00
117.00 132.50
116.50 132.00
116.50 131.50
116.50 131.00
116.00 130.50
116.00 130.00
116.00 129.50
116.00 129.00
115.50 128.50
115.50 128.00
115.50 127.50
115.50 127.00
115.50 126.50
115.50 126.00
115.50 125.50
115.50 125.00
115.50 124.50
115.50 124.00
115.50 123.50
115.50 123.00
115.50 122.50
115.50 122.00
116.00 121.50
116.00 121.00
116.00 120.50
116.00 120.00
116.50 119.50
116.50 119.00
116.50 118.50
117.00 118.00
117.00 117.50
117.50 117.00
117.50 116.50
118.00 116.00
118.50 115.50
119.00 115.00
119.50 114.50
120.00 114.50
120.50 114.00
