145.50 138.50
146.00 139.00
146.50 139.50
147.00 140.00
147.00 140.50
147.00 141.00
147.50 141.50
147.50 142.00
147.00 142.50
147.00 143.00
147.00 143.50
147.00 144.00
146.50 144.50
146.00 145.00
145.50 145.50
145.00 145.50
144.50 146.00
144.00 146.00
143.50 146.00
143.00 146.50
142.50 146.50
142.00 146.00
141.50 146.00
141.00 145.50
140.50 145.00
140.50 144.50
140.00 144.00
140.00 143.50
140.00 143.00
140.00 142.50
140.00 142.00
140.00 141.50
140.00 141.00
140.50 140.50
141.00 140.00
141.00 139.50
141.50 139.00
142.00 138.50
142.50 138.50
143.00 138.00
143.50 138.00
144.00 138.00
144.50 138.00
145.00 138.00
