142.50 111.00
143.00 111.00
143.50 111.00
144.00 111.50
144.50 111.50
145.00 111.50
145.50 112.00
146.00 112.50
146.50 113.00
147.00 113.00
147.50 113.50
148.00 114.00
148.00 114.50
148.50 115.00
149.00 115.50
149.50 115.50
150.00 116.00
150.00 116.50
150.00 117.00
150.50 117.50
150.00 118.00
150.00 118.50
150.00 119.00
150.00 119.50
150.00 120.00
150.00 120.50
150.00 121.00
150.00 121.50
150.00 122.00
150.00 122.50
150.00 123.00
149.50 123.50
149.50 124.00
149.00 124.50
148.50 125.00
148.00 125.50
147.50 125.50
147.00 125.50
146.50 126.00
146.00 126.00
145.50 126.00
145.00 126.00
144.50 126.00
144.00 126.00
143.50 126.00
143.00 126.00
142.50 126.00
142.00 125.50
141.50 125.50
141.00 125.50
140.50 125.00
140.00 125.00
139.50 124.50
139.00 124.00
138.50 123.50
138.50 123.00
138.00 122.50
138.00 122.00
137.50 121.50
137.50 121.00
137.00 120.50
137.00 120.00
137.00 119.50
137.00 119.00
137.00 118.50
137.00 118.00
137.00 117.50
137.00 117.00
137.00 116.50
137.00 116.00
137.00 115.50
137.50 115.00
137.50 114.50
138.00 114.00
138.00 113.50
138.50 113.00
139.00 112.50
139.50 112.00
140.00 111.50
140.50 111.50
141.00 111.00
141.50 111.00
142.00 111.00
