155.50 108.00
156.00 108.00
156.50 108.50
157.00 108.50
157.50 108.50
158.00 109.00
158.50 109.50
159.00 110.00
159.50 110.50
160.00 110.50
160.50 111.00
161.00 111.50
161.00 112.00
161.50 112.50
161.50 113.00
162.00 113.50
162.50 114.00
162.50 114.50
162.50 115.00
162.50 115.50
163.00 116.00
163.00 116.50
163.00 117.00
163.00 117.50
163.50 118.00
163.50 118.50
163.50 119.00
163.50 119.50
163.50 120.00
163.50 120.50
163.50 121.00
164.00 121.50
164.00 122.00
164.00 122.50
164.00 123.00
164.00 123.50
164.50 124.00
164.50 124.50
164.50 125.00
164.50 125.50
164.50 126.00
164.50 126.50
164.50 127.00
164.50 127.50
164.50 128.00
164.50 128.50
164.50 129.00
164.50 129.50
164.50 130.00
164.50 130.50
164.50 131.00
164.00 131.50
164.00 132.00
164.00 132.50
164.00 133.00
163.50 133.50
163.50 134.00
163.50 134.50
163.00 135.00
162.50 135.50
162.50 136.00
162.50 136.50
162.00 137.00
161.50 137.50
161.00 138.00
161.00 138.50
161.00 139.00
160.50 139.50
160.00 140.00
159.50 140.50
159.00 141.00
159.00 141.50
158.50 142.00
158.00 142.50
157.50 143.00
157.00 143.50
156.50 144.00
156.00 144.50
155.50 145.00
155.00 145.00
154.50 145.50
154.00 146.00
153.50 146.50
153.00 147.00
152.50 147.50
152.00 147.50
151.50 148.00
151.00 148.00
150.50 148.50
150.00 149.00
149.50 149.00
149.00 149.50
148.50 149.50
148.00 149.50
147.50 150.00
147.00 150.00
146.50 150.50
146.00 150.50
145.50 150.50
145.00 150.50
144.50 151.00
144.00 151.00
143.50 151.00
143.00 151.50
142.50 151.50
142.00 151.50
141.50 151.50
141.00 151.50
140.50 152.00
140.00 152.00
139.50 152.00
139.00 152.00
138.50 152.00
138.00 152.00
137.50 152.00
137.00 152.00
136.50 152.00
136.00 152.00
135.50 152.50
135.00 152.50
134.50 152.50
134.00 152.00
133.50 152.00
133.00 152.00
132.50 152.00
132.00 152.00
131.50 152.00
131.00 152.00
130.50 152.00
130.00 152.00
129.50 152.00
129.00 151.50
128.50 151.50
128.00 151.50
127.50 151.50
127.00 151.00
126.50 151.00
126.00 151.00
125.50 150.50
125.00 150.50
124.50 150.00
124.00 150.00
123.50 150.00
123.00 149.50
122.50 149.00
122.00 149.00
121.50 148.50
121.00 148.00
120.50 147.50
120.00 147.00
120.00 146.50
120.00 146.00
120.00 145.50
120.00 145.00
120.00 144.50
120.00 144.00
120.00 143.50
120.00 143.00
120.00 142.50
120.50 142.00
120.50 141.50
120.50 141.00
121.00 140.50
121.00 140.00
121.50 139.50
121.50 139.00
122.00 138.50
122.00 138.00
122.50 137.50
122.50 137.00
123.00 136.50
123.50 136.00
123.50 135.50
124.00 135.00
124.00 134.50
124.50 134.00
125.00 133.50
125.50 133.00
125.50 132.50
126.00 132.00
126.00 131.50
126.50 131.00
127.00 130.50
127.00 130.00
127.50 129.50
128.00 129.00
128.00 128.50
128.50 128.00
128.50 127.50
129.00 127.00
129.00 126.50
129.50 126.00
130.00 125.50
130.00 125.00
130.50 124.50
130.50 124.00
131.00 123.50
131.00 123.00
131.50 122.50
132.00 122.00
132.00 121.50
132.50 121.00
132.50 120.50
133.00 120.00
133.50 119.50
133.50 119.00
134.00 118.50
134.00 118.00
134.50 117.50
135.00 117.00
135.50 116.50
136.00 116.00
136.50 115.50
136.50 115.00
137.00 114.50
137.50 114.00
138.00 113.50
138.50 113.00
139.00 112.50
139.50 112.00
140.00 111.50
140.50 111.00
141.00 111.00
141.50 110.50
142.00 110.00
142.50 110.00
143.00 109.50
143.50 109.50
144.00 109.00
144.50 109.00
145.00 108.50
145.50 108.50
146.00 108.50
146.50 108.00
147.00 108.00
147.50 108.00
148.00 108.00
148.50 107.50
149.00 107.50
149.50 107.50
150.00 107.50
150.50 107.50
151.00 107.50
151.50 107.50
152.00 107.50
152.50 107.50
153.00 107.50
153.50 107.50
154.00 107.50
154.50 107.50
155.00 108.00
