135.00 147.50
134.50 147.00
134.00 147.00
133.50 146.50
133.00 146.00
132.50 145.50
132.00 145.00
131.50 144.50
131.00 144.00
131.00 143.50
130.50 143.00
130.50 142.50
130.00 142.00
130.00 141.50
129.50 141.00
129.00 140.50
129.00 140.00
129.00 139.50
128.50 139.00
128.50 138.50
128.50 138.00
128.50 137.50
128.00 137.00
128.00 136.50
128.00 136.00
128.00 135.50
128.00 135.00
127.50 134.50
127.50 134.00
127.50 133.50
127.50 133.00
127.50 132.50
127.50 132.00
127.50 131.50
127.50 131.00
127.50 130.50
127.50 130.00
127.50 129.50
127.50 129.00
127.50 128.50
127.50 128.00
127.50 127.50
127.50 127.00
127.50 126.50
128.00 126.00
128.00 125.50
128.00 125.00
128.00 124.50
128.00 124.00
128.50 123.50
128.50 123.00
128.50 122.50
128.50 122.00
129.00 121.50
129.00 121.00
129.00 120.50
129.50 120.00
129.50 119.50
130.00 119.00
130.00 118.50
130.00 118.00
130.50 117.50
130.50 117.00
131.00 116.50
131.00 116.00
131.50 115.50
132.00 115.00
132.00 114.50
132.50 114.00
133.00 113.50
133.00 113.00
133.50 112.50
134.00 112.00
134.00 111.50
134.50 111.00
135.00 110.50
135.50 110.00
136.00 109.50
136.50 109.00
137.00 108.50
137.50 108.00
138.00 107.50
138.50 107.00
139.00 106.50
139.50 106.50
140.00 106.00
140.50 105.50
141.00 105.50
141.50 105.00
142.00 105.00
142.50 104.50
143.00 104.50
143.50 104.00
144.00 104.00
144.50 103.50
145.00 103.50
145.50 103.50
146.00 103.00
146.50 103.00
147.00 103.00
147.50 103.00
148.00 103.00
148.50 102.50
149.00 102.50
149.50 102.50
150.00 102.50
150.50 102.50
151.00 102.50
151.50 102.50
152.00 102.50
152.50 102.50
153.00 103.00
153.50 103.00
154.00 103.00
154.50 103.00
155.00 103.50
155.50 103.50
156.00 103.50
156.50 104.00
157.00 104.00
157.50 104.50
158.00 104.50
158.50 105.00
159.00 105.50
159.50 106.00
160.00 106.50
160.50 107.00
161.00 107.50
161.00 108.00
161.50 108.50
161.50 109.00
162.00 109.50
162.00 110.00
162.50 110.50
162.50 111.00
162.50 111.50
163.00 112.00
163.00 112.50
163.50 113.00
163.50 113.50
164.00 114.00
164.00 114.50
164.00 115.00
164.50 115.50
164.50 116.00
164.50 116.50
164.50 117.00
164.50 117.50
164.50 118.00
164.50 118.50
164.50 119.00
164.50 119.50
164.50 120.00
164.50 120.50
164.50 121.00
164.50 121.50
164.50 122.00
164.50 122.50
164.50 123.00
164.50 123.50
164.50 124.00
164.50 124.50
164.50 125.00
164.50 125.50
164.50 126.00
164.50 126.50
164.50 127.00
164.50 127.50
164.50 128.00
164.50 128.50
164.50 129.00
164.50 129.50
164.50 130.00
164.50 130.50
164.50 131.00
164.00 131.50
164.00 132.00
164.00 132.50
164.00 133.00
164.00 133.50
164.00 134.00
164.00 134.50
163.50 135.00
163.50 135.50
163.50 136.00
163.00 136.50
163.00 137.00
163.00 137.50
162.50 138.00
162.50 138.50
162.50 139.00
162.00 139.50
162.00 140.00
161.50 140.50
161.50 141.00
161.50 141.50
161.00 142.00
160.50 142.50
160.50 143.00
160.00 143.50
159.50 144.00
159.00 144.50
158.50 145.00
158.00 145.50
157.50 146.00
157.00 146.50
156.50 147.00
156.00 147.00
155.50 147.00
155.00 147.50
154.50 148.00
154.00 148.00
153.50 148.00
153.00 148.50
152.50 148.50
152.00 148.50
151.50 149.00
151.00 149.00
150.50 149.00
150.00 149.00
149.50 149.00
149.00 149.50
148.50 149.50
148.00 149.50
147.50 149.50
147.00 149.50
146.50 149.50
146.00 149.50
145.50 149.50
145.00 149.50
144.50 149.50
144.00 149.50
143.50 149.50
143.00 149.50
142.50 149.50
142.00 149.00
141.50 149.00
141.00 149.00
140.50 149.00
140.00 149.00
139.50 149.00
139.00 148.50
138.50 148.50
138.00 148.50
137.50 148.50
137.00 148.50
136.50 148.00
136.00 148.00
135.50 148.00
