158.50 110.50
159.00 110.50
159.50 111.00
160.00 111.00
160.50 111.50
161.00 112.00
161.00 112.50
161.50 113.00
162.00 113.50
162.50 114.00
162.50 114.50
163.00 115.00
163.50 115.50
163.50 116.00
163.50 116.50
164.00 117.00
164.00 117.50
164.00 118.00
164.50 118.50
164.50 119.00
164.50 119.50
164.50 120.00
165.00 120.50
165.00 121.00
165.00 121.50
165.00 122.00
165.00 122.50
165.00 123.00
165.00 123.50
165.00 124.00
165.00 124.50
165.00 125.00
165.00 125.50
165.00 126.00
165.00 126.50
165.00 127.00
165.00 127.50
164.50 128.00
164.50 128.50
164.50 129.00
164.00 129.50
164.00 130.00
164.00 130.50
164.00 131.00
163.50 131.50
163.50 132.00
163.50 132.50
163.00 133.00
163.00 133.50
162.50 134.00
162.50 134.50
162.00 135.00
161.50 135.50
161.50 136.00
161.50 136.50
161.00 137.00
160.50 137.50
160.00 138.00
160.00 138.50
159.50 139.00
159.50 139.50
159.00 140.00
158.50 140.50
158.00 141.00
157.50 141.50
157.50 142.00
157.00 142.50
156.50 143.00
156.00 143.50
155.50 144.00
155.50 144.50
155.00 145.00
154.50 145.50
154.00 145.50
153.50 146.00
153.00 146.50
152.50 147.00
152.00 147.00
151.50 147.50
151.00 147.50
150.50 148.00
150.00 148.50
149.50 148.50
149.00 148.50
148.50 149.00
148.00 149.00
147.50 149.00
147.00 149.50
146.50 149.50
146.00 149.50
145.50 149.50
145.00 150.00
144.50 150.00
144.00 150.00
143.50 150.00
143.00 150.00
142.50 150.00
142.00 150.00
141.50 150.00
141.00 150.50
140.50 150.50
140.00 150.50
139.50 150.50
139.00 150.50
138.50 150.50
138.00 150.50
137.50 150.50
137.00 150.50
136.50 150.50
136.00 150.50
135.50 150.50
135.00 150.50
134.50 150.50
134.00 150.50
133.50 150.50
133.00 150.50
132.50 150.50
132.00 151.00
131.50 151.00
131.00 151.00
130.50 151.00
130.00 151.00
129.50 151.00
129.00 151.00
128.50 151.00
128.00 151.00
127.50 151.00
127.00 151.00
126.50 151.00
126.00 151.00
125.50 151.00
125.00 151.00
124.50 151.00
124.00 151.00
123.50 151.00
123.00 151.00
122.50 151.00
122.00 151.00
121.50 151.00
121.00 151.00
120.50 151.00
120.00 151.00
119.50 150.50
119.00 150.50
118.50 150.50
118.00 150.00
117.50 149.50
117.00 149.00
117.00 148.50
116.50 148.00
116.00 147.50
116.00 147.00
116.00 146.50
115.50 146.00
115.50 145.50
115.50 145.00
115.50 144.50
115.50 144.00
115.50 143.50
115.50 143.00
115.50 142.50
116.00 142.00
116.00 141.50
116.00 141.00
116.00 140.50
116.00 140.00
116.50 139.50
116.50 139.00
116.50 138.50
116.50 138.00
117.00 137.50
117.00 137.00
117.50 136.50
117.50 136.00
118.00 135.50
118.00 135.00
118.00 134.50
118.50 134.00
118.50 133.50
119.00 133.00
119.00 132.50
119.50 132.00
119.50 131.50
120.00 131.00
120.00 130.50
120.50 130.00
121.00 129.50
121.00 129.00
121.50 128.50
122.00 128.00
122.50 127.50
123.00 127.00
123.50 126.50
124.00 126.00
124.50 125.50
125.00 125.00
125.50 124.50
126.00 124.00
126.50 123.50
127.00 123.00
127.50 122.50
128.00 122.50
128.50 122.00
129.00 121.50
129.50 121.00
130.00 121.00
130.50 120.50
131.00 120.00
131.50 119.50
132.00 119.50
132.50 119.00
133.00 118.50
133.50 118.50
134.00 118.00
134.50 117.50
135.00 117.50
135.50 117.00
136.00 116.50
136.50 116.50
137.00 116.00
137.50 116.00
138.00 115.50
138.50 115.00
139.00 115.00
139.50 114.50
140.00 114.50
140.50 114.00
141.00 113.50
141.50 113.50
142.00 113.00
142.50 113.00
143.00 112.50
143.50 112.50
144.00 112.00
144.50 112.00
145.00 111.50
145.50 111.50
146.00 111.00
146.50 111.00
147.00 111.00
147.50 110.50
148.00 110.50
148.50 110.50
149.00 110.00
149.50 110.00
150.00 110.00
150.50 110.00
151.00 109.50
151.50 109.50
152.00 109.50
152.50 109.50
153.00 109.50
153.50 109.50
154.00 109.50
154.50 109.50
155.00 109.50
155.50 109.50
156.00 109.50
156.50 109.50
157.00 109.50
157.50 110.00
158.00 110.00
