151.00 107.50
151.50 107.50
152.00 107.50
152.50 107.50
153.00 108.00
153.50 108.00
154.00 108.50
154.50 108.50
155.00 109.00
155.50 109.00
156.00 109.50
156.50 110.00
157.00 110.50
157.50 111.00
157.50 111.50
158.00 112.00
158.00 112.50
158.00 113.00
158.00 113.50
158.00 114.00
158.50 114.50
158.50 115.00
158.50 115.50
158.50 116.00
158.50 116.50
159.00 117.00
159.00 117.50
159.00 118.00
159.50 118.50
159.50 119.00
159.50 119.50
159.50 120.00
160.00 120.50
160.00 121.00
160.00 121.50
160.00 122.00
160.00 122.50
160.00 123.00
160.00 123.50
160.00 124.00
160.00 124.50
159.50 125.00
159.50 125.50
159.50 126.00
159.00 126.50
159.00 127.00
158.50 127.50
158.50 128.00
158.50 128.50
158.00 129.00
158.00 129.50
157.50 130.00
157.50 130.50
157.00 131.00
156.50 131.50
156.50 132.00
156.50 132.50
156.00 133.00
156.00 133.50
155.50 134.00
155.00 134.50
155.00 135.00
154.50 135.50
154.50 136.00
154.00 136.50
154.00 137.00
154.00 137.50
153.50 138.00
153.00 138.50
153.00 139.00
152.50 139.50
152.00 140.00
151.50 140.50
151.00 141.00
150.50 141.50
150.00 141.50
149.50 142.00
149.00 142.00
148.50 142.50
148.00 142.50
147.50 142.50
147.00 142.50
146.50 143.00
146.00 143.00
145.50 143.00
145.00 143.00
144.50 143.00
144.00 143.50
143.50 143.50
143.00 143.50
142.50 143.50
142.00 143.50
141.50 143.50
141.00 143.50
140.50 143.50
140.00 143.00
139.50 143.00
139.00 143.00
138.50 142.50
138.00 142.50
137.50 142.50
137.00 142.00
136.50 141.50
136.00 141.50
135.50 141.00
135.00 140.50
134.50 140.00
134.50 139.50
134.00 139.00
133.50 138.50
133.50 138.00
133.00 137.50
133.00 137.00
133.00 136.50
132.50 136.00
132.50 135.50
132.50 135.00
132.00 134.50
132.00 134.00
132.00 133.50
131.50 133.00
131.50 132.50
131.50 132.00
131.00 131.50
131.00 131.00
130.50 130.50
130.50 130.00
130.50 129.50
130.50 129.00
130.50 128.50
130.50 128.00
130.50 127.50
130.50 127.00
130.50 126.50
131.00 126.00
131.00 125.50
131.00 125.00
131.00 124.50
131.50 124.00
132.00 123.50
132.00 123.00
132.50 122.50
132.50 122.00
133.00 121.50
133.00 121.00
133.50 120.50
133.50 120.00
134.00 119.50
134.00 119.00
134.00 118.50
134.50 118.00
134.50 117.50
134.50 117.00
134.50 116.50
134.50 116.00
134.50 115.50
135.00 115.00
135.00 114.50
135.50 114.00
136.00 113.50
136.50 113.00
137.00 112.50
137.50 112.50
138.00 112.50
138.50 112.00
139.00 111.50
139.50 111.50
140.00 111.50
140.50 111.00
141.00 110.50
141.50 110.50
142.00 110.00
142.50 109.50
143.00 109.00
143.50 109.00
144.00 108.50
144.50 108.50
145.00 108.00
145.50 108.00
146.00 108.00
146.50 107.50
147.00 107.50
147.50 107.50
148.00 107.50
148.50 107.50
149.00 107.50
149.50 107.50
150.00 107.50
150.50 107.50
