141.00 111.50
141.50 111.50
142.00 112.00
142.50 112.50
143.00 113.00
143.50 113.50
144.00 114.00
144.50 114.50
145.00 115.00
145.50 115.50
146.00 116.00
146.50 116.50
146.50 117.00
147.00 117.50
147.00 118.00
147.50 118.50
147.50 119.00
147.50 119.50
147.00 120.00
146.50 120.50
146.00 120.50
145.50 120.50
145.00 121.00
144.50 121.00
144.00 121.00
143.50 121.00
143.00 121.00
142.50 120.50
142.00 120.50
141.50 120.00
141.00 119.50
140.50 119.50
140.00 119.00
139.50 118.50
139.00 118.50
138.50 118.00
138.00 117.50
137.50 117.50
137.00 117.00
137.00 116.50
137.00 116.00
137.00 115.50
137.00 115.00
137.00 114.50
137.00 114.00
137.50 113.50
137.50 113.00
138.00 112.50
138.50 112.00
139.00 111.50
139.50 111.50
140.00 111.50
140.50 111.50
