147.50 116.50
148.00 117.00
148.50 117.50
148.50 118.00
149.00 118.50
149.00 119.00
149.00 119.50
149.00 120.00
149.00 120.50
149.00 121.00
149.00 121.50
149.00 122.00
148.50 122.50
148.00 123.00
147.50 123.00
147.00 123.00
146.50 123.00
146.00 123.00
145.50 123.00
145.00 123.00
144.50 123.00
144.00 122.50
143.50 122.50
143.00 122.50
142.50 122.00
142.00 122.00
141.50 121.50
141.00 121.00
140.50 120.50
140.00 120.00
140.00 119.50
139.50 119.00
139.50 118.50
139.50 118.00
139.50 117.50
139.50 117.00
140.00 116.50
140.00 116.00
140.50 115.50
141.00 115.50
141.50 115.00
142.00 114.50
142.50 114.50
143.00 114.50
143.50 114.50
144.00 114.50
144.50 114.50
145.00 114.50
145.50 115.00
146.00 115.00
146.50 115.50
147.00 116.00
