138.00 157.00
137.50 157.00
137.00 157.00
136.50 157.00
136.00 157.00
135.50 157.00
135.00 156.50
134.50 156.50
134.00 156.50
133.50 156.50
133.00 156.50
132.50 156.50
132.00 156.50
131.50 156.00
131.00 156.00
130.50 156.00
130.00 156.00
129.50 156.00
129.00 155.50
128.50 155.50
128.00 155.50
127.50 155.00
127.00 155.00
126.50 155.00
126.00 154.50
125.50 154.50
125.00 154.00
124.50 154.00
124.00 153.50
123.50 153.50
123.00 153.00
122.50 152.50
122.00 152.50
121.50 152.00
121.00 152.00
120.50 151.50
120.00 151.50
119.50 151.00
119.00 151.00
118.50 151.00
118.00 150.50
118.00 150.00
118.00 149.50
117.50 149.00
117.50 148.50
117.50 148.00
117.50 147.50
117.50 147.00
117.50 146.50
117.50 146.00
117.50 145.50
117.50 145.00
117.50 144.50
117.50 144.00
118.00 143.50
118.00 143.00
118.00 142.50
118.00 142.00
118.00 141.50
118.50 141.00
118.50 140.50
118.50 140.00
118.50 139.50
118.50 139.00
119.00 138.50
119.00 138.00
119.50 137.50
119.50 137.00
119.50 136.50
120.00 136.00
120.00 135.50
120.00 135.00
120.50 134.50
120.50 134.00
121.00 133.50
121.00 133.00
121.50 132.50
121.50 132.00
121.50 131.50
122.00 131.00
122.50 130.50
122.50 130.00
122.50 129.50
123.00 129.00
123.00 128.50
123.00 128.00
123.00 127.50
123.50 127.00
123.50 126.50
124.00 126.00
124.00 125.50
124.00 125.00
124.50 124.50
124.50 124.00
124.50 123.50
125.00 123.00
125.00 122.50
125.50 122.00
125.50 121.50
126.00 121.00
126.00 120.50
126.50 120.00
126.50 119.50
127.00 119.00
127.00 118.50
127.50 118.00
128.00 117.50
128.00 117.00
128.50 116.50
128.50 116.00
129.00 115.50
129.50 115.00
130.00 114.50
130.50 114.50
131.00 114.00
131.50 114.00
132.00 113.50
132.00 113.00
132.50 112.50
133.00 112.50
133.50 112.00
134.00 111.50
134.50 111.50
135.00 111.00
135.50 110.50
136.00 110.00
136.50 109.50
137.00 109.50
137.50 109.00
138.00 108.50
138.50 108.50
139.00 108.00
139.50 107.50
140.00 107.50
140.50 107.00
141.00 107.00
141.50 106.50
142.00 106.50
142.50 106.00
143.00 106.00
143.50 106.00
144.00 105.50
144.50 105.50
145.00 105.50
145.50 105.00
146.00 105.00
146.50 105.00
147.00 105.00
147.50 104.50
148.00 104.50
148.50 104.50
149.00 104.50
149.50 104.50
150.00 104.50
150.50 104.50
151.00 104.50
151.50 104.50
152.00 104.50
152.50 104.50
153.00 104.50
153.50 104.50
154.00 104.50
154.50 104.50
155.00 104.50
155.50 104.50
156.00 104.50
156.50 104.50
157.00 104.50
157.50 104.50
158.00 105.00
158.50 105.00
159.00 105.00
159.50 105.50
160.00 106.00
160.50 106.50
161.00 106.50
161.50 107.00
162.00 107.00
162.50 107.50
163.00 108.00
163.00 108.50
163.50 109.00
164.00 109.50
164.50 110.00
165.00 110.50
165.00 111.00
165.50 111.50
165.50 112.00
166.00 112.50
166.50 113.00
166.50 113.50
167.00 114.00
167.00 114.50
167.50 115.00
167.50 115.50
167.50 116.00
168.00 116.50
168.00 117.00
168.50 117.50
168.50 118.00
168.50 118.50
169.00 119.00
169.00 119.50
169.00 120.00
169.00 120.50
169.50 121.00
169.50 121.50
169.50 122.00
169.50 122.50
170.00 123.00
170.00 123.50
170.00 124.00
170.00 124.50
170.00 125.00
170.00 125.50
170.00 126.00
170.00 126.50
170.00 127.00
170.00 127.50
170.00 128.00
170.00 128.50
170.00 129.00
170.00 129.50
170.00 130.00
170.00 130.50
170.00 131.00
170.00 131.50
170.00 132.00
169.50 132.50
169.50 133.00
169.50 133.50
169.50 134.00
169.50 134.50
169.50 135.00
169.00 135.50
169.00 136.00
169.00 136.50
168.50 137.00
168.50 137.50
168.50 138.00
168.50 138.50
168.00 139.00
168.00 139.50
168.00 140.00
167.50 140.50
167.50 141.00
167.00 141.50
167.00 142.00
166.50 142.50
166.50 143.00
166.50 143.50
166.00 144.00
166.00 144.50
165.50 145.00
165.50 145.50
165.00 146.00
165.00 146.50
164.50 147.00
164.00 147.50
163.50 148.00
163.00 148.50
162.50 149.00
162.00 149.50
161.50 150.00
161.00 150.00
160.50 150.50
160.00 151.00
159.50 151.00
159.00 151.00
158.50 151.50
158.00 152.00
157.50 152.00
157.00 152.50
156.50 153.00
156.00 153.00
155.50 153.00
155.00 153.50
154.50 154.00
154.00 154.00
153.50 154.50
153.00 154.50
152.50 154.50
152.00 155.00
151.50 155.00
151.00 155.00
150.50 155.50
150.00 155.50
149.50 156.00
149.00 156.00
148.50 156.00
148.00 156.00
147.50 156.50
147.00 156.50
146.50 156.50
146.00 156.50
145.50 156.50
145.00 156.50
144.50 156.50
144.00 156.50
143.50 157.00
143.00 157.00
142.50 157.00
142.00 157.00
141.50 157.00
141.00 157.00
140.50 157.50
140.00 157.50
139.50 157.50
139.00 157.50
138.50 157.50
