145.50 110.00
146.00 110.00
146.50 109.50
147.00 109.50
147.50 109.00
148.00 108.50
148.50 108.50
149.00 108.50
149.50 108.00
150.00 108.00
150.50 108.00
151.00 108.00
151.50 108.00
152.00 108.50
152.50 108.50
153.00 108.50
153.50 109.00
154.00 109.00
154.50 109.50
155.00 110.00
155.50 110.50
156.00 111.00
156.50 111.50
157.00 112.00
157.00 112.50
157.50 113.00
157.50 113.50
158.00 114.00
158.00 114.50
158.00 115.00
158.50 115.50
158.50 116.00
158.50 116.50
158.50 117.00
158.50 117.50
158.50 118.00
158.50 118.50
158.50 119.00
158.50 119.50
158.50 120.00
158.50 120.50
158.50 121.00
158.00 121.50
158.00 122.00
158.00 122.50
157.50 123.00
157.50 123.50
157.50 124.00
157.00 124.50
157.00 125.00
156.50 125.50
156.00 126.00
155.50 126.50
155.00 127.00
154.50 127.50
154.00 128.00
153.50 128.50
153.00 129.00
152.50 129.00
152.00 129.50
151.50 130.00
151.00 130.00
150.50 130.00
150.00 130.50
149.50 130.50
149.00 131.00
148.50 131.00
148.00 131.00
147.50 131.50
147.00 131.50
146.50 131.50
146.00 131.50
145.50 132.00
145.00 132.00
144.50 132.00
144.00 132.00
143.50 132.00
143.00 132.00
142.50 132.00
142.00 132.00
141.50 132.00
141.00 131.50
140.50 131.50
140.00 131.00
139.50 130.50
139.00 130.00
139.00 129.50
138.50 129.00
138.50 128.50
138.50 128.00
138.00 127.50
138.00 127.00
138.00 126.50
138.00 126.00
138.00 125.50
138.00 125.00
138.00 124.50
137.50 124.00
137.50 123.50
137.50 123.00
137.50 122.50
137.50 122.00
137.50 121.50
137.50 121.00
137.50 120.50
137.50 120.00
137.00 119.50
137.00 119.00
137.00 118.50
137.00 118.00
137.00 117.50
137.00 117.00
137.00 116.50
137.00 116.00
137.50 115.50
137.50 115.00
137.50 114.50
138.00 114.00
138.50 113.50
139.00 113.50
139.50 113.00
140.00 112.50
140.50 112.50
141.00 112.00
141.50 112.00
142.00 112.00
142.50 111.50
143.00 111.50
143.50 111.50
144.00 111.00
144.50 111.00
145.00 110.50
