154.00 138.00
154.50 138.50
154.50 139.00
154.50 139.50
154.50 140.00
154.50 140.50
154.50 141.00
154.50 141.50
154.50 142.00
154.00 142.50
154.00 143.00
153.50 143.50
153.00 144.00
152.50 144.50
152.00 145.00
151.50 145.00
151.00 145.50
150.50 145.50
150.00 146.00
149.50 146.00
149.00 146.00
148.50 145.50
148.50 145.00
148.50 144.50
149.00 144.00
149.00 143.50
149.00 143.00
149.50 142.50
149.50 142.00
149.50 141.50
150.00 141.00
150.00 140.50
150.50 140.00
150.50 139.50
151.00 139.00
151.50 138.50
152.00 138.00
152.50 138.00
153.00 138.00
153.50 138.00
