148.50 144.50
148.50 145.00
148.00 145.50
148.00 146.00
147.50 146.50
147.00 146.50
146.50 147.00
146.00 147.50
145.50 148.00
145.00 148.00
144.50 148.00
144.00 148.50
143.50 148.50
143.00 149.00
142.50 149.00
142.00 149.00
141.50 149.50
141.00 149.50
140.50 149.50
140.00 149.50
139.50 149.00
139.50 148.50
139.50 148.00
140.00 147.50
140.50 147.00
140.50 146.50
141.00 146.00
141.50 145.50
142.00 145.00
142.50 145.00
143.00 144.50
143.50 144.50
144.00 144.00
144.50 144.00
145.00 144.00
145.50 144.00
146.00 144.00
146.50 144.00
147.00 144.00
147.50 144.00
148.00 144.00
