125.00 133.00
125.00 132.50
125.00 132.00
125.00 131.50
125.00 131.00
125.00 130.50
125.50 130.00
125.50 129.50
125.50 129.00
126.00 128.50
126.00 128.00
126.50 127.50
127.00 127.00
127.00 126.50
127.50 126.00
128.00 125.50
128.50 125.00
128.50 124.50
129.00 124.00
129.50 124.00
130.00 123.50
130.50 123.00
131.00 122.50
131.50 122.00
132.00 121.50
132.50 121.50
133.00 121.00
133.50 120.50
134.00 120.50
134.50 120.00
135.00 119.50
135.50 119.50
136.00 119.00
136.50 118.50
137.00 118.50
137.50 118.00
138.00 118.00
138.50 117.50
139.00 117.50
139.50 117.00
140.00 116.50
140.50 116.50
141.00 116.00
141.50 116.00
142.00 116.00
142.50 115.50
143.00 115.50
143.50 115.00
144.00 115.00
144.50 115.00
145.00 114.50
145.50 114.50
146.00 114.50
146.50 114.50
147.00 114.50
147.50 114.50
148.00 114.00
148.50 114.00
149.00 114.00
149.50 114.50
150.00 114.50
150.50 114.50
151.00 114.50
151.50 114.50
152.00 114.50
152.50 115.00
153.00 115.00
153.50 115.00
154.00 115.50
154.50 116.00
155.00 116.50
155.50 116.50
156.00 116.50
156.50 117.00
156.50 117.50
157.00 118.00
157.50 118.50
157.50 119.00
158.00 119.50
158.00 120.00
158.50 120.50
158.50 121.00
158.50 121.50
158.50 122.00
158.50 122.50
158.50 123.00
158.50 123.50
158.00 124.00
158.00 124.50
158.00 125.00
158.00 125.50
157.50 126.00
157.50 126.50
157.50 127.00
157.50 127.50
157.00 128.00
157.00 128.50
157.00 129.00
157.00 129.50
157.00 130.00
157.00 130.50
156.50 131.00
156.50 131.50
156.50 132.00
156.50 132.50
156.50 133.00
156.50 133.50
156.50 134.00
156.50 134.50
156.50 135.00
156.50 135.50
156.00 136.00
156.00 136.50
156.00 137.00
155.50 137.50
155.50 138.00
155.00 138.50
155.00 139.00
154.50 139.50
154.00 140.00
154.00 140.50
153.50 141.00
153.00 141.00
152.50 141.50
152.00 142.00
151.50 142.50
151.00 142.50
150.50 143.00
150.00 143.50
149.50 143.50
149.00 144.00
148.50 144.00
148.00 144.50
147.50 144.50
147.00 144.50
146.50 145.00
146.00 145.00
145.50 145.50
145.00 145.50
144.50 145.50
144.00 146.00
143.50 146.00
143.00 146.00
142.50 146.00
142.00 146.50
141.50 146.50
141.00 146.50
140.50 146.50
140.00 146.50
139.50 146.50
139.00 146.50
138.50 146.50
138.00 146.50
137.50 146.50
137.00 146.00
136.50 146.00
136.00 146.00
135.50 146.00
135.00 145.50
134.50 145.50
134.00 145.00
133.50 145.00
133.00 144.50
132.50 144.50
132.00 144.00
131.50 143.50
131.00 143.00
130.50 143.00
130.00 142.50
130.00 142.00
129.50 141.50
129.00 141.00
128.50 140.50
128.00 140.00
128.00 139.50
127.50 139.00
127.00 138.50
127.00 138.00
126.50 137.50
126.50 137.00
126.00 136.50
126.00 136.00
125.50 135.50
125.50 135.00
125.00 134.50
125.00 134.00
125.00 133.50
