151.50 111.50
152.00 112.00
152.50 112.00
153.00 112.50
153.50 113.00
154.00 113.00
154.50 113.50
154.50 114.00
155.00 114.50
155.50 115.00
155.50 115.50
156.00 116.00
156.00 116.50
156.50 117.00
156.50 117.50
156.50 118.00
157.00 118.50
157.00 119.00
157.00 119.50
157.00 120.00
157.00 120.50
157.00 121.00
157.00 121.50
157.00 122.00
157.00 122.50
157.00 123.00
157.00 123.50
157.00 124.00
157.00 124.50
157.00 125.00
157.00 125.50
157.00 126.00
156.50 126.50
156.50 127.00
156.50 127.50
156.50 128.00
156.00 128.50
156.00 129.00
156.00 129.50
155.50 130.00
155.50 130.50
155.50 131.00
155.00 131.50
155.00 132.00
154.50 132.50
154.50 133.00
154.00 133.50
154.00 134.00
153.50 134.50
153.00 135.00
153.00 135.50
152.50 136.00
152.00 136.50
151.50 137.00
151.50 137.50
151.00 138.00
150.50 138.50
150.00 139.00
149.50 139.50
149.00 140.00
148.50 140.50
148.00 141.00
147.50 141.00
147.00 141.50
146.50 142.00
146.00 142.00
145.50 142.50
145.00 142.50
144.50 142.50
144.00 143.00
143.50 143.50
143.00 143.50
142.50 143.50
142.00 143.50
141.50 144.00
141.00 144.00
140.50 144.00
140.00 144.50
139.50 144.50
139.00 144.50
138.50 144.50
138.00 144.50
137.50 145.00
137.00 145.00
136.50 145.00
136.00 145.00
135.50 145.00
135.00 145.00
134.50 145.00
134.00 145.00
133.50 145.00
133.00 145.00
132.50 145.00
132.00 145.00
131.50 145.00
131.00 145.00
130.50 144.50
130.00 144.50
129.50 144.50
129.00 144.00
128.50 144.00
128.00 143.50
127.50 143.00
127.00 142.50
126.50 142.00
126.50 141.50
126.00 141.00
125.50 140.50
125.50 140.00
125.00 139.50
125.00 139.00
125.00 138.50
125.00 138.00
125.00 137.50
124.50 137.00
124.50 136.50
124.50 136.00
124.50 135.50
124.50 135.00
124.50 134.50
124.50 134.00
124.50 133.50
124.50 133.00
124.50 132.50
124.50 132.00
124.50 131.50
125.00 131.00
125.00 130.50
125.00 130.00
125.00 129.50
125.00 129.00
125.00 128.50
125.50 128.00
125.50 127.50
125.50 127.00
126.00 126.50
126.00 126.00
126.00 125.50
126.50 125.00
126.50 124.50
127.00 124.00
127.50 123.50
127.50 123.00
127.50 122.50
128.00 122.00
128.50 121.50
128.50 121.00
129.00 120.50
129.50 120.00
130.00 119.50
130.00 119.00
130.50 118.50
131.00 118.00
131.50 117.50
132.00 117.00
132.50 116.50
133.00 116.00
133.50 115.50
134.00 115.00
134.50 114.50
135.00 114.00
135.50 113.50
136.00 113.00
136.50 113.00
137.00 112.50
137.50 112.50
138.00 112.00
138.50 111.50
139.00 111.50
139.50 111.50
140.00 111.00
140.50 111.00
141.00 110.50
141.50 110.50
142.00 110.50
142.50 110.50
143.00 110.00
143.50 110.00
144.00 110.00
144.50 110.00
145.00 110.00
145.50 110.00
146.00 110.00
146.50 110.00
147.00 110.00
147.50 110.00
148.00 110.50
148.50 110.50
149.00 110.50
149.50 110.50
150.00 111.00
150.50 111.00
151.00 111.00
