138.00 110.50
138.50 110.00
139.00 109.50
139.50 109.00
140.00 108.50
140.50 108.00
141.00 107.50
141.50 107.50
142.00 107.00
142.50 106.50
143.00 106.50
143.50 106.00
144.00 106.00
144.50 106.00
145.00 106.00
145.50 105.50
146.00 105.50
146.50 105.50
147.00 105.50
147.50 105.50
148.00 105.50
148.50 105.50
149.00 105.50
149.50 105.50
150.00 105.50
150.50 105.50
151.00 105.50
151.50 105.50
152.00 105.50
152.50 105.50
153.00 105.50
153.50 106.00
154.00 106.00
154.50 106.00
155.00 106.50
155.50 106.50
156.00 106.50
156.50 107.00
157.00 107.00
157.50 107.50
158.00 108.00
158.50 108.50
159.00 109.00
159.50 109.50
160.00 110.00
160.50 110.50
160.50 111.00
160.50 111.50
161.00 112.00
161.50 112.50
161.50 113.00
161.50 113.50
162.00 114.00
162.00 114.50
162.50 115.00
162.50 115.50
162.50 116.00
163.00 116.50
163.00 117.00
163.00 117.50
163.00 118.00
163.50 118.50
163.50 119.00
163.50 119.50
163.50 120.00
163.50 120.50
163.50 121.00
163.50 121.50
163.50 122.00
163.50 122.50
163.50 123.00
163.50 123.50
163.50 124.00
163.50 124.50
163.50 125.00
163.50 125.50
163.00 126.00
163.00 126.50
162.50 127.00
162.00 127.50
161.50 128.00
161.00 128.50
161.00 129.00
160.50 129.50
160.00 130.00
159.50 130.50
159.00 131.00
158.50 131.50
158.50 132.00
158.00 132.50
157.50 132.50
157.00 133.00
156.50 133.00
156.00 133.50
155.50 133.50
155.00 134.00
154.50 134.00
154.00 134.00
153.50 134.00
153.00 134.00
152.50 134.00
152.00 134.50
151.50 134.50
151.00 134.50
150.50 134.50
150.00 134.50
149.50 134.50
149.00 134.50
148.50 134.50
148.00 134.50
147.50 134.50
147.00 135.00
146.50 135.00
146.00 135.00
145.50 135.00
145.00 135.00
144.50 135.50
144.00 135.50
143.50 135.50
143.00 135.50
142.50 135.50
142.00 135.50
141.50 135.50
141.00 135.50
140.50 135.50
140.00 135.00
139.50 135.00
139.00 134.50
138.50 134.50
138.00 134.50
137.50 134.00
137.00 133.50
136.50 133.00
136.00 132.50
135.50 132.00
135.00 131.50
135.00 131.00
134.50 130.50
134.50 130.00
134.00 129.50
134.00 129.00
134.00 128.50
134.00 128.00
134.50 127.50
134.50 127.00
134.50 126.50
134.00 126.00
134.00 125.50
134.00 125.00
134.00 124.50
134.00 124.00
134.00 123.50
134.00 123.00
134.00 122.50
134.00 122.00
134.00 121.50
134.00 121.00
134.00 120.50
134.00 120.00
134.00 119.50
134.00 119.00
134.00 118.50
134.00 118.00
134.50 117.50
134.50 117.00
134.50 116.50
135.00 116.00
135.00 115.50
135.50 115.00
135.50 114.50
136.00 114.00
136.00 113.50
136.50 113.00
136.50 112.50
137.00 112.00
137.00 111.50
137.50 111.00
138.00 110.50
