143.50 154.00
143.00 154.00
142.50 154.00
142.00 154.50
141.50 154.50
141.00 154.50
140.50 154.50
140.00 154.50
139.50 154.50
139.00 154.50
138.50 154.50
138.00 154.50
137.50 154.50
137.00 155.00
136.50 155.00
136.00 155.00
135.50 155.00
135.00 155.00
134.50 154.50
134.00 154.50
133.50 154.50
133.00 154.50
132.50 154.50
132.00 154.50
131.50 154.50
131.00 154.50
130.50 154.50
130.00 154.00
129.50 154.00
129.00 154.00
128.50 154.00
128.00 154.00
127.50 153.50
127.00 153.50
126.50 153.50
126.00 153.00
125.50 153.00
125.00 153.00
124.50 152.50
124.00 152.00
123.50 152.00
123.00 152.00
122.50 151.50
122.00 151.00
121.50 151.00
121.00 150.50
120.50 150.00
120.00 149.50
119.50 149.00
119.00 148.50
118.50 148.00
118.00 147.50
118.00 147.00
117.50 146.50
117.50 146.00
117.00 145.50
117.00 145.00
116.50 144.50
116.50 144.00
116.50 143.50
116.50 143.00
116.00 142.50
116.00 142.00
116.00 141.50
116.00 141.00
116.00 140.50
116.00 140.00
116.00 139.50
116.00 139.00
116.00 138.50
116.00 138.00
116.00 137.50
116.00 137.00
116.00 136.50
116.00 136.00
116.50 135.50
116.50 135.00
116.50 134.50
116.50 134.00
117.00 133.50
117.00 133.00
117.00 132.50
117.50 132.00
117.50 131.50
117.50 131.00
118.00 130.50
118.00 130.00
118.50 129.50
119.00 129.00
119.50 128.50
119.50 128.00
119.50 127.50
120.00 127.00
120.50 126.50
121.00 126.00
121.50 125.50
122.00 125.00
122.50 124.50
123.00 124.00
123.00 123.50
123.50 123.00
124.00 123.00
124.50 122.50
125.00 122.00
125.50 121.50
126.00 121.00
126.50 121.00
127.00 120.50
127.50 120.00
128.00 120.00
128.50 119.50
129.00 119.50
129.50 119.00
130.00 118.50
130.50 118.50
131.00 118.00
131.50 118.00
132.00 117.50
132.50 117.50
133.00 117.50
133.50 117.00
134.00 117.00
134.50 116.50
135.00 116.50
135.50 116.50
136.00 116.00
136.50 116.00
137.00 115.50
137.50 115.50
138.00 115.50
138.50 115.00
139.00 115.00
139.50 114.50
140.00 114.50
140.50 114.50
141.00 114.00
141.50 114.00
142.00 113.50
142.50 113.50
143.00 113.50
143.50 113.00
144.00 113.00
144.50 112.50
145.00 112.50
145.50 112.00
146.00 112.00
146.50 111.50
147.00 111.50
147.50 111.50
148.00 111.00
148.50 111.00
149.00 111.00
149.50 110.50
150.00 110.50
150.50 110.50
151.00 110.00
151.50 110.00
152.00 110.00
152.50 109.50
153.00 109.50
153.50 109.50
154.00 109.50
154.50 109.50
155.00 109.50
155.50 109.00
156.00 109.00
156.50 109.00
157.00 109.00
157.50 109.50
158.00 109.50
158.50 109.50
159.00 109.50
159.50 109.50
160.00 109.50
160.50 110.00
161.00 110.00
161.50 110.50
162.00 110.50
162.50 111.00
163.00 111.00
163.50 111.50
164.00 112.00
164.50 112.50
165.00 113.00
165.50 113.50
166.00 113.50
166.50 114.00
166.50 114.50
167.00 115.00
167.50 115.50
168.00 116.00
168.00 116.50
168.50 117.00
168.50 117.50
169.00 118.00
169.50 118.50
169.50 119.00
170.00 119.50
170.00 120.00
170.00 120.50
170.50 121.00
170.50 121.50
170.50 122.00
170.50 122.50
171.00 123.00
171.00 123.50
171.00 124.00
171.00 124.50
171.00 125.00
171.00 125.50
171.00 126.00
171.00 126.50
171.00 127.00
171.00 127.50
171.00 128.00
171.00 128.50
171.00 129.00
171.00 129.50
171.00 130.00
170.50 130.50
170.50 131.00
170.50 131.50
170.50 132.00
170.50 132.50
170.00 133.00
170.00 133.50
170.00 134.00
170.00 134.50
170.00 135.00
169.50 135.50
169.50 136.00
169.50 136.50
169.00 137.00
169.00 137.50
169.00 138.00
168.50 138.50
168.50 139.00
168.50 139.50
168.00 140.00
168.00 140.50
167.50 141.00
167.00 141.50
167.00 142.00
167.00 142.50
166.50 143.00
166.00 143.50
166.00 144.00
165.50 144.50
165.00 145.00
164.50 145.50
164.00 146.00
163.50 146.50
163.00 147.00
162.50 147.50
162.00 147.50
161.50 148.00
161.00 148.50
160.50 148.50
160.00 148.50
159.50 149.00
159.00 149.50
158.50 149.50
158.00 150.00
157.50 150.00
157.00 150.00
156.50 150.50
156.00 150.50
155.50 151.00
155.00 151.00
154.50 151.00
154.00 151.50
153.50 151.50
153.00 151.50
152.50 152.00
152.00 152.00
151.50 152.00
151.00 152.50
150.50 152.50
150.00 152.50
149.50 153.00
149.00 153.00
148.50 153.00
148.00 153.00
147.50 153.00
147.00 153.50
146.50 153.50
146.00 153.50
145.50 153.50
145.00 154.00
144.50 154.00
144.00 154.00
