161.50 131.00
162.00 131.50
162.00 132.00
162.00 132.50
161.50 133.00
161.50 133.50
161.50 134.00
161.00 134.50
161.00 135.00
160.50 135.50
160.00 136.00
160.00 136.50
159.50 137.00
159.50 137.50
159.50 138.00
159.00 138.50
159.00 139.00
158.50 139.50
158.50 140.00
158.00 140.50
158.00 141.00
157.50 141.50
157.00 142.00
156.50 142.00
156.00 141.50
155.50 141.00
155.50 140.50
155.00 140.00
155.00 139.50
155.00 139.00
154.50 138.50
154.50 138.00
154.50 137.50
154.50 137.00
154.00 136.50
154.00 136.00
154.00 135.50
154.00 135.00
154.00 134.50
154.00 134.00
154.00 133.50
154.00 133.00
154.00 132.50
154.50 132.00
154.50 131.50
154.50 131.00
155.00 130.50
155.50 130.00
156.00 129.50
156.50 129.00
157.00 129.00
157.50 129.00
158.00 129.00
158.50 129.00
159.00 129.00
159.50 129.50
160.00 129.50
160.50 130.00
161.00 130.50
