140.50 158.00
140.00 158.00
139.50 158.00
139.00 158.00
138.50 158.00
138.00 158.00
137.50 157.50
137.00 157.50
136.50 157.50
136.00 157.50
135.50 157.50
135.00 157.50
134.50 157.50
134.00 157.00
133.50 157.00
133.00 157.00
132.50 157.00
132.00 157.00
131.50 157.00
131.00 157.00
130.50 156.50
130.00 156.50
129.50 156.50
129.00 156.50
128.50 156.50
128.00 156.00
127.50 156.00
127.00 156.00
126.50 156.00
126.00 156.00
125.50 155.50
125.00 155.50
124.50 155.50
124.00 155.50
123.50 155.50
123.00 155.00
122.50 155.00
122.00 155.00
121.50 155.00
121.00 154.50
120.50 154.50
120.00 154.50
119.50 154.00
119.00 154.00
118.50 153.50
118.00 153.50
117.50 153.00
117.00 153.00
116.50 152.50
116.00 152.00
115.50 151.50
115.00 151.00
114.50 150.50
114.50 150.00
114.50 149.50
114.00 149.00
114.00 148.50
114.00 148.00
114.00 147.50
113.50 147.00
113.50 146.50
113.50 146.00
113.50 145.50
113.50 145.00
113.50 144.50
113.50 144.00
113.50 143.50
113.50 143.00
113.50 142.50
113.50 142.00
113.50 141.50
113.50 141.00
113.50 140.50
113.50 140.00
114.00 139.50
114.00 139.00
114.00 138.50
114.00 138.00
114.00 137.50
114.50 137.00
114.50 136.50
114.50 136.00
115.00 135.50
115.00 135.00
115.00 134.50
115.50 134.00
115.50 133.50
116.00 133.00
116.00 132.50
116.50 132.00
116.50 131.50
117.00 131.00
117.00 130.50
117.00 130.00
117.50 129.50
117.50 129.00
118.00 128.50
118.00 128.00
118.00 127.50
118.00 127.00
118.50 126.50
118.50 126.00
119.00 125.50
119.00 125.00
119.50 124.50
119.50 124.00
120.00 123.50
120.00 123.00
120.50 122.50
121.00 122.00
121.00 121.50
121.50 121.00
122.00 120.50
122.50 120.00
123.00 119.50
123.50 119.00
124.00 118.50
124.50 118.00
125.00 117.50
125.50 117.00
126.00 116.50
126.50 116.00
127.00 115.50
127.50 115.50
128.00 115.00
128.50 114.50
129.00 114.00
129.50 113.50
130.00 113.00
130.50 113.00
131.00 112.50
131.50 112.00
132.00 111.50
132.50 111.50
133.00 111.00
133.50 110.50
134.00 110.00
134.50 109.50
135.00 109.50
135.50 109.00
136.00 109.00
136.50 108.50
137.00 108.00
137.50 108.00
138.00 107.50
138.50 107.50
139.00 107.00
139.50 106.50
140.00 106.50
140.50 106.50
141.00 106.00
141.50 106.00
142.00 106.00
142.50 106.00
143.00 105.50
143.50 105.50
144.00 105.50
144.50 105.00
145.00 105.00
145.50 105.00
146.00 105.00
146.50 105.00
147.00 105.00
147.50 105.00
148.00 105.00
148.50 105.00
149.00 105.00
149.50 105.00
150.00 105.00
150.50 105.00
151.00 105.00
151.50 105.00
152.00 105.00
152.50 105.00
153.00 105.00
153.50 105.50
154.00 105.50
154.50 105.50
155.00 105.50
155.50 106.00
156.00 106.00
156.50 106.00
157.00 106.00
157.50 106.50
158.00 106.50
158.50 107.00
159.00 107.00
159.50 107.50
160.00 107.50
160.50 107.50
161.00 108.00
161.50 108.50
162.00 109.00
162.50 109.00
163.00 109.00
163.50 109.50
163.50 110.00
164.00 110.50
164.00 111.00
164.50 111.50
164.50 112.00
164.50 112.50
165.00 113.00
165.00 113.50
165.50 114.00
165.50 114.50
165.50 115.00
166.00 115.50
166.00 116.00
166.00 116.50
166.50 117.00
166.50 117.50
166.50 118.00
167.00 118.50
167.00 119.00
167.00 119.50
167.00 120.00
167.50 120.50
167.50 121.00
167.50 121.50
168.00 122.00
168.00 122.50
168.00 123.00
168.00 123.50
168.50 124.00
168.50 124.50
168.50 125.00
168.50 125.50
168.50 126.00
168.50 126.50
168.50 127.00
168.50 127.50
169.00 128.00
169.00 128.50
169.00 129.00
169.00 129.50
169.00 130.00
168.50 130.50
168.50 131.00
168.50 131.50
168.50 132.00
168.50 132.50
168.50 133.00
168.50 133.50
168.00 134.00
168.00 134.50
168.00 135.00
167.50 135.50
167.50 136.00
167.50 136.50
167.00 137.00
167.00 137.50
166.50 138.00
166.50 138.50
166.00 139.00
166.00 139.50
165.50 140.00
165.00 140.50
165.00 141.00
164.50 141.50
164.50 142.00
164.00 142.50
163.50 143.00
163.50 143.50
163.00 144.00
162.50 144.50
162.50 145.00
162.00 145.50
161.50 146.00
161.00 146.50
161.00 147.00
160.50 147.50
160.00 148.00
159.50 148.50
159.00 149.00
159.00 149.50
158.50 150.00
158.00 150.50
157.50 151.00
157.00 151.00
156.50 151.50
156.00 152.00
155.50 152.50
155.00 153.00
154.50 153.00
154.00 153.50
153.50 154.00
153.00 154.00
152.50 154.50
152.00 154.50
151.50 155.00
151.00 155.00
150.50 155.50
150.00 155.50
149.50 155.50
149.00 155.50
148.50 156.00
148.00 156.00
147.50 156.00
147.00 156.50
146.50 156.50
146.00 156.50
145.50 156.50
145.00 157.00
144.50 157.00
144.00 157.00
143.50 157.00
143.00 157.00
142.50 157.00
142.00 157.50
141.50 157.50
141.00 157.50
