131.00 124.50
131.00 124.00
131.00 123.50
131.00 123.00
131.50 122.50
131.50 122.00
131.50 121.50
132.00 121.00
132.00 120.50
132.00 120.00
132.50 119.50
132.50 119.00
133.00 118.50
133.00 118.00
133.00 117.50
133.50 117.00
134.00 116.50
134.00 116.00
134.50 115.50
134.50 115.00
135.00 114.50
135.50 114.00
136.00 113.50
136.50 113.00
137.00 112.50
137.50 112.00
138.00 112.00
138.50 111.50
139.00 111.00
139.50 111.00
140.00 110.50
140.50 110.00
141.00 110.00
141.50 109.50
142.00 109.50
142.50 109.50
143.00 109.00
143.50 109.00
144.00 109.00
144.50 109.00
145.00 109.00
145.50 109.00
146.00 109.00
146.50 109.00
147.00 109.00
147.50 109.50
148.00 109.50
148.50 109.50
149.00 109.50
149.50 109.50
150.00 110.00
150.50 110.50
151.00 110.50
151.50 111.00
152.00 111.50
152.50 112.00
153.00 112.50
153.50 113.00
153.50 113.50
154.00 114.00
154.00 114.50
154.00 115.00
154.00 115.50
154.00 116.00
154.50 116.50
155.00 117.00
155.00 117.50
155.00 118.00
155.00 118.50
155.00 119.00
155.00 119.50
155.00 120.00
154.50 120.50
154.50 121.00
154.50 121.50
154.50 122.00
154.50 122.50
154.50 123.00
154.50 123.50
154.00 124.00
154.00 124.50
154.00 125.00
154.00 125.50
154.00 126.00
153.50 126.50
153.50 127.00
153.50 127.50
153.00 128.00
152.50 128.50
152.50 129.00
152.00 129.50
152.00 130.00
151.50 130.50
151.50 131.00
151.00 131.50
150.50 132.00
150.00 132.50
149.50 133.00
149.00 133.50
148.50 134.00
148.00 134.50
147.50 135.00
147.00 135.50
146.50 135.50
146.00 136.00
145.50 136.50
145.00 137.00
144.50 137.00
144.00 137.50
143.50 137.50
143.00 138.00
142.50 138.00
142.00 138.50
141.50 138.50
141.00 139.00
140.50 139.00
140.00 139.00
139.50 139.00
139.00 139.00
138.50 139.00
138.00 139.00
137.50 139.00
137.00 139.00
136.50 139.00
136.00 138.50
135.50 138.50
135.00 138.00
134.50 138.00
134.00 137.50
133.50 137.00
133.00 136.50
132.50 136.00
132.00 135.50
131.50 135.00
131.50 134.50
131.00 134.00
131.00 133.50
131.00 133.00
130.50 132.50
130.50 132.00
130.50 131.50
130.50 131.00
130.50 130.50
130.00 130.00
130.00 129.50
130.00 129.00
130.00 128.50
130.00 128.00
130.50 127.50
130.50 127.00
130.50 126.50
130.50 126.00
130.50 125.50
130.50 125.00
