156.00 110.00
156.50 110.00
157.00 110.00
157.50 110.50
158.00 110.50
158.50 111.00
159.00 111.00
159.50 111.50
160.00 112.00
160.50 112.50
161.00 113.00
161.00 113.50
161.50 114.00
161.50 114.50
162.00 115.00
162.00 115.50
162.00 116.00
162.00 116.50
162.00 117.00
162.50 117.50
162.50 118.00
162.50 118.50
162.50 119.00
162.50 119.50
162.50 120.00
162.50 120.50
162.50 121.00
162.50 121.50
162.50 122.00
162.50 122.50
162.50 123.00
163.00 123.50
163.00 124.00
163.00 124.50
163.00 125.00
163.00 125.50
163.00 126.00
163.00 126.50
163.00 127.00
163.00 127.50
163.00 128.00
163.00 128.50
163.00 129.00
163.00 129.50
163.00 130.00
163.00 130.50
163.00 131.00
163.00 131.50
163.00 132.00
163.00 132.50
162.50 133.00
162.50 133.50
162.50 134.00
162.50 134.50
162.00 135.00
162.00 135.50
162.00 136.00
161.50 136.50
161.50 137.00
161.00 137.50
161.00 138.00
160.50 138.50
160.50 139.00
160.00 139.50
160.00 140.00
159.50 140.50
159.00 141.00
158.50 141.50
158.00 142.00
157.50 142.50
157.00 143.00
156.50 143.00
156.00 143.50
155.50 144.00
155.00 144.50
154.50 145.00
154.00 145.00
153.50 145.50
153.00 146.00
152.50 146.00
152.00 146.50
151.50 147.00
151.00 147.00
150.50 147.50
150.00 148.00
149.50 148.50
149.00 149.00
148.50 149.00
148.00 149.50
147.50 150.00
147.00 150.00
146.50 150.50
146.00 150.50
145.50 150.50
145.00 151.00
144.50 151.00
144.00 151.50
143.50 151.50
143.00 151.50
142.50 151.50
142.00 151.50
141.50 152.00
141.00 152.00
140.50 152.00
140.00 152.00
139.50 152.00
139.00 152.00
138.50 152.50
138.00 152.50
137.50 152.50
137.00 152.50
136.50 152.50
136.00 152.50
135.50 152.50
135.00 152.50
134.50 152.50
134.00 153.00
133.50 153.00
133.00 153.00
132.50 153.00
132.00 153.00
131.50 153.00
131.00 153.00
130.50 153.50
130.00 153.50
129.50 153.50
129.00 153.50
128.50 153.50
128.00 153.50
127.50 153.50
127.00 153.50
126.50 153.50
126.00 153.50
125.50 153.50
125.00 153.50
124.50 153.50
124.00 153.00
123.50 153.00
123.00 153.00
122.50 153.00
122.00 153.00
121.50 152.50
121.00 152.50
120.50 152.00
120.00 151.50
119.50 151.50
119.00 151.00
118.50 150.50
118.00 150.00
117.50 149.50
117.00 149.00
117.00 148.50
116.50 148.00
116.50 147.50
116.00 147.00
116.00 146.50
116.00 146.00
115.50 145.50
115.50 145.00
115.50 144.50
115.50 144.00
115.50 143.50
115.50 143.00
115.50 142.50
115.50 142.00
115.50 141.50
115.50 141.00
115.50 140.50
116.00 140.00
116.00 139.50
116.00 139.00
116.00 138.50
116.50 138.00
116.50 137.50
117.00 137.00
117.00 136.50
117.50 136.00
118.00 135.50
118.00 135.00
118.50 134.50
119.00 134.00
119.00 133.50
119.00 133.00
119.50 132.50
120.00 132.00
120.50 131.50
120.50 131.00
121.00 130.50
121.50 130.00
121.50 129.50
122.00 129.00
122.00 128.50
122.50 128.00
123.00 127.50
123.00 127.00
123.50 126.50
124.00 126.00
124.00 125.50
124.50 125.00
125.00 124.50
125.50 124.00
125.50 123.50
126.00 123.00
126.50 122.50
127.00 122.00
127.50 121.50
128.00 121.00
128.50 120.50
129.00 120.00
129.50 119.50
130.00 119.00
130.50 118.50
131.00 118.00
131.50 117.50
132.00 117.00
132.50 116.50
133.00 116.00
133.50 115.50
134.00 115.50
134.50 115.00
135.00 114.50
135.50 114.00
136.00 113.50
136.50 113.00
137.00 113.00
137.50 112.50
138.00 112.00
138.50 112.00
139.00 111.50
139.50 111.00
140.00 110.50
140.50 110.50
141.00 110.00
141.50 110.00
142.00 109.50
142.50 109.00
143.00 109.00
143.50 108.50
144.00 108.50
144.50 108.00
145.00 108.00
145.50 108.00
146.00 108.00
146.50 107.50
147.00 107.50
147.50 107.50
148.00 107.50
148.50 107.50
149.00 107.50
149.50 107.50
150.00 107.50
150.50 108.00
151.00 108.00
151.50 108.00
152.00 108.00
152.50 108.50
153.00 108.50
153.50 109.00
154.00 109.00
154.50 109.00
155.00 109.50
155.50 109.50
