162.00 115.50
162.50 116.00
163.00 116.50
163.50 117.00
164.00 117.50
164.00 118.00
164.00 118.50
164.50 119.00
164.50 119.50
165.00 120.00
165.00 120.50
165.00 121.00
165.00 121.50
165.00 122.00
165.50 122.50
165.50 123.00
165.50 123.50
165.50 124.00
165.50 124.50
165.50 125.00
165.50 125.50
165.50 126.00
165.50 126.50
165.50 127.00
165.50 127.50
165.50 128.00
165.50 128.50
165.50 129.00
165.50 129.50
165.50 130.00
165.00 130.50
165.00 131.00
165.00 131.50
165.00 132.00
165.00 132.50
164.50 133.00
164.50 133.50
164.50 134.00
164.00 134.50
164.00 135.00
163.50 135.50
163.50 136.00
163.00 136.50
163.00 137.00
162.50 137.50
162.50 138.00
162.00 138.50
161.50 139.00
161.50 139.50
161.00 140.00
160.50 140.50
160.50 141.00
160.00 141.50
159.50 142.00
159.00 142.50
158.50 143.00
158.00 143.50
158.00 144.00
157.50 144.50
157.00 144.50
156.50 145.00
156.00 145.50
155.50 146.00
155.00 146.00
154.50 146.50
154.00 146.50
153.50 147.00
153.00 147.50
152.50 147.50
152.00 147.50
151.50 148.00
151.00 148.00
150.50 148.50
150.00 148.50
149.50 148.50
149.00 149.00
148.50 149.00
148.00 149.00
147.50 149.00
147.00 149.00
146.50 149.00
146.00 149.00
145.50 149.50
145.00 149.50
144.50 149.50
144.00 149.50
143.50 149.50
143.00 149.50
142.50 149.50
142.00 149.50
141.50 149.50
141.00 149.00
140.50 149.00
140.00 149.00
139.50 149.00
139.00 149.00
138.50 149.00
138.00 149.00
137.50 149.00
137.00 149.00
136.50 149.00
136.00 149.00
135.50 149.00
135.00 149.00
134.50 149.00
134.00 149.00
133.50 149.00
133.00 149.00
132.50 149.00
132.00 149.00
131.50 149.00
131.00 149.00
130.50 149.00
130.00 149.00
129.50 149.00
129.00 149.00
128.50 149.00
128.00 149.50
127.50 149.00
127.00 149.00
126.50 149.00
126.00 149.00
125.50 149.00
125.00 149.00
124.50 148.50
124.00 148.50
123.50 148.00
123.00 148.00
122.50 147.50
122.00 147.00
121.50 146.50
121.00 146.00
120.50 145.50
120.50 145.00
120.50 144.50
120.50 144.00
120.50 143.50
120.50 143.00
120.50 142.50
120.50 142.00
120.50 141.50
121.00 141.00
121.00 140.50
121.00 140.00
121.00 139.50
121.00 139.00
121.50 138.50
121.50 138.00
121.50 137.50
121.50 137.00
122.00 136.50
122.00 136.00
122.00 135.50
122.00 135.00
122.50 134.50
122.50 134.00
122.50 133.50
123.00 133.00
123.00 132.50
123.00 132.00
123.50 131.50
123.50 131.00
124.00 130.50
124.00 130.00
124.50 129.50
125.00 129.00
125.00 128.50
125.50 128.00
126.00 127.50
126.50 127.00
127.00 126.50
127.00 126.00
127.50 125.50
128.00 125.00
128.50 125.00
129.00 124.50
129.50 124.00
130.00 123.50
130.50 123.00
131.00 122.50
131.50 122.00
132.00 122.00
132.50 121.50
133.00 121.00
133.50 121.00
134.00 120.50
134.50 120.00
135.00 120.00
135.50 119.50
136.00 119.50
136.50 119.00
137.00 118.50
137.50 118.50
138.00 118.50
138.50 118.00
139.00 118.00
139.50 117.50
140.00 117.50
140.50 117.00
141.00 117.00
141.50 116.50
142.00 116.50
142.50 116.50
143.00 116.00
143.50 116.00
144.00 116.00
144.50 115.50
145.00 115.50
145.50 115.50
146.00 115.00
146.50 115.00
147.00 115.00
147.50 114.50
148.00 114.50
148.50 114.50
149.00 114.50
149.50 114.00
150.00 114.00
150.50 114.00
151.00 114.00
151.50 114.00
152.00 113.50
152.50 113.50
153.00 113.50
153.50 113.50
154.00 113.50
154.50 113.50
155.00 113.50
155.50 113.50
156.00 113.50
156.50 113.50
157.00 113.50
157.50 113.50
158.00 113.50
158.50 114.00
159.00 114.00
159.50 114.00
160.00 114.00
160.50 114.50
161.00 114.50
161.50 115.00
