157.50 132.00
157.50 132.50
157.00 133.00
156.50 133.50
156.00 134.00
155.50 134.50
155.00 134.50
154.50 135.00
154.00 135.50
153.50 136.00
153.00 136.00
152.50 136.50
152.00 137.00
151.50 137.50
151.00 137.50
150.50 137.50
150.00 137.50
149.50 137.00
149.00 136.50
149.00 136.00
148.50 135.50
148.50 135.00
148.50 134.50
148.50 134.00
148.50 133.50
148.50 133.00
148.50 132.50
149.00 132.00
149.50 131.50
150.00 131.00
150.50 130.50
151.00 130.00
151.50 130.00
152.00 130.00
152.50 129.50
153.00 129.50
153.50 129.00
154.00 128.50
154.50 128.50
155.00 128.50
155.50 128.50
156.00 128.50
156.50 129.00
156.50 129.50
157.00 130.00
157.00 130.50
157.50 131.00
157.50 131.50
