146.50 139.00
147.00 139.50
147.50 140.00
147.50 140.50
147.50 141.00
148.00 141.50
148.00 142.00
148.00 142.50
148.00 143.00
148.00 143.50
148.00 144.00
148.00 144.50
148.00 145.00
147.50 145.50
147.00 146.00
146.50 146.50
146.00 146.50
145.50 146.50
145.00 146.50
144.50 146.00
144.00 145.50
143.50 145.00
143.50 144.50
143.00 144.00
143.00 143.50
143.00 143.00
143.00 142.50
143.00 142.00
143.00 141.50
143.00 141.00
143.50 140.50
143.50 140.00
144.00 139.50
144.50 139.00
145.00 139.00
145.50 139.00
146.00 139.00
