130.50 151.00
130.50 150.50
130.00 150.00
129.50 149.50
129.00 149.00
128.50 148.50
128.00 148.00
127.50 147.50
127.00 147.00
126.50 146.50
126.00 146.00
126.00 145.50
125.50 145.00
125.00 144.50
125.00 144.00
125.00 143.50
124.50 143.00
124.50 142.50
124.00 142.00
124.00 141.50
124.00 141.00
124.00 140.50
123.50 140.00
123.50 139.50
123.50 139.00
123.50 138.50
123.50 138.00
123.50 137.50
123.50 137.00
123.50 136.50
123.50 136.00
123.50 135.50
123.50 135.00
123.50 134.50
124.00 134.00
124.00 133.50
124.00 133.00
124.00 132.50
124.00 132.00
124.50 131.50
124.50 131.00
124.50 130.50
124.50 130.00
125.00 129.50
125.00 129.00
125.50 128.50
125.50 128.00
125.50 127.50
126.00 127.00
126.00 126.50
126.50 126.00
126.50 125.50
126.50 125.00
127.00 124.50
127.00 124.00
127.50 123.50
127.50 123.00
127.00 122.50
127.50 122.00
127.50 121.50
127.50 121.00
127.50 120.50
128.00 120.00
128.00 119.50
128.50 119.00
128.50 118.50
128.50 118.00
129.00 117.50
129.50 117.00
129.50 116.50
130.00 116.00
130.50 115.50
131.00 115.00
131.50 114.50
131.50 114.00
132.00 113.50
132.50 113.00
133.00 112.50
133.50 112.00
134.00 111.50
134.50 111.00
135.00 111.00
135.50 110.50
136.00 110.00
136.50 109.50
137.00 109.00
137.50 108.50
138.00 108.50
138.50 108.50
139.00 108.00
139.50 107.50
140.00 107.00
140.50 107.00
141.00 107.00
141.50 106.50
142.00 106.00
142.50 106.00
143.00 105.50
143.50 105.50
144.00 105.50
144.50 105.00
145.00 105.00
145.50 104.50
146.00 104.50
146.50 104.50
147.00 104.00
147.50 104.00
148.00 104.00
148.50 104.00
149.00 103.50
149.50 103.50
150.00 103.50
150.50 103.50
151.00 103.50
151.50 103.00
152.00 103.00
152.50 103.00
153.00 103.00
153.50 103.00
154.00 103.00
154.50 103.00
155.00 103.00
155.50 103.00
156.00 103.50
156.50 103.50
157.00 103.50
157.50 103.50
158.00 103.50
158.50 104.00
159.00 104.00
159.50 104.50
160.00 104.50
160.50 105.00
161.00 105.50
161.50 106.00
162.00 106.00
162.50 106.50
162.50 107.00
163.00 107.50
163.50 107.50
164.00 108.00
164.00 108.50
164.50 109.00
165.00 109.50
165.00 110.00
165.50 110.50
165.50 111.00
166.00 111.50
166.00 112.00
166.50 112.50
166.50 113.00
167.00 113.50
167.00 114.00
167.00 114.50
167.50 115.00
167.50 115.50
167.50 116.00
168.00 116.50
168.00 117.00
168.00 117.50
168.00 118.00
168.00 118.50
168.00 119.00
168.50 119.50
168.50 120.00
168.50 120.50
168.50 121.00
168.50 121.50
168.50 122.00
168.50 122.50
168.50 123.00
168.50 123.50
168.00 124.00
168.00 124.50
168.00 125.00
168.00 125.50
168.00 126.00
168.00 126.50
168.00 127.00
168.00 127.50
168.00 128.00
168.00 128.50
167.50 129.00
167.50 129.50
167.50 130.00
167.50 130.50
167.50 131.00
167.50 131.50
167.00 132.00
167.00 132.50
167.00 133.00
166.50 133.50
166.50 134.00
166.50 134.50
166.50 135.00
166.00 135.50
166.00 136.00
166.00 136.50
165.50 137.00
165.50 137.50
165.00 138.00
165.00 138.50
164.50 139.00
164.50 139.50
164.50 140.00
164.00 140.50
163.50 141.00
163.50 141.50
163.00 142.00
162.50 142.50
162.00 143.00
162.00 143.50
161.50 144.00
161.00 144.50
160.50 145.00
160.00 145.50
159.50 146.00
159.00 146.50
158.50 147.00
158.00 147.50
157.50 148.00
157.00 148.00
156.50 148.50
156.00 149.00
155.50 149.00
155.00 149.50
154.50 150.00
154.00 150.50
153.50 150.50
153.00 151.00
152.50 151.00
152.00 151.50
151.50 151.50
151.00 152.00
150.50 152.00
150.00 152.50
149.50 153.00
149.00 153.00
148.50 153.50
148.00 153.50
147.50 154.00
147.00 154.00
146.50 154.50
146.00 154.50
145.50 154.50
145.00 154.50
144.50 155.00
144.00 155.00
143.50 155.00
143.00 155.00
142.50 155.00
142.00 155.00
141.50 155.00
141.00 155.00
140.50 155.00
140.00 155.00
139.50 155.00
139.00 155.00
138.50 155.00
138.00 155.00
137.50 155.00
137.00 155.00
136.50 154.50
136.00 154.50
135.50 154.50
135.00 154.00
134.50 154.00
134.00 153.50
133.50 153.00
133.00 153.00
132.50 152.50
132.00 152.50
131.50 152.00
131.00 152.00
130.50 151.50
