145.50 128.50
146.00 128.50
146.50 128.50
147.00 129.00
147.50 129.00
148.00 129.50
148.50 130.00
149.00 130.50
149.50 131.00
149.50 131.50
150.00 132.00
150.00 132.50
150.00 133.00
150.00 133.50
150.00 134.00
150.50 134.50
150.50 135.00
150.50 135.50
151.00 136.00
151.00 136.50
151.00 137.00
151.00 137.50
151.00 138.00
151.50 138.50
151.50 139.00
151.50 139.50
151.00 140.00
151.00 140.50
151.00 141.00
150.50 141.50
150.00 141.50
149.50 142.00
149.00 142.50
148.50 142.50
148.00 142.50
147.50 142.50
147.00 142.50
146.50 142.00
146.00 142.00
145.50 141.50
145.00 141.00
144.50 140.50
144.00 140.00
143.50 139.50
143.00 139.00
143.00 138.50
143.00 138.00
143.00 137.50
143.00 137.00
143.00 136.50
143.00 136.00
143.00 135.50
143.00 135.00
143.00 134.50
143.00 134.00
143.00 133.50
143.00 133.00
143.00 132.50
143.00 132.00
143.00 131.50
143.00 131.00
143.00 130.50
143.50 130.00
143.50 129.50
144.00 129.00
144.50 129.00
145.00 128.50
