130.00 117.50
130.50 118.00
130.50 118.50
130.50 119.00
130.50 119.50
130.50 120.00
130.00 120.50
129.50 121.00
129.00 121.50
128.50 122.00
128.00 122.50
127.50 122.50
127.00 122.50
126.50 123.00
126.00 123.00
125.50 123.00
125.00 123.00
124.50 123.00
124.00 123.00
123.50 122.50
123.00 122.50
122.50 122.00
122.50 121.50
122.00 121.00
122.00 120.50
122.00 120.00
122.00 119.50
122.00 119.00
122.50 118.50
123.00 118.00
123.50 118.00
124.00 117.50
124.50 117.50
125.00 117.50
125.50 117.50
126.00 117.50
126.50 117.50
127.00 117.50
127.50 117.50
128.00 117.50
128.50 117.50
129.00 117.50
129.50 117.50
