130.50 119.00
130.50 119.50
130.50 120.00
130.50 120.50
130.50 121.00
130.00 121.50
130.00 122.00
129.50 122.50
129.00 123.00
128.50 123.50
128.00 124.00
127.50 124.50
127.00 124.50
126.50 125.00
126.00 125.00
125.50 125.00
125.00 125.00
124.50 125.00
124.00 125.00
123.50 124.50
124.00 124.00
124.50 123.50
125.00 123.00
125.50 122.50
126.00 122.00
126.50 121.50
126.50 121.00
126.50 120.50
127.00 120.00
127.00 119.50
127.00 119.00
127.50 118.50
128.00 118.00
128.50 118.00
129.00 118.00
129.50 118.00
130.00 118.50
