144.00 129.00
144.50 129.00
145.00 129.00
145.50 129.00
146.00 129.50
146.50 130.00
146.50 130.50
146.50 131.00
146.50 131.50
146.50 132.00
146.50 132.50
146.50 133.00
147.00 133.50
147.00 134.00
147.00 134.50
147.50 135.00
148.00 135.50
148.00 136.00
148.00 136.50
148.50 137.00
148.50 137.50
148.50 138.00
148.50 138.50
148.00 139.00
148.00 139.50
147.50 140.00
147.00 140.50
146.50 141.00
146.00 141.00
145.50 141.50
145.00 141.50
144.50 141.50
144.00 141.50
143.50 141.50
143.00 141.50
142.50 141.50
142.00 141.00
141.50 140.50
141.00 140.00
140.50 139.50
140.50 139.00
140.50 138.50
140.50 138.00
140.50 137.50
140.50 137.00
140.50 136.50
140.50 136.00
140.50 135.50
141.00 135.00
141.50 134.50
142.00 134.50
142.50 134.00
143.00 134.00
143.50 133.50
144.00 133.00
144.00 132.50
144.00 132.00
144.00 131.50
143.50 131.00
143.50 130.50
143.50 130.00
143.50 129.50
143.50 129.00
