144.50 127.50
145.00 128.00
145.50 128.00
146.00 128.50
146.50 128.50
147.00 129.00
147.50 129.50
148.00 130.00
148.50 130.50
149.00 131.00
149.50 131.50
149.50 132.00
150.00 132.50
150.00 133.00
150.50 133.50
151.00 134.00
151.00 134.50
151.00 135.00
151.00 135.50
151.50 136.00
151.50 136.50
151.50 137.00
151.50 137.50
151.50 138.00
151.50 138.50
151.00 139.00
151.00 139.50
150.50 140.00
150.00 140.50
149.50 141.00
149.00 141.50
148.50 142.00
148.00 142.00
147.50 142.50
147.00 142.00
147.00 141.50
147.00 141.00
147.00 140.50
147.50 140.00
147.50 139.50
148.00 139.00
148.00 138.50
148.50 138.00
148.50 137.50
148.50 137.00
148.50 136.50
148.50 136.00
148.00 135.50
148.00 135.00
148.00 134.50
147.50 134.00
147.00 133.50
147.00 133.00
146.50 132.50
146.00 132.00
146.00 131.50
145.50 131.00
145.00 130.50
145.00 130.00
144.50 129.50
144.50 129.00
144.00 128.50
144.00 128.00
144.00 127.50
