128.50 117.50
129.00 118.00
129.00 118.50
129.00 119.00
129.00 119.50
129.00 120.00
128.50 120.50
128.50 121.00
128.00 121.50
127.50 122.00
127.00 122.00
126.50 122.50
126.00 122.50
125.50 122.50
125.00 122.50
124.50 122.50
124.00 122.50
123.50 122.50
123.00 122.50
122.50 122.50
122.00 122.50
121.50 122.00
121.50 121.50
121.50 121.00
122.00 120.50
122.00 120.00
122.50 119.50
123.00 119.00
123.50 118.50
124.00 118.50
124.50 118.50
125.00 118.00
125.50 118.00
126.00 118.00
126.50 117.50
127.00 117.50
127.50 117.50
128.00 117.50
