109.50 105.00
110.00 104.50
110.50 104.00
111.00 103.50
111.50 103.00
112.00 102.50
112.50 102.00
113.00 101.50
113.50 101.50
114.00 101.00
114.50 100.50
115.00 100.00
115.50 100.00
116.00 99.50
116.50 99.50
117.00 99.50
117.50 99.00
118.00 99.00
118.50 99.00
119.00 98.50
119.50 98.50
120.00 98.50
120.50 98.50
121.00 98.50
121.50 98.50
122.00 98.00
122.50 98.00
123.00 98.00
123.50 98.00
124.00 98.00
124.50 98.00
125.00 98.00
125.50 98.00
126.00 98.00
126.50 98.00
127.00 98.00
127.50 98.00
128.00 98.00
128.50 98.50
129.00 98.50
129.50 98.50
130.00 98.50
130.50 98.50
131.00 98.50
131.50 98.50
132.00 99.00
132.50 99.00
133.00 99.00
133.50 99.50
134.00 99.50
134.50 99.50
135.00 100.00
135.50 100.00
136.00 100.50
136.50 100.50
137.00 101.00
137.50 101.00
138.00 101.50
138.50 101.50
139.00 102.00
139.50 102.00
140.00 102.50
140.50 103.00
141.00 103.50
141.50 104.00
142.00 104.50
142.50 105.00
143.00 105.00
143.50 105.50
144.00 106.00
144.50 106.50
145.00 107.00
145.00 107.50
145.50 108.00
146.00 108.50
146.50 109.00
146.50 109.50
147.00 110.00
147.50 110.50
147.50 111.00
148.00 111.50
148.00 112.00
148.00 112.50
148.50 113.00
148.50 113.50
149.00 114.00
149.00 114.50
149.00 115.00
149.50 115.50
149.50 116.00
149.50 116.50
149.50 117.00
150.00 117.50
150.00 118.00
150.00 118.50
150.00 119.00
150.00 119.50
150.00 120.00
150.00 120.50
150.50 121.00
150.50 121.50
150.50 122.00
150.50 122.50
150.50 123.00
150.50 123.50
150.50 124.00
150.50 124.50
150.50 125.00
150.50 125.50
150.50 126.00
150.50 126.50
150.50 127.00
150.50 127.50
150.50 128.00
150.50 128.50
150.50 129.00
150.50 129.50
150.50 130.00
150.00 130.50
150.00 131.00
150.00 131.50
150.00 132.00
150.00 132.50
150.00 133.00
149.50 133.50
149.50 134.00
149.50 134.50
149.50 135.00
149.00 135.50
149.00 136.00
149.00 136.50
148.50 137.00
148.50 137.50
148.00 138.00
148.00 138.50
148.00 139.00
147.50 139.50
147.00 140.00
147.00 140.50
146.50 141.00
146.50 141.50
146.00 142.00
145.50 142.50
145.50 143.00
145.00 143.50
144.50 144.00
144.00 144.50
143.50 145.00
143.00 145.50
142.50 146.00
142.00 146.50
141.50 147.00
141.00 147.50
140.50 148.00
140.00 148.00
139.50 148.00
139.00 148.50
138.50 149.00
138.00 149.50
137.50 149.50
137.00 149.50
136.50 150.00
136.00 150.00
135.50 150.50
135.00 150.50
134.50 151.00
134.00 151.00
133.50 151.00
133.00 151.50
132.50 151.50
132.00 151.50
131.50 152.00
131.00 152.00
130.50 152.00
130.00 152.00
129.50 152.00
129.00 152.50
128.50 152.50
128.00 152.50
127.50 152.50
127.00 152.50
126.50 152.50
126.00 152.50
125.50 152.50
125.00 152.50
124.50 152.50
124.00 152.50
123.50 152.50
123.00 152.50
122.50 152.50
122.00 152.50
121.50 152.50
121.00 152.50
120.50 152.00
120.00 152.00
119.50 152.00
119.00 152.00
118.50 152.00
118.00 151.50
117.50 151.50
117.00 151.50
116.50 151.00
116.00 151.00
115.50 151.00
115.00 150.50
114.50 150.50
114.00 150.00
113.50 150.00
113.00 149.50
112.50 149.50
112.00 149.00
111.50 149.00
111.00 148.50
110.50 148.00
110.00 148.00
109.50 147.50
109.00 147.00
108.50 146.50
108.00 146.00
107.50 146.00
107.00 145.50
106.50 145.00
106.50 144.50
106.00 144.00
105.50 143.50
105.00 143.00
105.00 142.50
104.50 142.00
104.50 141.50
104.00 141.00
104.00 140.50
104.00 140.00
103.50 139.50
103.50 139.00
103.00 138.50
103.00 138.00
103.00 137.50
102.50 137.00
102.50 136.50
102.50 136.00
102.00 135.50
102.00 135.00
102.00 134.50
102.00 134.00
102.00 133.50
102.00 133.00
101.50 132.50
101.50 132.00
101.50 131.50
101.50 131.00
101.50 130.50
101.50 130.00
101.50 129.50
101.50 129.00
101.50 128.50
101.50 128.00
101.50 127.50
101.50 127.00
101.50 126.50
101.50 126.00
101.50 125.50
101.50 125.00
101.50 124.50
101.50 124.00
101.50 123.50
101.50 123.00
102.00 122.50
102.00 122.00
102.00 121.50
102.00 121.00
102.00 120.50
102.50 120.00
102.50 119.50
102.50 119.00
102.50 118.50
103.00 118.00
103.00 117.50
103.00 117.00
103.00 116.50
103.50 116.00
103.50 115.50
104.00 115.00
104.00 114.50
104.00 114.00
104.50 113.50
104.50 113.00
105.00 112.50
105.00 112.00
105.50 111.50
105.50 111.00
106.00 110.50
106.00 110.00
106.50 109.50
107.00 109.00
107.00 108.50
107.00 108.00
107.00 107.50
107.50 107.00
108.00 106.50
108.50 106.00
109.00 105.50
