125.00 100.00
125.50 100.00
126.00 100.00
126.50 100.50
127.00 100.50
127.50 100.50
128.00 100.50
128.50 100.50
129.00 100.50
129.50 101.00
130.00 101.00
130.50 101.00
131.00 101.00
131.50 101.50
132.00 101.50
132.50 101.50
133.00 102.00
133.50 102.00
134.00 102.50
134.50 102.50
135.00 103.00
135.50 103.00
136.00 103.50
136.50 104.00
137.00 104.50
137.50 105.00
138.00 105.50
138.50 106.00
138.50 106.50
139.00 107.00
139.00 107.50
139.50 108.00
139.50 108.50
140.00 109.00
140.00 109.50
140.00 110.00
140.50 110.50
140.50 111.00
141.00 111.50
141.00 112.00
141.00 112.50
141.00 113.00
141.00 113.50
141.50 114.00
141.50 114.50
141.50 115.00
141.50 115.50
142.00 116.00
142.00 116.50
142.00 117.00
142.00 117.50
142.00 118.00
142.00 118.50
142.50 119.00
142.50 119.50
142.00 120.00
142.50 120.50
142.50 121.00
142.50 121.50
142.50 122.00
142.50 122.50
143.00 123.00
143.00 123.50
143.00 124.00
143.00 124.50
143.00 125.00
143.00 125.50
143.00 126.00
143.00 126.50
143.00 127.00
143.00 127.50
143.00 128.00
143.00 128.50
143.00 129.00
142.50 129.50
142.50 130.00
142.50 130.50
142.50 131.00
142.50 131.50
142.50 132.00
142.00 132.50
142.00 133.00
142.00 133.50
142.00 134.00
141.50 134.50
141.50 135.00
141.00 135.50
141.00 136.00
140.50 136.50
140.50 137.00
140.00 137.50
140.00 138.00
139.50 138.50
139.50 139.00
139.00 139.50
138.50 140.00
138.00 140.50
137.50 141.00
137.00 141.50
136.50 142.00
136.00 142.50
135.50 143.00
135.00 143.50
134.50 143.50
134.00 144.00
133.50 144.50
133.00 145.00
132.50 145.50
132.00 145.50
131.50 146.00
131.00 146.00
130.50 146.50
130.00 146.50
129.50 147.00
129.00 147.00
128.50 147.50
128.00 147.50
127.50 148.00
127.00 148.50
126.50 148.50
126.00 148.50
125.50 149.00
125.00 149.00
124.50 149.00
124.00 149.00
123.50 149.50
123.00 149.50
122.50 149.50
122.00 149.50
121.50 150.00
121.00 150.00
120.50 150.00
120.00 150.00
119.50 150.00
119.00 150.00
118.50 150.00
118.00 150.00
117.50 150.00
117.00 150.00
116.50 150.00
116.00 150.00
115.50 150.00
115.00 149.50
114.50 149.50
114.00 149.50
113.50 149.00
113.00 149.00
112.50 148.50
112.00 148.50
111.50 148.50
111.00 148.00
110.50 147.50
110.00 147.50
109.50 147.00
109.00 147.00
108.50 146.50
108.00 146.00
107.50 145.50
107.00 145.00
106.50 144.50
106.00 144.00
106.00 143.50
105.50 143.00
105.00 142.50
104.50 142.00
104.50 141.50
104.00 141.00
104.00 140.50
103.50 140.00
103.50 139.50
103.00 139.00
103.00 138.50
102.50 138.00
102.50 137.50
102.00 137.00
102.00 136.50
102.00 136.00
102.00 135.50
101.50 135.00
101.50 134.50
101.50 134.00
101.50 133.50
101.50 133.00
101.00 132.50
101.00 132.00
101.00 131.50
101.00 131.00
101.00 130.50
101.00 130.00
101.00 129.50
101.00 129.00
101.00 128.50
101.00 128.00
101.00 127.50
101.00 127.00
101.00 126.50
101.00 126.00
101.00 125.50
101.00 125.00
101.00 124.50
101.00 124.00
101.50 123.50
101.50 123.00
101.50 122.50
101.50 122.00
101.50 121.50
101.50 121.00
102.00 120.50
102.00 120.00
102.00 119.50
102.00 119.00
102.50 118.50
102.50 118.00
102.50 117.50
102.50 117.00
103.00 116.50
103.00 116.00
103.00 115.50
103.50 115.00
103.50 114.50
103.50 114.00
104.00 113.50
104.00 113.00
104.00 112.50
104.50 112.00
104.50 111.50
105.00 111.00
105.00 110.50
105.00 110.00
105.50 109.50
106.00 109.00
106.00 108.50
106.00 108.00
106.50 107.50
107.00 107.00
107.00 106.50
107.50 106.00
108.00 105.50
108.50 105.00
109.00 104.50
109.00 104.00
109.50 103.50
110.00 103.50
110.50 103.00
111.00 102.50
111.50 102.00
112.00 102.00
112.50 101.50
113.00 101.50
113.50 101.00
114.00 101.00
114.50 100.50
115.00 100.50
115.50 100.50
116.00 100.50
116.50 100.00
117.00 100.00
117.50 100.00
118.00 100.00
118.50 100.00
119.00 100.00
119.50 100.00
120.00 100.00
120.50 100.00
121.00 100.00
121.50 100.00
122.00 100.00
122.50 100.00
123.00 100.00
123.50 100.00
124.00 100.00
124.50 100.00
