114.00 150.50
113.50 150.50
113.00 150.00
112.50 150.00
112.00 150.00
111.50 149.50
111.00 149.50
110.50 149.50
110.00 149.00
109.50 149.00
109.00 149.00
108.50 148.50
108.00 148.50
107.50 148.50
107.00 148.00
106.50 147.50
106.00 147.50
105.50 147.50
105.00 147.00
104.50 146.50
104.00 146.50
103.50 146.00
103.00 145.50
102.50 145.50
102.00 145.00
101.50 144.50
101.00 144.00
100.50 143.50
100.00 143.00
100.00 142.50
99.50 142.00
99.00 141.50
99.00 141.00
98.50 140.50
98.50 140.00
98.00 139.50
97.50 139.00
97.50 138.50
97.50 138.00
97.00 137.50
97.00 137.00
96.50 136.50
96.50 136.00
96.50 135.50
96.00 135.00
96.00 134.50
95.50 134.00
95.50 133.50
95.50 133.00
95.00 132.50
95.00 132.00
95.00 131.50
95.00 131.00
95.00 130.50
95.00 130.00
95.00 129.50
95.00 129.00
95.00 128.50
95.00 128.00
95.00 127.50
95.00 127.00
95.00 126.50
95.00 126.00
95.00 125.50
95.00 125.00
95.00 124.50
95.50 124.00
95.50 123.50
95.50 123.00
95.50 122.50
95.50 122.00
95.50 121.50
96.00 121.00
96.00 120.50
96.00 120.00
96.00 119.50
96.50 119.00
96.50 118.50
96.50 118.00
97.00 117.50
97.00 117.00
97.00 116.50
97.50 116.00
97.50 115.50
97.50 115.00
98.00 114.50
98.00 114.00
98.50 113.50
98.50 113.00
99.00 112.50
99.00 112.00
99.00 111.50
99.50 111.00
99.50 110.50
100.00 110.00
100.00 109.50
100.00 109.00
100.50 108.50
101.00 108.00
101.00 107.50
101.50 107.00
102.00 106.50
102.00 106.00
102.50 105.50
103.00 105.00
103.50 104.50
103.50 104.00
104.00 103.50
104.50 103.00
105.00 102.50
105.50 102.50
106.00 102.00
106.50 101.50
107.00 101.00
107.50 101.00
108.00 100.50
108.50 100.50
109.00 100.00
109.50 99.50
110.00 99.50
110.50 99.50
111.00 99.00
111.50 99.00
112.00 99.00
112.50 98.50
113.00 98.50
113.50 98.50
114.00 98.00
114.50 98.00
115.00 98.00
115.50 98.00
116.00 98.00
116.50 98.00
117.00 98.00
117.50 98.00
118.00 98.00
118.50 98.00
119.00 98.00
119.50 98.00
120.00 98.00
120.50 98.50
121.00 98.50
121.50 98.50
122.00 98.50
122.50 99.00
123.00 99.00
123.50 99.50
124.00 99.50
124.50 99.50
125.00 99.50
125.50 100.00
126.00 100.50
126.50 100.50
127.00 101.00
127.50 101.00
128.00 101.50
128.50 101.50
129.00 101.50
129.50 102.00
130.00 102.50
130.50 102.50
131.00 103.00
131.50 103.50
132.00 104.00
132.50 104.00
133.00 104.50
133.00 105.00
133.50 105.50
134.00 106.00
134.50 106.00
135.00 106.50
135.50 107.00
136.00 107.50
136.00 108.00
136.50 108.50
137.00 109.00
137.50 109.50
137.50 110.00
138.00 110.50
138.50 111.00
138.50 111.50
139.00 112.00
139.00 112.50
139.50 113.00
140.00 113.50
140.00 114.00
140.00 114.50
140.50 115.00
140.50 115.50
141.00 116.00
141.00 116.50
141.00 117.00
141.00 117.50
141.50 118.00
141.50 118.50
141.50 119.00
141.50 119.50
141.50 120.00
142.00 120.50
142.00 121.00
142.00 121.50
142.00 122.00
142.00 122.50
142.00 123.00
142.00 123.50
142.00 124.00
142.00 124.50
142.00 125.00
142.00 125.50
142.00 126.00
142.00 126.50
142.00 127.00
142.00 127.50
142.00 128.00
142.00 128.50
142.00 129.00
141.50 129.50
141.50 130.00
141.50 130.50
141.50 131.00
141.50 131.50
141.00 132.00
141.00 132.50
141.00 133.00
140.50 133.50
140.50 134.00
140.50 134.50
140.00 135.00
140.00 135.50
140.00 136.00
139.50 136.50
139.00 137.00
139.00 137.50
138.50 138.00
138.50 138.50
138.00 139.00
138.00 139.50
137.50 140.00
137.00 140.50
137.00 141.00
136.50 141.50
136.00 142.00
135.50 142.50
135.00 143.00
135.00 143.50
134.50 144.00
134.00 144.50
133.50 145.00
133.00 145.00
132.50 145.50
132.00 146.00
131.50 146.50
131.00 147.00
130.50 147.00
130.00 147.50
129.50 148.00
129.00 148.00
128.50 148.00
128.00 148.50
127.50 148.50
127.00 149.00
126.50 149.00
126.00 149.50
125.50 149.50
125.00 149.50
124.50 150.00
124.00 150.00
123.50 150.00
123.00 150.50
122.50 150.50
122.00 150.50
121.50 150.50
121.00 150.50
120.50 150.50
120.00 150.50
119.50 151.00
119.00 151.00
118.50 151.00
118.00 151.00
117.50 151.00
117.00 150.50
116.50 150.50
116.00 150.50
115.50 150.50
115.00 150.50
114.50 150.50
