106.00 111.00
106.50 110.50
107.00 110.00
107.50 109.50
108.00 109.00
108.50 108.50
109.00 108.00
109.50 108.00
110.00 107.50
110.50 107.00
111.00 106.50
111.50 106.50
112.00 106.00
112.50 106.00
113.00 105.50
113.50 105.50
114.00 105.00
114.50 105.00
115.00 105.00
115.50 105.00
116.00 104.50
116.50 104.50
117.00 104.50
117.50 104.50
118.00 104.50
118.50 104.50
119.00 104.50
119.50 104.50
120.00 105.00
120.50 105.00
121.00 105.00
121.50 105.00
122.00 105.00
122.50 105.50
123.00 105.50
123.50 105.50
124.00 105.50
124.50 106.00
125.00 106.00
125.50 106.50
126.00 106.50
126.50 106.50
127.00 107.00
127.50 107.00
128.00 107.00
128.50 107.50
128.50 108.00
129.00 108.50
129.50 109.00
130.00 109.00
130.50 109.50
131.00 110.00
131.50 110.50
132.00 111.00
132.50 111.50
133.00 112.00
133.50 112.50
133.50 113.00
134.00 113.50
134.50 114.00
134.50 114.50
134.50 115.00
135.00 115.50
135.50 116.00
135.50 116.50
136.00 117.00
136.00 117.50
136.00 118.00
136.00 118.50
136.00 119.00
136.50 119.50
136.50 120.00
136.50 120.50
136.50 121.00
136.50 121.50
136.50 122.00
136.50 122.50
136.50 123.00
136.50 123.50
136.50 124.00
136.50 124.50
136.50 125.00
136.50 125.50
136.00 126.00
136.00 126.50
136.00 127.00
136.00 127.50
135.50 128.00
135.50 128.50
135.50 129.00
135.00 129.50
135.00 130.00
135.00 130.50
134.50 131.00
134.00 131.50
134.00 132.00
134.00 132.50
133.50 133.00
133.00 133.50
133.00 134.00
132.50 134.50
132.00 135.00
131.50 135.50
131.50 136.00
131.00 136.50
130.50 137.00
130.00 137.50
129.50 138.00
129.00 138.00
128.50 138.50
128.00 139.00
127.50 139.00
127.00 139.50
126.50 140.00
126.00 140.00
125.50 140.50
125.00 141.00
124.50 141.00
124.00 141.00
123.50 141.50
123.00 141.50
122.50 141.50
122.00 142.00
121.50 142.00
121.00 142.00
120.50 142.00
120.00 142.00
119.50 142.50
119.00 142.50
118.50 142.50
118.00 142.50
117.50 142.50
117.00 142.50
116.50 142.50
116.00 142.50
115.50 142.50
115.00 142.50
114.50 142.50
114.00 142.00
113.50 142.00
113.00 142.00
112.50 142.00
112.00 141.50
111.50 141.50
111.00 141.50
110.50 141.00
110.00 141.00
109.50 140.50
109.00 140.50
108.50 140.00
108.00 139.50
107.50 139.00
107.00 138.50
106.50 138.00
106.00 137.50
106.00 137.00
105.50 136.50
105.50 136.00
105.00 135.50
105.00 135.00
104.50 134.50
104.50 134.00
104.00 133.50
104.00 133.00
103.50 132.50
103.50 132.00
103.50 131.50
103.00 131.00
103.00 130.50
103.00 130.00
103.00 129.50
102.50 129.00
102.50 128.50
102.50 128.00
102.50 127.50
102.50 127.00
102.00 126.50
102.00 126.00
102.00 125.50
102.00 125.00
102.00 124.50
102.00 124.00
102.00 123.50
102.00 123.00
102.00 122.50
102.00 122.00
102.00 121.50
102.00 121.00
102.50 120.50
102.50 120.00
102.50 119.50
102.50 119.00
102.50 118.50
103.00 118.00
103.00 117.50
103.00 117.00
103.50 116.50
103.50 116.00
103.50 115.50
104.00 115.00
104.50 114.50
104.50 114.00
105.00 113.50
105.00 113.00
105.50 112.50
106.00 112.00
106.50 111.50
