104.00 120.00
104.50 119.50
105.00 119.00
105.50 118.50
106.00 118.00
106.00 117.50
106.50 117.00
107.00 117.00
107.50 116.50
108.00 116.00
108.50 115.50
109.00 115.00
109.50 114.50
110.00 114.50
110.50 114.00
111.00 113.50
111.50 113.50
112.00 113.00
112.50 113.00
113.00 112.50
113.50 112.50
114.00 112.50
114.50 112.00
115.00 112.00
115.50 112.00
116.00 112.00
116.50 112.00
117.00 112.00
117.50 112.00
118.00 112.50
118.50 112.50
119.00 112.50
119.50 113.00
120.00 113.00
120.50 113.50
121.00 113.50
121.50 114.00
122.00 114.50
122.50 114.50
123.00 115.00
123.00 115.50
123.50 116.00
124.00 116.50
124.50 117.00
124.50 117.50
125.00 118.00
125.00 118.50
125.50 119.00
126.00 119.50
126.00 120.00
126.50 120.50
127.00 121.00
127.00 121.50
127.00 122.00
127.50 122.50
127.50 123.00
127.50 123.50
128.00 124.00
128.00 124.50
128.00 125.00
128.00 125.50
128.00 126.00
128.00 126.50
128.00 127.00
128.00 127.50
128.00 128.00
128.00 128.50
128.00 129.00
128.00 129.50
128.00 130.00
128.00 130.50
128.00 131.00
127.50 131.50
127.50 132.00
127.50 132.50
127.00 133.00
127.00 133.50
127.00 134.00
126.50 134.50
126.00 135.00
126.00 135.50
125.50 136.00
125.00 136.50
124.50 137.00
124.50 137.50
124.00 138.00
123.50 138.50
123.00 138.50
122.50 139.00
122.00 139.00
121.50 139.50
121.00 140.00
120.50 140.00
120.00 140.00
119.50 140.50
119.00 140.50
118.50 140.50
118.00 140.50
117.50 140.50
117.00 140.50
116.50 140.50
116.00 140.50
115.50 140.50
115.00 140.50
114.50 140.50
114.00 140.50
113.50 140.50
113.00 140.50
112.50 140.50
112.00 140.00
111.50 140.00
111.00 140.00
110.50 139.50
110.00 139.50
109.50 139.00
109.00 138.50
108.50 138.50
108.00 138.00
107.50 137.50
107.00 137.50
106.50 137.00
106.50 136.50
106.00 136.00
105.50 135.50
105.00 135.00
105.00 134.50
104.50 134.00
104.00 133.50
104.00 133.00
103.50 132.50
103.50 132.00
103.50 131.50
103.50 131.00
103.00 130.50
103.00 130.00
103.00 129.50
103.00 129.00
103.00 128.50
103.00 128.00
103.00 127.50
103.00 127.00
103.00 126.50
103.00 126.00
103.00 125.50
103.00 125.00
103.00 124.50
103.50 124.00
103.50 123.50
103.50 123.00
103.50 122.50
104.00 122.00
104.00 121.50
104.00 121.00
104.00 120.50
