111.50 106.50
112.00 106.00
112.50 105.50
113.00 105.00
113.00 104.50
113.50 104.00
114.00 103.50
114.50 103.00
115.00 102.50
115.50 102.00
116.00 101.50
116.50 101.50
117.00 101.00
117.50 100.50
118.00 100.00
118.50 100.00
119.00 99.50
119.50 99.00
120.00 99.00
120.50 98.50
121.00 98.50
121.50 98.00
122.00 98.00
122.50 98.00
123.00 98.00
123.50 97.50
124.00 97.50
124.50 97.50
125.00 97.00
125.50 97.00
126.00 97.00
126.50 97.00
127.00 97.00
127.50 96.50
128.00 96.50
128.50 96.50
129.00 96.50
129.50 96.50
130.00 96.50
130.50 96.50
131.00 96.50
131.50 96.50
132.00 96.50
132.50 96.50
133.00 96.50
133.50 96.50
134.00 96.50
134.50 96.50
135.00 97.00
135.50 97.00
136.00 97.00
136.50 97.00
137.00 97.00
137.50 97.00
138.00 97.50
138.50 97.50
139.00 97.50
139.50 98.00
140.00 98.00
140.50 98.50
141.00 98.50
141.50 99.00
142.00 99.00
142.50 99.50
143.00 100.00
143.50 100.00
144.00 100.50
144.50 101.00
145.00 101.50
145.50 102.00
145.50 102.50
146.00 103.00
146.50 103.50
147.00 104.00
147.00 104.50
147.50 105.00
148.00 105.50
148.00 106.00
148.50 106.50
148.50 107.00
149.00 107.50
149.00 108.00
149.50 108.50
149.50 109.00
149.50 109.50
150.00 110.00
150.00 110.50
150.50 111.00
150.50 111.50
150.50 112.00
151.00 112.50
151.00 113.00
151.00 113.50
151.50 114.00
151.50 114.50
151.50 115.00
152.00 115.50
152.00 116.00
152.00 116.50
152.50 117.00
152.50 117.50
152.50 118.00
152.50 118.50
153.00 119.00
153.00 119.50
153.00 120.00
153.00 120.50
153.50 121.00
153.50 121.50
153.50 122.00
153.50 122.50
153.50 123.00
154.00 123.50
154.00 124.00
154.00 124.50
154.00 125.00
154.00 125.50
154.00 126.00
154.00 126.50
154.00 127.00
154.00 127.50
154.00 128.00
154.00 128.50
154.00 129.00
154.00 129.50
154.00 130.00
154.00 130.50
154.00 131.00
153.50 131.50
153.50 132.00
153.50 132.50
153.50 133.00
153.50 133.50
153.00 134.00
153.00 134.50
153.00 135.00
152.50 135.50
152.50 136.00
152.50 136.50
152.50 137.00
152.00 137.50
152.00 138.00
151.50 138.50
151.50 139.00
151.00 139.50
151.00 140.00
150.50 140.50
150.00 141.00
150.00 141.50
149.50 142.00
149.50 142.50
149.00 143.00
148.50 143.50
148.00 144.00
147.50 144.50
147.50 145.00
147.00 145.50
146.50 146.00
146.00 146.50
145.50 147.00
145.00 147.50
144.50 148.00
144.00 148.00
143.50 148.50
143.00 149.00
142.50 149.00
142.00 149.50
141.50 150.00
141.00 150.00
140.50 150.50
140.00 150.50
139.50 151.00
139.00 151.00
138.50 151.50
138.00 151.50
137.50 152.00
137.00 152.00
136.50 152.00
136.00 152.50
135.50 152.50
135.00 153.00
134.50 153.00
134.00 153.00
133.50 153.50
133.00 153.50
132.50 153.50
132.00 153.50
131.50 153.50
131.00 154.00
130.50 154.00
130.00 154.00
129.50 154.00
129.00 154.50
128.50 154.50
128.00 154.50
127.50 154.50
127.00 154.50
126.50 154.50
126.00 155.00
125.50 155.00
125.00 155.00
124.50 155.00
124.00 155.00
123.50 155.00
123.00 155.00
122.50 155.00
122.00 155.00
121.50 155.00
121.00 155.00
120.50 155.00
120.00 155.00
119.50 155.00
119.00 155.00
118.50 155.00
118.00 155.00
117.50 155.00
117.00 154.50
116.50 154.50
116.00 154.50
115.50 154.50
115.00 154.50
114.50 154.00
114.00 154.00
113.50 154.00
113.00 153.50
112.50 153.50
112.00 153.00
111.50 153.00
111.00 153.00
110.50 152.50
110.00 152.50
109.50 152.00
109.00 151.50
108.50 151.50
108.00 151.00
107.50 150.50
107.00 150.00
106.50 149.50
106.00 149.00
105.50 148.50
105.00 148.00
105.00 147.50
104.50 147.00
104.00 146.50
104.00 146.00
103.50 145.50
103.00 145.00
103.00 144.50
102.50 144.00
102.50 143.50
102.00 143.00
102.00 142.50
102.00 142.00
101.50 141.50
101.50 141.00
101.00 140.50
101.00 140.00
101.00 139.50
101.00 139.00
101.00 138.50
100.50 138.00
100.50 137.50
100.50 137.00
100.50 136.50
100.50 136.00
100.50 135.50
100.50 135.00
100.50 134.50
100.50 134.00
100.50 133.50
100.50 133.00
100.50 132.50
100.50 132.00
100.50 131.50
100.50 131.00
100.50 130.50
100.50 130.00
100.50 129.50
100.50 129.00
101.00 128.50
101.00 128.00
101.00 127.50
101.00 127.00
101.00 126.50
101.50 126.00
101.50 125.50
101.50 125.00
102.00 124.50
102.00 124.00
102.00 123.50
102.50 123.00
102.50 122.50
102.50 122.00
103.00 121.50
103.00 121.00
103.00 120.50
103.50 120.00
103.50 119.50
104.00 119.00
104.00 118.50
104.00 118.00
104.50 117.50
105.00 117.00
105.00 116.50
105.50 116.00
105.50 115.50
106.00 115.00
106.00 114.50
106.00 114.00
106.50 113.50
107.00 113.00
107.50 112.50
107.50 112.00
108.00 111.50
108.00 111.00
108.50 110.50
109.00 110.00
109.00 109.50
109.50 109.00
110.00 108.50
110.50 108.00
110.50 107.50
111.00 107.00
