107.50 137.50
107.00 137.00
107.00 136.50
106.50 136.00
106.00 135.50
106.00 135.00
105.50 134.50
105.50 134.00
105.00 133.50
105.00 133.00
105.00 132.50
104.50 132.00
104.50 131.50
104.50 131.00
104.50 130.50
104.00 130.00
104.00 129.50
104.00 129.00
104.00 128.50
104.00 128.00
104.00 127.50
103.50 127.00
103.50 126.50
103.50 126.00
103.50 125.50
103.50 125.00
103.50 124.50
103.50 124.00
103.50 123.50
103.00 123.00
103.00 122.50
103.00 122.00
103.00 121.50
103.00 121.00
103.00 120.50
103.00 120.00
103.00 119.50
103.00 119.00
103.00 118.50
103.00 118.00
103.00 117.50
103.50 117.00
103.50 116.50
103.50 116.00
103.50 115.50
103.50 115.00
103.50 114.50
103.50 114.00
104.00 113.50
104.00 113.00
104.00 112.50
104.50 112.00
104.50 111.50
105.00 111.00
105.00 110.50
105.50 110.00
105.50 109.50
105.50 109.00
106.00 108.50
106.50 108.00
107.00 107.50
107.50 107.00
108.00 106.50
108.50 106.00
109.00 105.50
109.50 105.00
110.00 104.50
110.50 104.50
111.00 104.00
111.50 103.50
112.00 103.00
112.50 103.00
113.00 103.00
113.50 102.50
114.00 102.00
114.50 102.00
115.00 102.00
115.50 101.50
116.00 101.50
116.50 101.50
117.00 101.00
117.50 101.00
118.00 101.00
118.50 101.00
119.00 101.00
119.50 101.00
120.00 100.50
120.50 100.50
121.00 100.50
121.50 100.50
122.00 100.50
122.50 100.50
123.00 100.50
123.50 101.00
124.00 101.00
124.50 101.00
125.00 101.00
125.50 101.00
126.00 101.00
126.50 101.50
127.00 101.50
127.50 101.50
128.00 102.00
128.50 102.00
129.00 102.00
129.50 102.50
130.00 102.50
130.50 103.00
131.00 103.50
131.50 103.50
132.00 104.00
132.50 104.50
133.00 105.00
133.50 105.50
134.00 105.50
134.50 106.00
135.00 106.50
135.00 107.00
135.50 107.50
136.00 108.00
136.00 108.50
136.50 109.00
137.00 109.50
137.00 110.00
137.50 110.50
138.00 111.00
138.00 111.50
138.50 112.00
139.00 112.50
139.00 113.00
139.00 113.50
139.50 114.00
139.50 114.50
140.00 115.00
140.00 115.50
140.00 116.00
140.50 116.50
140.50 117.00
140.50 117.50
141.00 118.00
141.00 118.50
141.00 119.00
141.00 119.50
141.00 120.00
141.50 120.50
141.50 121.00
141.50 121.50
141.50 122.00
141.50 122.50
141.50 123.00
141.50 123.50
141.50 124.00
141.50 124.50
141.50 125.00
141.50 125.50
141.50 126.00
141.50 126.50
141.50 127.00
141.00 127.50
141.00 128.00
141.00 128.50
141.00 129.00
140.50 129.50
140.50 130.00
140.50 130.50
140.50 131.00
140.00 131.50
140.00 132.00
139.50 132.50
139.50 133.00
139.00 133.50
139.00 134.00
138.50 134.50
138.00 135.00
138.00 135.50
137.50 136.00
137.50 136.50
137.00 137.00
136.50 137.50
136.00 138.00
135.50 138.50
135.00 139.00
134.50 139.50
134.00 140.00
133.50 140.00
133.00 140.50
132.50 141.00
132.00 141.50
131.50 141.50
131.00 142.00
130.50 142.00
130.00 142.00
129.50 142.50
129.00 142.50
128.50 143.00
128.00 143.00
127.50 143.50
127.00 143.50
126.50 143.50
126.00 143.50
125.50 144.00
125.00 144.00
124.50 144.00
124.00 144.00
123.50 144.00
123.00 144.00
122.50 144.00
122.00 144.00
121.50 144.00
121.00 144.00
120.50 144.00
120.00 144.00
119.50 144.00
119.00 144.00
118.50 143.50
118.00 143.50
117.50 143.50
117.00 143.50
116.50 143.00
116.00 143.00
115.50 143.00
115.00 142.50
114.50 142.50
114.00 142.50
113.50 142.00
113.00 142.00
112.50 141.50
112.00 141.50
111.50 141.00
111.00 140.50
110.50 140.50
110.00 140.00
109.50 139.50
109.00 139.00
108.50 138.50
108.00 138.00
