101.50 127.00
101.50 126.50
101.50 126.00
101.50 125.50
102.00 125.00
102.00 124.50
102.00 124.00
102.00 123.50
102.00 123.00
102.50 122.50
102.50 122.00
102.50 121.50
102.50 121.00
102.50 120.50
103.00 120.00
103.00 119.50
103.00 119.00
103.50 118.50
103.50 118.00
103.50 117.50
104.00 117.00
104.50 116.50
104.50 116.00
105.00 115.50
105.00 115.00
105.00 114.50
105.50 114.00
105.50 113.50
106.00 113.00
106.00 112.50
106.50 112.00
106.50 111.50
107.00 111.00
107.50 110.50
107.50 110.00
108.00 109.50
108.00 109.00
108.50 108.50
109.00 108.00
109.00 107.50
109.50 107.00
110.00 106.50
110.50 106.00
110.50 105.50
111.00 105.00
111.50 104.50
112.00 104.00
112.00 103.50
112.50 103.00
113.00 102.50
113.50 102.50
114.00 102.00
114.00 101.50
114.50 101.00
115.00 100.50
115.50 100.50
116.00 100.00
116.50 99.50
117.00 99.00
117.50 99.00
118.00 98.50
118.50 98.50
119.00 98.00
119.50 98.00
120.00 97.50
120.50 97.50
121.00 97.00
121.50 97.00
122.00 96.50
122.50 96.50
123.00 96.50
123.50 96.50
124.00 96.00
124.50 96.00
125.00 96.00
125.50 96.00
126.00 96.00
126.50 96.00
127.00 95.50
127.50 95.50
128.00 95.50
128.50 95.50
129.00 95.50
129.50 95.50
130.00 95.50
130.50 95.50
131.00 96.00
131.50 96.00
132.00 96.00
132.50 96.00
133.00 96.00
133.50 96.00
134.00 96.50
134.50 96.50
135.00 96.50
135.50 96.50
136.00 97.00
136.50 97.00
137.00 97.50
137.50 97.50
138.00 97.50
138.50 98.00
139.00 98.00
139.50 98.50
140.00 99.00
140.50 99.00
141.00 99.50
141.50 100.00
142.00 100.50
142.50 101.00
143.00 101.00
143.50 101.50
144.00 102.00
144.50 102.50
145.00 103.00
145.50 103.50
145.50 104.00
146.00 104.50
146.50 105.00
147.00 105.50
147.50 106.00
147.50 106.50
148.00 107.00
148.00 107.50
148.50 108.00
148.50 108.50
149.00 109.00
149.50 109.50
149.50 110.00
149.50 110.50
150.00 111.00
150.00 111.50
150.50 112.00
150.50 112.50
150.50 113.00
151.00 113.50
151.00 114.00
151.50 114.50
151.50 115.00
151.50 115.50
151.50 116.00
152.00 116.50
152.00 117.00
152.00 117.50
152.00 118.00
152.50 118.50
152.50 119.00
152.50 119.50
152.50 120.00
152.50 120.50
152.50 121.00
153.00 121.50
153.00 122.00
153.00 122.50
153.00 123.00
153.00 123.50
153.00 124.00
153.00 124.50
153.00 125.00
153.00 125.50
153.00 126.00
153.00 126.50
153.00 127.00
153.00 127.50
153.00 128.00
153.00 128.50
153.00 129.00
153.00 129.50
152.50 130.00
152.50 130.50
152.50 131.00
152.50 131.50
152.50 132.00
152.50 132.50
152.00 133.00
152.00 133.50
152.00 134.00
152.00 134.50
151.50 135.00
151.50 135.50
151.50 136.00
151.00 136.50
151.00 137.00
150.50 137.50
150.50 138.00
150.50 138.50
150.00 139.00
150.00 139.50
149.50 140.00
149.00 140.50
149.00 141.00
148.50 141.50
148.00 142.00
148.00 142.50
147.50 143.00
147.00 143.00
146.50 143.50
146.50 144.00
146.00 144.50
145.50 144.50
145.00 145.00
144.50 145.50
144.00 146.00
143.50 146.50
143.00 146.50
142.50 147.00
142.00 147.00
141.50 147.50
141.00 147.50
140.50 148.00
140.00 148.00
139.50 148.50
139.00 148.50
138.50 149.00
138.00 149.00
137.50 149.50
137.00 149.50
136.50 149.50
136.00 149.50
135.50 150.00
135.00 150.00
134.50 150.00
134.00 150.50
133.50 150.50
133.00 150.50
132.50 150.50
132.00 151.00
131.50 151.00
131.00 151.00
130.50 151.00
130.00 151.00
129.50 151.50
129.00 151.50
128.50 151.50
128.00 151.50
127.50 151.50
127.00 151.50
126.50 151.50
126.00 151.50
125.50 151.50
125.00 151.50
124.50 151.50
124.00 151.50
123.50 151.50
123.00 151.50
122.50 151.50
122.00 151.50
121.50 151.50
121.00 151.00
120.50 151.00
120.00 151.00
119.50 151.00
119.00 151.00
118.50 151.00
118.00 150.50
117.50 150.50
117.00 150.50
116.50 150.50
116.00 150.00
115.50 150.00
115.00 149.50
114.50 149.50
114.00 149.50
113.50 149.00
113.00 149.00
112.50 149.00
112.00 148.50
111.50 148.50
111.00 148.00
110.50 147.50
110.00 147.50
109.50 147.00
109.00 146.50
108.50 146.50
108.00 146.00
107.50 145.50
107.00 145.00
106.50 144.50
106.00 144.00
105.50 143.50
105.50 143.00
105.00 142.50
104.50 142.00
104.00 141.50
104.00 141.00
103.50 140.50
103.50 140.00
103.00 139.50
103.00 139.00
103.00 138.50
102.50 138.00
102.50 137.50
102.50 137.00
102.50 136.50
102.00 136.00
102.00 135.50
102.00 135.00
102.00 134.50
101.50 134.00
101.50 133.50
101.50 133.00
101.50 132.50
101.50 132.00
101.50 131.50
101.50 131.00
101.50 130.50
101.50 130.00
101.50 129.50
101.50 129.00
101.50 128.50
101.50 128.00
101.50 127.50
