102.00 133.00
102.00 132.50
102.00 132.00
102.00 131.50
102.00 131.00
102.00 130.50
102.00 130.00
102.00 129.50
102.00 129.00
102.00 128.50
102.00 128.00
102.00 127.50
102.00 127.00
102.00 126.50
102.00 126.00
102.00 125.50
102.00 125.00
102.00 124.50
102.00 124.00
102.00 123.50
102.00 123.00
102.50 122.50
102.50 122.00
102.50 121.50
102.50 121.00
102.50 120.50
103.00 120.00
103.00 119.50
103.00 119.00
103.00 118.50
103.50 118.00
103.50 117.50
103.50 117.00
103.50 116.50
104.00 116.00
104.00 115.50
104.00 115.00
104.50 114.50
104.50 114.00
105.00 113.50
105.00 113.00
105.00 112.50
105.50 112.00
105.50 111.50
106.00 111.00
106.00 110.50
106.50 110.00
106.50 109.50
107.00 109.00
107.50 108.50
107.50 108.00
108.00 107.50
108.00 107.00
108.50 106.50
109.00 106.00
109.50 105.50
110.00 105.00
110.50 104.50
110.50 104.00
111.00 103.50
111.50 103.00
112.00 102.50
112.50 102.00
113.00 101.50
113.50 101.00
114.00 101.00
114.50 100.50
115.00 100.00
115.50 99.50
116.00 99.00
116.50 99.00
117.00 98.50
117.50 98.50
118.00 98.00
118.50 97.50
119.00 97.50
119.50 97.00
120.00 97.00
120.50 97.00
121.00 96.50
121.50 96.50
122.00 96.00
122.50 96.00
123.00 96.00
123.50 96.00
124.00 95.50
124.50 95.50
125.00 95.50
125.50 95.50
126.00 95.00
126.50 95.00
127.00 95.00
127.50 95.00
128.00 95.00
128.50 95.00
129.00 95.00
129.50 95.00
130.00 95.00
130.50 95.00
131.00 95.00
131.50 95.00
132.00 95.00
132.50 95.00
133.00 95.50
133.50 95.50
134.00 95.50
134.50 95.50
135.00 96.00
135.50 96.00
136.00 96.00
136.50 96.50
137.00 96.50
137.50 96.50
138.00 97.00
138.50 97.50
139.00 97.50
139.50 98.00
140.00 98.00
140.50 98.50
141.00 98.50
141.50 99.00
142.00 99.50
142.50 100.00
143.00 100.50
143.50 100.50
144.00 101.00
144.50 101.50
145.00 102.00
145.50 102.50
146.00 103.00
146.50 103.50
146.50 104.00
147.00 104.50
147.50 105.00
148.00 105.50
148.00 106.00
148.50 106.50
149.00 107.00
149.00 107.50
149.50 108.00
150.00 108.50
150.50 109.00
150.50 109.50
150.50 110.00
151.00 110.50
151.50 111.00
151.50 111.50
152.00 112.00
152.00 112.50
152.50 113.00
152.50 113.50
152.50 114.00
153.00 114.50
153.00 115.00
153.50 115.50
153.50 116.00
153.50 116.50
154.00 117.00
154.00 117.50
154.00 118.00
154.00 118.50
154.50 119.00
154.50 119.50
154.50 120.00
154.50 120.50
154.50 121.00
155.00 121.50
155.00 122.00
155.00 122.50
155.00 123.00
155.00 123.50
155.00 124.00
155.00 124.50
155.00 125.00
155.00 125.50
155.00 126.00
155.00 126.50
155.00 127.00
155.00 127.50
155.00 128.00
155.00 128.50
155.00 129.00
154.50 129.50
154.50 130.00
154.50 130.50
154.50 131.00
154.50 131.50
154.00 132.00
154.00 132.50
154.00 133.00
154.00 133.50
153.50 134.00
153.50 134.50
153.00 135.00
153.00 135.50
152.50 136.00
152.50 136.50
152.50 137.00
152.00 137.50
152.00 138.00
151.50 138.50
151.00 139.00
151.00 139.50
150.50 140.00
150.50 140.50
150.00 141.00
149.50 141.50
149.50 142.00
149.00 142.50
148.50 143.00
148.00 143.50
147.50 144.00
147.00 144.50
146.50 145.00
146.00 145.50
145.50 146.00
145.50 146.50
145.00 147.00
144.50 147.00
144.00 147.50
143.50 148.00
143.00 148.50
142.50 148.50
142.00 149.00
141.50 149.50
141.00 150.00
140.50 150.50
140.00 150.50
139.50 150.50
139.00 151.00
138.50 151.50
138.00 152.00
137.50 152.00
137.00 152.00
136.50 152.50
136.00 152.50
135.50 153.00
135.00 153.00
134.50 153.50
134.00 153.50
133.50 153.50
133.00 153.50
132.50 154.00
132.00 154.00
131.50 154.00
131.00 154.50
130.50 154.50
130.00 154.50
129.50 154.50
129.00 155.00
128.50 155.00
128.00 155.00
127.50 155.00
127.00 155.00
126.50 155.00
126.00 155.00
125.50 155.00
125.00 155.00
124.50 155.00
124.00 155.00
123.50 155.00
123.00 155.00
122.50 155.00
122.00 155.00
121.50 155.00
121.00 154.50
120.50 154.50
120.00 154.50
119.50 154.50
119.00 154.50
118.50 154.00
118.00 154.00
117.50 153.50
117.00 153.50
116.50 153.50
116.00 153.00
115.50 153.00
115.00 152.50
114.50 152.50
114.00 152.00
113.50 152.00
113.00 151.50
112.50 151.50
112.00 151.00
111.50 150.50
111.00 150.00
110.50 150.00
110.00 149.50
109.50 149.00
109.00 148.50
108.50 148.00
108.00 147.50
107.50 147.00
107.00 146.50
106.50 146.00
106.50 145.50
106.00 145.00
105.50 144.50
105.00 144.00
105.00 143.50
105.00 143.00
104.50 142.50
104.50 142.00
104.00 141.50
104.00 141.00
103.50 140.50
103.50 140.00
103.00 139.50
103.00 139.00
103.00 138.50
103.00 138.00
102.50 137.50
102.50 137.00
102.50 136.50
102.50 136.00
102.50 135.50
102.50 135.00
102.00 134.50
102.00 134.00
102.00 133.50
