125.50 133.50
125.50 134.00
125.00 134.50
125.00 135.00
124.50 135.50
124.00 136.00
123.50 136.50
123.00 137.00
122.50 137.50
122.00 137.50
121.50 138.00
121.00 138.00
120.50 138.50
120.00 138.50
119.50 138.50
119.00 139.00
118.50 139.00
118.00 139.00
117.50 139.00
117.00 139.00
116.50 139.00
116.00 139.00
115.50 139.00
115.00 139.00
114.50 139.00
114.00 139.00
113.50 138.50
113.00 138.50
112.50 138.50
112.00 138.50
111.50 138.00
111.00 138.00
110.50 137.50
110.00 137.50
109.50 137.00
109.00 136.50
108.50 136.00
108.00 135.50
107.50 135.00
107.00 134.50
106.50 134.00
106.50 133.50
106.00 133.00
105.50 132.50
105.50 132.00
105.50 131.50
105.00 131.00
105.00 130.50
105.00 130.00
105.00 129.50
105.00 129.00
105.00 128.50
105.00 128.00
105.00 127.50
105.00 127.00
105.00 126.50
105.00 126.00
105.50 125.50
105.50 125.00
105.50 124.50
106.00 124.00
106.00 123.50
106.50 123.00
106.50 122.50
106.50 122.00
107.00 121.50
107.00 121.00
107.50 120.50
107.50 120.00
108.00 119.50
108.50 119.00
108.50 118.50
109.00 118.00
109.50 117.50
110.00 117.00
110.50 116.50
111.00 116.50
111.50 116.00
112.00 116.00
112.50 115.50
113.00 115.50
113.50 115.50
114.00 115.00
114.50 115.00
115.00 115.00
115.50 115.00
116.00 115.00
116.50 115.00
117.00 115.00
117.50 115.50
118.00 115.50
118.50 116.00
119.00 116.00
119.50 116.50
120.00 117.00
120.50 117.00
121.00 117.50
121.50 118.00
122.00 118.50
122.50 118.50
123.00 119.00
123.50 119.50
124.00 120.00
124.50 120.50
124.50 121.00
125.00 121.50
125.50 122.00
125.50 122.50
125.50 123.00
126.00 123.50
126.00 124.00
126.00 124.50
126.00 125.00
126.00 125.50
126.00 126.00
126.50 126.50
126.50 127.00
126.50 127.50
126.50 128.00
126.50 128.50
126.50 129.00
126.50 129.50
126.00 130.00
126.00 130.50
126.00 131.00
126.00 131.50
126.00 132.00
126.00 132.50
126.00 133.00
125.50 133.50
