104.00 137.00
104.00 136.50
104.00 136.00
103.50 135.50
103.50 135.00
103.50 134.50
103.50 134.00
103.00 133.50
103.00 133.00
103.00 132.50
103.00 132.00
103.00 131.50
102.50 131.00
102.50 130.50
102.50 130.00
102.50 129.50
102.50 129.00
102.50 128.50
102.50 128.00
102.50 127.50
102.50 127.00
102.50 126.50
102.50 126.00
102.50 125.50
102.50 125.00
102.50 124.50
102.50 124.00
102.50 123.50
102.50 123.00
103.00 122.50
103.00 122.00
103.00 121.50
103.50 121.00
103.50 120.50
103.50 120.00
104.00 119.50
104.50 119.00
104.50 118.50
104.50 118.00
105.00 117.50
105.50 117.00
105.50 116.50
106.00 116.00
106.50 115.50
107.00 115.00
107.50 114.50
107.50 114.00
108.00 113.50
108.50 113.00
109.00 112.50
109.50 112.50
110.00 112.00
110.50 111.50
111.00 111.00
111.50 111.00
112.00 110.50
112.50 110.00
113.00 110.00
113.50 109.50
114.00 109.50
114.50 109.50
115.00 109.50
115.50 109.50
116.00 109.00
116.50 109.00
117.00 109.00
117.50 109.00
118.00 109.00
118.50 109.00
119.00 109.00
119.50 109.00
120.00 109.00
120.50 109.00
121.00 109.50
121.50 109.50
122.00 109.50
122.50 109.50
123.00 110.00
123.50 110.00
124.00 110.50
124.50 110.50
125.00 110.50
125.50 111.00
126.00 111.50
126.50 111.50
127.00 112.00
127.50 112.50
128.00 113.00
128.50 113.50
129.00 114.00
129.50 114.50
130.00 115.00
130.50 115.50
130.50 116.00
131.00 116.50
131.50 117.00
131.50 117.50
131.50 118.00
132.00 118.50
132.00 119.00
132.50 119.50
132.50 120.00
132.50 120.50
133.00 121.00
133.00 121.50
133.00 122.00
133.00 122.50
133.00 123.00
133.50 123.50
133.50 124.00
133.50 124.50
133.50 125.00
133.50 125.50
133.50 126.00
133.50 126.50
133.50 127.00
133.50 127.50
133.50 128.00
133.00 128.50
133.00 129.00
133.00 129.50
133.00 130.00
133.00 130.50
132.50 131.00
132.50 131.50
132.50 132.00
132.50 132.50
132.00 133.00
132.00 133.50
131.50 134.00
131.50 134.50
131.00 135.00
131.00 135.50
130.50 136.00
130.50 136.50
130.00 137.00
130.00 137.50
129.50 138.00
129.50 138.50
129.00 139.00
128.50 139.50
128.00 140.00
127.50 140.50
127.00 140.50
126.50 141.00
126.00 141.50
125.50 142.00
125.00 142.50
124.50 142.50
124.00 143.00
123.50 143.50
123.00 143.50
122.50 143.50
122.00 144.00
121.50 144.00
121.00 144.00
120.50 144.50
120.00 144.50
119.50 144.50
119.00 144.50
118.50 144.50
118.00 144.50
117.50 144.50
117.00 144.50
116.50 144.50
116.00 144.50
115.50 144.50
115.00 144.50
114.50 144.50
114.00 144.50
113.50 144.50
113.00 144.00
112.50 144.00
112.00 144.00
111.50 143.50
111.00 143.50
110.50 143.00
110.00 143.00
109.50 142.50
109.00 142.50
108.50 142.50
108.00 142.00
107.50 141.50
107.00 141.50
106.50 141.00
106.50 140.50
106.00 140.00
105.50 139.50
105.00 139.00
105.00 138.50
104.50 138.00
104.00 137.50
