113.50 151.00
113.00 151.00
112.50 150.50
112.00 150.50
111.50 150.50
111.00 150.00
110.50 150.00
110.00 150.00
109.50 149.50
109.00 149.50
108.50 149.00
108.00 149.00
107.50 148.50
107.00 148.50
106.50 148.50
106.00 148.00
105.50 147.50
105.00 147.00
104.50 147.00
104.00 146.50
103.50 146.00
103.00 145.50
102.50 145.00
102.00 144.50
102.00 144.00
101.50 143.50
101.50 143.00
101.00 142.50
101.00 142.00
101.00 141.50
100.50 141.00
100.50 140.50
100.50 140.00
100.00 139.50
100.00 139.00
100.00 138.50
100.00 138.00
100.00 137.50
99.50 137.00
99.50 136.50
99.50 136.00
99.50 135.50
99.50 135.00
99.50 134.50
99.50 134.00
99.50 133.50
99.00 133.00
99.00 132.50
99.00 132.00
99.00 131.50
99.00 131.00
99.00 130.50
99.00 130.00
99.00 129.50
99.00 129.00
99.00 128.50
99.00 128.00
99.00 127.50
99.50 127.00
99.50 126.50
99.50 126.00
99.50 125.50
99.50 125.00
99.50 124.50
100.00 124.00
100.00 123.50
100.00 123.00
100.00 122.50
100.00 122.00
100.50 121.50
100.50 121.00
100.50 120.50
100.50 120.00
101.00 119.50
101.00 119.00
101.00 118.50
101.50 118.00
101.50 117.50
101.50 117.00
102.00 116.50
102.00 116.00
102.50 115.50
102.50 115.00
102.50 114.50
103.00 114.00
103.00 113.50
103.50 113.00
104.00 112.50
104.00 112.00
104.00 111.50
104.00 111.00
104.50 110.50
105.00 110.00
105.50 109.50
106.00 109.00
106.50 108.50
107.00 108.50
107.50 108.00
108.00 107.50
108.50 107.00
109.00 106.50
109.50 106.50
110.00 106.00
110.50 105.50
111.00 105.50
111.50 105.00
112.00 104.50
112.50 104.50
113.00 104.50
113.50 104.00
114.00 104.00
114.50 104.00
115.00 104.00
115.50 103.50
116.00 103.50
116.50 103.50
117.00 103.50
117.50 103.50
118.00 103.50
118.50 103.50
119.00 103.50
119.50 103.50
120.00 103.50
120.50 103.50
121.00 103.50
121.50 103.50
122.00 103.50
122.50 103.50
123.00 103.50
123.50 103.50
124.00 103.50
124.50 104.00
125.00 104.00
125.50 104.00
126.00 104.00
126.50 104.50
127.00 104.50
127.50 104.50
128.00 104.50
128.50 104.50
129.00 104.50
129.50 104.50
130.00 104.50
130.50 104.50
131.00 104.50
131.50 104.50
132.00 104.50
132.50 105.00
133.00 105.00
133.50 105.00
134.00 105.00
134.50 105.50
135.00 105.50
135.50 105.50
136.00 105.50
136.50 106.00
137.00 106.00
137.50 106.50
138.00 106.50
138.50 107.00
139.00 107.00
139.50 107.50
140.00 107.50
140.50 108.00
141.00 108.50
141.50 109.00
142.00 109.50
142.50 110.00
143.00 110.50
143.50 111.00
144.00 111.50
144.50 112.00
145.00 112.50
145.00 113.00
145.50 113.50
145.50 114.00
146.00 114.50
146.00 115.00
146.50 115.50
147.00 116.00
147.00 116.50
147.00 117.00
147.50 117.50
147.50 118.00
147.50 118.50
148.00 119.00
148.00 119.50
148.00 120.00
148.50 120.50
148.50 121.00
148.50 121.50
149.00 122.00
149.00 122.50
149.00 123.00
149.00 123.50
149.00 124.00
149.50 124.50
149.50 125.00
149.50 125.50
149.50 126.00
149.50 126.50
149.50 127.00
149.50 127.50
150.00 128.00
150.00 128.50
150.00 129.00
150.00 129.50
150.00 130.00
150.00 130.50
150.00 131.00
150.00 131.50
150.00 132.00
150.00 132.50
150.00 133.00
150.00 133.50
150.00 134.00
149.50 134.50
149.50 135.00
149.50 135.50
149.50 136.00
149.50 136.50
149.50 137.00
149.00 137.50
149.00 138.00
149.00 138.50
149.00 139.00
149.00 139.50
148.50 140.00
148.50 140.50
148.50 141.00
148.00 141.50
148.00 142.00
147.50 142.50
147.50 143.00
147.50 143.50
147.00 144.00
146.50 144.50
146.50 145.00
146.00 145.50
145.50 146.00
145.00 146.50
144.50 147.00
144.00 147.50
143.50 148.00
143.00 148.00
142.50 148.50
142.00 148.50
141.50 149.00
141.00 149.00
140.50 149.50
140.00 149.50
139.50 149.50
139.00 150.00
138.50 150.00
138.00 150.50
137.50 150.50
137.00 150.50
136.50 150.50
136.00 151.00
135.50 151.00
135.00 151.00
134.50 151.00
134.00 151.50
133.50 151.50
133.00 151.50
132.50 151.50
132.00 151.50
131.50 151.50
131.00 152.00
130.50 152.00
130.00 152.00
129.50 152.00
129.00 152.00
128.50 152.00
128.00 152.50
127.50 152.50
127.00 152.50
126.50 152.50
126.00 152.50
125.50 152.50
125.00 152.50
124.50 152.50
124.00 152.50
123.50 152.50
123.00 152.50
122.50 153.00
122.00 153.00
121.50 153.00
121.00 153.00
120.50 152.50
120.00 152.50
119.50 152.50
119.00 152.50
118.50 152.50
118.00 152.50
117.50 152.50
117.00 152.00
116.50 152.00
116.00 152.00
115.50 152.00
115.00 151.50
114.50 151.50
114.00 151.00
