100.00 133.50
100.00 133.00
100.00 132.50
100.00 132.00
100.00 131.50
100.00 131.00
100.00 130.50
100.00 130.00
100.00 129.50
100.00 129.00
100.00 128.50
100.00 128.00
100.00 127.50
100.00 127.00
100.00 126.50
100.00 126.00
100.00 125.50
100.00 125.00
100.00 124.50
100.50 124.00
100.50 123.50
100.50 123.00
100.50 122.50
100.50 122.00
100.50 121.50
101.00 121.00
101.00 120.50
101.00 120.00
101.00 119.50
101.50 119.00
101.50 118.50
101.50 118.00
102.00 117.50
102.00 117.00
102.00 116.50
102.50 116.00
102.50 115.50
103.00 115.00
103.00 114.50
103.00 114.00
103.50 113.50
103.50 113.00
104.00 112.50
104.00 112.00
104.50 111.50
104.50 111.00
105.00 110.50
105.50 110.00
105.50 109.50
105.50 109.00
106.00 108.50
106.50 108.00
107.00 108.00
107.50 107.50
108.00 107.00
108.50 107.00
109.00 106.50
109.50 106.50
110.00 106.00
110.50 106.00
111.00 105.50
111.50 105.50
112.00 105.00
112.50 105.00
113.00 104.50
113.50 104.50
114.00 104.00
114.50 104.00
115.00 104.00
115.50 103.50
116.00 103.50
116.50 103.50
117.00 103.50
117.50 103.00
118.00 103.00
118.50 103.00
119.00 103.00
119.50 103.00
120.00 103.00
120.50 103.00
121.00 103.00
121.50 103.00
122.00 103.00
122.50 103.50
123.00 103.50
123.50 103.50
124.00 103.50
124.50 104.00
125.00 104.00
125.50 104.00
126.00 104.50
126.50 104.50
127.00 105.00
127.50 105.00
128.00 105.50
128.50 105.50
129.00 106.00
129.50 106.50
130.00 106.50
130.50 107.00
131.00 107.50
131.50 108.00
132.00 108.50
132.50 109.00
133.00 109.50
133.50 110.00
134.00 110.50
134.50 111.00
135.00 111.50
135.50 112.00
136.00 112.50
136.00 113.00
136.50 113.50
137.00 114.00
137.00 114.50
137.00 115.00
137.50 115.50
137.50 116.00
138.00 116.50
138.00 117.00
138.00 117.50
138.50 118.00
139.00 118.50
139.00 119.00
139.00 119.50
139.00 120.00
139.00 120.50
139.00 121.00
139.00 121.50
139.00 122.00
139.00 122.50
139.00 123.00
139.00 123.50
139.00 124.00
139.00 124.50
139.00 125.00
139.00 125.50
139.00 126.00
139.00 126.50
139.00 127.00
139.00 127.50
139.00 128.00
139.00 128.50
139.00 129.00
138.50 129.50
138.50 130.00
138.50 130.50
138.50 131.00
138.50 131.50
138.00 132.00
138.00 132.50
138.00 133.00
137.50 133.50
137.50 134.00
137.50 134.50
137.00 135.00
137.00 135.50
136.50 136.00
136.50 136.50
136.00 137.00
136.00 137.50
136.00 138.00
135.50 138.50
135.00 139.00
134.50 139.50
134.50 140.00
134.00 140.50
133.50 141.00
133.00 141.50
132.50 142.00
132.00 142.50
131.50 143.00
131.00 143.50
130.50 143.50
130.00 144.00
129.50 144.50
129.00 144.50
128.50 145.00
128.00 145.00
127.50 145.50
127.00 145.50
126.50 146.00
126.00 146.00
125.50 146.50
125.00 147.00
124.50 147.00
124.00 147.00
123.50 147.50
123.00 147.50
122.50 147.50
122.00 148.00
121.50 148.00
121.00 148.50
120.50 148.50
120.00 148.50
119.50 148.50
119.00 148.50
118.50 148.50
118.00 148.50
117.50 149.00
117.00 149.00
116.50 148.50
116.00 148.50
115.50 148.50
115.00 148.50
114.50 148.50
114.00 148.50
113.50 148.00
113.00 148.00
112.50 148.00
112.00 147.50
111.50 147.50
111.00 147.00
110.50 147.00
110.00 146.50
109.50 146.50
109.00 146.00
108.50 145.50
108.00 145.00
107.50 145.00
107.00 144.50
106.50 144.00
106.00 144.00
105.50 143.50
105.50 143.00
105.00 142.50
104.50 142.50
104.00 142.00
104.00 141.50
103.50 141.00
103.00 140.50
102.50 140.00
102.50 139.50
102.00 139.00
101.50 138.50
101.50 138.00
101.50 137.50
101.00 137.00
101.00 136.50
100.50 136.00
100.50 135.50
100.50 135.00
100.50 134.50
100.50 134.00
