131.00 109.00
131.50 109.50
132.00 110.00
132.50 110.50
132.50 111.00
133.00 111.50
133.50 112.00
133.50 112.50
134.00 113.00
134.50 113.50
134.50 114.00
135.00 114.50
135.00 115.00
135.50 115.50
135.50 116.00
135.50 116.50
136.00 117.00
136.00 117.50
136.50 118.00
136.50 118.50
136.50 119.00
136.50 119.50
137.00 120.00
137.00 120.50
137.00 121.00
137.00 121.50
137.00 122.00
137.50 122.50
137.50 123.00
137.50 123.50
137.50 124.00
137.50 124.50
137.50 125.00
137.50 125.50
137.50 126.00
137.50 126.50
137.50 127.00
137.50 127.50
137.50 128.00
137.50 128.50
137.50 129.00
137.50 129.50
137.50 130.00
137.50 130.50
137.00 131.00
137.00 131.50
137.00 132.00
137.00 132.50
137.00 133.00
136.50 133.50
136.50 134.00
136.50 134.50
136.00 135.00
136.00 135.50
136.00 136.00
135.50 136.50
135.50 137.00
135.00 137.50
135.00 138.00
134.50 138.50
134.50 139.00
134.00 139.50
133.50 140.00
133.00 140.50
133.00 141.00
132.50 141.50
132.00 142.00
131.50 142.50
131.00 143.00
130.50 143.50
130.00 144.00
129.50 144.00
129.00 144.50
128.50 145.00
128.00 145.00
127.50 145.50
127.00 145.50
126.50 146.00
126.00 146.00
125.50 146.00
125.00 146.50
124.50 146.50
124.00 146.50
123.50 147.00
123.00 147.00
122.50 147.00
122.00 147.00
121.50 147.00
121.00 147.00
120.50 147.00
120.00 147.00
119.50 147.00
119.00 147.50
118.50 147.50
118.00 147.00
117.50 147.00
117.00 147.00
116.50 147.00
116.00 147.00
115.50 147.00
115.00 147.00
114.50 147.00
114.00 146.50
113.50 146.50
113.00 146.50
112.50 146.50
112.00 146.00
111.50 146.00
111.00 146.00
110.50 145.50
110.00 145.50
109.50 145.00
109.00 145.00
108.50 144.50
108.00 144.50
107.50 144.00
107.00 143.50
106.50 143.00
106.00 143.00
105.50 142.50
105.00 142.00
104.50 141.50
104.00 141.00
103.50 140.50
103.50 140.00
103.00 139.50
102.50 139.00
102.50 138.50
102.00 138.00
102.00 137.50
101.50 137.00
101.50 136.50
101.00 136.00
101.00 135.50
100.50 135.00
100.50 134.50
100.50 134.00
100.00 133.50
100.00 133.00
100.00 132.50
100.00 132.00
100.00 131.50
99.50 131.00
99.50 130.50
99.50 130.00
99.50 129.50
99.50 129.00
99.50 128.50
99.50 128.00
99.50 127.50
99.50 127.00
99.50 126.50
99.50 126.00
99.50 125.50
99.50 125.00
99.50 124.50
99.50 124.00
99.50 123.50
99.50 123.00
99.50 122.50
99.50 122.00
100.00 121.50
100.00 121.00
100.00 120.50
100.00 120.00
100.50 119.50
100.50 119.00
100.50 118.50
101.00 118.00
101.00 117.50
101.00 117.00
101.50 116.50
101.50 116.00
102.00 115.50
102.00 115.00
102.50 114.50
102.50 114.00
103.00 113.50
103.00 113.00
103.50 112.50
104.00 112.00
104.00 111.50
104.50 111.00
105.00 110.50
105.50 110.00
106.00 109.50
106.50 109.00
107.00 108.50
107.00 108.00
107.50 107.50
108.00 107.50
108.50 107.00
109.00 106.50
109.50 106.00
110.00 105.50
110.50 105.50
111.00 105.00
111.50 105.00
112.00 104.50
112.50 104.50
113.00 104.00
113.50 103.50
114.00 103.50
114.50 103.00
115.00 103.00
115.50 103.00
116.00 103.00
116.50 102.50
117.00 102.50
117.50 102.50
118.00 102.50
118.50 102.50
119.00 102.50
119.50 102.50
120.00 102.50
120.50 102.50
121.00 102.50
121.50 103.00
122.00 103.00
122.50 103.00
123.00 103.50
123.50 103.50
124.00 103.50
124.50 104.00
125.00 104.50
125.50 104.50
126.00 105.00
126.50 105.00
127.00 105.50
127.50 106.00
128.00 106.00
128.50 106.50
129.00 107.00
129.50 107.50
130.00 108.00
130.50 108.50
