106.00 124.50
106.00 124.00
106.00 123.50
106.50 123.00
106.50 122.50
106.50 122.00
107.00 121.50
107.00 121.00
107.00 120.50
107.50 120.00
107.50 119.50
108.00 119.00
108.50 118.50
109.00 118.00
109.50 117.50
110.00 117.50
110.50 117.00
111.00 117.00
111.50 117.00
112.00 116.50
112.50 116.50
113.00 116.50
113.50 116.50
114.00 116.50
114.50 116.50
115.00 116.50
115.50 116.50
116.00 116.50
116.50 116.50
117.00 116.50
117.50 116.50
118.00 117.00
118.50 117.00
119.00 117.00
119.50 117.50
120.00 117.50
120.50 117.50
121.00 118.00
121.50 118.50
122.00 119.00
122.50 119.50
122.50 120.00
123.00 120.50
123.00 121.00
123.00 121.50
123.50 122.00
123.50 122.50
123.50 123.00
123.50 123.50
123.50 124.00
123.50 124.50
123.50 125.00
123.50 125.50
123.50 126.00
123.00 126.50
123.00 127.00
123.00 127.50
123.00 128.00
122.50 128.50
122.50 129.00
122.50 129.50
122.00 130.00
122.50 130.50
122.00 131.00
122.00 131.50
122.00 132.00
121.50 132.50
121.00 133.00
120.50 133.50
120.00 133.50
119.50 134.00
119.00 134.00
118.50 134.50
118.00 134.50
117.50 134.50
117.00 134.50
116.50 134.50
116.00 135.00
115.50 135.00
115.00 135.00
114.50 135.00
114.00 134.50
113.50 134.50
113.00 134.50
112.50 134.50
112.00 134.50
111.50 134.50
111.00 134.50
110.50 134.50
110.00 134.50
109.50 134.50
109.00 134.00
108.50 133.50
108.50 133.00
108.00 132.50
107.50 132.00
107.00 131.50
107.00 131.00
106.50 130.50
106.50 130.00
106.00 129.50
106.00 129.00
106.00 128.50
106.00 128.00
106.00 127.50
106.00 127.00
106.00 126.50
106.00 126.00
106.50 125.50
106.50 125.00
