112.00 93.50
112.50 93.00
113.00 92.50
113.50 92.00
114.00 92.00
114.50 91.50
115.00 91.00
115.50 91.00
116.00 90.50
116.50 90.00
117.00 90.00
117.50 90.00
118.00 89.50
118.50 89.50
119.00 89.00
119.50 89.00
120.00 89.00
120.50 88.50
121.00 88.50
121.50 88.50
122.00 88.00
122.50 88.00
123.00 88.00
123.50 88.00
124.00 87.50
124.50 87.50
125.00 87.50
125.50 87.50
126.00 87.50
126.50 87.50
127.00 87.50
127.50 87.50
128.00 87.50
128.50 87.50
129.00 87.50
129.50 88.00
130.00 88.00
130.50 88.00
131.00 88.00
131.50 88.00
132.00 88.00
132.50 88.50
133.00 88.50
133.50 88.50
134.00 89.00
134.50 89.00
135.00 89.50
135.50 89.50
136.00 89.50
136.50 90.00
137.00 90.00
137.50 90.50
138.00 90.50
138.50 91.00
139.00 91.00
139.50 91.50
140.00 92.00
140.50 92.00
141.00 92.50
141.50 92.50
142.00 93.00
142.50 93.00
143.00 93.50
143.50 94.00
144.00 94.50
144.50 95.00
145.00 95.50
145.50 96.00
146.00 96.00
146.50 96.50
147.00 97.00
147.50 97.50
148.00 98.00
148.50 98.50
149.00 99.00
149.00 99.50
149.50 100.00
150.00 100.50
150.50 101.00
151.00 101.50
151.50 102.00
151.50 102.50
152.00 103.00
152.50 103.50
152.50 104.00
153.00 104.50
153.50 105.00
153.50 105.50
153.50 106.00
154.00 106.50
154.50 107.00
154.50 107.50
155.00 108.00
155.00 108.50
155.00 109.00
155.50 109.50
156.00 110.00
156.00 110.50
156.50 111.00
156.50 111.50
156.50 112.00
156.50 112.50
157.00 113.00
157.00 113.50
157.00 114.00
157.50 114.50
157.50 115.00
157.50 115.50
157.50 116.00
158.00 116.50
158.00 117.00
158.00 117.50
158.00 118.00
158.50 118.50
158.50 119.00
158.50 119.50
158.50 120.00
158.50 120.50
158.50 121.00
158.50 121.50
159.00 122.00
159.00 122.50
159.00 123.00
159.00 123.50
159.00 124.00
159.00 124.50
159.00 125.00
159.00 125.50
159.00 126.00
159.00 126.50
159.00 127.00
159.00 127.50
159.00 128.00
159.00 128.50
159.00 129.00
159.00 129.50
158.50 130.00
158.50 130.50
158.50 131.00
158.50 131.50
158.50 132.00
158.50 132.50
158.50 133.00
158.00 133.50
158.00 134.00
158.00 134.50
158.00 135.00
157.50 135.50
157.50 136.00
157.50 136.50
157.00 137.00
157.00 137.50
157.00 138.00
156.50 138.50
156.50 139.00
156.50 139.50
156.00 140.00
155.50 140.50
155.50 141.00
155.50 141.50
155.00 142.00
154.50 142.50
154.50 143.00
154.00 143.50
154.00 144.00
153.50 144.50
153.00 145.00
152.50 145.50
152.50 146.00
152.00 146.50
151.50 147.00
151.00 147.50
151.00 148.00
150.50 148.50
150.00 149.00
149.50 149.50
149.00 150.00
148.50 150.50
148.00 151.00
147.50 151.50
147.00 151.50
146.50 151.50
146.00 152.00
145.50 152.50
145.00 153.00
144.50 153.50
144.00 154.00
143.50 154.00
143.00 154.50
142.50 154.50
142.00 155.00
141.50 155.50
141.00 155.50
140.50 155.50
140.00 156.00
139.50 156.50
139.00 156.50
138.50 157.00
138.00 157.00
137.50 157.00
137.00 157.00
136.50 157.50
136.00 157.50
135.50 158.00
135.00 158.00
134.50 158.00
134.00 158.00
133.50 158.50
133.00 158.50
132.50 158.50
132.00 158.50
131.50 159.00
131.00 159.00
130.50 159.00
130.00 159.00
129.50 159.00
129.00 159.00
128.50 159.00
128.00 159.50
127.50 159.50
127.00 159.50
126.50 159.50
126.00 159.50
125.50 159.50
125.00 159.50
124.50 159.50
124.00 159.50
123.50 159.50
123.00 159.50
122.50 159.00
122.00 159.00
121.50 159.00
121.00 159.00
120.50 159.00
120.00 159.00
119.50 159.00
119.00 158.50
118.50 158.50
118.00 158.50
117.50 158.50
117.00 158.00
116.50 158.00
116.00 158.00
115.50 158.00
115.00 157.50
114.50 157.50
114.00 157.50
113.50 157.00
113.00 157.00
112.50 156.50
112.00 156.50
111.50 156.50
111.00 156.00
110.50 155.50
110.00 155.50
109.50 155.50
109.00 155.00
108.50 154.50
108.00 154.50
107.50 154.00
107.00 154.00
106.50 153.50
106.00 153.00
105.50 152.50
105.00 152.00
104.50 151.50
104.00 151.00
103.50 150.50
103.00 150.00
103.00 149.50
102.50 149.00
102.00 149.00
101.50 148.50
101.00 148.00
101.00 147.50
100.50 147.00
100.00 146.50
99.50 146.00
99.00 145.50
99.00 145.00
98.50 144.50
98.00 144.00
98.00 143.50
97.50 143.00
97.00 142.50
96.50 142.00
96.50 141.50
96.00 141.00
96.00 140.50
95.50 140.00
95.50 139.50
95.00 139.00
95.00 138.50
95.00 138.00
94.50 137.50
94.50 137.00
94.50 136.50
94.00 136.00
94.00 135.50
94.00 135.00
94.00 134.50
94.00 134.00
93.50 133.50
93.50 133.00
93.50 132.50
93.50 132.00
93.50 131.50
93.50 131.00
93.50 130.50
93.50 130.00
93.50 129.50
93.50 129.00
93.50 128.50
93.50 128.00
93.50 127.50
93.50 127.00
93.50 126.50
93.50 126.00
93.50 125.50
93.50 125.00
93.50 124.50
93.50 124.00
93.50 123.50
94.00 123.00
94.00 122.50
94.00 122.00
94.00 121.50
94.00 121.00
94.50 120.50
94.50 120.00
94.50 119.50
94.50 119.00
95.00 118.50
95.00 118.00
95.00 117.50
95.00 117.00
95.50 116.50
95.50 116.00
95.50 115.50
96.00 115.00
96.00 114.50
96.50 114.00
96.50 113.50
96.50 113.00
97.00 112.50
97.00 112.00
97.50 111.50
97.50 111.00
98.00 110.50
98.00 110.00
98.50 109.50
98.50 109.00
99.00 108.50
99.50 108.00
99.50 107.50
100.00 107.00
100.00 106.50
100.50 106.00
101.00 105.50
101.00 105.00
101.50 104.50
102.00 104.00
102.50 103.50
102.50 103.00
103.00 102.50
103.50 102.00
104.00 101.50
104.50 101.00
105.00 100.50
105.50 100.00
105.50 99.50
106.00 99.00
106.50 98.50
107.00 98.00
107.50 97.50
108.00 97.00
108.50 96.50
109.00 96.00
109.50 95.50
110.00 95.00
110.50 94.50
111.00 94.00
111.50 93.50
