114.00 140.00
113.50 140.00
113.00 140.00
112.50 139.50
112.00 139.50
111.50 139.50
111.00 139.00
110.50 138.50
110.00 138.50
109.50 138.00
109.00 137.50
108.50 137.50
108.00 137.00
108.00 136.50
107.50 136.00
107.00 135.50
106.50 135.00
106.50 134.50
106.00 134.00
105.50 133.50
105.50 133.00
105.50 132.50
105.00 132.00
105.00 131.50
104.50 131.00
104.50 130.50
104.50 130.00
104.00 129.50
104.00 129.00
104.00 128.50
104.00 128.00
104.00 127.50
103.50 127.00
103.50 126.50
103.50 126.00
103.50 125.50
103.50 125.00
103.50 124.50
103.50 124.00
104.00 123.50
104.00 123.00
104.00 122.50
104.00 122.00
104.00 121.50
104.50 121.00
104.50 120.50
104.50 120.00
105.00 119.50
105.50 119.00
105.50 118.50
106.00 118.00
106.00 117.50
106.50 117.00
107.00 116.50
107.50 116.00
108.00 115.50
108.50 115.00
109.00 114.50
109.50 114.00
110.00 113.50
110.50 113.50
111.00 113.00
111.50 112.50
112.00 112.50
112.50 112.50
113.00 112.00
113.50 111.50
114.00 111.50
114.50 111.50
115.00 111.50
115.50 111.00
116.00 111.00
116.50 111.00
117.00 111.00
117.50 111.00
118.00 111.00
118.50 111.00
119.00 111.00
119.50 111.00
120.00 111.00
120.50 111.00
121.00 111.00
121.50 111.00
122.00 111.50
122.50 111.50
123.00 111.50
123.50 111.50
124.00 112.00
124.50 112.50
125.00 112.50
125.50 113.00
126.00 113.50
126.50 114.00
127.00 114.50
127.50 115.00
128.00 115.50
128.50 116.00
129.00 116.50
129.00 117.00
129.50 117.50
129.50 118.00
130.00 118.50
130.00 119.00
130.50 119.50
130.50 120.00
130.50 120.50
131.00 121.00
131.00 121.50
131.00 122.00
131.00 122.50
131.00 123.00
131.50 123.50
131.50 124.00
131.50 124.50
131.50 125.00
131.50 125.50
131.50 126.00
131.50 126.50
131.50 127.00
131.50 127.50
131.00 128.00
131.00 128.50
131.00 129.00
131.00 129.50
131.00 130.00
131.00 130.50
130.50 131.00
130.50 131.50
130.50 132.00
130.50 132.50
130.00 133.00
130.00 133.50
129.50 134.00
129.00 134.50
129.00 135.00
128.50 135.50
128.00 136.00
127.50 136.50
127.00 137.00
126.50 137.00
126.00 137.50
125.50 137.50
125.00 137.50
124.50 138.00
124.00 138.00
123.50 138.00
123.00 138.50
122.50 138.50
122.00 138.50
121.50 138.50
121.00 139.00
120.50 139.00
120.00 139.00
119.50 139.00
119.00 139.50
118.50 139.50
118.00 139.50
117.50 139.50
117.00 140.00
116.50 140.00
116.00 140.00
115.50 140.00
115.00 140.00
114.50 140.00
