119.50 149.50
119.00 149.50
118.50 149.00
118.00 149.00
117.50 149.00
117.00 148.50
116.50 148.50
116.00 148.00
115.50 148.00
115.00 147.50
114.50 147.50
114.00 147.50
113.50 147.00
113.00 147.00
112.50 146.50
112.00 146.50
111.50 146.00
111.00 145.50
110.50 145.50
110.00 145.00
109.50 144.50
109.00 144.00
108.50 143.50
108.00 143.00
107.50 142.50
107.50 142.00
107.00 141.50
107.00 141.00
106.50 140.50
106.50 140.00
106.00 139.50
106.00 139.00
105.50 138.50
105.50 138.00
105.50 137.50
105.50 137.00
105.00 136.50
105.00 136.00
105.00 135.50
105.00 135.00
105.00 134.50
104.50 134.00
104.50 133.50
104.50 133.00
104.50 132.50
104.50 132.00
104.00 131.50
104.00 131.00
104.00 130.50
104.00 130.00
104.00 129.50
104.00 129.00
104.00 128.50
104.00 128.00
104.00 127.50
104.00 127.00
104.00 126.50
104.00 126.00
104.00 125.50
104.00 125.00
104.00 124.50
104.00 124.00
104.00 123.50
104.00 123.00
104.00 122.50
104.00 122.00
104.00 121.50
104.00 121.00
104.50 120.50
104.50 120.00
104.50 119.50
104.50 119.00
104.50 118.50
105.00 118.00
105.00 117.50
105.00 117.00
105.00 116.50
105.50 116.00
105.50 115.50
105.50 115.00
106.00 114.50
106.00 114.00
106.00 113.50
106.00 113.00
106.50 112.50
106.50 112.00
107.00 111.50
107.00 111.00
107.50 110.50
107.50 110.00
108.00 109.50
108.00 109.00
108.50 108.50
108.50 108.00
109.00 107.50
109.00 107.00
109.50 106.50
110.00 106.00
110.00 105.50
110.50 105.00
111.00 104.50
111.50 104.00
112.00 103.50
112.50 103.00
113.00 102.50
113.50 102.00
114.00 101.50
114.50 101.00
115.00 100.50
115.50 100.50
116.00 100.00
116.50 99.50
117.00 99.50
117.50 99.00
118.00 99.00
118.50 98.50
119.00 98.00
119.50 98.00
120.00 98.00
120.50 97.50
121.00 97.00
121.50 97.00
122.00 97.00
122.50 97.00
123.00 96.50
123.50 96.50
124.00 96.50
124.50 96.50
125.00 96.50
125.50 96.00
126.00 96.00
126.50 96.00
127.00 96.00
127.50 96.00
128.00 96.00
128.50 96.00
129.00 96.00
129.50 96.00
130.00 96.00
130.50 96.00
131.00 96.50
131.50 96.50
132.00 96.50
132.50 96.50
133.00 97.00
133.50 97.00
134.00 97.00
134.50 97.00
135.00 97.50
135.50 97.50
136.00 98.00
136.50 98.00
137.00 98.00
137.50 98.50
138.00 99.00
138.50 99.00
139.00 99.50
139.50 99.50
140.00 100.00
140.50 100.00
141.00 100.50
141.50 101.00
142.00 101.50
142.50 102.00
143.00 102.00
143.50 102.50
144.00 103.00
144.50 103.50
145.00 104.00
145.50 104.50
146.00 105.00
146.50 105.50
147.00 106.00
147.50 106.50
148.00 107.00
148.50 107.50
148.50 108.00
149.00 108.50
149.50 109.00
149.50 109.50
150.00 110.00
150.00 110.50
150.50 111.00
151.00 111.50
151.00 112.00
151.50 112.50
151.50 113.00
152.00 113.50
152.00 114.00
152.50 114.50
152.50 115.00
152.50 115.50
153.00 116.00
153.00 116.50
153.00 117.00
153.50 117.50
153.50 118.00
153.50 118.50
153.50 119.00
153.50 119.50
154.00 120.00
154.00 120.50
154.00 121.00
154.00 121.50
154.00 122.00
154.00 122.50
154.00 123.00
154.00 123.50
154.00 124.00
154.00 124.50
154.00 125.00
154.00 125.50
154.00 126.00
154.00 126.50
154.00 127.00
154.00 127.50
154.00 128.00
154.00 128.50
154.00 129.00
153.50 129.50
153.50 130.00
153.50 130.50
153.50 131.00
153.00 131.50
153.00 132.00
153.00 132.50
153.00 133.00
152.50 133.50
152.50 134.00
152.00 134.50
152.00 135.00
152.00 135.50
151.50 136.00
151.50 136.50
151.00 137.00
151.00 137.50
150.50 138.00
150.00 138.50
149.50 139.00
149.50 139.50
149.00 140.00
148.50 140.50
148.00 141.00
147.50 141.50
147.00 142.00
146.50 142.50
146.00 143.00
145.50 143.50
145.00 143.50
144.50 144.00
144.00 144.50
143.50 145.00
143.00 145.00
142.50 145.50
142.00 145.50
141.50 146.00
141.00 146.00
140.50 146.50
140.00 146.50
139.50 147.00
139.00 147.00
138.50 147.00
138.00 147.50
137.50 147.50
137.00 147.50
136.50 147.50
136.00 148.00
135.50 148.00
135.00 148.00
134.50 148.50
134.00 148.50
133.50 148.50
133.00 148.50
132.50 149.00
132.00 149.00
131.50 149.00
131.00 149.00
130.50 149.00
130.00 149.50
129.50 149.50
129.00 149.50
128.50 149.50
128.00 149.50
127.50 149.50
127.00 149.50
126.50 149.50
126.00 149.50
125.50 149.50
125.00 149.50
124.50 149.50
124.00 149.50
123.50 149.50
123.00 149.50
122.50 149.50
122.00 149.50
121.50 149.50
121.00 149.50
120.50 149.50
120.00 149.50
