133.50 145.00
134.00 145.50
134.50 145.50
135.00 146.00
135.50 146.00
136.00 146.50
136.50 147.00
136.00 147.50
135.50 147.50
135.00 147.50
134.50 148.00
134.00 148.00
133.50 148.00
133.00 148.00
132.50 148.00
132.00 148.50
131.50 148.50
131.00 148.50
130.50 148.50
130.00 149.00
129.50 149.00
129.00 149.00
128.50 149.50
128.00 149.50
127.50 149.50
127.00 150.00
126.50 150.00
126.00 150.00
125.50 150.00
125.00 150.00
124.50 150.00
124.00 150.00
123.50 150.00
123.00 150.00
122.50 150.00
122.00 150.00
121.50 149.50
121.00 149.50
120.50 149.50
120.00 149.00
119.50 149.00
119.00 149.00
118.50 148.50
118.00 148.00
118.00 147.50
118.50 147.00
118.50 146.50
119.00 146.00
119.50 145.50
120.00 145.50
120.50 145.00
121.00 144.50
121.50 144.50
122.00 144.50
122.50 144.00
123.00 144.00
123.50 144.00
124.00 143.50
124.50 143.50
125.00 143.50
125.50 143.50
126.00 143.50
126.50 143.50
127.00 143.50
127.50 143.50
128.00 143.50
128.50 143.50
129.00 143.50
129.50 144.00
130.00 144.00
130.50 144.00
131.00 144.50
131.50 144.50
132.00 144.50
132.50 145.00
133.00 145.00
