116.50 91.50
117.00 91.50
117.50 91.00
118.00 91.00
118.50 91.00
119.00 90.50
119.50 90.50
120.00 90.00
120.50 90.00
121.00 90.00
121.50 89.50
122.00 89.50
122.50 89.50
123.00 89.00
123.50 89.00
124.00 89.00
124.50 88.50
125.00 88.50
125.50 88.50
126.00 88.50
126.50 88.50
127.00 88.50
127.50 88.00
128.00 88.00
128.50 88.00
129.00 88.00
129.50 88.00
130.00 88.00
130.50 88.00
131.00 88.00
131.50 88.00
132.00 88.00
132.50 88.00
133.00 88.00
133.50 88.50
134.00 88.50
134.50 88.50
135.00 88.50
135.50 89.00
136.00 89.00
136.50 89.00
137.00 89.50
137.50 89.50
138.00 89.50
138.50 90.00
139.00 90.00
139.50 90.00
140.00 90.50
140.50 90.50
141.00 91.00
141.50 91.00
142.00 91.50
142.50 91.50
143.00 92.00
143.50 92.50
144.00 92.50
144.50 93.00
145.00 93.00
145.50 93.50
146.00 94.00
146.50 94.00
147.00 94.50
147.50 95.00
148.00 95.00
148.50 95.50
149.00 96.00
149.50 96.50
150.00 96.50
150.50 97.00
150.50 97.50
151.00 98.00
151.50 98.50
152.00 98.50
152.50 99.00
153.00 99.50
153.50 100.00
153.50 100.50
154.00 101.00
154.50 101.50
154.50 102.00
155.00 102.50
155.50 103.00
156.00 103.50
156.00 104.00
156.50 104.50
156.50 105.00
157.00 105.50
157.00 106.00
157.50 106.50
158.00 107.00
158.00 107.50
158.50 108.00
158.50 108.50
158.50 109.00
159.00 109.50
159.00 110.00
159.00 110.50
159.00 111.00
159.50 111.50
159.50 112.00
159.50 112.50
159.50 113.00
160.00 113.50
160.00 114.00
160.00 114.50
160.00 115.00
160.00 115.50
160.00 116.00
160.50 116.50
160.50 117.00
160.50 117.50
160.50 118.00
160.50 118.50
160.50 119.00
160.50 119.50
160.50 120.00
160.50 120.50
160.50 121.00
160.50 121.50
160.50 122.00
160.50 122.50
160.50 123.00
160.50 123.50
160.50 124.00
160.50 124.50
160.50 125.00
160.00 125.50
160.00 126.00
160.00 126.50
160.00 127.00
160.00 127.50
160.00 128.00
160.00 128.50
160.00 129.00
159.50 129.50
159.50 130.00
159.50 130.50
159.50 131.00
159.50 131.50
159.00 132.00
159.00 132.50
159.00 133.00
159.00 133.50
159.00 134.00
158.50 134.50
158.50 135.00
158.50 135.50
158.00 136.00
158.00 136.50
158.00 137.00
158.00 137.50
157.50 138.00
157.50 138.50
157.50 139.00
157.00 139.50
157.00 140.00
156.50 140.50
156.50 141.00
156.50 141.50
156.00 142.00
156.00 142.50
155.50 143.00
155.50 143.50
155.00 144.00
155.00 144.50
154.50 145.00
154.50 145.50
154.00 146.00
153.50 146.50
153.50 147.00
153.50 147.50
153.00 148.00
152.50 148.50
152.00 149.00
152.00 149.50
151.50 150.00
151.00 150.50
150.50 151.00
150.00 151.50
149.50 152.00
149.00 152.50
148.50 153.00
148.00 153.50
147.50 154.00
147.00 154.50
146.50 155.00
146.00 155.00
145.50 155.50
145.00 156.00
144.50 156.50
144.00 156.50
143.50 157.00
143.00 157.00
142.50 157.50
142.00 158.00
141.50 158.00
141.00 158.50
140.50 158.50
140.00 159.00
139.50 159.00
139.00 159.50
138.50 159.50
138.00 159.50
137.50 160.00
137.00 160.00
136.50 160.50
136.00 160.50
135.50 160.50
135.00 161.00
134.50 161.00
134.00 161.50
133.50 161.50
133.00 161.50
132.50 161.50
132.00 162.00
131.50 162.00
131.00 162.00
130.50 162.50
130.00 162.50
129.50 162.50
129.00 162.50
128.50 162.50
128.00 163.00
127.50 163.00
127.00 163.00
126.50 163.00
126.00 163.00
125.50 163.00
125.00 163.50
124.50 163.50
124.00 163.50
123.50 163.50
123.00 163.50
122.50 163.50
122.00 163.50
121.50 163.50
121.00 163.50
120.50 164.00
120.00 164.00
119.50 164.00
119.00 164.00
118.50 164.00
118.00 164.00
117.50 164.00
117.00 163.50
116.50 163.50
116.00 163.50
115.50 163.50
115.00 163.50
114.50 163.50
114.00 163.50
113.50 163.50
113.00 163.50
112.50 163.00
112.00 163.00
111.50 163.00
111.00 163.00
110.50 162.50
110.00 162.50
109.50 162.50
109.00 162.50
108.50 162.00
108.00 162.00
107.50 161.50
107.00 161.50
106.50 161.50
106.00 161.00
105.50 160.50
105.00 160.50
104.50 160.00
104.00 159.50
103.50 159.50
103.00 159.00
102.50 158.50
102.00 158.00
101.50 158.00
101.00 157.50
100.50 157.00
100.00 156.50
99.50 156.00
99.00 155.50
98.50 155.00
98.00 154.50
97.50 154.00
97.50 153.50
97.00 153.00
96.50 152.50
96.00 152.00
96.00 151.50
95.50 151.00
95.50 150.50
95.00 150.00
95.00 149.50
94.50 149.00
94.00 148.50
94.00 148.00
93.50 147.50
93.50 147.00
93.50 146.50
93.00 146.00
93.00 145.50
93.00 145.00
92.50 144.50
92.50 144.00
92.50 143.50
92.00 143.00
92.00 142.50
92.00 142.00
92.00 141.50
92.00 141.00
92.00 140.50
91.50 140.00
91.50 139.50
91.50 139.00
91.50 138.50
91.50 138.00
91.50 137.50
91.50 137.00
91.50 136.50
91.50 136.00
91.50 135.50
91.50 135.00
91.50 134.50
91.50 134.00
91.50 133.50
91.50 133.00
91.50 132.50
91.50 132.00
91.50 131.50
91.50 131.00
91.50 130.50
91.50 130.00
92.00 129.50
92.00 129.00
92.00 128.50
92.00 128.00
92.00 127.50
92.00 127.00
92.50 126.50
92.50 126.00
92.50 125.50
92.50 125.00
92.50 124.50
93.00 124.00
93.00 123.50
93.00 123.00
93.00 122.50
93.50 122.00
93.50 121.50
93.50 121.00
93.50 120.50
93.50 120.00
94.00 119.50
94.00 119.00
94.00 118.50
94.50 118.00
94.50 117.50
94.50 117.00
95.00 116.50
95.00 116.00
95.00 115.50
95.50 115.00
95.50 114.50
95.50 114.00
96.00 113.50
96.00 113.00
96.50 112.50
96.50 112.00
97.00 111.50
97.00 111.00
97.00 110.50
97.50 110.00
97.50 109.50
98.00 109.00
98.00 108.50
98.50 108.00
99.00 107.50
99.00 107.00
99.50 106.50
99.50 106.00
100.00 105.50
100.50 105.00
100.50 104.50
101.00 104.00
101.50 103.50
101.50 103.00
102.00 102.50
102.50 102.00
103.00 101.50
103.50 101.00
104.00 100.50
104.50 100.00
105.00 99.50
105.50 99.00
106.00 98.50
106.50 98.00
107.00 97.50
107.50 97.00
108.00 96.50
108.50 96.50
109.00 96.00
109.50 95.50
110.00 95.50
110.50 95.00
111.00 94.50
111.50 94.50
112.00 94.00
112.50 93.50
113.00 93.50
113.50 93.00
114.00 93.00
114.50 92.50
115.00 92.50
115.50 92.00
116.00 92.00
