131.00 155.50
130.50 155.50
130.00 155.50
129.50 156.00
129.00 156.00
128.50 156.00
128.00 156.00
127.50 156.00
127.00 156.00
126.50 156.50
126.00 156.50
125.50 156.50
125.00 156.50
124.50 156.50
124.00 156.50
123.50 156.50
123.00 156.50
122.50 157.00
122.00 157.00
121.50 157.00
121.00 157.00
120.50 157.00
120.00 157.00
119.50 157.00
119.00 157.00
118.50 157.00
118.00 157.00
117.50 157.00
117.00 156.50
116.50 156.50
116.00 156.50
115.50 156.50
115.00 156.50
114.50 156.50
114.00 156.00
113.50 156.00
113.00 156.00
112.50 155.50
112.00 155.50
111.50 155.50
111.00 155.00
110.50 155.00
110.00 155.00
109.50 154.50
109.00 154.00
108.50 154.00
108.00 154.00
107.50 153.50
107.00 153.00
106.50 152.50
106.00 152.50
105.50 152.00
105.00 151.50
104.50 151.00
104.00 150.50
103.50 150.00
103.50 149.50
103.00 149.00
102.50 148.50
102.00 148.00
102.00 147.50
101.50 147.00
101.00 146.50
101.00 146.00
101.00 145.50
100.50 145.00
100.50 144.50
100.00 144.00
100.00 143.50
99.50 143.00
99.50 142.50
99.00 142.00
99.00 141.50
99.00 141.00
99.00 140.50
98.50 140.00
98.50 139.50
98.00 139.00
98.50 138.50
98.50 138.00
98.50 137.50
98.00 137.00
98.00 136.50
98.00 136.00
98.00 135.50
98.00 135.00
98.00 134.50
98.00 134.00
98.00 133.50
98.00 133.00
98.00 132.50
98.00 132.00
98.00 131.50
98.50 131.00
98.50 130.50
98.50 130.00
98.50 129.50
98.50 129.00
98.50 128.50
98.50 128.00
98.50 127.50
98.50 127.00
99.00 126.50
99.00 126.00
99.00 125.50
99.00 125.00
99.00 124.50
99.50 124.00
99.50 123.50
99.50 123.00
100.00 122.50
100.00 122.00
100.00 121.50
100.00 121.00
100.50 120.50
100.50 120.00
101.00 119.50
101.00 119.00
101.00 118.50
101.50 118.00
101.50 117.50
102.00 117.00
102.00 116.50
102.50 116.00
103.00 115.50
103.00 115.00
103.50 114.50
103.50 114.00
104.00 113.50
104.50 113.00
105.00 112.50
105.00 112.00
105.50 111.50
106.00 111.00
106.50 110.50
107.00 110.00
107.50 109.50
108.00 109.00
108.50 108.50
109.00 108.00
109.50 107.50
110.00 107.00
110.50 107.00
111.00 106.50
111.50 106.00
112.00 105.50
112.50 105.50
113.00 105.00
113.50 104.50
114.00 104.00
114.50 104.00
115.00 103.50
115.50 103.00
116.00 103.00
116.50 102.50
117.00 102.00
117.50 102.00
118.00 102.00
118.50 102.00
119.00 101.50
119.50 101.50
120.00 101.00
120.50 101.00
121.00 100.50
121.50 100.50
122.00 100.00
122.50 100.00
123.00 100.00
123.50 100.00
124.00 99.50
124.50 99.50
125.00 99.50
125.50 99.00
126.00 99.00
126.50 99.00
127.00 99.00
127.50 98.50
128.00 98.50
128.50 98.50
129.00 98.50
129.50 98.50
130.00 98.50
130.50 98.00
131.00 98.00
131.50 98.00
132.00 98.00
132.50 98.00
133.00 98.00
133.50 98.00
134.00 98.00
134.50 98.00
135.00 98.00
135.50 98.00
136.00 98.00
136.50 98.00
137.00 98.00
137.50 98.00
138.00 98.50
138.50 98.50
139.00 98.50
139.50 98.50
140.00 99.00
140.50 99.00
141.00 99.00
141.50 99.50
142.00 99.50
142.50 99.50
143.00 100.00
143.50 100.50
144.00 100.50
144.50 101.00
145.00 101.50
145.50 101.50
146.00 102.00
146.50 102.50
147.00 102.50
147.50 103.00
148.00 103.50
148.00 104.00
148.50 104.50
148.50 105.00
149.00 105.50
149.50 106.00
150.00 106.50
150.50 107.00
150.50 107.50
151.00 108.00
151.00 108.50
151.50 109.00
151.50 109.50
152.00 110.00
152.00 110.50
152.50 111.00
152.50 111.50
153.00 112.00
153.00 112.50
153.00 113.00
153.50 113.50
153.50 114.00
153.50 114.50
154.00 115.00
154.00 115.50
154.00 116.00
154.00 116.50
154.50 117.00
154.50 117.50
154.50 118.00
154.50 118.50
154.50 119.00
154.50 119.50
154.50 120.00
154.50 120.50
154.50 121.00
155.00 121.50
155.00 122.00
155.00 122.50
155.00 123.00
155.00 123.50
155.00 124.00
155.00 124.50
154.50 125.00
154.50 125.50
154.50 126.00
154.50 126.50
154.50 127.00
154.50 127.50
154.50 128.00
154.00 128.50
154.00 129.00
154.00 129.50
154.00 130.00
153.50 130.50
153.50 131.00
153.50 131.50
153.00 132.00
153.00 132.50
153.00 133.00
153.00 133.50
152.50 134.00
152.50 134.50
152.50 135.00
152.00 135.50
152.00 136.00
151.50 136.50
151.50 137.00
151.50 137.50
151.00 138.00
151.00 138.50
151.00 139.00
150.50 139.50
150.50 140.00
150.00 140.50
149.50 141.00
149.50 141.50
149.00 142.00
149.00 142.50
148.50 143.00
148.50 143.50
148.00 144.00
147.50 144.50
147.00 145.00
147.00 145.50
146.50 146.00
146.00 146.50
146.00 147.00
145.50 147.50
145.00 147.50
144.50 148.00
144.50 148.50
144.00 149.00
143.50 149.00
143.00 149.50
142.50 150.00
142.00 150.50
141.50 151.00
141.00 151.50
140.50 151.50
140.00 152.00
139.50 152.50
139.00 153.00
138.50 153.00
138.00 153.50
137.50 153.50
137.00 154.00
136.50 154.00
136.00 154.00
135.50 154.50
135.00 154.50
134.50 154.50
134.00 155.00
133.50 155.00
133.00 155.00
132.50 155.00
132.00 155.50
131.50 155.50
