129.00 146.00
128.50 145.50
129.00 145.00
129.50 145.00
130.00 145.00
130.50 144.50
131.00 144.50
131.50 144.50
132.00 144.50
132.50 144.50
133.00 145.00
133.50 145.50
133.00 146.00
133.00 146.50
132.50 147.00
132.00 147.50
131.50 147.50
131.00 148.00
130.50 148.50
130.00 149.00
129.50 149.00
129.00 149.50
128.50 150.00
128.00 150.00
127.50 150.50
127.00 151.00
126.50 151.00
126.00 151.50
125.50 151.50
125.00 151.50
124.50 152.00
124.00 152.00
123.50 152.00
123.00 152.00
122.50 152.00
122.00 152.00
121.50 151.50
121.00 151.50
120.50 151.00
120.00 150.50
120.00 150.00
119.50 149.50
119.00 149.00
119.00 148.50
118.50 148.00
118.50 147.50
118.50 147.00
118.50 146.50
118.50 146.00
118.50 145.50
118.50 145.00
118.50 144.50
119.00 144.00
119.00 143.50
119.00 143.00
119.50 142.50
119.50 142.00
120.00 141.50
120.50 141.00
121.00 140.50
121.50 140.50
122.00 141.00
122.00 141.50
122.00 142.00
122.00 142.50
122.50 143.00
123.00 143.50
123.00 144.00
123.00 144.50
123.00 145.00
123.00 145.50
123.00 146.00
122.50 146.50
122.50 147.00
122.00 147.50
121.50 148.00
121.50 148.50
122.00 149.00
122.50 149.00
123.00 149.00
123.50 149.00
124.00 149.00
124.50 148.50
125.00 148.50
125.50 148.50
126.00 148.00
126.50 148.00
127.00 147.50
127.50 147.50
128.00 147.00
128.50 147.00
129.00 146.50
