124.50 99.50
124.50 100.00
125.00 99.50
125.50 99.50
126.00 99.00
126.50 99.00
127.00 99.00
127.50 98.50
128.00 98.50
128.50 98.50
129.00 98.50
129.50 98.50
130.00 98.00
130.50 98.00
131.00 98.00
131.50 98.00
132.00 98.00
132.50 98.00
133.00 98.00
133.50 98.00
134.00 98.00
134.50 98.50
135.00 98.50
135.50 98.50
136.00 98.50
136.50 99.00
137.00 99.00
137.50 99.50
138.00 99.50
138.50 100.00
139.00 100.00
139.50 100.50
140.00 101.00
140.50 101.00
141.00 101.50
141.50 102.00
142.00 102.50
142.50 102.50
143.00 103.00
143.50 103.50
144.00 104.00
144.50 104.50
145.00 105.00
145.50 105.50
146.00 105.50
146.50 106.00
147.00 106.50
147.50 107.00
148.00 107.50
148.50 108.00
149.00 108.50
149.50 109.00
150.00 109.50
150.50 110.00
150.50 110.50
151.00 111.00
151.50 111.50
151.50 112.00
151.50 112.50
152.00 113.00
152.00 113.50
152.50 114.00
152.50 114.50
152.50 115.00
152.50 115.50
153.00 116.00
153.00 116.50
153.00 117.00
153.00 117.50
153.00 118.00
153.50 118.50
153.50 119.00
153.50 119.50
153.50 120.00
153.50 120.50
153.50 121.00
153.50 121.50
153.50 122.00
153.50 122.50
153.50 123.00
153.50 123.50
153.50 124.00
153.50 124.50
153.50 125.00
153.50 125.50
153.50 126.00
153.50 126.50
153.50 127.00
153.50 127.50
153.00 128.00
153.00 128.50
153.00 129.00
152.50 129.50
152.50 130.00
152.50 130.50
152.50 131.00
152.00 131.50
152.00 132.00
152.00 132.50
152.00 133.00
152.00 133.50
151.50 134.00
151.50 134.50
151.00 135.00
151.00 135.50
151.00 136.00
150.50 136.50
150.50 137.00
150.50 137.50
150.00 138.00
150.00 138.50
149.50 139.00
149.50 139.50
149.00 140.00
149.00 140.50
148.50 141.00
148.50 141.50
148.00 142.00
147.50 142.50
147.00 143.00
146.50 143.50
146.50 144.00
146.00 144.50
145.50 145.00
145.00 145.50
144.50 146.00
144.00 146.50
143.50 147.00
143.00 147.50
142.50 147.50
142.00 148.00
141.50 148.50
141.00 149.00
140.50 149.00
140.00 149.50
139.50 149.50
139.00 149.50
138.50 150.00
138.00 150.00
137.50 150.50
137.00 150.50
136.50 151.00
136.00 151.00
135.50 151.50
135.00 151.50
134.50 151.50
134.00 152.00
133.50 152.00
133.00 152.00
132.50 152.00
132.00 152.50
131.50 152.50
131.00 152.50
130.50 152.50
130.00 153.00
129.50 153.00
129.00 153.00
128.50 153.50
128.00 153.50
127.50 153.50
127.00 153.50
126.50 153.50
126.00 154.00
125.50 154.00
125.00 154.00
124.50 154.00
124.00 154.00
123.50 154.00
123.00 154.00
122.50 154.50
122.00 154.50
121.50 154.50
121.00 154.50
120.50 154.50
120.00 154.50
119.50 154.50
119.00 154.50
118.50 154.50
118.00 154.50
117.50 154.50
117.00 154.50
116.50 154.50
116.00 154.50
115.50 154.00
115.00 154.00
114.50 154.00
114.00 154.00
113.50 154.00
113.00 153.50
112.50 153.50
112.00 153.50
111.50 153.00
111.00 153.00
110.50 153.00
110.00 152.50
109.50 152.50
109.00 152.00
108.50 151.50
108.00 151.50
107.50 151.00
107.00 150.50
106.50 150.50
106.00 150.00
105.50 149.50
105.00 149.00
104.50 148.50
104.00 148.00
103.50 147.50
103.00 147.00
103.00 146.50
102.50 146.00
102.00 145.50
102.00 145.00
101.50 144.50
101.50 144.00
101.00 143.50
100.50 143.00
100.50 142.50
100.00 142.00
100.00 141.50
99.50 141.00
99.50 140.50
99.50 140.00
99.50 139.50
99.00 139.00
99.00 138.50
99.00 138.00
99.00 137.50
98.50 137.00
98.50 136.50
98.50 136.00
98.50 135.50
98.50 135.00
98.50 134.50
98.50 134.00
98.50 133.50
98.50 133.00
98.50 132.50
98.50 132.00
98.50 131.50
98.50 131.00
98.50 130.50
98.50 130.00
98.50 129.50
98.50 129.00
98.50 128.50
99.00 128.00
99.00 127.50
99.00 127.00
99.00 126.50
99.00 126.00
99.00 125.50
99.50 125.00
99.50 124.50
99.50 124.00
100.00 123.50
100.00 123.00
100.00 122.50
100.50 122.00
100.50 121.50
100.50 121.00
101.00 120.50
101.00 120.00
101.50 119.50
101.50 119.00
101.50 118.50
102.00 118.00
102.50 117.50
102.50 117.00
103.00 116.50
103.00 116.00
103.50 115.50
103.50 115.00
104.00 114.50
104.50 114.00
105.00 113.50
105.50 113.00
106.00 112.50
106.50 112.00
107.00 111.50
107.50 111.00
108.00 110.50
108.50 110.00
109.00 109.50
109.50 109.00
110.00 109.00
110.50 108.50
111.00 108.00
111.50 107.50
112.00 107.00
112.50 106.50
113.00 106.00
113.50 106.00
114.00 105.50
114.50 105.00
115.00 104.50
115.50 104.00
116.00 104.00
116.50 103.50
117.00 103.00
117.50 103.00
118.00 102.50
118.50 102.50
119.00 102.00
119.50 101.50
120.00 101.00
120.50 101.00
121.00 100.50
121.50 100.50
122.00 100.00
122.50 100.00
123.00 99.50
123.50 99.50
124.00 99.00
