145.50 146.00
145.00 146.50
144.50 147.00
144.00 147.50
143.50 148.00
143.00 148.50
142.50 149.00
142.00 149.50
141.50 150.00
141.00 150.00
140.50 150.50
140.00 151.00
139.50 151.50
139.00 152.00
138.50 152.00
138.00 152.50
137.50 153.00
137.00 153.00
136.50 153.50
136.00 153.50
135.50 154.00
135.00 154.00
134.50 154.50
134.00 154.50
133.50 155.00
133.00 155.00
132.50 155.50
132.00 155.50
131.50 155.50
131.00 155.50
130.50 156.00
130.00 156.00
129.50 156.00
129.00 156.00
128.50 156.50
128.00 156.50
127.50 156.50
127.00 156.50
126.50 156.50
126.00 156.50
125.50 156.50
125.00 156.50
124.50 156.50
124.00 156.50
123.50 156.50
123.00 157.00
122.50 157.00
122.00 156.50
121.50 156.50
121.00 156.50
120.50 156.50
120.00 156.50
119.50 156.50
119.00 156.50
118.50 156.50
118.00 156.50
117.50 156.50
117.00 156.50
116.50 156.50
116.00 156.50
115.50 156.00
115.00 156.00
114.50 156.00
114.00 156.00
113.50 156.00
113.00 155.50
112.50 155.50
112.00 155.50
111.50 155.00
111.00 155.00
110.50 155.00
110.00 155.00
109.50 154.50
109.00 154.50
108.50 154.00
108.00 154.00
107.50 153.50
107.00 153.50
106.50 153.00
106.00 152.50
105.50 152.50
105.00 152.00
104.50 151.50
104.00 151.00
103.50 150.50
103.00 150.00
102.50 149.50
102.50 149.00
102.00 148.50
101.50 148.00
101.50 147.50
101.00 147.00
100.50 146.50
100.50 146.00
100.00 145.50
100.00 145.00
99.50 144.50
99.50 144.00
99.00 143.50
99.00 143.00
99.00 142.50
98.50 142.00
98.00 141.50
98.00 141.00
98.00 140.50
97.50 140.00
98.00 139.50
98.00 139.00
98.00 138.50
98.00 138.00
98.00 137.50
98.00 137.00
98.00 136.50
98.00 136.00
98.00 135.50
98.00 135.00
98.00 134.50
98.00 134.00
98.00 133.50
98.00 133.00
98.00 132.50
98.00 132.00
98.00 131.50
98.00 131.00
98.00 130.50
98.00 130.00
98.50 129.50
98.50 129.00
98.50 128.50
98.50 128.00
98.50 127.50
98.50 127.00
98.50 126.50
98.50 126.00
98.50 125.50
99.00 125.00
99.00 124.50
99.00 124.00
99.00 123.50
99.00 123.00
99.00 122.50
99.00 122.00
99.50 121.50
99.50 121.00
99.50 120.50
99.50 120.00
99.50 119.50
100.00 119.00
100.00 118.50
100.00 118.00
100.50 117.50
100.50 117.00
101.00 116.50
101.00 116.00
101.00 115.50
101.50 115.00
101.50 114.50
102.00 114.00
102.50 113.50
102.50 113.00
103.00 112.50
103.00 112.00
103.50 111.50
104.00 111.00
104.50 110.50
105.00 110.00
105.50 109.50
106.00 109.00
106.00 108.50
106.50 108.00
107.00 107.50
107.50 107.00
108.00 106.50
108.50 106.00
109.00 105.50
109.50 105.00
110.00 104.50
110.50 104.50
111.00 104.00
111.50 104.00
112.00 103.50
112.50 103.00
113.00 102.50
113.50 102.50
114.00 102.00
114.50 102.00
115.00 101.50
115.50 101.50
116.00 101.50
116.50 101.00
117.00 101.00
117.50 100.50
118.00 100.50
118.50 100.50
119.00 100.50
119.50 100.00
120.00 100.00
120.50 100.00
121.00 100.00
121.50 100.00
122.00 99.50
122.50 99.50
123.00 99.50
123.50 99.50
124.00 99.50
124.50 99.50
125.00 99.50
125.50 99.50
126.00 99.50
126.50 99.50
127.00 99.50
127.50 99.50
128.00 99.50
128.50 99.50
129.00 99.50
129.50 100.00
130.00 100.00
130.50 100.00
131.00 100.00
131.50 100.00
132.00 100.50
132.50 100.50
133.00 100.50
133.50 101.00
134.00 101.00
134.50 101.00
135.00 101.50
135.50 101.50
136.00 102.00
136.50 102.00
137.00 102.50
137.50 103.00
138.00 103.00
138.50 103.50
139.00 103.50
139.50 104.00
140.00 104.50
140.50 104.50
141.00 105.00
141.50 105.00
142.00 105.50
142.50 106.00
143.00 106.50
143.50 107.00
144.00 107.50
144.50 108.00
145.00 108.50
145.50 109.00
146.00 109.50
146.50 110.00
147.00 110.00
147.50 110.50
148.00 111.00
148.50 111.50
148.50 112.00
149.00 112.50
149.00 113.00
149.50 113.50
149.50 114.00
150.00 114.50
150.00 115.00
150.50 115.50
150.50 116.00
151.00 116.50
151.00 117.00
151.00 117.50
151.50 118.00
151.50 118.50
151.50 119.00
152.00 119.50
152.00 120.00
152.00 120.50
152.00 121.00
152.50 121.50
152.50 122.00
152.50 122.50
152.50 123.00
152.50 123.50
152.50 124.00
153.00 124.50
153.00 125.00
153.00 125.50
153.00 126.00
153.00 126.50
153.00 127.00
153.00 127.50
153.00 128.00
153.00 128.50
153.00 129.00
153.00 129.50
153.00 130.00
152.50 130.50
152.50 131.00
152.50 131.50
152.50 132.00
152.50 132.50
152.50 133.00
152.00 133.50
152.00 134.00
152.00 134.50
152.00 135.00
151.50 135.50
151.50 136.00
151.50 136.50
151.00 137.00
151.00 137.50
151.00 138.00
150.50 138.50
150.50 139.00
150.50 139.50
150.00 140.00
149.50 140.50
149.50 141.00
149.50 141.50
149.00 142.00
148.50 142.50
148.00 143.00
148.00 143.50
147.50 144.00
147.50 144.50
147.00 145.00
146.50 145.50
146.00 145.50
