147.50 117.50
147.50 118.00
147.50 118.50
147.50 119.00
147.50 119.50
147.50 120.00
147.50 120.50
148.00 121.00
148.00 121.50
148.00 122.00
148.00 122.50
148.00 123.00
148.00 123.50
148.00 124.00
148.00 124.50
148.00 125.00
148.00 125.50
148.00 126.00
148.00 126.50
148.00 127.00
148.00 127.50
147.50 128.00
147.50 128.50
147.50 129.00
147.50 129.50
147.50 130.00
147.50 130.50
147.00 131.00
147.00 131.50
147.00 132.00
147.00 132.50
146.50 133.00
146.50 133.50
146.50 134.00
146.00 134.50
146.00 135.00
145.50 135.50
145.50 136.00
145.00 136.50
145.00 137.00
144.50 137.50
144.00 138.00
144.00 138.50
143.50 139.00
143.50 139.50
143.00 140.00
142.50 140.50
142.50 141.00
142.00 141.50
142.00 142.00
141.50 142.50
141.00 143.00
140.50 143.50
140.00 144.00
139.50 144.50
139.50 145.00
139.00 145.50
138.50 146.00
138.00 146.50
137.50 147.00
137.00 147.00
136.50 147.50
136.00 148.00
135.50 148.00
135.00 148.50
134.50 149.00
134.00 149.50
133.50 149.50
133.00 149.50
132.50 150.00
132.00 150.50
131.50 150.50
131.00 150.50
130.50 151.00
130.00 151.00
129.50 151.50
129.00 151.50
128.50 151.50
128.00 152.00
127.50 152.00
127.00 152.00
126.50 152.00
126.00 152.50
125.50 152.50
125.00 152.50
124.50 152.50
124.00 153.00
123.50 153.00
123.00 153.00
122.50 153.00
122.00 153.00
121.50 153.00
121.00 153.00
120.50 153.00
120.00 153.00
119.50 153.00
119.00 153.00
118.50 153.00
118.00 153.00
117.50 153.00
117.00 153.00
116.50 153.00
116.00 153.00
115.50 153.00
115.00 153.00
114.50 153.00
114.00 153.00
113.50 152.50
113.00 152.50
112.50 152.50
112.00 152.50
111.50 152.00
111.00 152.00
110.50 152.00
110.00 152.00
109.50 151.50
109.00 151.50
108.50 151.50
108.00 151.00
107.50 151.00
107.00 150.50
106.50 150.50
106.00 150.50
105.50 150.00
105.00 149.50
104.50 149.00
104.00 149.00
103.50 149.00
103.00 148.50
102.50 148.00
102.00 147.50
101.50 147.00
101.00 146.50
100.50 146.00
100.00 145.50
99.50 145.00
99.00 144.50
99.00 144.00
98.50 143.50
98.50 143.00
98.00 142.50
97.50 142.00
97.50 141.50
97.50 141.00
97.00 140.50
96.50 140.00
96.50 139.50
96.50 139.00
96.00 138.50
96.00 138.00
96.00 137.50
95.50 137.00
95.50 136.50
95.50 136.00
95.50 135.50
95.00 135.00
95.00 134.50
95.00 134.00
95.00 133.50
95.00 133.00
95.00 132.50
95.00 132.00
94.50 131.50
94.50 131.00
94.50 130.50
94.50 130.00
94.50 129.50
94.50 129.00
94.50 128.50
94.50 128.00
94.50 127.50
94.50 127.00
94.50 126.50
94.50 126.00
94.50 125.50
94.50 125.00
94.50 124.50
94.50 124.00
94.50 123.50
94.50 123.00
94.50 122.50
94.50 122.00
94.50 121.50
94.50 121.00
94.50 120.50
95.00 120.00
95.00 119.50
95.00 119.00
95.00 118.50
95.00 118.00
95.00 117.50
95.00 117.00
95.50 116.50
95.50 116.00
95.50 115.50
95.50 115.00
95.50 114.50
96.00 114.00
96.00 113.50
96.00 113.00
96.50 112.50
96.50 112.00
96.50 111.50
97.00 111.00
97.00 110.50
97.00 110.00
97.50 109.50
97.50 109.00
98.00 108.50
98.00 108.00
98.00 107.50
98.50 107.00
99.00 106.50
99.00 106.00
99.50 105.50
100.00 105.00
100.00 104.50
100.50 104.00
101.00 103.50
101.50 103.00
101.50 102.50
102.00 102.00
102.50 101.50
103.00 101.00
103.50 100.50
104.00 100.00
104.50 99.50
105.00 99.00
105.50 99.00
106.00 98.50
106.50 98.00
107.00 98.00
107.50 97.50
108.00 97.00
108.50 97.00
109.00 96.50
109.50 96.50
110.00 96.00
110.50 95.50
111.00 95.50
111.50 95.50
112.00 95.00
112.50 95.00
113.00 95.00
113.50 94.50
114.00 94.50
114.50 94.50
115.00 94.50
115.50 94.00
116.00 94.00
116.50 94.00
117.00 94.00
117.50 94.00
118.00 94.00
118.50 93.50
119.00 93.50
119.50 93.50
120.00 93.50
120.50 93.50
121.00 93.50
121.50 93.50
122.00 93.50
122.50 93.50
123.00 94.00
123.50 94.00
124.00 94.00
124.50 94.00
125.00 94.00
125.50 94.00
126.00 94.00
126.50 94.50
127.00 94.50
127.50 94.50
128.00 94.50
128.50 95.00
129.00 95.00
129.50 95.00
130.00 95.50
130.50 95.50
131.00 95.50
131.50 96.00
132.00 96.00
132.50 96.00
133.00 96.50
133.50 96.50
134.00 97.00
134.50 97.00
135.00 97.50
135.50 98.00
136.00 98.00
136.50 98.50
137.00 99.00
137.50 99.00
138.00 99.50
138.50 100.00
139.00 100.00
139.50 100.50
140.00 101.00
140.50 101.50
141.00 102.00
141.50 102.50
142.00 103.00
142.00 103.50
142.50 104.00
143.00 104.50
143.50 105.00
143.50 105.50
144.00 106.00
144.00 106.50
144.50 107.00
144.50 107.50
145.00 108.00
145.00 108.50
145.50 109.00
145.50 109.50
145.50 110.00
146.00 110.50
146.00 111.00
146.00 111.50
146.50 112.00
146.50 112.50
146.50 113.00
147.00 113.50
147.00 114.00
147.00 114.50
147.00 115.00
147.00 115.50
147.50 116.00
147.50 116.50
147.50 117.00
