148.00 114.50
148.00 115.00
148.00 115.50
148.00 116.00
148.00 116.50
148.50 117.00
148.50 117.50
148.50 118.00
148.50 118.50
148.50 119.00
148.50 119.50
148.50 120.00
148.50 120.50
148.50 121.00
148.50 121.50
148.50 122.00
148.50 122.50
148.50 123.00
148.50 123.50
148.50 124.00
148.50 124.50
148.50 125.00
148.50 125.50
148.50 126.00
148.50 126.50
148.50 127.00
148.50 127.50
148.00 128.00
148.00 128.50
148.00 129.00
147.50 129.50
147.50 130.00
147.50 130.50
147.00 131.00
147.00 131.50
146.50 132.00
146.50 132.50
146.00 133.00
146.00 133.50
145.50 134.00
145.00 134.50
144.50 134.00
144.50 133.50
144.50 133.00
144.00 132.50
144.00 132.00
144.00 131.50
144.00 131.00
144.00 130.50
144.00 130.00
144.00 129.50
144.00 129.00
143.50 128.50
143.50 128.00
143.00 127.50
143.00 127.00
142.50 126.50
142.50 126.00
142.00 125.50
142.00 125.00
142.00 124.50
141.50 124.00
141.50 123.50
141.50 123.00
141.50 122.50
141.50 122.00
141.50 121.50
141.50 121.00
141.50 120.50
141.50 120.00
141.50 119.50
141.50 119.00
141.50 118.50
142.00 118.00
142.00 117.50
142.00 117.00
142.50 116.50
142.50 116.00
143.00 115.50
143.00 115.00
143.50 114.50
144.00 114.00
144.50 113.50
145.00 113.00
145.50 113.00
146.00 113.00
146.50 113.50
147.00 113.50
147.50 114.00
