112.00 96.00
112.50 96.00
113.00 95.50
113.50 95.50
114.00 95.00
114.50 95.00
115.00 95.00
115.50 94.50
116.00 94.50
116.50 94.50
117.00 94.00
117.50 94.00
118.00 94.00
118.50 93.50
119.00 93.50
119.50 93.00
120.00 93.00
120.50 93.00
121.00 92.50
121.50 92.50
122.00 92.50
122.50 92.50
123.00 92.00
123.50 92.00
124.00 92.00
124.50 91.50
125.00 91.50
125.50 91.50
126.00 91.50
126.50 91.50
127.00 91.00
127.50 91.00
128.00 91.00
128.50 91.00
129.00 91.00
129.50 91.00
130.00 90.50
130.50 90.50
131.00 90.50
131.50 90.50
132.00 90.50
132.50 90.50
133.00 90.50
133.50 90.50
134.00 90.50
134.50 90.50
135.00 90.50
135.50 90.50
136.00 90.50
136.50 90.50
137.00 91.00
137.50 91.00
138.00 91.00
138.50 91.00
139.00 91.00
139.50 91.50
140.00 91.50
140.50 92.00
141.00 92.00
141.50 92.00
142.00 92.50
142.50 92.50
143.00 92.50
143.50 93.00
144.00 93.50
144.50 93.50
145.00 94.00
145.50 94.00
146.00 94.50
146.50 95.00
147.00 95.00
147.50 95.50
148.00 95.50
148.50 96.00
149.00 96.50
149.50 96.50
150.00 97.00
150.50 97.50
151.00 98.00
151.50 98.50
152.00 99.00
152.50 99.50
153.00 100.00
153.50 100.50
153.50 101.00
154.00 101.50
154.50 102.00
155.00 102.50
155.00 103.00
155.50 103.50
155.50 104.00
156.00 104.50
156.00 105.00
156.50 105.50
157.00 106.00
157.00 106.50
157.50 107.00
157.50 107.50
157.50 108.00
158.00 108.50
158.00 109.00
158.50 109.50
158.50 110.00
158.50 110.50
159.00 111.00
159.00 111.50
159.00 112.00
159.50 112.50
159.50 113.00
159.50 113.50
160.00 114.00
160.00 114.50
160.00 115.00
160.00 115.50
160.00 116.00
160.50 116.50
160.50 117.00
160.50 117.50
160.50 118.00
160.50 118.50
160.50 119.00
161.00 119.50
161.00 120.00
161.00 120.50
161.00 121.00
161.00 121.50
161.00 122.00
161.00 122.50
161.00 123.00
161.00 123.50
161.00 124.00
161.00 124.50
161.00 125.00
161.00 125.50
161.00 126.00
161.00 126.50
161.00 127.00
161.00 127.50
161.00 128.00
161.00 128.50
161.00 129.00
161.00 129.50
161.00 130.00
161.00 130.50
160.50 131.00
160.50 131.50
160.50 132.00
160.50 132.50
160.50 133.00
160.00 133.50
160.00 134.00
160.00 134.50
160.00 135.00
160.00 135.50
159.50 136.00
159.50 136.50
159.50 137.00
159.50 137.50
159.00 138.00
159.00 138.50
158.50 139.00
158.50 139.50
158.50 140.00
158.00 140.50
157.50 141.00
157.50 141.50
157.50 142.00
157.00 142.50
157.00 143.00
156.50 143.50
156.00 144.00
156.00 144.50
155.50 145.00
155.50 145.50
155.00 146.00
154.50 146.50
154.50 147.00
154.00 147.50
153.50 148.00
153.00 148.50
152.50 149.00
152.50 149.50
152.00 150.00
151.50 150.50
151.00 151.00
150.50 151.50
150.00 152.00
149.50 152.50
149.00 152.50
148.50 153.00
148.00 153.50
147.50 154.00
147.00 154.50
146.50 154.50
146.00 155.00
145.50 155.50
145.00 156.00
144.50 156.00
144.00 156.50
143.50 156.50
143.00 157.00
142.50 157.00
142.00 157.50
141.50 157.50
141.00 158.00
140.50 158.00
140.00 158.50
139.50 158.50
139.00 159.00
138.50 159.50
138.00 159.50
137.50 160.00
137.00 160.00
136.50 160.00
136.00 160.50
135.50 160.50
135.00 160.50
134.50 161.00
134.00 161.00
133.50 161.00
133.00 161.50
132.50 161.50
132.00 161.50
131.50 161.50
131.00 162.00
130.50 162.00
130.00 162.00
129.50 162.50
129.00 162.50
128.50 162.50
128.00 162.50
127.50 162.50
127.00 163.00
126.50 163.00
126.00 163.00
125.50 163.00
125.00 163.00
124.50 163.00
124.00 163.50
123.50 163.50
123.00 163.50
122.50 163.50
122.00 163.50
121.50 163.50
121.00 163.50
120.50 163.50
120.00 163.50
119.50 163.50
119.00 163.50
118.50 163.50
118.00 163.50
117.50 163.50
117.00 163.50
116.50 163.50
116.00 163.50
115.50 163.50
115.00 163.50
114.50 163.00
114.00 163.00
113.50 163.00
113.00 163.00
112.50 163.00
112.00 162.50
111.50 162.50
111.00 162.50
110.50 162.50
110.00 162.00
109.50 162.00
109.00 162.00
108.50 161.50
108.00 161.50
107.50 161.50
107.00 161.00
106.50 160.50
106.00 160.50
105.50 160.50
105.00 160.00
104.50 159.50
104.00 159.50
103.50 159.00
103.00 158.50
102.50 158.50
102.00 158.00
101.50 157.50
101.00 157.00
100.50 156.50
100.00 156.00
99.50 155.50
99.00 155.00
98.50 154.50
98.00 154.00
98.00 153.50
97.50 153.00
97.00 152.50
96.50 152.00
96.50 151.50
96.00 151.00
95.50 150.50
95.50 150.00
95.00 149.50
94.50 149.00
94.50 148.50
94.00 148.00
94.00 147.50
94.00 147.00
93.50 146.50
93.50 146.00
93.00 145.50
93.00 145.00
93.00 144.50
92.50 144.00
92.50 143.50
92.50 143.00
92.50 142.50
92.00 142.00
92.00 141.50
92.00 141.00
92.00 140.50
91.50 140.00
91.50 139.50
91.50 139.00
91.50 138.50
91.50 138.00
91.50 137.50
91.50 137.00
91.50 136.50
91.00 136.00
91.00 135.50
91.00 135.00
91.00 134.50
91.00 134.00
91.00 133.50
91.00 133.00
91.00 132.50
91.00 132.00
91.50 131.50
91.50 131.00
91.50 130.50
91.50 130.00
91.50 129.50
91.50 129.00
91.50 128.50
91.50 128.00
91.50 127.50
91.50 127.00
92.00 126.50
92.00 126.00
92.00 125.50
92.00 125.00
92.50 124.50
92.50 124.00
92.50 123.50
92.50 123.00
92.50 122.50
93.00 122.00
93.00 121.50
93.00 121.00
93.50 120.50
93.50 120.00
93.50 119.50
93.50 119.00
94.00 118.50
94.00 118.00
94.00 117.50
94.50 117.00
94.50 116.50
94.50 116.00
95.00 115.50
95.00 115.00
95.50 114.50
95.50 114.00
95.50 113.50
96.00 113.00
96.00 112.50
96.50 112.00
96.50 111.50
96.50 111.00
97.00 110.50
97.50 110.00
97.50 109.50
98.00 109.00
98.00 108.50
98.50 108.00
98.50 107.50
99.00 107.00
99.50 106.50
99.50 106.00
100.00 105.50
100.50 105.00
101.00 104.50
101.50 104.00
101.50 103.50
102.00 103.00
102.50 102.50
103.00 102.00
103.50 101.50
104.00 101.00
104.50 100.50
105.00 100.00
105.50 99.50
106.00 99.00
106.50 99.00
107.00 98.50
107.50 98.00
108.00 98.00
108.50 97.50
109.00 97.50
109.50 97.00
110.00 96.50
110.50 96.50
111.00 96.00
111.50 96.00
