107.50 98.50
108.00 98.00
108.50 97.50
109.00 97.00
109.50 97.00
110.00 96.50
110.50 96.00
111.00 95.50
111.50 95.00
112.00 95.00
112.50 94.50
113.00 94.00
113.50 93.50
114.00 93.50
114.50 93.00
115.00 92.50
115.50 92.00
116.00 92.00
116.50 91.50
117.00 91.50
117.50 91.00
118.00 91.00
118.50 90.50
119.00 90.50
119.50 90.00
120.00 90.00
120.50 89.50
121.00 89.50
121.50 89.50
122.00 89.00
122.50 89.00
123.00 89.00
123.50 89.00
124.00 88.50
124.50 88.50
125.00 88.50
125.50 88.50
126.00 88.00
126.50 88.00
127.00 88.00
127.50 88.00
128.00 88.00
128.50 88.00
129.00 87.50
129.50 87.50
130.00 87.50
130.50 88.00
131.00 88.50
131.50 88.50
132.00 88.50
132.50 88.50
133.00 89.00
133.50 89.00
134.00 89.00
134.50 89.00
135.00 89.50
135.50 89.50
136.00 89.50
136.50 89.50
137.00 90.00
137.50 90.00
138.00 90.50
138.50 90.50
139.00 90.50
139.50 91.00
140.00 91.00
140.50 91.50
141.00 92.00
141.50 92.00
142.00 92.00
142.50 92.50
143.00 93.00
143.50 93.50
144.00 93.50
144.50 94.00
145.00 94.50
145.50 95.00
146.00 95.50
146.50 95.50
147.00 96.00
147.50 96.50
147.50 97.00
148.00 97.50
148.50 97.50
149.00 98.00
149.50 98.50
150.00 99.00
150.00 99.50
150.50 100.00
151.00 100.50
151.50 101.00
151.50 101.50
152.00 102.00
152.50 102.50
153.00 103.00
153.50 103.50
153.50 104.00
154.00 104.50
154.50 105.00
154.50 105.50
155.00 106.00
155.00 106.50
155.00 107.00
155.50 107.50
155.50 108.00
156.00 108.50
156.50 109.00
156.50 109.50
156.50 110.00
157.00 110.50
157.00 111.00
157.50 111.50
157.50 112.00
157.50 112.50
158.00 113.00
158.00 113.50
158.00 114.00
158.50 114.50
158.50 115.00
158.50 115.50
158.50 116.00
159.00 116.50
159.00 117.00
159.00 117.50
159.00 118.00
159.00 118.50
159.50 119.00
159.50 119.50
159.50 120.00
159.50 120.50
159.50 121.00
159.50 121.50
160.00 122.00
160.00 122.50
160.00 123.00
160.00 123.50
160.00 124.00
160.00 124.50
160.00 125.00
160.00 125.50
160.00 126.00
160.00 126.50
160.00 127.00
160.00 127.50
160.00 128.00
160.00 128.50
160.00 129.00
160.00 129.50
160.00 130.00
160.00 130.50
159.50 131.00
159.50 131.50
159.50 132.00
159.50 132.50
159.50 133.00
159.00 133.50
159.00 134.00
159.00 134.50
159.00 135.00
159.00 135.50
158.50 136.00
158.50 136.50
158.50 137.00
158.00 137.50
158.00 138.00
158.00 138.50
157.50 139.00
157.50 139.50
157.00 140.00
157.00 140.50
156.50 141.00
156.50 141.50
156.50 142.00
156.00 142.50
155.50 143.00
155.00 143.50
155.00 144.00
155.00 144.50
154.50 145.00
154.00 145.50
153.50 146.00
153.50 146.50
153.00 147.00
152.50 147.50
152.00 148.00
152.00 148.50
151.50 149.00
151.00 149.50
150.50 150.00
150.00 150.50
149.50 151.00
149.00 151.50
148.50 152.00
148.00 152.50
147.50 153.00
147.00 153.50
146.50 154.00
146.00 154.00
145.50 154.00
145.00 154.50
144.50 155.00
144.00 155.50
143.50 156.00
143.00 156.50
142.50 156.50
142.00 157.00
141.50 157.00
141.00 157.50
140.50 157.50
140.00 158.00
139.50 158.50
139.00 158.50
138.50 159.00
138.00 159.00
137.50 159.50
137.00 159.50
136.50 160.00
136.00 160.00
135.50 160.00
135.00 160.50
134.50 160.50
134.00 161.00
133.50 161.00
133.00 161.00
132.50 161.00
132.00 161.50
131.50 161.50
131.00 161.50
130.50 162.00
130.00 162.00
129.50 162.00
129.00 162.00
128.50 162.00
128.00 162.00
127.50 162.50
127.00 162.50
126.50 162.50
126.00 162.50
125.50 162.50
125.00 162.50
124.50 162.50
124.00 162.50
123.50 162.50
123.00 162.50
122.50 162.50
122.00 162.50
121.50 162.50
121.00 162.50
120.50 162.00
120.00 162.00
119.50 162.00
119.00 162.00
118.50 162.00
118.00 162.00
117.50 161.50
117.00 161.50
116.50 161.50
116.00 161.50
115.50 161.00
115.00 161.00
114.50 160.50
114.00 160.50
113.50 160.50
113.00 160.00
112.50 160.00
112.00 159.50
111.50 159.50
111.00 159.50
110.50 159.00
110.00 158.50
109.50 158.50
109.00 158.50
108.50 158.00
108.00 157.50
107.50 157.00
107.00 156.50
106.50 156.50
106.00 156.50
105.50 156.00
105.00 155.50
104.50 155.00
104.00 154.50
103.50 154.00
103.00 153.50
102.50 153.00
102.00 152.50
101.50 152.00
101.00 151.50
101.00 151.00
100.50 150.50
100.00 150.00
100.00 149.50
99.50 149.00
99.00 148.50
99.00 148.00
98.50 147.50
98.00 147.00
98.00 146.50
97.50 146.00
97.50 145.50
97.00 145.00
97.00 144.50
96.50 144.00
96.50 143.50
96.00 143.00
96.00 142.50
95.50 142.00
95.50 141.50
95.50 141.00
95.50 140.50
95.00 140.00
95.00 139.50
95.00 139.00
94.50 138.50
94.50 138.00
94.50 137.50
94.00 137.00
94.00 136.50
94.00 136.00
94.00 135.50
94.00 135.00
93.50 134.50
93.50 134.00
93.50 133.50
93.50 133.00
93.50 132.50
93.50 132.00
93.50 131.50
93.50 131.00
93.50 130.50
93.00 130.00
93.00 129.50
93.00 129.00
93.00 128.50
93.00 128.00
93.00 127.50
93.00 127.00
93.00 126.50
93.00 126.00
93.00 125.50
93.50 125.00
93.50 124.50
93.50 124.00
93.50 123.50
93.50 123.00
93.50 122.50
93.50 122.00
94.00 121.50
94.00 121.00
94.00 120.50
94.00 120.00
94.00 119.50
94.50 119.00
94.50 118.50
94.50 118.00
95.00 117.50
95.00 117.00
95.00 116.50
95.50 116.00
95.50 115.50
95.50 115.00
96.00 114.50
96.00 114.00
96.50 113.50
96.50 113.00
97.00 112.50
97.00 112.00
97.50 111.50
98.00 111.00
98.00 110.50
98.50 110.00
98.50 109.50
99.00 109.00
99.50 108.50
99.50 108.00
100.00 107.50
100.50 107.00
100.50 106.50
101.00 106.00
101.50 105.50
102.00 105.00
102.50 104.50
103.00 104.00
103.00 103.50
103.50 103.00
104.00 102.50
104.50 102.00
105.00 101.50
105.50 101.00
106.00 100.50
106.00 100.00
106.50 99.50
107.00 99.00
