141.50 123.50
141.00 123.50
140.50 123.50
140.00 123.00
139.50 122.50
139.00 122.50
138.50 122.00
138.00 121.50
138.00 121.00
138.00 120.50
138.50 120.00
139.00 120.00
139.50 120.00
140.00 120.00
140.50 120.00
141.00 120.00
141.50 120.00
142.00 120.50
142.50 121.00
142.50 121.50
143.00 122.00
143.00 122.50
143.00 123.00
143.50 123.50
144.00 124.00
144.50 124.00
145.00 124.50
145.50 124.50
146.00 124.50
146.50 125.00
147.00 125.00
147.50 125.50
148.00 125.50
148.50 126.00
149.00 126.50
149.00 127.00
149.50 127.50
149.50 128.00
149.50 128.50
149.00 129.00
148.50 129.00
148.00 129.00
147.50 128.50
147.00 128.00
146.50 128.00
146.00 127.50
145.50 127.00
145.00 127.00
144.50 126.50
144.00 126.00
143.50 125.50
143.00 125.50
142.50 125.00
142.00 124.50
142.00 124.00
