141.50 102.00
142.00 102.50
142.00 103.00
142.50 103.50
143.00 104.00
143.00 104.50
143.50 105.00
144.00 105.50
144.00 106.00
144.50 106.50
145.00 107.00
145.00 107.50
145.50 108.00
145.50 108.50
146.00 109.00
146.00 109.50
146.50 110.00
146.50 110.50
147.00 111.00
147.00 111.50
147.50 112.00
147.50 112.50
148.00 113.00
148.00 113.50
148.00 114.00
148.00 114.50
148.50 115.00
148.50 115.50
148.50 116.00
148.50 116.50
148.50 117.00
148.50 117.50
148.50 118.00
149.00 118.50
149.00 119.00
149.00 119.50
149.00 120.00
149.00 120.50
149.00 121.00
149.00 121.50
149.00 122.00
149.00 122.50
149.00 123.00
149.00 123.50
148.50 124.00
148.50 124.50
148.50 125.00
148.50 125.50
148.50 126.00
148.50 126.50
148.50 127.00
148.50 127.50
148.50 128.00
148.50 128.50
148.00 129.00
148.00 129.50
148.00 130.00
148.00 130.50
148.00 131.00
147.50 131.50
147.50 132.00
147.50 132.50
147.00 133.00
147.00 133.50
147.00 134.00
147.00 134.50
146.50 135.00
146.50 135.50
146.00 136.00
146.00 136.50
145.50 137.00
145.50 137.50
145.00 138.00
144.50 138.50
144.50 139.00
144.00 139.50
143.50 140.00
143.00 140.50
142.50 141.00
142.00 141.50
141.50 142.00
141.00 142.50
140.50 142.50
140.00 143.00
139.50 143.50
139.00 144.00
138.50 144.00
138.00 144.50
137.50 145.00
137.00 145.00
136.50 145.50
136.00 145.50
135.50 146.00
135.00 146.00
134.50 146.50
134.00 146.50
133.50 146.50
133.00 147.00
132.50 147.00
132.00 147.00
131.50 147.50
131.00 147.50
130.50 147.50
130.00 147.50
129.50 148.00
129.00 148.00
128.50 148.00
128.00 148.00
127.50 148.00
127.00 148.00
126.50 148.00
126.00 148.00
125.50 148.00
125.00 148.00
124.50 148.00
124.00 148.00
123.50 148.00
123.00 148.00
122.50 148.00
122.00 147.50
121.50 147.50
121.00 147.50
120.50 147.50
120.00 147.00
119.50 147.00
119.00 147.00
118.50 146.50
118.00 146.50
117.50 146.50
117.00 146.50
116.50 146.00
116.00 146.00
115.50 145.50
115.00 145.50
114.50 145.00
114.00 145.00
113.50 144.50
113.00 144.00
112.50 143.50
112.00 143.00
111.50 143.00
111.00 142.50
110.50 142.00
110.00 141.50
109.50 141.00
109.00 140.50
108.50 140.00
108.00 139.50
108.00 139.00
107.50 138.50
107.00 138.00
107.00 137.50
106.50 137.00
106.50 136.50
106.00 136.00
106.00 135.50
105.50 135.00
105.50 134.50
105.00 134.00
105.00 133.50
104.50 133.00
104.50 132.50
104.50 132.00
104.50 131.50
104.00 131.00
104.00 130.50
104.00 130.00
104.00 129.50
103.50 129.00
103.50 128.50
103.50 128.00
103.50 127.50
103.50 127.00
103.50 126.50
103.50 126.00
103.50 125.50
103.50 125.00
103.50 124.50
103.50 124.00
103.50 123.50
103.50 123.00
103.50 122.50
103.50 122.00
103.50 121.50
103.50 121.00
103.50 120.50
103.50 120.00
103.50 119.50
104.00 119.00
104.00 118.50
104.00 118.00
104.00 117.50
104.00 117.00
104.50 116.50
104.50 116.00
104.50 115.50
105.00 115.00
105.00 114.50
105.00 114.00
105.00 113.50
105.50 113.00
105.50 112.50
105.50 112.00
106.00 111.50
106.00 111.00
106.00 110.50
106.50 110.00
106.50 109.50
107.00 109.00
107.00 108.50
107.50 108.00
108.00 107.50
108.00 107.00
107.50 106.50
108.00 106.00
108.50 105.50
109.00 105.00
109.50 105.00
110.00 104.50
110.50 104.00
111.00 103.50
111.50 103.00
112.00 102.50
112.50 102.50
113.00 102.00
113.50 101.50
114.00 101.00
114.50 100.50
115.00 100.50
115.50 100.00
116.00 99.50
116.50 99.50
117.00 99.50
117.50 99.00
118.00 98.50
118.50 98.50
119.00 98.50
119.50 98.50
120.00 98.00
120.50 98.00
121.00 98.00
121.50 97.50
122.00 97.50
122.50 97.50
123.00 97.50
123.50 97.50
124.00 97.50
124.50 97.50
125.00 97.50
125.50 97.50
126.00 97.50
126.50 97.50
127.00 97.50
127.50 97.50
128.00 97.50
128.50 97.50
129.00 97.50
129.50 97.50
130.00 97.50
130.50 97.50
131.00 98.00
131.50 98.00
132.00 98.00
132.50 98.00
133.00 98.50
133.50 98.50
134.00 98.50
134.50 98.50
135.00 99.00
135.50 99.00
136.00 99.50
136.50 99.50
137.00 100.00
137.50 100.00
138.00 100.00
138.50 100.50
139.00 101.00
139.50 101.00
140.00 101.50
140.50 102.00
141.00 102.00
