93.50 122.50
93.50 122.00
94.00 121.50
94.00 121.00
94.00 120.50
94.00 120.00
94.50 119.50
94.50 119.00
94.50 118.50
95.00 118.00
95.00 117.50
95.00 117.00
95.00 116.50
95.50 116.00
95.50 115.50
95.50 115.00
96.00 114.50
96.00 114.00
96.50 113.50
96.50 113.00
96.50 112.50
97.00 112.00
97.50 111.50
97.50 111.00
98.00 110.50
98.00 110.00
98.00 109.50
98.50 109.00
99.00 108.50
99.50 108.00
99.50 107.50
100.00 107.00
100.50 106.50
100.50 106.00
101.00 105.50
101.00 105.00
101.50 104.50
102.00 104.00
102.50 103.50
103.00 103.00
103.50 102.50
104.00 102.00
104.50 101.50
104.50 101.00
105.00 100.50
105.50 100.00
106.00 99.50
106.50 99.00
107.00 98.50
107.50 98.00
108.00 97.50
108.50 97.00
109.00 96.50
109.50 96.00
110.00 95.50
110.50 95.00
111.00 94.50
111.50 94.00
112.00 94.00
112.50 93.50
113.00 93.00
113.50 93.00
114.00 93.00
114.50 92.50
115.00 92.50
115.50 92.50
116.00 92.00
116.50 92.00
117.00 92.00
117.50 92.00
118.00 92.00
118.50 91.50
119.00 91.50
119.50 91.50
120.00 91.50
120.50 91.50
121.00 91.50
121.50 91.50
122.00 91.50
122.50 91.50
123.00 91.50
123.50 91.50
124.00 91.50
124.50 91.50
125.00 92.00
125.50 92.00
126.00 92.00
126.50 92.00
127.00 92.00
127.50 92.00
128.00 92.00
128.50 92.00
129.00 92.00
129.50 92.50
130.00 92.50
130.50 92.50
131.00 92.50
131.50 93.00
132.00 93.00
132.50 93.00
133.00 93.00
133.50 93.00
134.00 93.50
134.50 93.50
135.00 93.50
135.50 93.50
136.00 94.00
136.50 94.00
137.00 94.00
137.50 94.50
138.00 94.50
138.50 94.50
139.00 95.00
139.50 95.00
140.00 95.50
140.50 95.50
141.00 96.00
141.50 96.00
142.00 96.50
142.50 96.50
143.00 97.00
143.50 97.50
144.00 97.50
144.50 98.00
145.00 98.50
145.50 99.00
146.00 99.00
146.50 99.50
147.00 100.00
147.50 100.50
148.00 101.00
148.00 101.50
148.50 102.00
149.00 102.50
149.50 103.00
150.00 103.50
150.00 104.00
150.50 104.50
151.00 105.00
151.50 105.50
151.50 106.00
151.50 106.50
152.00 107.00
152.00 107.50
152.50 108.00
153.00 108.50
153.00 109.00
153.00 109.50
153.50 110.00
153.50 110.50
154.00 111.00
154.00 111.50
154.00 112.00
154.00 112.50
154.50 113.00
154.50 113.50
154.50 114.00
155.00 114.50
155.00 115.00
155.00 115.50
155.00 116.00
155.00 116.50
155.00 117.00
155.50 117.50
155.50 118.00
155.50 118.50
155.50 119.00
155.50 119.50
155.50 120.00
155.50 120.50
155.50 121.00
155.50 121.50
155.50 122.00
155.50 122.50
155.50 123.00
155.50 123.50
155.50 124.00
155.50 124.50
155.50 125.00
155.50 125.50
155.50 126.00
155.50 126.50
155.00 127.00
155.00 127.50
155.00 128.00
155.00 128.50
155.00 129.00
154.50 129.50
154.50 130.00
154.50 130.50
154.50 131.00
154.00 131.50
154.00 132.00
154.00 132.50
153.50 133.00
153.50 133.50
153.50 134.00
153.00 134.50
153.00 135.00
153.00 135.50
152.50 136.00
152.50 136.50
152.00 137.00
152.00 137.50
152.00 138.00
151.50 138.50
151.00 139.00
151.00 139.50
150.50 140.00
150.50 140.50
150.00 141.00
150.00 141.50
149.50 142.00
149.00 142.50
149.00 143.00
148.50 143.50
148.00 144.00
147.50 144.50
147.50 145.00
147.00 145.50
147.00 146.00
146.50 146.50
146.00 147.00
145.50 147.50
145.00 148.00
144.50 148.50
144.00 149.00
143.50 149.50
143.00 150.00
142.50 150.50
142.00 151.00
141.50 151.50
141.00 152.00
140.50 152.00
140.00 152.50
139.50 153.00
139.00 153.00
138.50 153.50
138.00 154.00
137.50 154.50
137.00 154.50
136.50 154.50
136.00 155.00
135.50 155.50
135.00 155.50
134.50 156.00
134.00 156.00
133.50 156.00
133.00 156.50
132.50 156.50
132.00 156.50
131.50 157.00
131.00 157.00
130.50 157.00
130.00 157.00
129.50 157.50
129.00 157.50
128.50 157.50
128.00 157.50
127.50 157.50
127.00 157.50
126.50 158.00
126.00 158.00
125.50 158.00
125.00 158.00
124.50 158.00
124.00 158.00
123.50 158.00
123.00 158.00
122.50 158.00
122.00 157.50
121.50 157.50
121.00 157.50
120.50 157.50
120.00 157.50
119.50 157.50
119.00 157.50
118.50 157.00
118.00 157.00
117.50 157.00
117.00 157.00
116.50 157.00
116.00 156.50
115.50 156.50
115.00 156.00
114.50 156.00
114.00 155.50
113.50 155.50
113.00 155.00
112.50 154.50
112.00 154.50
111.50 154.00
111.00 154.00
110.50 153.50
110.00 153.00
109.50 152.50
109.00 152.50
108.50 152.50
108.00 152.50
107.50 152.00
107.00 151.50
106.50 151.00
106.00 150.50
105.50 150.00
105.00 149.50
104.50 149.50
104.00 149.00
103.50 148.50
103.00 148.00
102.50 147.50
102.00 147.00
101.50 146.50
101.00 146.00
100.50 145.50
100.50 145.00
100.00 144.50
99.50 144.00
99.00 143.50
98.50 143.00
98.00 142.50
98.00 142.00
97.50 141.50
97.00 141.00
97.00 140.50
96.50 140.00
96.50 139.50
96.00 139.00
95.50 138.50
95.50 138.00
95.50 137.50
95.00 137.00
95.00 136.50
94.50 136.00
94.50 135.50
94.50 135.00
94.00 134.50
94.00 134.00
94.00 133.50
94.00 133.00
93.50 132.50
93.50 132.00
93.50 131.50
93.50 131.00
93.50 130.50
93.50 130.00
93.50 129.50
93.00 129.00
93.00 128.50
93.00 128.00
93.00 127.50
93.00 127.00
93.00 126.50
93.50 126.00
93.00 125.50
93.00 125.00
93.50 124.50
93.50 124.00
93.50 123.50
94.00 123.00
