132.00 140.50
131.50 140.50
131.00 140.50
130.50 141.00
130.00 141.00
129.50 141.00
129.00 141.00
128.50 141.00
128.00 141.50
127.50 141.50
127.00 141.50
126.50 141.50
126.00 142.00
125.50 142.00
125.00 142.00
124.50 142.00
124.00 142.00
123.50 142.50
123.00 142.50
122.50 142.50
122.00 142.50
121.50 142.50
121.00 142.50
120.50 142.50
120.00 143.00
119.50 143.00
119.00 143.00
118.50 143.00
118.00 143.00
117.50 143.00
117.00 143.00
116.50 143.00
116.00 143.00
115.50 143.00
115.00 143.00
114.50 143.00
114.00 143.00
113.50 143.00
113.00 142.50
112.50 142.50
112.00 142.50
111.50 142.50
111.00 142.50
110.50 142.00
110.00 142.00
109.50 142.00
109.00 141.50
108.50 141.50
108.00 141.50
107.50 141.00
107.00 140.50
106.50 140.50
106.00 140.00
105.50 140.00
105.00 139.50
104.50 139.00
104.00 138.50
103.50 138.50
103.00 138.00
102.50 137.50
102.50 137.00
102.00 136.50
101.50 136.00
101.00 135.50
100.50 135.50
100.00 135.00
99.50 134.50
99.50 134.00
99.00 133.50
98.50 133.00
98.50 132.50
98.00 132.00
97.50 131.50
97.50 131.00
97.00 130.50
96.50 130.00
96.00 129.50
96.00 129.00
95.50 128.50
95.50 128.00
95.00 127.50
95.00 127.00
95.00 126.50
94.50 126.00
94.00 125.50
94.00 125.00
94.00 124.50
93.50 124.00
93.50 123.50
93.50 123.00
93.00 122.50
93.00 122.00
93.00 121.50
92.50 121.00
92.50 120.50
92.50 120.00
92.50 119.50
92.50 119.00
92.00 118.50
92.00 118.00
92.00 117.50
92.00 117.00
92.00 116.50
92.00 116.00
91.50 115.50
91.50 115.00
91.50 114.50
91.50 114.00
91.50 113.50
91.50 113.00
91.50 112.50
91.50 112.00
91.50 111.50
91.50 111.00
91.50 110.50
91.50 110.00
91.50 109.50
91.50 109.00
91.50 108.50
91.50 108.00
91.50 107.50
91.50 107.00
91.50 106.50
91.50 106.00
91.50 105.50
92.00 105.00
92.00 104.50
92.00 104.00
92.00 103.50
92.00 103.00
92.00 102.50
92.00 102.00
92.00 101.50
92.00 101.00
92.50 100.50
92.50 100.00
92.50 99.50
92.50 99.00
93.00 98.50
93.00 98.00
93.00 97.50
93.50 97.00
94.00 96.50
94.00 96.00
94.50 95.50
94.50 95.00
95.00 94.50
95.50 94.00
96.00 93.50
96.50 93.00
97.00 92.50
97.50 92.00
98.00 91.50
98.50 91.00
99.00 91.00
99.50 90.50
100.00 90.00
100.50 90.00
101.00 89.50
101.50 89.00
102.00 89.00
102.50 89.00
103.00 88.50
103.50 88.50
104.00 88.00
104.50 88.00
105.00 87.50
105.50 87.50
106.00 87.50
106.50 87.00
107.00 87.00
107.50 87.00
108.00 86.50
108.50 86.50
109.00 86.50
109.50 86.50
110.00 86.50
110.50 86.50
111.00 86.50
111.50 86.00
112.00 86.00
112.50 86.00
113.00 86.00
113.50 86.00
114.00 86.00
114.50 86.00
115.00 86.00
115.50 86.00
116.00 86.00
116.50 86.00
117.00 86.50
117.50 86.50
118.00 86.50
118.50 86.50
119.00 86.50
119.50 86.50
120.00 87.00
120.50 87.00
121.00 87.00
121.50 87.00
122.00 87.50
122.50 87.50
123.00 87.50
123.50 88.00
124.00 88.00
124.50 88.00
125.00 88.50
125.50 89.00
126.00 89.00
126.50 89.50
127.00 89.50
127.50 89.50
128.00 90.00
128.50 90.50
129.00 90.50
129.50 91.00
130.00 91.50
130.50 91.50
131.00 92.00
131.50 92.50
132.00 92.50
132.50 93.00
133.00 93.50
133.50 94.00
134.00 94.50
134.50 95.00
135.00 95.50
135.50 96.00
136.00 96.50
136.50 97.00
137.00 97.50
137.50 98.00
138.00 98.50
138.00 99.00
138.50 99.50
139.00 100.00
139.50 100.50
139.50 101.00
140.00 101.50
140.50 102.00
141.00 102.50
141.00 103.00
141.50 103.50
141.50 104.00
142.00 104.50
142.50 105.00
142.50 105.50
143.00 106.00
143.00 106.50
143.50 107.00
143.50 107.50
143.50 108.00
144.00 108.50
144.00 109.00
144.50 109.50
144.50 110.00
144.50 110.50
145.00 111.00
145.00 111.50
145.00 112.00
145.50 112.50
145.50 113.00
145.50 113.50
145.50 114.00
145.50 114.50
146.00 115.00
146.00 115.50
146.00 116.00
146.00 116.50
146.00 117.00
146.00 117.50
146.00 118.00
146.00 118.50
146.00 119.00
146.00 119.50
146.00 120.00
146.00 120.50
146.00 121.00
146.00 121.50
146.00 122.00
146.00 122.50
146.00 123.00
145.50 123.50
145.50 124.00
145.50 124.50
145.50 125.00
145.50 125.50
145.00 126.00
145.00 126.50
145.00 127.00
144.50 127.50
144.50 128.00
144.00 128.50
144.00 129.00
144.00 129.50
143.50 130.00
143.50 130.50
143.00 131.00
142.50 131.50
142.50 132.00
143.00 132.50
142.50 133.00
142.00 133.50
141.50 133.50
141.00 134.00
140.50 134.50
140.00 134.50
139.50 135.00
139.00 135.50
138.50 135.50
138.00 136.00
137.50 136.50
137.00 136.50
136.50 137.00
136.00 137.50
135.50 138.00
135.00 138.00
134.50 138.50
134.00 139.00
133.50 139.00
133.00 139.50
132.50 140.00
