119.50 142.00
119.00 142.00
118.50 141.50
118.00 141.50
117.50 141.00
117.00 140.50
116.50 140.00
116.00 139.50
115.50 139.00
115.00 138.50
114.50 138.00
114.50 137.50
114.00 137.00
113.50 136.50
113.50 136.00
113.00 135.50
113.00 135.00
112.50 134.50
112.50 134.00
112.00 133.50
112.00 133.00
111.50 132.50
111.50 132.00
111.50 131.50
111.00 131.00
111.00 130.50
111.00 130.00
111.00 129.50
111.00 129.00
110.50 128.50
110.50 128.00
110.50 127.50
110.50 127.00
110.50 126.50
110.50 126.00
110.50 125.50
110.50 125.00
110.50 124.50
110.50 124.00
110.50 123.50
110.50 123.00
110.50 122.50
110.50 122.00
110.50 121.50
110.50 121.00
111.00 120.50
111.00 120.00
111.00 119.50
111.00 119.00
111.00 118.50
111.50 118.00
111.50 117.50
111.50 117.00
111.50 116.50
112.00 116.00
112.00 115.50
112.50 115.00
112.50 114.50
112.50 114.00
113.00 113.50
113.00 113.00
113.50 112.50
113.50 112.00
114.00 111.50
114.00 111.00
114.00 110.50
114.50 110.00
114.50 109.50
115.00 109.00
115.00 108.50
115.50 108.00
116.00 107.50
116.00 107.00
116.00 106.50
116.50 106.00
117.00 105.50
117.50 105.00
117.50 104.50
118.00 104.00
118.50 103.50
119.00 103.00
119.50 102.50
120.00 102.00
120.50 101.50
121.00 101.00
121.50 100.50
122.00 100.50
122.50 100.00
123.00 99.50
123.50 99.50
124.00 99.00
124.50 99.00
125.00 98.50
125.50 98.50
126.00 98.50
126.50 98.00
127.00 98.00
127.50 98.00
128.00 97.50
128.50 97.50
129.00 97.50
129.50 97.50
130.00 97.50
130.50 97.50
131.00 97.50
131.50 97.50
132.00 97.50
132.50 98.00
133.00 98.00
133.50 98.50
134.00 98.50
134.50 98.50
135.00 99.00
135.50 99.00
136.00 99.50
136.50 100.00
137.00 100.50
137.50 101.00
138.00 101.50
138.50 102.00
139.00 102.50
139.00 103.00
139.50 103.50
140.00 104.00
140.50 104.50
141.00 105.00
141.00 105.50
141.50 106.00
142.00 106.50
142.00 107.00
142.50 107.50
142.50 108.00
143.00 108.50
143.50 109.00
143.50 109.50
144.00 110.00
144.00 110.50
144.50 111.00
144.50 111.50
145.00 112.00
145.00 112.50
145.50 113.00
145.50 113.50
145.50 114.00
146.00 114.50
146.00 115.00
146.50 115.50
146.50 116.00
146.50 116.50
147.00 117.00
147.00 117.50
147.00 118.00
147.00 118.50
147.50 119.00
147.50 119.50
147.50 120.00
147.50 120.50
147.50 121.00
147.50 121.50
147.50 122.00
147.50 122.50
147.50 123.00
147.50 123.50
147.50 124.00
147.50 124.50
147.50 125.00
147.00 125.50
147.00 126.00
147.00 126.50
147.00 127.00
146.50 127.50
146.50 128.00
146.00 128.50
146.00 129.00
145.50 129.50
145.00 130.00
145.00 130.50
144.50 131.00
144.00 131.50
144.00 132.00
143.50 132.50
143.00 133.00
142.50 133.50
142.00 134.00
141.50 134.50
141.00 135.00
140.50 135.50
140.00 136.00
139.50 136.50
139.00 137.00
138.50 137.00
138.00 137.50
137.50 138.00
137.00 138.50
136.50 138.50
136.00 139.00
135.50 139.00
135.00 139.50
134.50 140.00
134.00 140.00
133.50 140.50
133.00 140.50
132.50 140.50
132.00 141.00
131.50 141.00
131.00 141.50
130.50 141.50
130.00 142.00
129.50 142.00
129.00 142.00
128.50 142.00
128.00 142.50
127.50 142.50
127.00 142.50
126.50 142.50
126.00 142.50
125.50 143.00
125.00 143.00
124.50 143.00
124.00 143.00
123.50 143.00
123.00 143.00
122.50 143.00
122.00 143.00
121.50 142.50
121.00 142.50
120.50 142.50
120.00 142.00
