97.00 97.00
97.50 97.00
98.00 96.50
98.50 96.50
99.00 96.50
99.50 96.00
100.00 95.50
100.50 95.50
101.00 95.00
101.50 95.00
102.00 94.50
102.50 94.50
103.00 94.00
103.50 93.50
104.00 93.00
104.50 92.50
105.00 92.00
105.50 91.50
106.00 91.50
106.50 91.00
107.00 91.00
107.50 90.50
108.00 90.50
108.50 90.00
109.00 90.00
109.50 89.50
110.00 89.00
110.50 88.50
110.50 88.00
111.00 87.50
110.50 87.00
111.00 86.50
111.50 86.50
112.00 86.50
112.50 86.50
113.00 86.50
113.50 86.50
114.00 86.50
114.50 86.50
115.00 86.50
115.50 86.50
116.00 86.50
116.50 86.50
117.00 86.50
117.50 86.50
118.00 87.00
118.50 87.00
119.00 87.00
119.50 87.00
120.00 87.50
120.50 87.50
121.00 87.50
121.50 88.00
122.00 88.00
122.50 88.00
123.00 88.50
123.50 88.50
124.00 89.00
124.50 89.50
125.00 89.50
125.50 90.00
126.00 90.50
126.50 91.00
127.00 91.50
127.50 91.50
128.00 92.00
128.50 92.50
129.00 93.00
129.50 93.50
130.00 94.00
130.50 94.50
131.00 95.00
131.50 95.50
131.50 96.00
132.00 96.50
132.50 97.00
132.50 97.50
133.00 98.00
133.50 98.50
134.00 99.00
134.50 99.50
135.00 100.00
135.00 100.50
135.00 101.00
135.50 101.50
136.00 102.00
136.50 102.50
137.00 103.00
137.00 103.50
137.00 104.00
137.50 104.50
138.00 105.00
138.50 105.50
139.00 106.00
139.00 106.50
139.50 107.00
140.00 107.50
140.50 108.00
141.00 108.50
141.00 109.00
141.50 109.50
142.00 110.00
142.50 110.50
142.50 111.00
143.00 111.50
143.00 112.00
143.50 112.50
144.00 113.00
144.00 113.50
144.00 114.00
144.50 114.50
144.50 115.00
145.00 115.50
145.00 116.00
145.00 116.50
145.00 117.00
145.50 117.50
145.50 118.00
145.50 118.50
145.50 119.00
145.50 119.50
145.50 120.00
145.50 120.50
145.50 121.00
145.50 121.50
145.50 122.00
145.50 122.50
145.00 123.00
145.00 123.50
145.00 124.00
145.00 124.50
144.50 125.00
144.50 125.50
144.50 126.00
144.00 126.50
144.00 127.00
144.00 127.50
143.50 128.00
143.50 128.50
143.00 129.00
143.00 129.50
143.00 130.00
142.50 130.50
142.00 131.00
141.50 131.50
141.50 132.00
141.00 132.50
140.50 133.00
140.50 133.50
140.00 134.00
139.50 134.50
139.00 135.00
138.50 135.50
138.00 136.00
137.50 136.50
137.00 136.50
136.50 137.00
136.00 137.50
135.50 138.00
135.00 138.00
134.50 138.50
134.00 138.50
133.50 139.00
133.00 139.00
132.50 139.50
132.00 139.50
131.50 140.00
131.00 140.00
130.50 140.00
130.00 140.50
129.50 140.50
129.00 140.50
128.50 140.50
128.00 141.00
127.50 141.00
127.00 141.00
126.50 141.00
126.00 141.00
125.50 141.00
125.00 141.00
124.50 141.00
124.00 141.00
123.50 141.00
123.00 141.00
122.50 141.00
122.00 141.00
121.50 141.00
121.00 141.00
120.50 140.50
120.00 140.50
119.50 140.50
119.00 140.50
118.50 140.00
118.00 140.00
117.50 140.00
117.00 139.50
116.50 139.50
116.00 139.50
115.50 139.00
115.00 138.50
114.50 138.50
114.00 138.50
113.50 138.00
113.00 137.50
112.50 137.50
112.00 137.00
111.50 136.50
111.00 136.50
110.50 136.00
110.00 135.50
109.50 135.00
109.00 134.50
108.50 134.00
108.00 133.50
107.50 133.00
107.00 132.50
106.50 132.00
106.00 131.50
105.50 131.00
105.00 130.50
105.00 130.00
104.50 129.50
104.00 129.00
103.50 128.50
103.00 128.00
103.00 127.50
103.00 127.00
102.50 126.50
102.00 126.00
101.50 125.50
101.50 125.00
101.00 124.50
100.50 124.00
100.50 123.50
100.00 123.00
100.00 122.50
100.00 122.00
99.50 121.50
99.50 121.00
99.00 120.50
99.00 120.00
98.50 119.50
98.50 119.00
98.00 118.50
98.00 118.00
98.00 117.50
97.50 117.00
97.50 116.50
97.50 116.00
97.00 115.50
97.00 115.00
97.00 114.50
97.00 114.00
96.50 113.50
96.50 113.00
96.50 112.50
96.00 112.00
96.00 111.50
96.00 111.00
96.00 110.50
96.00 110.00
96.00 109.50
95.50 109.00
95.50 108.50
95.50 108.00
95.50 107.50
95.50 107.00
95.50 106.50
95.50 106.00
95.50 105.50
95.00 105.00
95.00 104.50
95.00 104.00
95.00 103.50
95.00 103.00
95.00 102.50
95.00 102.00
95.00 101.50
95.50 101.00
95.50 100.50
95.50 100.00
95.50 99.50
95.50 99.00
95.50 98.50
96.00 98.00
96.50 97.50
