116.50 140.50
116.00 140.50
115.50 140.50
115.00 140.50
114.50 140.50
114.00 140.00
113.50 140.00
113.00 140.00
112.50 140.00
112.00 139.50
111.50 139.50
111.00 139.50
110.50 139.00
110.00 139.00
109.50 138.50
109.00 138.50
108.50 138.00
108.00 137.50
107.50 137.50
107.00 137.00
106.50 136.50
106.00 136.50
105.50 136.00
105.00 135.50
104.50 135.00
104.00 134.50
103.50 134.00
103.00 133.50
102.50 133.50
102.00 133.00
102.00 132.50
101.50 132.00
101.00 131.50
101.00 131.00
100.50 130.50
100.00 130.00
99.50 129.50
99.50 129.00
99.00 128.50
98.50 128.00
98.50 127.50
98.50 127.00
98.00 126.50
98.00 126.00
97.50 125.50
97.50 125.00
97.00 124.50
97.00 124.00
97.00 123.50
96.50 123.00
96.50 122.50
96.50 122.00
96.00 121.50
96.00 121.00
96.00 120.50
96.00 120.00
95.50 119.50
95.50 119.00
95.50 118.50
95.00 118.00
95.00 117.50
95.00 117.00
95.00 116.50
95.00 116.00
94.50 115.50
94.50 115.00
94.50 114.50
94.50 114.00
94.50 113.50
94.50 113.00
94.50 112.50
94.00 112.00
94.00 111.50
94.00 111.00
94.00 110.50
94.00 110.00
94.00 109.50
94.00 109.00
94.00 108.50
94.00 108.00
94.50 107.50
94.50 107.00
94.50 106.50
94.50 106.00
95.00 105.50
95.00 105.00
95.00 104.50
95.00 104.00
95.50 103.50
95.50 103.00
96.00 102.50
96.50 102.00
97.00 101.50
97.50 101.00
97.50 100.50
98.00 100.00
98.50 100.00
99.00 99.50
99.50 99.00
100.00 98.50
100.50 98.00
101.00 98.00
101.50 97.50
102.00 97.50
102.50 97.00
103.00 97.00
103.50 96.50
104.00 96.50
104.50 96.50
105.00 96.00
105.50 96.00
106.00 96.00
106.50 95.50
107.00 95.50
107.50 95.50
108.00 95.50
108.50 95.50
109.00 95.00
109.50 95.00
110.00 95.00
110.50 95.00
111.00 95.00
111.50 95.00
112.00 95.00
112.50 95.00
113.00 95.00
113.50 95.00
114.00 95.00
114.50 95.00
115.00 95.00
115.50 95.00
116.00 95.50
116.50 95.50
117.00 95.50
117.50 95.50
118.00 96.00
118.50 96.00
119.00 96.00
119.50 96.50
120.00 96.50
120.50 96.50
121.00 97.00
121.50 97.00
122.00 97.50
122.50 98.00
123.00 98.00
123.50 98.50
124.00 99.00
124.50 99.50
125.00 99.50
125.50 100.00
125.50 100.50
126.00 101.00
126.50 101.00
127.00 101.50
127.00 102.00
127.50 102.50
128.00 103.00
128.50 103.50
129.00 104.00
129.00 104.50
129.50 105.00
130.00 105.50
130.00 106.00
130.50 106.50
130.50 107.00
131.00 107.50
131.00 108.00
131.50 108.50
131.50 109.00
132.00 109.50
132.00 110.00
132.00 110.50
132.50 111.00
132.50 111.50
132.50 112.00
133.00 112.50
133.00 113.00
133.00 113.50
133.50 114.00
133.50 114.50
133.50 115.00
133.50 115.50
134.00 116.00
134.00 116.50
134.00 117.00
134.00 117.50
134.00 118.00
134.00 118.50
134.00 119.00
134.00 119.50
134.00 120.00
134.00 120.50
134.00 121.00
134.00 121.50
134.00 122.00
134.00 122.50
134.00 123.00
134.00 123.50
134.00 124.00
133.50 124.50
133.50 125.00
133.50 125.50
133.50 126.00
133.00 126.50
133.00 127.00
133.00 127.50
132.50 128.00
132.50 128.50
132.00 129.00
132.00 129.50
131.50 130.00
131.50 130.50
131.00 131.00
131.00 131.50
130.50 132.00
130.00 132.50
130.00 133.00
129.50 133.50
129.00 134.00
128.50 134.50
128.00 135.00
127.50 135.50
127.00 136.00
126.50 136.50
126.00 137.00
125.50 137.50
125.00 137.50
124.50 138.00
124.00 138.50
123.50 138.50
123.00 139.00
122.50 139.00
122.00 139.50
121.50 139.50
121.00 139.50
120.50 140.00
120.00 140.00
119.50 140.00
119.00 140.50
118.50 140.50
118.00 140.50
117.50 140.50
117.00 140.50
