116.50 142.00
116.00 142.00
115.50 141.50
115.00 141.50
114.50 141.00
114.00 141.00
113.50 140.50
113.00 140.00
112.50 140.00
112.00 139.50
111.50 139.00
111.00 138.50
110.50 138.00
110.00 137.50
109.50 137.00
109.50 136.50
109.00 136.00
108.50 135.50
108.50 135.00
108.00 134.50
107.50 134.00
107.50 133.50
107.00 133.00
106.50 132.50
106.50 132.00
106.00 131.50
106.00 131.00
105.50 130.50
105.50 130.00
105.00 129.50
104.50 129.00
104.50 128.50
104.00 128.00
104.00 127.50
103.50 127.00
103.00 126.50
103.00 126.00
103.00 125.50
102.50 125.00
102.50 124.50
102.00 124.00
101.50 123.50
101.50 123.00
101.00 122.50
100.50 122.00
100.50 121.50
100.50 121.00
100.00 120.50
99.50 120.00
99.50 119.50
99.00 119.00
99.00 118.50
98.50 118.00
98.50 117.50
98.00 117.00
98.00 116.50
98.00 116.00
98.00 115.50
97.50 115.00
97.50 114.50
97.50 114.00
97.00 113.50
97.00 113.00
97.00 112.50
97.00 112.00
97.00 111.50
97.00 111.00
97.00 110.50
97.00 110.00
97.00 109.50
97.00 109.00
97.00 108.50
97.00 108.00
97.00 107.50
97.00 107.00
97.00 106.50
97.50 106.00
97.50 105.50
97.50 105.00
97.50 104.50
98.00 104.00
98.00 103.50
98.00 103.00
98.50 102.50
98.50 102.00
98.50 101.50
99.00 101.00
99.50 100.50
99.50 100.00
100.00 99.50
100.00 99.00
100.50 98.50
101.00 98.00
101.50 97.50
101.50 97.00
102.00 96.50
102.50 96.00
103.00 95.50
103.50 95.00
104.00 94.50
104.50 94.00
105.00 93.50
105.50 93.50
106.00 93.00
106.50 92.50
107.00 92.00
107.50 92.00
108.00 91.50
108.50 91.00
109.00 91.00
109.50 90.50
110.00 90.50
110.50 90.00
111.00 89.50
111.50 89.50
112.00 89.50
112.50 89.00
113.00 89.00
113.50 89.00
114.00 88.50
114.50 88.50
115.00 88.50
115.50 88.50
116.00 88.50
116.50 88.50
117.00 88.50
117.50 88.50
118.00 88.50
118.50 88.50
119.00 89.00
119.50 89.00
120.00 89.50
120.50 89.50
121.00 90.00
121.50 90.00
122.00 90.00
122.50 90.50
123.00 91.00
123.50 91.50
124.00 92.00
124.50 92.50
125.00 93.00
125.50 93.00
126.00 93.50
126.50 94.00
127.00 94.50
127.50 95.00
128.00 95.50
128.50 96.00
129.00 96.50
129.50 97.00
130.00 97.00
130.50 97.50
130.50 98.00
131.00 98.50
131.50 99.00
132.00 99.00
132.50 99.50
133.00 100.00
133.50 100.50
134.00 101.00
134.50 101.50
135.00 102.00
135.50 102.50
136.00 102.50
136.50 103.00
136.50 103.50
137.00 104.00
137.50 104.50
138.00 105.00
138.50 105.50
139.00 106.00
139.50 106.50
140.00 107.00
140.50 107.50
141.00 108.00
141.00 108.50
141.50 109.00
142.00 109.50
142.00 110.00
142.50 110.50
143.00 111.00
143.00 111.50
143.50 112.00
143.50 112.50
144.00 113.00
144.00 113.50
144.50 114.00
144.50 114.50
145.00 115.00
145.00 115.50
145.00 116.00
145.00 116.50
145.50 117.00
145.50 117.50
145.50 118.00
146.00 118.50
146.00 119.00
146.00 119.50
146.00 120.00
146.00 120.50
146.00 121.00
146.00 121.50
146.00 122.00
146.00 122.50
146.00 123.00
146.00 123.50
145.50 124.00
145.50 124.50
145.50 125.00
145.50 125.50
145.00 126.00
145.00 126.50
145.00 127.00
144.50 127.50
144.50 128.00
144.50 128.50
144.00 129.00
143.50 129.50
143.50 130.00
143.00 130.50
143.00 131.00
142.50 131.50
142.00 132.00
142.00 132.50
141.50 133.00
141.00 133.50
140.50 134.00
140.00 134.50
139.50 135.00
139.00 135.50
138.50 136.00
138.00 136.50
137.50 137.00
137.00 137.50
136.50 137.50
136.00 138.00
135.50 138.50
135.00 138.50
134.50 139.00
134.00 139.50
133.50 139.50
133.00 140.00
132.50 140.00
132.00 140.50
131.50 140.50
131.00 140.50
130.50 141.00
130.00 141.00
129.50 141.50
129.00 141.50
128.50 141.50
128.00 141.50
127.50 142.00
127.00 142.00
126.50 142.00
126.00 142.00
125.50 142.50
125.00 142.50
124.50 142.50
124.00 142.50
123.50 142.50
123.00 142.50
122.50 142.50
122.00 142.50
121.50 142.50
121.00 142.50
120.50 142.50
120.00 142.50
119.50 142.50
119.00 142.50
118.50 142.50
118.00 142.50
117.50 142.50
117.00 142.00
