123.00 133.00
122.50 133.00
122.00 133.00
121.50 133.00
121.00 133.00
120.50 133.00
120.00 133.00
119.50 132.50
119.00 132.50
118.50 132.50
118.00 132.00
117.50 131.50
117.00 131.50
116.50 131.00
116.00 130.50
115.50 130.00
115.00 129.50
114.50 129.00
114.00 128.50
113.50 128.00
113.00 127.50
113.00 127.00
112.50 126.50
112.00 126.00
112.00 125.50
111.50 125.00
111.00 124.50
111.00 124.00
111.00 123.50
111.00 123.00
110.50 122.50
110.50 122.00
110.50 121.50
110.50 121.00
110.50 120.50
110.50 120.00
110.50 119.50
110.50 119.00
111.00 118.50
111.00 118.00
111.50 117.50
111.50 117.00
111.50 116.50
112.00 116.00
112.50 115.50
113.00 115.00
113.50 114.50
114.00 114.00
114.50 114.00
115.00 114.00
115.50 113.50
116.00 113.50
116.50 113.50
117.00 113.50
117.50 113.50
118.00 114.00
118.50 114.00
119.00 114.00
119.50 114.50
120.00 115.00
120.50 115.00
121.00 115.50
121.00 116.00
121.50 116.50
122.00 117.00
122.00 117.50
122.50 118.00
122.50 118.50
123.00 119.00
123.00 119.50
123.00 120.00
123.50 120.50
123.50 121.00
124.00 121.50
124.50 122.00
124.50 122.50
124.50 123.00
125.00 123.50
125.50 124.00
125.50 124.50
126.00 125.00
126.00 125.50
126.50 126.00
126.50 126.50
127.00 127.00
127.00 127.50
127.50 128.00
127.50 128.50
128.00 129.00
128.00 129.50
128.00 130.00
128.00 130.50
127.50 131.00
127.00 131.50
126.50 132.00
126.00 132.00
125.50 132.50
125.00 132.50
124.50 132.50
124.00 133.00
123.50 133.00
