139.00 118.50
138.50 118.50
138.00 118.00
137.50 117.50
137.00 117.00
136.50 116.50
136.00 116.50
135.50 116.50
135.00 116.50
134.50 116.00
134.00 116.00
133.50 116.00
133.00 115.50
133.00 115.00
133.00 114.50
133.50 114.00
133.50 113.50
134.00 113.00
134.00 112.50
134.00 112.00
134.00 111.50
134.00 111.00
134.00 110.50
134.00 110.00
134.00 109.50
134.00 109.00
134.50 108.50
135.00 108.50
135.50 108.00
136.00 108.00
136.50 108.50
137.00 108.50
137.50 108.50
138.00 109.00
138.50 109.00
139.00 109.50
139.50 110.00
140.00 110.50
140.50 111.00
141.00 111.50
141.00 112.00
141.50 112.50
141.50 113.00
142.00 113.50
142.00 114.00
142.00 114.50
142.00 115.00
142.00 115.50
142.00 116.00
142.00 116.50
141.50 117.00
141.00 117.50
140.50 118.00
140.00 118.50
139.50 118.50
