124.50 140.00
124.00 140.50
123.50 141.00
123.00 141.50
122.50 141.50
122.00 142.00
121.50 142.00
121.00 142.00
120.50 142.00
120.00 142.00
119.50 142.00
119.00 142.00
118.50 142.00
118.00 142.00
117.50 142.00
117.00 142.00
116.50 141.50
116.00 141.50
115.50 141.50
115.00 141.00
114.50 141.00
114.00 141.00
113.50 140.50
113.00 140.50
112.50 140.00
112.00 140.00
111.50 139.50
111.00 139.00
110.50 139.00
110.00 138.50
109.50 138.50
109.00 138.00
108.50 137.50
108.00 137.50
107.50 137.00
107.00 136.50
106.50 136.00
106.00 136.00
105.50 135.50
105.00 135.00
105.00 134.50
104.50 134.00
104.00 133.50
103.50 133.50
103.00 133.00
102.50 132.50
102.00 132.00
101.50 131.50
101.50 131.00
101.00 130.50
100.50 130.00
100.00 129.50
99.50 129.00
99.00 128.50
99.00 128.00
98.50 127.50
98.50 127.00
98.00 126.50
98.00 126.00
97.50 125.50
97.50 125.00
97.00 124.50
96.50 124.00
96.50 123.50
96.50 123.00
96.00 122.50
96.00 122.00
96.00 121.50
96.00 121.00
95.50 120.50
95.50 120.00
95.50 119.50
95.50 119.00
95.50 118.50
95.50 118.00
95.50 117.50
95.00 117.00
95.00 116.50
95.00 116.00
95.00 115.50
95.50 115.00
95.50 114.50
95.50 114.00
95.50 113.50
95.50 113.00
95.50 112.50
95.50 112.00
95.50 111.50
95.50 111.00
96.00 110.50
96.00 110.00
96.00 109.50
96.50 109.00
96.50 108.50
96.50 108.00
96.50 107.50
97.00 107.00
97.00 106.50
97.00 106.00
97.50 105.50
97.50 105.00
97.50 104.50
98.00 104.00
98.50 103.50
98.50 103.00
99.00 102.50
99.00 102.00
99.00 101.50
99.50 101.00
100.00 100.50
100.50 100.00
100.50 99.50
101.00 99.00
101.50 98.50
102.00 98.00
102.50 97.50
103.00 97.00
103.50 96.50
104.00 96.00
104.50 95.50
105.00 95.00
105.50 95.00
106.00 94.50
106.50 94.50
107.00 94.00
107.50 94.00
108.00 93.50
108.50 93.50
109.00 93.50
109.50 93.00
110.00 93.00
110.50 93.00
111.00 93.00
111.50 93.00
112.00 93.00
112.50 93.00
113.00 93.00
113.50 93.00
114.00 93.00
114.50 93.00
115.00 93.00
115.50 93.00
116.00 93.00
116.50 93.00
117.00 93.00
117.50 93.50
118.00 93.50
118.50 93.50
119.00 93.50
119.50 94.00
120.00 94.00
120.50 94.50
121.00 94.50
121.50 95.00
122.00 95.00
122.50 95.50
123.00 96.00
123.50 96.00
124.00 96.50
124.50 97.00
125.00 97.00
125.50 97.50
126.00 98.00
126.50 98.50
127.00 99.00
127.00 99.50
127.50 100.00
128.00 100.50
128.50 101.00
128.50 101.50
129.00 102.00
129.00 102.50
129.50 103.00
130.00 103.50
130.00 104.00
130.00 104.50
130.00 105.00
130.50 105.50
130.50 106.00
130.50 106.50
131.00 107.00
131.00 107.50
131.00 108.00
131.00 108.50
131.50 109.00
131.50 109.50
131.50 110.00
131.50 110.50
131.50 111.00
131.50 111.50
131.50 112.00
131.50 112.50
131.50 113.00
131.50 113.50
131.50 114.00
131.50 114.50
131.50 115.00
131.50 115.50
131.50 116.00
131.50 116.50
131.50 117.00
131.50 117.50
131.50 118.00
131.50 118.50
131.00 119.00
131.00 119.50
131.00 120.00
131.00 120.50
131.00 121.00
131.00 121.50
130.50 122.00
130.50 122.50
130.50 123.00
130.00 123.50
130.00 124.00
130.00 124.50
130.00 125.00
129.50 125.50
129.50 126.00
129.50 126.50
129.00 127.00
129.00 127.50
128.50 128.00
128.50 128.50
128.50 129.00
128.00 129.50
128.00 130.00
128.00 130.50
127.50 131.00
127.50 131.50
127.50 132.00
127.00 132.50
127.00 133.00
127.00 133.50
126.50 134.00
126.50 134.50
126.50 135.00
126.50 135.50
126.00 136.00
126.00 136.50
126.00 137.00
125.50 137.50
125.50 138.00
125.50 138.50
125.00 139.00
125.00 139.50
