121.50 132.00
121.00 132.00
120.50 132.00
120.00 132.00
119.50 132.50
119.00 132.50
118.50 132.50
118.00 132.50
117.50 132.50
117.00 132.50
116.50 132.50
116.00 132.50
115.50 132.50
115.00 132.50
114.50 132.00
114.00 132.00
113.50 132.00
113.00 132.00
112.50 132.00
112.00 131.50
111.50 131.50
111.00 131.50
110.50 131.50
110.00 131.00
109.50 131.00
109.00 131.00
108.50 130.50
108.00 130.50
107.50 130.00
107.00 130.00
106.50 129.50
106.00 129.50
105.50 129.00
105.00 129.00
104.50 128.50
104.00 128.00
103.50 128.00
103.00 127.50
102.50 127.00
102.00 126.50
101.50 126.00
101.00 125.50
100.50 125.00
100.00 124.50
100.00 124.00
99.50 123.50
99.00 123.00
98.50 122.50
98.50 122.00
98.00 121.50
98.00 121.00
97.50 120.50
97.50 120.00
97.00 119.50
97.00 119.00
97.00 118.50
96.50 118.00
96.50 117.50
96.50 117.00
96.00 116.50
96.00 116.00
96.00 115.50
96.00 115.00
95.50 114.50
95.50 114.00
95.50 113.50
95.50 113.00
95.50 112.50
95.50 112.00
95.50 111.50
95.50 111.00
95.50 110.50
95.50 110.00
95.50 109.50
95.50 109.00
96.00 108.50
96.00 108.00
96.00 107.50
96.00 107.00
96.00 106.50
96.50 106.00
96.50 105.50
96.50 105.00
97.00 104.50
97.00 104.00
97.00 103.50
97.50 103.00
97.50 102.50
98.00 102.00
98.50 101.50
98.50 101.00
99.00 100.50
99.00 100.00
99.50 99.50
99.50 99.00
100.00 98.50
100.50 98.00
101.00 97.50
101.50 97.00
102.00 96.50
102.50 96.00
103.00 95.50
103.50 95.50
104.00 95.00
104.50 94.50
105.00 94.00
105.50 93.50
106.00 93.50
106.50 93.00
107.00 92.50
107.50 92.50
108.00 92.00
108.50 92.00
109.00 91.50
109.50 91.50
110.00 91.00
110.50 91.00
111.00 90.50
111.50 90.50
112.00 90.50
112.50 90.00
113.00 90.00
113.50 90.00
114.00 90.00
114.50 89.50
115.00 89.50
115.50 89.50
116.00 89.50
116.50 89.50
117.00 89.50
117.50 89.50
118.00 89.50
118.50 89.50
119.00 89.50
119.50 90.00
120.00 90.00
120.50 90.50
121.00 90.50
121.50 91.00
122.00 91.00
122.50 91.50
123.00 92.00
123.50 92.50
123.50 93.00
124.00 93.50
124.50 94.00
125.00 94.50
125.50 95.00
125.50 95.50
126.00 96.00
126.50 96.50
127.00 97.00
127.00 97.50
127.50 98.00
128.00 98.50
128.50 99.00
128.50 99.50
129.00 100.00
129.50 100.50
129.50 101.00
130.00 101.50
130.50 102.00
131.00 102.50
131.00 103.00
131.50 103.50
132.00 104.00
132.50 104.50
132.50 105.00
133.00 105.50
133.00 106.00
133.00 106.50
133.50 107.00
133.50 107.50
134.00 108.00
134.00 108.50
134.00 109.00
134.50 109.50
134.50 110.00
134.50 110.50
134.50 111.00
135.00 111.50
135.00 112.00
135.00 112.50
135.00 113.00
135.00 113.50
135.00 114.00
135.00 114.50
135.00 115.00
135.00 115.50
135.00 116.00
135.00 116.50
135.00 117.00
135.00 117.50
135.00 118.00
135.00 118.50
134.50 119.00
134.50 119.50
134.50 120.00
134.50 120.50
134.00 121.00
134.00 121.50
134.00 122.00
133.50 122.50
133.50 123.00
133.50 123.50
133.00 124.00
133.00 124.50
132.50 125.00
132.00 125.50
132.00 126.00
131.50 126.50
131.00 127.00
130.50 127.50
130.00 128.00
129.50 128.50
129.00 129.00
128.50 129.00
128.00 129.50
127.50 130.00
127.00 130.00
126.50 130.50
126.00 130.50
125.50 131.00
125.00 131.00
124.50 131.00
124.00 131.50
123.50 131.50
123.00 131.50
122.50 132.00
122.00 132.00
