113.50 140.50
113.00 140.50
112.50 140.00
112.00 140.00
111.50 140.00
111.00 139.50
110.50 139.50
110.00 139.00
109.50 139.00
109.00 138.50
108.50 138.50
108.00 138.00
107.50 138.00
107.00 137.50
106.50 137.50
106.00 137.00
105.50 136.50
105.00 136.50
104.50 136.00
104.00 135.50
103.50 135.00
103.00 134.50
102.50 134.00
102.00 134.00
101.50 133.50
101.00 133.00
100.50 132.50
100.00 132.00
99.50 131.50
99.50 131.00
99.00 130.50
98.50 130.00
98.00 129.50
98.00 129.00
97.50 128.50
97.50 128.00
97.00 127.50
96.50 127.00
96.50 126.50
96.50 126.00
96.00 125.50
96.00 125.00
95.50 124.50
95.50 124.00
95.50 123.50
95.00 123.00
95.00 122.50
95.00 122.00
95.00 121.50
94.50 121.00
94.50 120.50
94.50 120.00
94.50 119.50
94.00 119.00
94.00 118.50
94.00 118.00
94.00 117.50
94.00 117.00
93.50 116.50
93.50 116.00
93.50 115.50
93.50 115.00
93.50 114.50
93.50 114.00
93.00 113.50
93.00 113.00
93.00 112.50
93.00 112.00
93.00 111.50
93.00 111.00
93.00 110.50
93.00 110.00
93.00 109.50
93.00 109.00
93.00 108.50
93.00 108.00
93.00 107.50
93.00 107.00
93.00 106.50
93.00 106.00
93.50 105.50
93.50 105.00
93.50 104.50
93.50 104.00
94.00 103.50
94.00 103.00
94.00 102.50
94.50 102.00
94.50 101.50
94.50 101.00
95.00 100.50
95.00 100.00
95.50 99.50
96.00 99.00
96.00 98.50
96.50 98.00
97.00 97.50
97.00 97.00
97.50 96.50
98.00 96.00
98.50 95.50
99.00 95.00
99.50 94.50
100.00 94.00
100.50 93.50
101.00 93.50
101.50 93.00
102.00 92.50
102.50 92.00
103.00 92.00
103.50 91.50
104.00 91.00
104.50 91.00
105.00 90.50
105.50 90.50
106.00 90.50
106.50 90.00
107.00 90.00
107.50 90.00
108.00 89.50
108.50 89.50
109.00 89.50
109.50 89.00
110.00 89.00
110.50 89.00
111.00 89.00
111.50 89.00
112.00 89.00
112.50 89.00
113.00 89.00
113.50 89.00
114.00 89.00
114.50 89.00
115.00 89.00
115.50 89.00
116.00 89.00
116.50 89.00
117.00 89.00
117.50 89.00
118.00 89.00
118.50 89.50
119.00 89.50
119.50 89.50
120.00 90.00
120.50 90.00
121.00 90.00
121.50 90.50
122.00 90.50
122.50 91.00
123.00 91.00
123.50 91.00
124.00 91.50
124.50 92.00
125.00 92.00
125.50 92.50
126.00 93.00
126.50 93.50
127.00 94.00
127.50 94.00
128.00 94.50
128.50 95.00
129.00 95.50
129.00 96.00
129.50 96.50
130.00 97.00
130.50 97.50
130.50 98.00
131.00 98.50
131.50 99.00
132.00 99.50
132.50 100.00
132.50 100.50
133.00 101.00
133.00 101.50
133.00 102.00
133.50 102.50
133.50 103.00
134.00 103.50
134.00 104.00
134.50 104.50
134.50 105.00
134.50 105.50
135.00 106.00
135.00 106.50
135.00 107.00
135.50 107.50
135.50 108.00
135.50 108.50
135.50 109.00
136.00 109.50
136.00 110.00
136.00 110.50
136.00 111.00
136.00 111.50
136.00 112.00
136.00 112.50
136.50 113.00
136.50 113.50
136.50 114.00
136.50 114.50
136.50 115.00
136.50 115.50
136.50 116.00
136.50 116.50
136.50 117.00
136.50 117.50
136.50 118.00
136.50 118.50
136.50 119.00
136.50 119.50
136.00 120.00
136.00 120.50
136.00 121.00
136.00 121.50
136.00 122.00
136.00 122.50
135.50 123.00
135.50 123.50
135.50 124.00
135.50 124.50
135.00 125.00
135.00 125.50
135.00 126.00
134.50 126.50
134.50 127.00
134.00 127.50
134.00 128.00
134.00 128.50
133.50 129.00
133.50 129.50
133.00 130.00
133.00 130.50
132.50 131.00
132.00 131.50
131.50 132.00
131.50 132.50
131.00 133.00
130.50 133.50
130.00 134.00
129.50 134.50
129.00 135.00
128.50 135.50
128.00 136.00
127.50 136.50
127.00 137.00
126.50 137.00
126.00 137.50
125.50 137.50
125.00 138.00
124.50 138.50
124.00 138.50
123.50 139.00
123.00 139.00
122.50 139.00
122.00 139.50
121.50 139.50
121.00 140.00
120.50 140.00
120.00 140.00
119.50 140.50
119.00 140.50
118.50 140.50
118.00 140.50
117.50 140.50
117.00 140.50
116.50 140.50
116.00 140.50
115.50 140.50
115.00 140.50
114.50 140.50
114.00 140.50
