142.50 117.00
142.00 117.50
141.50 117.50
141.00 118.00
140.50 118.00
140.00 118.00
139.50 118.00
139.00 118.00
138.50 118.00
138.00 118.00
137.50 117.50
137.00 117.50
136.50 117.00
136.00 117.00
135.50 116.50
135.00 116.00
134.50 115.50
134.50 115.00
134.50 114.50
134.50 114.00
134.00 113.50
134.00 113.00
134.00 112.50
134.00 112.00
134.00 111.50
134.00 111.00
134.00 110.50
134.00 110.00
134.00 109.50
134.00 109.00
134.00 108.50
134.00 108.00
134.00 107.50
134.00 107.00
134.50 106.50
135.00 106.00
135.50 106.00
136.00 106.00
136.50 106.00
137.00 106.00
137.50 106.50
138.00 107.00
138.50 107.00
139.00 107.50
139.50 108.00
140.00 108.50
140.50 109.00
140.50 109.50
140.50 110.00
141.00 110.50
141.50 111.00
141.50 111.50
142.00 112.00
142.00 112.50
142.00 113.00
142.50 113.50
142.50 114.00
142.50 114.50
143.00 115.00
143.00 115.50
143.00 116.00
143.00 116.50
