94.00 119.00
93.50 119.50
93.00 119.00
93.00 118.50
93.00 118.00
93.00 117.50
93.00 117.00
93.00 116.50
93.00 116.00
93.00 115.50
93.00 115.00
93.00 114.50
93.00 114.00
93.00 113.50
93.00 113.00
93.00 112.50
93.00 112.00
93.00 111.50
93.00 111.00
93.00 110.50
93.00 110.00
93.00 109.50
93.00 109.00
93.00 108.50
93.00 108.00
93.00 107.50
93.00 107.00
93.00 106.50
93.50 106.00
93.50 105.50
93.50 105.00
93.50 104.50
93.50 104.00
93.50 103.50
93.50 103.00
93.50 102.50
93.50 102.00
94.00 101.50
94.00 101.00
94.00 100.50
94.00 100.00
94.00 99.50
94.00 99.00
94.00 98.50
94.50 98.00
94.50 97.50
94.50 97.00
94.50 96.50
95.00 96.00
95.00 95.50
95.00 95.00
95.00 94.50
95.50 94.00
95.50 93.50
96.00 93.00
96.00 92.50
96.50 92.00
97.00 91.50
97.00 91.00
97.50 90.50
98.00 90.00
98.50 89.50
99.00 89.00
99.50 89.00
100.00 88.50
100.50 88.50
101.00 88.00
101.50 88.00
102.00 87.50
102.50 87.50
103.00 87.50
103.50 87.00
104.00 87.00
104.50 87.00
105.00 86.50
105.50 86.50
106.00 86.50
106.50 86.50
107.00 86.00
107.50 86.00
108.00 86.00
108.50 86.00
109.00 86.00
109.50 85.50
110.00 85.50
110.50 85.50
111.00 85.50
111.50 85.50
112.00 85.50
112.50 85.00
113.00 85.00
113.50 85.00
114.00 85.00
114.50 85.00
115.00 85.00
115.50 85.00
116.00 85.00
116.50 85.00
117.00 85.00
117.50 85.00
118.00 85.00
118.50 85.00
119.00 85.00
119.50 85.00
120.00 85.50
120.50 85.50
121.00 85.50
121.50 85.50
122.00 85.50
122.50 86.00
123.00 86.00
123.50 86.00
124.00 86.50
124.50 86.50
125.00 86.50
125.50 87.00
126.00 87.00
126.50 87.00
127.00 87.50
127.50 87.50
128.00 88.00
128.50 88.50
129.00 88.50
129.50 88.50
130.00 89.00
130.50 89.50
131.00 89.50
131.50 90.00
132.00 90.50
132.50 90.50
133.00 91.00
133.50 91.00
134.00 91.50
134.50 92.00
135.00 92.00
135.50 92.50
136.00 93.00
136.50 93.50
137.00 94.00
137.50 94.00
138.00 94.50
138.50 95.00
139.00 95.50
139.50 96.00
140.00 96.50
140.50 97.00
141.00 97.50
141.50 98.00
142.00 98.50
142.50 99.00
143.00 99.50
143.00 100.00
143.50 100.50
144.00 101.00
144.50 101.50
144.50 102.00
145.00 102.50
145.50 103.00
145.50 103.50
146.00 104.00
146.00 104.50
146.50 105.00
147.00 105.50
147.00 106.00
147.50 106.50
147.50 107.00
147.50 107.50
148.00 108.00
148.00 108.50
148.00 109.00
148.50 109.50
148.50 110.00
148.50 110.50
148.50 111.00
149.00 111.50
149.00 112.00
149.00 112.50
149.00 113.00
149.50 113.50
149.50 114.00
149.50 114.50
149.50 115.00
149.50 115.50
149.50 116.00
149.50 116.50
149.50 117.00
149.50 117.50
149.50 118.00
149.50 118.50
149.50 119.00
149.50 119.50
149.50 120.00
149.50 120.50
149.50 121.00
149.50 121.50
149.50 122.00
149.50 122.50
149.50 123.00
149.00 123.50
149.00 124.00
149.00 124.50
149.00 125.00
149.00 125.50
149.00 126.00
148.50 126.50
148.50 127.00
148.50 127.50
148.00 128.00
148.00 128.50
148.00 129.00
147.50 129.50
147.50 130.00
147.00 130.50
147.00 131.00
147.00 131.50
146.50 132.00
146.50 132.50
146.00 133.00
145.50 133.50
145.50 134.00
145.00 134.50
144.50 135.00
144.50 135.50
144.00 136.00
143.50 136.50
143.00 137.00
142.50 137.50
142.00 138.00
141.50 138.00
141.00 138.50
141.00 139.00
140.50 139.50
140.00 139.50
139.50 140.00
139.00 140.00
138.50 140.50
138.00 141.00
137.50 141.00
137.00 141.50
136.50 141.50
136.00 141.50
135.50 142.00
135.00 142.00
134.50 142.50
134.00 142.50
133.50 142.50
133.00 143.00
132.50 143.00
132.00 143.00
131.50 143.00
131.00 143.50
130.50 143.50
130.00 143.50
129.50 143.50
129.00 143.50
128.50 144.00
128.00 144.00
127.50 144.00
127.00 144.00
126.50 144.00
126.00 144.00
125.50 144.00
125.00 144.00
124.50 144.00
124.00 144.00
123.50 144.00
123.00 144.00
122.50 144.00
122.00 144.00
121.50 144.00
121.00 144.00
120.50 144.00
120.00 144.00
119.50 143.50
119.00 143.50
118.50 143.50
118.00 143.50
117.50 143.50
117.00 143.00
116.50 143.00
116.00 143.00
115.50 143.00
115.00 142.50
114.50 142.50
114.00 142.50
113.50 142.00
113.00 142.00
112.50 142.00
112.00 141.50
111.50 141.50
111.00 141.00
110.50 140.50
110.00 140.00
109.50 140.00
109.00 139.50
108.50 139.00
108.00 139.00
107.50 138.50
107.00 138.50
106.50 138.00
106.00 137.50
105.50 137.00
105.00 137.00
104.50 136.50
104.00 136.00
103.50 135.50
103.00 135.00
102.50 134.50
102.50 134.00
102.00 133.50
102.00 133.00
101.50 132.50
101.00 132.00
100.50 131.50
100.50 131.00
100.00 130.50
99.50 130.00
99.00 129.50
99.00 129.00
98.50 128.50
98.00 128.00
98.00 127.50
97.50 127.00
97.00 126.50
97.00 126.00
97.00 125.50
96.50 125.00
96.50 124.50
96.00 124.00
96.00 123.50
96.00 123.00
95.50 122.50
95.50 122.00
95.50 121.50
95.00 121.00
95.00 120.50
95.00 120.00
94.50 119.50
94.50 119.00
