123.00 139.00
122.50 139.00
122.00 139.50
121.50 139.50
121.00 139.50
120.50 139.50
120.00 139.50
119.50 139.50
119.00 139.50
118.50 139.50
118.00 139.50
117.50 139.50
117.00 139.50
116.50 139.00
116.00 139.00
115.50 139.00
115.00 139.00
114.50 138.50
114.00 138.50
113.50 138.00
113.00 138.00
112.50 137.50
112.00 137.50
111.50 137.00
111.00 136.50
110.50 136.50
110.00 136.00
109.50 135.50
109.00 135.50
108.50 135.00
108.00 134.50
107.50 134.00
107.00 133.50
107.00 133.00
106.50 132.50
106.00 132.00
105.50 131.50
105.00 131.00
105.00 130.50
104.50 130.00
104.50 129.50
104.00 129.00
103.50 128.50
103.50 128.00
103.50 127.50
103.00 127.00
103.00 126.50
103.00 126.00
102.50 125.50
102.50 125.00
102.50 124.50
102.50 124.00
102.50 123.50
102.00 123.00
102.00 122.50
102.00 122.00
102.00 121.50
102.00 121.00
102.00 120.50
102.00 120.00
102.00 119.50
102.00 119.00
102.00 118.50
102.00 118.00
102.00 117.50
102.00 117.00
102.00 116.50
102.00 116.00
102.00 115.50
102.00 115.00
102.00 114.50
102.00 114.00
102.00 113.50
102.00 113.00
102.50 112.50
102.50 112.00
102.50 111.50
102.50 111.00
102.50 110.50
102.50 110.00
103.00 109.50
103.00 109.00
103.00 108.50
103.00 108.00
103.50 107.50
103.50 107.00
104.00 106.50
104.00 106.00
104.00 105.50
104.50 105.00
105.00 104.50
105.00 104.00
105.50 103.50
106.00 103.00
106.50 102.50
107.00 102.00
107.50 101.50
108.00 101.00
108.50 100.50
109.00 100.00
109.50 100.00
110.00 100.00
110.50 99.50
111.00 99.50
111.50 99.00
112.00 99.00
112.50 99.00
113.00 99.00
113.50 98.50
114.00 98.50
114.50 98.50
115.00 98.50
115.50 98.50
116.00 98.50
116.50 99.00
117.00 99.00
117.50 99.00
118.00 99.00
118.50 99.00
119.00 99.50
119.50 99.50
120.00 99.50
120.50 100.00
121.00 100.00
121.50 100.50
122.00 100.50
122.50 101.00
123.00 101.50
123.50 101.50
124.00 102.00
124.50 102.50
125.00 103.00
125.50 103.50
126.00 104.00
126.50 104.50
127.00 105.00
127.00 105.50
127.50 106.00
127.50 106.50
128.00 107.00
128.00 107.50
128.50 108.00
128.50 108.50
129.00 109.00
129.00 109.50
129.00 110.00
129.00 110.50
129.50 111.00
129.50 111.50
129.50 112.00
129.50 112.50
129.50 113.00
130.00 113.50
130.00 114.00
130.00 114.50
130.00 115.00
130.00 115.50
130.00 116.00
130.00 116.50
130.00 117.00
130.00 117.50
130.00 118.00
130.50 118.50
130.50 119.00
130.50 119.50
130.50 120.00
130.50 120.50
130.50 121.00
130.50 121.50
130.50 122.00
130.50 122.50
130.00 123.00
130.00 123.50
130.00 124.00
130.00 124.50
130.00 125.00
130.00 125.50
130.00 126.00
130.00 126.50
130.00 127.00
130.00 127.50
130.00 128.00
130.00 128.50
129.50 129.00
129.50 129.50
129.50 130.00
129.50 130.50
129.50 131.00
129.00 131.50
129.00 132.00
129.00 132.50
128.50 133.00
128.50 133.50
128.00 134.00
128.00 134.50
127.50 135.00
127.50 135.50
127.00 136.00
126.50 136.50
126.00 137.00
125.50 137.50
125.00 137.50
124.50 138.00
124.00 138.50
123.50 139.00
