115.50 139.50
115.00 139.50
114.50 139.00
114.00 138.50
113.50 138.00
113.00 137.50
112.50 137.00
112.00 136.50
112.00 136.00
111.50 135.50
111.00 135.00
111.00 134.50
110.50 134.00
110.50 133.50
110.00 133.00
110.00 132.50
110.00 132.00
109.50 131.50
109.50 131.00
109.50 130.50
109.50 130.00
109.00 129.50
109.00 129.00
109.00 128.50
109.00 128.00
109.00 127.50
109.00 127.00
108.50 126.50
108.50 126.00
108.50 125.50
108.50 125.00
108.50 124.50
108.50 124.00
108.50 123.50
108.50 123.00
108.50 122.50
109.00 122.00
109.00 121.50
109.00 121.00
109.00 120.50
109.00 120.00
109.00 119.50
109.50 119.00
109.50 118.50
109.50 118.00
110.00 117.50
110.00 117.00
110.00 116.50
110.00 116.00
110.50 115.50
110.50 115.00
111.00 114.50
111.50 114.00
111.50 113.50
112.00 113.00
112.50 112.50
112.50 112.00
113.00 111.50
113.50 111.00
114.00 110.50
114.50 110.00
115.00 109.50
115.50 109.00
116.00 108.50
116.50 108.50
117.00 108.00
117.50 107.50
118.00 107.50
118.50 107.00
119.00 106.50
119.50 106.50
120.00 106.00
120.50 106.00
121.00 106.00
121.50 105.50
122.00 105.50
122.50 105.50
123.00 105.00
123.50 105.00
124.00 105.00
124.50 105.00
125.00 105.00
125.50 105.00
126.00 104.50
126.50 104.50
127.00 104.50
127.50 104.50
128.00 104.50
128.50 104.50
129.00 104.50
129.50 105.00
130.00 105.00
130.50 105.00
131.00 105.00
131.50 105.00
132.00 105.00
132.50 105.50
133.00 105.50
133.50 106.00
134.00 106.00
134.50 106.50
135.00 106.50
135.50 106.50
136.00 107.00
136.50 107.50
137.00 107.50
137.50 108.00
138.00 108.50
138.50 109.00
139.00 109.50
139.50 110.00
140.00 110.50
140.50 111.00
141.00 111.50
141.50 112.00
141.50 112.50
142.00 113.00
142.00 113.50
142.50 114.00
142.50 114.50
143.00 115.00
143.00 115.50
143.00 116.00
143.50 116.50
143.50 117.00
144.00 117.50
144.00 118.00
144.00 118.50
144.00 119.00
144.00 119.50
144.00 120.00
144.00 120.50
144.00 121.00
144.00 121.50
144.00 122.00
143.50 122.50
143.50 123.00
143.00 123.50
143.00 124.00
142.50 124.50
142.50 125.00
142.00 125.50
141.50 126.00
141.50 126.50
141.00 127.00
140.50 127.50
140.00 128.00
139.50 128.50
139.00 129.00
138.50 129.50
138.00 130.00
137.50 130.00
137.00 130.50
136.50 131.00
136.00 131.50
135.50 132.00
135.00 132.50
134.50 132.50
134.00 132.50
133.50 133.00
133.00 133.50
132.50 134.00
132.00 134.00
131.50 134.50
131.00 134.50
130.50 135.00
130.00 135.50
129.50 135.50
129.00 136.00
128.50 136.00
128.00 136.50
127.50 136.50
127.00 137.00
126.50 137.50
126.00 137.50
125.50 138.00
125.00 138.00
124.50 138.00
124.00 138.50
123.50 138.50
123.00 139.00
122.50 139.00
122.00 139.00
121.50 139.50
121.00 139.50
120.50 139.50
120.00 139.50
119.50 140.00
119.00 140.00
118.50 140.00
118.00 140.00
117.50 140.00
117.00 140.00
116.50 139.50
116.00 139.50
