120.00 139.50
119.50 139.50
119.00 139.50
118.50 139.50
118.00 139.50
117.50 139.50
117.00 139.50
116.50 139.00
116.00 139.00
115.50 139.00
115.00 139.00
114.50 138.50
114.00 138.50
113.50 138.50
113.00 138.50
112.50 138.00
112.00 138.00
111.50 138.00
111.00 137.50
110.50 137.50
110.00 137.00
109.50 137.00
109.00 137.00
108.50 136.50
108.00 136.00
107.50 136.00
107.00 136.00
106.50 135.50
106.00 135.00
105.50 134.50
105.00 134.50
104.50 134.00
104.00 133.50
103.50 133.50
103.00 133.00
102.50 132.50
102.00 132.00
101.50 131.50
101.00 131.00
100.50 130.50
100.00 130.00
99.50 129.50
99.00 129.00
98.50 128.50
98.00 128.00
98.00 127.50
97.50 127.00
97.00 126.50
96.50 126.00
96.50 125.50
96.00 125.00
95.50 124.50
95.50 124.00
95.00 123.50
95.00 123.00
94.50 122.50
94.50 122.00
94.00 121.50
94.00 121.00
93.50 120.50
93.50 120.00
93.50 119.50
93.00 119.00
93.00 118.50
93.00 118.00
92.50 117.50
92.50 117.00
92.50 116.50
92.50 116.00
92.00 115.50
92.00 115.00
92.00 114.50
92.00 114.00
92.00 113.50
92.00 113.00
91.50 112.50
91.50 112.00
91.50 111.50
91.50 111.00
91.50 110.50
91.50 110.00
91.50 109.50
91.50 109.00
91.50 108.50
91.50 108.00
92.00 107.50
92.00 107.00
92.00 106.50
92.00 106.00
92.00 105.50
92.00 105.00
92.50 104.50
92.50 104.00
92.50 103.50
92.50 103.00
93.00 102.50
93.50 102.00
93.50 101.50
93.50 101.00
94.00 100.50
94.50 100.00
94.50 99.50
94.50 99.00
95.00 98.50
95.50 98.00
96.00 97.50
96.00 97.00
96.50 96.50
97.00 96.00
97.50 95.50
98.00 95.00
98.50 94.50
99.00 94.00
99.50 93.50
100.00 93.00
100.50 92.50
101.00 92.00
101.50 92.00
102.00 91.50
102.50 91.00
103.00 90.50
103.50 90.50
104.00 90.50
104.50 90.00
105.00 90.00
105.50 89.50
106.00 89.50
106.50 89.00
107.00 89.00
107.50 89.00
108.00 88.50
108.50 88.50
109.00 88.50
109.50 88.00
110.00 88.00
110.50 88.00
111.00 88.00
111.50 88.00
112.00 88.00
112.50 88.00
113.00 88.00
113.50 88.00
114.00 88.00
114.50 88.00
115.00 88.00
115.50 88.00
116.00 88.00
116.50 88.00
117.00 88.00
117.50 88.50
118.00 88.50
118.50 88.50
119.00 88.50
119.50 88.50
120.00 89.00
120.50 89.00
121.00 89.50
121.50 89.50
122.00 90.00
122.50 90.00
123.00 90.00
123.50 90.50
124.00 90.50
124.50 91.00
125.00 91.50
125.50 91.50
126.00 92.00
126.50 92.50
127.00 93.00
127.50 93.50
128.00 94.00
128.50 94.50
129.00 95.00
129.50 95.50
130.00 96.00
130.50 96.50
131.00 97.00
131.50 97.50
131.50 98.00
132.00 98.50
132.50 99.00
133.00 99.50
133.00 100.00
133.00 100.50
133.50 101.00
134.00 101.50
134.00 102.00
134.50 102.50
134.50 103.00
135.00 103.50
135.00 104.00
135.00 104.50
135.50 105.00
135.50 105.50
136.00 106.00
136.00 106.50
136.00 107.00
136.50 107.50
136.50 108.00
136.50 108.50
137.00 109.00
137.50 109.50
137.50 110.00
137.50 110.50
137.50 111.00
138.00 111.50
138.00 112.00
138.00 112.50
138.50 113.00
138.50 113.50
138.50 114.00
138.50 114.50
139.00 115.00
139.00 115.50
139.00 116.00
139.00 116.50
139.50 117.00
139.50 117.50
139.50 118.00
139.50 118.50
139.50 119.00
139.50 119.50
139.50 120.00
140.00 120.50
140.00 121.00
140.00 121.50
140.00 122.00
140.00 122.50
140.00 123.00
140.00 123.50
140.00 124.00
140.00 124.50
139.50 125.00
139.50 125.50
139.50 126.00
139.50 126.50
139.50 127.00
139.50 127.50
139.00 128.00
139.00 128.50
139.00 129.00
138.50 129.50
138.50 130.00
138.00 130.50
138.00 131.00
137.50 131.50
137.00 132.00
136.50 132.50
136.00 133.00
136.00 133.50
135.50 134.00
135.00 134.00
134.50 134.50
134.00 135.00
133.50 135.50
133.00 135.50
132.50 136.00
132.00 136.50
131.50 136.50
131.00 137.00
130.50 137.00
130.00 137.50
129.50 137.50
129.00 137.50
128.50 138.00
128.00 138.00
127.50 138.50
127.00 138.50
126.50 138.50
126.00 139.00
125.50 139.00
125.00 139.00
124.50 139.00
124.00 139.00
123.50 139.50
123.00 139.50
122.50 139.50
122.00 139.50
121.50 139.50
121.00 139.50
120.50 139.50
