114.50 139.50
114.00 139.50
113.50 139.50
113.00 139.50
112.50 139.50
112.00 139.50
111.50 139.50
111.00 139.50
110.50 139.00
110.00 139.00
109.50 139.00
109.00 138.50
108.50 138.50
108.00 138.00
107.50 138.00
107.00 137.50
106.50 137.50
106.00 137.00
105.50 136.50
105.00 136.50
104.50 136.00
104.00 135.50
103.50 135.00
103.00 134.50
102.50 134.00
102.00 133.50
101.50 133.00
101.00 132.50
100.50 132.00
100.00 131.50
100.00 131.00
99.50 130.50
99.00 130.00
98.50 129.50
98.50 129.00
98.00 128.50
97.50 128.00
97.50 127.50
97.00 127.00
97.00 126.50
96.50 126.00
96.50 125.50
96.00 125.00
95.50 124.50
95.50 124.00
95.50 123.50
95.00 123.00
94.50 122.50
94.50 122.00
94.50 121.50
94.00 121.00
94.00 120.50
94.00 120.00
93.50 119.50
93.50 119.00
93.50 118.50
93.50 118.00
93.00 117.50
93.00 117.00
93.00 116.50
93.00 116.00
92.50 115.50
92.50 115.00
92.50 114.50
92.50 114.00
92.50 113.50
92.50 113.00
92.50 112.50
92.00 112.00
92.00 111.50
92.00 111.00
92.00 110.50
92.00 110.00
92.50 109.50
92.50 109.00
92.50 108.50
92.50 108.00
92.50 107.50
92.50 107.00
92.50 106.50
92.50 106.00
93.00 105.50
93.00 105.00
93.00 104.50
93.50 104.00
93.50 103.50
93.50 103.00
94.00 102.50
94.00 102.00
94.50 101.50
94.50 101.00
95.00 100.50
95.00 100.00
95.50 99.50
96.00 99.00
96.00 98.50
96.50 98.00
97.00 97.50
97.50 97.00
97.50 96.50
98.00 96.00
98.50 95.50
99.00 95.00
99.50 94.50
100.00 94.00
100.50 93.50
101.00 93.50
101.50 93.00
102.00 92.50
102.50 92.00
103.00 92.00
103.50 92.00
104.00 91.50
104.50 91.00
105.00 91.00
105.50 91.00
106.00 90.50
106.50 90.50
107.00 90.00
107.50 90.00
108.00 90.00
108.50 89.50
109.00 89.50
109.50 89.50
110.00 89.50
110.50 89.50
111.00 89.00
111.50 89.00
112.00 89.00
112.50 89.00
113.00 89.00
113.50 89.00
114.00 89.00
114.50 89.00
115.00 89.00
115.50 89.00
116.00 89.00
116.50 89.00
117.00 89.00
117.50 89.00
118.00 89.00
118.50 89.00
119.00 89.00
119.50 89.50
120.00 89.50
120.50 89.50
121.00 89.50
121.50 90.00
122.00 90.00
122.50 90.00
123.00 90.50
123.50 90.50
124.00 90.50
124.50 91.00
125.00 91.00
125.50 91.50
126.00 92.00
126.50 92.50
127.00 93.00
127.50 93.50
128.00 94.00
128.50 94.50
129.00 95.00
129.00 95.50
129.50 96.00
129.50 96.50
130.00 97.00
130.00 97.50
130.00 98.00
130.50 98.50
130.50 99.00
130.50 99.50
131.00 100.00
131.00 100.50
131.00 101.00
131.00 101.50
131.00 102.00
131.00 102.50
131.50 103.00
131.50 103.50
131.50 104.00
131.50 104.50
131.50 105.00
131.50 105.50
131.50 106.00
131.50 106.50
131.50 107.00
131.50 107.50
131.50 108.00
131.50 108.50
131.50 109.00
131.50 109.50
131.50 110.00
131.50 110.50
131.50 111.00
131.50 111.50
131.50 112.00
131.50 112.50
131.50 113.00
131.50 113.50
131.50 114.00
131.50 114.50
131.50 115.00
131.50 115.50
131.50 116.00
131.50 116.50
131.50 117.00
131.50 117.50
131.50 118.00
131.00 118.50
131.00 119.00
131.00 119.50
131.00 120.00
131.00 120.50
131.00 121.00
130.50 121.50
130.50 122.00
130.50 122.50
130.50 123.00
130.50 123.50
130.00 124.00
130.00 124.50
130.00 125.00
129.50 125.50
129.50 126.00
129.50 126.50
129.00 127.00
129.00 127.50
129.00 128.00
128.50 128.50
128.00 129.00
128.00 129.50
127.50 130.00
127.50 130.50
127.00 131.00
126.50 131.50
126.50 132.00
126.00 132.50
125.50 133.00
125.00 133.50
124.50 134.00
124.00 134.50
123.50 135.00
123.00 135.50
122.50 136.00
122.00 136.00
121.50 136.50
121.00 137.00
120.50 137.00
120.00 137.50
119.50 138.00
119.00 138.00
118.50 138.50
118.00 138.50
117.50 139.00
117.00 139.00
116.50 139.00
116.00 139.50
115.50 139.50
115.00 139.50
