104.50 132.00
104.00 131.50
104.00 131.00
104.00 130.50
103.50 130.00
103.00 129.50
102.50 129.00
102.50 128.50
102.50 128.00
102.00 127.50
101.50 127.00
101.50 126.50
101.50 126.00
101.00 125.50
101.00 125.00
101.00 124.50
100.50 124.00
100.50 123.50
100.50 123.00
100.00 122.50
100.00 122.00
100.00 121.50
100.00 121.00
100.00 120.50
100.00 120.00
100.00 119.50
100.00 119.00
100.00 118.50
100.00 118.00
100.00 117.50
100.00 117.00
100.00 116.50
100.00 116.00
100.00 115.50
100.50 115.00
100.50 114.50
100.50 114.00
100.50 113.50
100.50 113.00
100.50 112.50
101.00 112.00
101.00 111.50
101.00 111.00
101.50 110.50
101.50 110.00
101.50 109.50
101.50 109.00
102.00 108.50
102.00 108.00
102.00 107.50
102.50 107.00
102.50 106.50
103.00 106.00
103.00 105.50
103.50 105.00
103.50 104.50
104.00 104.00
104.00 103.50
104.50 103.00
104.50 102.50
105.00 102.00
105.50 101.50
106.00 101.00
106.50 100.50
107.00 100.00
107.50 99.50
108.00 99.00
108.50 99.00
109.00 98.50
109.50 98.00
110.00 98.00
110.50 97.50
111.00 97.50
111.50 97.50
112.00 97.50
112.50 97.50
113.00 97.50
113.50 97.50
114.00 97.50
114.50 98.00
115.00 98.00
115.50 98.00
116.00 98.50
116.50 99.00
117.00 99.00
117.50 99.00
118.00 99.50
118.50 100.00
119.00 100.00
119.50 100.50
120.00 101.00
120.50 101.50
121.00 102.00
121.50 102.50
122.00 102.50
122.50 103.00
123.00 103.50
123.50 104.00
124.00 104.50
124.50 105.00
125.00 105.50
125.50 106.00
126.00 106.50
126.50 107.00
126.50 107.50
127.00 108.00
127.50 108.50
128.00 109.00
128.00 109.50
128.50 110.00
129.00 110.50
129.00 111.00
129.00 111.50
129.50 112.00
130.00 112.50
130.00 113.00
130.50 113.50
130.50 114.00
130.50 114.50
131.00 115.00
131.00 115.50
131.00 116.00
131.00 116.50
131.50 117.00
131.50 117.50
131.50 118.00
131.50 118.50
132.00 119.00
132.00 119.50
132.00 120.00
132.00 120.50
132.00 121.00
132.00 121.50
132.00 122.00
132.00 122.50
132.00 123.00
132.00 123.50
132.00 124.00
132.00 124.50
132.00 125.00
132.00 125.50
131.50 126.00
131.50 126.50
131.50 127.00
131.50 127.50
131.50 128.00
131.00 128.50
131.00 129.00
130.50 129.50
130.50 130.00
130.50 130.50
130.00 131.00
130.00 131.50
129.50 132.00
129.00 132.50
129.00 133.00
128.50 133.50
128.00 134.00
127.50 134.50
127.00 135.00
126.50 135.50
126.00 136.00
125.50 136.50
125.00 136.50
124.50 137.00
124.00 137.50
123.50 137.50
123.00 137.50
122.50 138.00
122.00 138.50
121.50 138.50
121.00 138.50
120.50 139.00
120.00 139.00
119.50 139.00
119.00 139.00
118.50 139.00
118.00 139.00
117.50 139.00
117.00 139.00
116.50 139.00
116.00 139.00
115.50 139.00
115.00 138.50
114.50 138.50
114.00 138.50
113.50 138.00
113.00 137.50
112.50 137.50
112.00 137.00
111.50 137.00
111.00 136.50
110.50 136.00
110.00 135.50
109.50 135.00
109.00 135.00
108.50 134.50
108.00 134.00
107.50 133.50
107.00 133.00
106.50 132.50
106.00 132.50
105.50 132.00
105.00 132.00
