120.00 143.50
119.50 143.50
119.00 144.00
118.50 144.00
118.00 144.00
117.50 144.00
117.00 144.00
116.50 144.50
116.00 144.50
115.50 144.50
115.00 144.50
114.50 144.50
114.00 144.50
113.50 144.50
113.00 144.50
112.50 144.50
112.00 144.50
111.50 144.50
111.00 144.50
110.50 144.50
110.00 144.00
109.50 144.00
109.00 144.00
108.50 144.00
108.00 143.50
107.50 143.00
107.00 143.00
106.50 142.50
106.00 142.00
105.50 142.00
105.00 141.50
104.50 141.00
104.00 140.50
104.00 140.00
103.50 139.50
103.00 139.00
102.50 138.50
102.00 138.00
102.00 137.50
101.50 137.00
101.00 136.50
100.50 136.00
100.00 135.50
100.00 135.00
99.50 134.50
99.00 134.00
99.00 133.50
98.50 133.00
98.00 132.50
97.50 132.00
97.50 131.50
97.00 131.00
96.50 130.50
96.50 130.00
96.00 129.50
96.00 129.00
95.50 128.50
95.00 128.00
95.00 127.50
95.00 127.00
94.50 126.50
94.50 126.00
94.00 125.50
94.00 125.00
94.00 124.50
93.50 124.00
93.50 123.50
93.50 123.00
93.00 122.50
93.00 122.00
93.00 121.50
93.00 121.00
92.50 120.50
92.50 120.00
92.50 119.50
92.50 119.00
92.50 118.50
92.50 118.00
92.00 117.50
92.00 117.00
92.00 116.50
92.00 116.00
92.00 115.50
92.00 115.00
92.00 114.50
92.00 114.00
92.00 113.50
92.00 113.00
92.00 112.50
92.00 112.00
92.00 111.50
92.00 111.00
92.00 110.50
92.00 110.00
92.00 109.50
92.00 109.00
92.00 108.50
92.00 108.00
92.00 107.50
92.00 107.00
92.00 106.50
92.00 106.00
92.00 105.50
92.50 105.00
92.50 104.50
92.50 104.00
92.50 103.50
92.50 103.00
92.50 102.50
93.00 102.00
93.00 101.50
93.00 101.00
93.00 100.50
93.00 100.00
93.50 99.50
93.50 99.00
93.50 98.50
94.00 98.00
94.00 97.50
94.00 97.00
94.50 96.50
94.50 96.00
94.50 95.50
95.00 95.00
95.50 94.50
95.50 94.00
96.00 93.50
96.50 93.00
97.00 92.50
97.50 92.00
98.00 91.50
98.50 91.50
99.00 91.00
99.50 91.00
100.00 90.50
100.50 90.50
101.00 90.50
101.50 90.00
102.00 90.00
102.50 90.00
103.00 89.50
103.50 89.50
104.00 89.50
104.50 89.50
105.00 89.50
105.50 89.00
106.00 89.00
106.50 89.00
107.00 89.00
107.50 88.50
108.00 88.50
108.50 88.50
109.00 88.00
109.50 88.00
110.00 88.00
110.50 88.00
111.00 88.00
111.50 87.50
112.00 87.50
112.50 87.50
113.00 87.50
113.50 87.50
114.00 87.00
114.50 87.00
115.00 87.00
115.50 87.00
116.00 87.00
116.50 87.00
117.00 87.00
117.50 87.00
118.00 87.00
118.50 87.00
119.00 87.00
119.50 87.00
120.00 87.00
120.50 87.50
121.00 87.50
121.50 87.50
122.00 87.50
122.50 88.00
123.00 88.00
123.50 88.00
124.00 88.50
124.50 88.50
125.00 89.00
125.50 89.00
126.00 89.00
126.50 89.50
127.00 90.00
127.50 90.00
128.00 90.50
128.50 90.50
129.00 91.00
129.50 91.50
130.00 91.50
130.50 92.00
131.00 92.50
131.50 93.00
132.00 93.50
132.50 94.00
133.00 94.00
133.50 94.50
134.00 95.00
134.50 95.50
135.00 96.00
135.50 96.50
136.00 97.00
136.50 97.50
136.50 98.00
137.00 98.50
137.50 99.00
137.50 99.50
138.00 100.00
138.50 100.50
139.00 101.00
139.00 101.50
139.50 102.00
139.50 102.50
140.00 103.00
140.00 103.50
140.50 104.00
140.50 104.50
141.00 105.00
141.00 105.50
141.50 106.00
141.50 106.50
141.50 107.00
142.00 107.50
142.00 108.00
142.00 108.50
142.00 109.00
142.50 109.50
142.50 110.00
142.50 110.50
143.00 111.00
143.00 111.50
143.00 112.00
143.00 112.50
143.00 113.00
143.00 113.50
143.00 114.00
143.00 114.50
143.00 115.00
143.50 115.50
143.50 116.00
143.50 116.50
143.50 117.00
143.50 117.50
143.50 118.00
143.00 118.50
143.00 119.00
143.00 119.50
143.00 120.00
143.00 120.50
143.00 121.00
143.00 121.50
143.00 122.00
142.50 122.50
142.50 123.00
142.50 123.50
142.50 124.00
142.50 124.50
142.00 125.00
142.00 125.50
142.00 126.00
141.50 126.50
141.50 127.00
141.50 127.50
141.00 128.00
141.00 128.50
140.50 129.00
140.50 129.50
140.00 130.00
140.00 130.50
139.50 131.00
139.50 131.50
139.00 132.00
139.00 132.50
138.50 133.00
138.00 133.50
137.50 134.00
137.50 134.50
137.00 135.00
136.50 135.50
136.00 136.00
135.50 136.50
135.00 137.00
134.50 137.50
134.00 138.00
133.50 138.00
133.00 138.50
132.50 139.00
132.00 139.00
131.50 139.50
131.00 139.50
130.50 140.00
130.00 140.00
129.50 140.50
129.00 140.50
128.50 141.00
128.00 141.00
127.50 141.50
127.00 141.50
126.50 141.50
126.00 142.00
125.50 142.00
125.00 142.00
124.50 142.50
124.00 142.50
123.50 142.50
123.00 143.00
122.50 143.00
122.00 143.00
121.50 143.00
121.00 143.50
120.50 143.50
