120.50 140.50
120.00 141.00
119.50 141.00
119.00 141.00
118.50 141.00
118.00 141.00
117.50 141.50
117.00 141.50
116.50 141.50
116.00 141.50
115.50 141.50
115.00 141.50
114.50 141.50
114.00 141.00
113.50 141.00
113.00 141.00
112.50 141.00
112.00 140.50
111.50 140.50
111.00 140.50
110.50 140.00
110.00 139.50
109.50 139.50
109.00 139.00
108.50 138.50
108.00 138.00
107.50 137.50
107.00 137.00
106.50 136.50
106.00 136.00
105.50 135.50
105.00 135.00
104.50 134.50
104.50 134.00
104.00 133.50
103.50 133.00
103.50 132.50
103.00 132.00
102.50 131.50
102.50 131.00
102.00 130.50
102.00 130.00
101.50 129.50
101.00 129.00
101.00 128.50
100.50 128.00
100.50 127.50
100.00 127.00
100.00 126.50
100.00 126.00
100.00 125.50
99.50 125.00
99.50 124.50
99.50 124.00
99.50 123.50
99.50 123.00
99.00 122.50
99.00 122.00
99.00 121.50
99.00 121.00
99.00 120.50
99.00 120.00
99.00 119.50
99.00 119.00
99.00 118.50
99.00 118.00
99.00 117.50
99.00 117.00
99.00 116.50
99.00 116.00
99.00 115.50
99.00 115.00
99.00 114.50
99.00 114.00
99.50 113.50
99.50 113.00
99.50 112.50
99.50 112.00
99.50 111.50
100.00 111.00
100.00 110.50
100.00 110.00
100.00 109.50
100.50 109.00
100.50 108.50
100.50 108.00
100.50 107.50
101.00 107.00
101.00 106.50
101.00 106.00
101.50 105.50
101.50 105.00
101.50 104.50
102.00 104.00
102.00 103.50
102.00 103.00
102.00 102.50
102.50 102.00
102.50 101.50
102.50 101.00
103.00 100.50
103.00 100.00
103.00 99.50
103.50 99.00
103.50 98.50
103.50 98.00
104.00 97.50
104.50 97.00
104.50 96.50
105.00 96.00
105.50 96.00
106.00 95.50
106.50 95.00
107.00 95.00
107.50 95.00
108.00 94.50
108.50 94.50
109.00 94.50
109.50 94.50
110.00 94.50
110.50 94.50
111.00 94.50
111.50 95.00
112.00 95.00
112.50 95.00
113.00 95.00
113.50 95.00
114.00 95.50
114.50 95.50
115.00 95.50
115.50 95.50
116.00 96.00
116.50 96.00
117.00 96.00
117.50 96.50
118.00 96.50
118.50 96.50
119.00 97.00
119.50 97.00
120.00 97.00
120.50 97.50
121.00 97.50
121.50 97.50
122.00 98.00
122.50 98.00
123.00 98.50
123.50 99.00
124.00 99.00
124.50 99.00
125.00 99.50
125.50 100.00
126.00 100.00
126.50 100.50
127.00 101.00
127.50 101.50
128.00 102.00
128.50 102.50
129.00 103.00
129.00 103.50
129.50 104.00
130.00 104.50
130.00 105.00
130.50 105.50
130.50 106.00
131.00 106.50
131.00 107.00
131.50 107.50
131.50 108.00
132.00 108.50
132.00 109.00
132.00 109.50
132.50 110.00
132.50 110.50
132.50 111.00
132.50 111.50
133.00 112.00
133.00 112.50
133.00 113.00
133.00 113.50
133.00 114.00
133.50 114.50
133.50 115.00
133.50 115.50
133.50 116.00
133.50 116.50
133.50 117.00
133.50 117.50
133.50 118.00
133.50 118.50
133.50 119.00
133.50 119.50
133.50 120.00
133.50 120.50
133.50 121.00
133.50 121.50
133.50 122.00
133.50 122.50
133.50 123.00
133.50 123.50
133.00 124.00
133.00 124.50
133.00 125.00
133.00 125.50
133.00 126.00
132.50 126.50
132.50 127.00
132.50 127.50
132.50 128.00
132.00 128.50
132.00 129.00
132.00 129.50
131.50 130.00
131.50 130.50
131.00 131.00
131.00 131.50
130.50 132.00
130.50 132.50
130.00 133.00
129.50 133.50
129.00 134.00
129.00 134.50
128.50 135.00
128.50 135.50
128.00 136.00
127.50 136.00
127.00 136.50
126.50 137.00
126.00 137.50
125.50 138.00
125.00 138.50
124.50 139.00
124.00 139.00
123.50 139.00
123.00 139.50
122.50 140.00
122.00 140.00
121.50 140.00
121.00 140.50
