109.00 127.50
109.00 127.00
109.00 126.50
109.00 126.00
108.50 125.50
108.50 125.00
108.50 124.50
108.50 124.00
108.50 123.50
108.50 123.00
108.50 122.50
108.50 122.00
108.50 121.50
108.50 121.00
108.50 120.50
108.50 120.00
108.50 119.50
108.50 119.00
108.50 118.50
108.50 118.00
109.00 117.50
109.00 117.00
109.00 116.50
109.50 116.00
110.00 115.50
110.00 115.00
110.50 114.50
111.00 114.00
111.50 113.50
112.00 113.00
112.50 112.50
113.00 112.00
113.50 111.50
113.50 111.00
114.00 110.50
114.50 110.00
115.00 109.50
115.50 109.50
116.00 109.00
116.50 109.00
117.00 109.00
117.50 108.50
118.00 108.50
118.50 108.50
119.00 108.50
119.50 108.50
120.00 108.50
120.50 108.50
121.00 108.50
121.50 108.50
122.00 108.50
122.50 108.50
123.00 109.00
123.50 109.00
124.00 109.00
124.50 109.00
125.00 109.00
125.50 109.00
126.00 109.00
126.50 109.00
127.00 109.00
127.50 109.00
128.00 109.00
128.50 109.00
129.00 109.00
129.50 109.00
130.00 109.00
130.50 109.00
131.00 109.00
131.50 109.00
132.00 109.50
132.50 109.50
133.00 109.50
133.50 109.50
134.00 110.00
134.50 110.00
135.00 110.50
135.50 110.50
136.00 111.00
136.50 111.00
137.00 111.50
137.50 111.50
138.00 112.00
138.00 112.50
138.50 113.00
139.00 113.50
139.50 114.00
140.00 114.50
140.50 115.00
140.50 115.50
141.00 116.00
141.00 116.50
141.00 117.00
141.50 117.50
141.50 118.00
141.50 118.50
141.50 119.00
141.50 119.50
141.50 120.00
141.50 120.50
141.50 121.00
141.00 121.50
141.00 122.00
140.50 122.50
140.50 123.00
140.50 123.50
140.00 124.00
139.50 124.50
139.50 125.00
139.00 125.50
138.50 126.00
138.00 126.50
137.50 127.00
137.50 127.50
137.00 128.00
136.50 128.50
136.00 129.00
135.50 129.50
135.00 130.00
134.50 130.50
134.00 131.00
133.50 131.50
133.00 132.00
132.50 132.50
132.00 133.00
131.50 133.50
131.00 134.00
130.50 134.50
130.00 135.00
129.50 135.50
129.00 135.50
128.50 136.00
128.00 136.50
127.50 136.50
127.00 137.00
126.50 137.50
126.00 138.00
125.50 138.00
125.00 138.50
124.50 138.50
124.00 138.50
123.50 139.00
123.00 139.00
122.50 139.00
122.00 139.00
121.50 139.00
121.00 139.00
120.50 139.00
120.00 139.00
119.50 139.00
119.00 138.50
118.50 138.50
118.00 138.50
117.50 138.00
117.00 138.00
116.50 137.50
116.00 137.00
115.50 136.50
115.00 136.50
114.50 136.00
114.00 135.50
113.50 135.00
113.00 134.50
112.50 134.00
112.50 133.50
112.00 133.00
111.50 132.50
111.00 132.00
111.00 131.50
110.50 131.00
110.50 130.50
110.00 130.00
110.00 129.50
109.50 129.00
109.50 128.50
109.00 128.00
