117.00 135.00
116.50 135.00
116.00 134.50
115.50 134.50
115.00 134.00
115.00 133.50
114.50 133.00
114.00 132.50
113.50 132.00
113.50 131.50
113.00 131.00
112.50 130.50
112.50 130.00
112.00 129.50
112.00 129.00
111.50 128.50
111.50 128.00
111.00 127.50
110.50 127.00
110.50 126.50
110.00 126.00
109.50 125.50
109.50 125.00
109.00 124.50
108.50 124.00
108.50 123.50
108.00 123.00
108.00 122.50
107.50 122.00
107.50 121.50
107.50 121.00
107.50 120.50
107.50 120.00
107.50 119.50
107.50 119.00
107.50 118.50
108.00 118.00
108.00 117.50
108.50 117.00
108.50 116.50
109.00 116.00
109.00 115.50
109.50 115.00
110.00 114.50
110.50 114.00
111.00 114.00
111.50 113.50
112.00 113.00
112.50 113.00
113.00 113.00
113.50 113.00
114.00 113.00
114.50 113.00
115.00 113.00
115.50 113.00
116.00 113.00
116.50 113.50
117.00 113.50
117.50 113.50
118.00 114.00
118.50 114.50
119.00 114.50
119.50 115.00
120.00 115.00
120.50 115.50
121.00 116.00
121.50 116.50
122.00 117.00
122.50 117.50
123.00 118.00
123.50 118.50
124.00 119.00
124.00 119.50
124.50 120.00
125.00 120.50
125.00 121.00
125.50 121.50
125.50 122.00
126.00 122.50
126.50 123.00
126.50 123.50
126.50 124.00
127.00 124.50
127.00 125.00
127.00 125.50
127.00 126.00
127.00 126.50
127.00 127.00
127.00 127.50
127.00 128.00
126.50 128.50
126.50 129.00
126.00 129.50
126.00 130.00
125.50 130.50
125.50 131.00
125.00 131.50
124.50 131.50
124.00 132.00
123.50 132.50
123.00 133.00
122.50 133.00
122.00 133.50
121.50 134.00
121.00 134.00
120.50 134.50
120.00 134.50
119.50 135.00
119.00 135.00
118.50 135.00
118.00 135.00
117.50 135.00
