134.00 133.50
134.00 134.00
134.50 134.50
134.50 135.00
134.50 135.50
134.50 136.00
134.00 136.50
133.50 137.00
133.00 137.00
132.50 137.00
132.00 137.00
131.50 137.00
131.00 137.00
130.50 137.00
130.00 137.00
129.50 137.00
129.00 137.50
128.50 137.50
128.00 138.00
127.50 138.00
127.00 138.50
126.50 138.50
126.00 139.00
125.50 139.00
125.00 139.00
124.50 139.00
124.00 139.00
123.50 138.50
123.00 138.50
122.50 138.00
122.00 137.50
122.00 137.00
122.00 136.50
122.00 136.00
122.00 135.50
122.50 135.00
123.00 134.50
123.00 134.00
123.50 133.50
124.00 133.00
124.50 133.00
125.00 132.50
125.50 132.50
126.00 132.00
126.50 132.00
127.00 131.50
127.50 131.50
128.00 131.50
128.50 131.50
129.00 131.50
129.50 131.50
130.00 131.50
130.50 131.50
131.00 131.50
131.50 131.50
132.00 132.00
132.50 132.00
133.00 132.50
133.50 133.00
