137.50 120.50
137.00 120.50
136.50 121.00
136.50 121.50
136.50 122.00
136.00 122.50
136.00 123.00
136.00 123.50
136.00 124.00
135.50 124.50
135.50 125.00
135.00 125.50
135.00 126.00
135.00 126.50
134.50 127.00
134.00 127.50
134.00 128.00
133.50 128.50
133.00 129.00
132.50 129.50
132.00 130.00
131.50 130.50
131.00 130.50
130.50 131.00
130.00 131.00
129.50 131.50
129.00 131.50
128.50 132.00
128.00 132.50
127.50 132.50
127.00 132.50
126.50 133.00
126.00 133.00
125.50 133.00
125.00 133.00
124.50 133.50
124.00 133.50
123.50 133.50
123.00 133.50
122.50 134.00
122.00 134.00
121.50 134.00
121.00 134.00
120.50 134.00
120.00 134.00
119.50 134.00
119.00 134.00
118.50 134.00
118.00 134.00
117.50 134.00
117.00 134.00
116.50 134.00
116.00 133.50
115.50 133.50
115.00 133.50
114.50 133.50
114.00 133.50
113.50 133.00
113.00 133.00
112.50 133.00
112.00 133.00
111.50 133.00
111.00 132.50
110.50 132.50
110.00 132.00
109.50 132.00
109.00 131.50
108.50 131.50
108.00 131.00
107.50 131.00
107.00 131.00
106.50 130.50
106.00 130.00
105.50 130.00
105.00 129.50
104.50 129.50
104.00 129.00
103.50 129.00
103.00 128.50
102.50 128.50
102.00 128.00
101.50 127.50
101.00 127.00
100.50 126.50
100.50 126.00
100.00 125.50
99.50 125.00
99.50 124.50
99.00 124.00
99.00 123.50
98.50 123.00
98.00 122.50
98.00 122.00
98.00 121.50
97.50 121.00
97.00 120.50
97.00 120.00
96.50 119.50
96.50 119.00
96.50 118.50
96.00 118.00
95.50 117.50
95.50 117.00
95.50 116.50
95.00 116.00
95.00 115.50
95.00 115.00
94.50 114.50
94.50 114.00
94.50 113.50
94.50 113.00
94.50 112.50
94.00 112.00
94.00 111.50
94.00 111.00
94.00 110.50
94.00 110.00
94.00 109.50
94.00 109.00
94.00 108.50
94.00 108.00
94.00 107.50
94.00 107.00
94.00 106.50
94.00 106.00
94.00 105.50
94.00 105.00
94.00 104.50
94.00 104.00
93.50 103.50
93.50 103.00
93.50 102.50
93.50 102.00
93.50 101.50
94.00 101.00
94.00 100.50
94.00 100.00
94.50 99.50
94.50 99.00
95.00 98.50
95.00 98.00
95.00 97.50
95.50 97.00
96.00 96.50
96.00 96.00
96.50 95.50
97.00 95.00
97.50 94.50
97.50 94.00
98.00 93.50
98.50 93.00
99.00 92.50
99.50 92.00
100.00 91.50
100.50 91.50
101.00 91.00
101.50 90.50
102.00 90.00
102.50 90.00
103.00 89.50
103.50 89.50
104.00 89.50
104.50 89.00
105.00 88.50
105.50 88.50
106.00 88.50
106.50 88.00
107.00 88.00
107.50 87.50
108.00 87.50
108.50 87.50
109.00 87.50
109.50 87.00
110.00 87.00
110.50 87.00
111.00 87.00
111.50 86.50
112.00 86.50
112.50 86.50
113.00 86.50
113.50 86.50
114.00 86.50
114.50 86.50
115.00 86.50
115.50 86.50
116.00 86.00
116.50 86.00
117.00 86.00
117.50 86.00
118.00 86.00
118.50 86.50
119.00 86.50
119.50 86.50
120.00 86.50
120.50 86.50
121.00 86.50
121.50 86.50
122.00 87.00
122.50 87.00
123.00 87.00
123.50 87.50
124.00 87.50
124.50 88.00
125.00 88.50
125.50 89.00
126.00 89.50
126.50 89.50
127.00 90.00
126.50 90.50
127.00 91.00
127.50 91.50
128.00 92.00
128.50 92.50
129.00 93.00
129.50 93.50
130.00 94.00
130.50 94.50
130.50 95.00
131.00 95.50
131.50 96.00
131.50 96.50
132.00 97.00
132.00 97.50
132.50 98.00
132.50 98.50
132.50 99.00
133.00 99.50
133.00 100.00
133.50 100.50
133.50 101.00
133.50 101.50
134.00 102.00
134.00 102.50
134.00 103.00
134.00 103.50
134.50 104.00
134.50 104.50
135.00 105.00
135.50 105.50
136.00 106.00
136.00 106.50
136.00 107.00
136.00 107.50
136.50 108.00
136.50 108.50
136.50 109.00
137.00 109.50
137.00 110.00
137.00 110.50
137.00 111.00
137.00 111.50
137.50 112.00
137.50 112.50
137.50 113.00
137.50 113.50
137.50 114.00
137.50 114.50
137.50 115.00
138.00 115.50
138.00 116.00
138.00 116.50
138.00 117.00
138.00 117.50
138.00 118.00
138.00 118.50
138.00 119.00
138.00 119.50
138.00 120.00
138.00 120.50
