134.50 137.50
134.00 138.00
133.50 138.00
133.00 138.00
132.50 138.00
132.00 138.00
131.50 138.00
131.00 138.00
130.50 138.00
130.00 138.00
129.50 138.00
129.00 138.00
128.50 138.00
128.00 138.00
127.50 138.00
127.00 138.00
126.50 138.00
126.00 138.00
125.50 137.50
125.00 137.50
124.50 137.00
124.00 136.50
123.50 136.00
123.50 135.50
123.50 135.00
124.00 134.50
124.50 134.50
125.00 134.50
125.50 134.50
126.00 135.00
126.50 135.00
127.00 135.50
127.50 135.50
128.00 135.50
128.50 135.50
129.00 135.50
129.50 135.50
130.00 135.00
130.50 135.00
131.00 134.50
131.50 134.00
132.00 134.00
132.50 133.50
133.00 133.50
133.50 133.50
134.00 133.50
134.50 133.50
135.00 134.00
135.50 134.50
135.50 135.00
135.50 135.50
135.50 136.00
135.50 136.50
135.00 137.00
