116.50 145.00
116.00 144.50
115.50 144.50
115.00 144.50
114.50 144.00
114.00 144.00
113.50 144.00
113.00 143.50
112.50 143.00
112.00 143.00
111.50 142.50
111.00 142.00
110.50 141.50
110.00 141.00
109.50 141.00
109.00 140.50
108.50 140.00
108.00 139.50
107.50 139.00
107.00 138.50
106.50 138.00
106.00 137.50
105.50 137.00
105.00 136.50
104.50 136.00
104.00 135.50
103.50 135.00
103.50 134.50
103.00 134.00
102.50 133.50
102.50 133.00
102.00 132.50
101.50 132.00
101.00 131.50
100.50 131.00
100.50 130.50
100.00 130.00
100.00 129.50
99.50 129.00
99.00 128.50
99.00 128.00
98.50 127.50
98.50 127.00
98.00 126.50
98.00 126.00
97.50 125.50
97.50 125.00
97.50 124.50
97.00 124.00
97.00 123.50
96.50 123.00
96.50 122.50
96.50 122.00
96.00 121.50
96.00 121.00
96.00 120.50
96.00 120.00
95.50 119.50
95.50 119.00
95.50 118.50
95.50 118.00
95.50 117.50
95.00 117.00
95.00 116.50
95.00 116.00
95.00 115.50
95.00 115.00
95.00 114.50
95.00 114.00
95.00 113.50
95.00 113.00
95.00 112.50
95.00 112.00
95.00 111.50
95.00 111.00
95.00 110.50
95.00 110.00
95.00 109.50
95.00 109.00
95.00 108.50
95.00 108.00
95.00 107.50
95.00 107.00
95.00 106.50
95.00 106.00
95.50 105.50
95.50 105.00
95.50 104.50
95.50 104.00
95.50 103.50
96.00 103.00
96.00 102.50
96.00 102.00
96.00 101.50
96.50 101.00
96.50 100.50
97.00 100.00
97.00 99.50
97.00 99.00
97.50 98.50
97.50 98.00
97.50 97.50
98.00 97.00
98.50 96.50
98.50 96.00
99.00 95.50
99.50 95.00
99.50 94.50
100.00 94.00
100.50 93.50
101.00 93.00
101.50 92.50
102.00 92.00
102.50 91.50
103.00 91.00
103.50 90.50
104.00 90.50
104.50 90.00
105.00 89.50
105.50 89.00
106.00 89.00
106.50 89.00
107.00 88.50
107.50 88.50
108.00 88.00
108.50 88.00
109.00 88.00
109.50 87.50
110.00 87.50
110.50 87.50
111.00 87.50
111.50 87.50
112.00 87.50
112.50 87.50
113.00 87.50
113.50 87.50
114.00 87.50
114.50 87.50
115.00 87.50
115.50 87.50
116.00 87.50
116.50 87.50
117.00 87.50
117.50 87.50
118.00 87.50
118.50 88.00
119.00 88.00
119.50 88.00
120.00 88.00
120.50 88.00
121.00 88.50
121.50 88.50
122.00 88.50
122.50 88.50
123.00 89.00
123.50 89.00
124.00 89.00
124.50 89.00
125.00 89.00
125.50 89.50
126.00 89.50
126.50 89.50
127.00 90.00
127.50 90.00
128.00 90.00
128.50 90.00
129.00 90.50
129.50 90.50
130.00 90.50
130.50 91.00
131.00 91.00
131.50 91.50
132.00 91.50
132.50 91.50
133.00 92.00
133.50 92.00
134.00 92.50
134.50 92.50
135.00 92.50
135.50 93.00
136.00 93.50
136.50 93.50
137.00 94.00
137.50 94.50
138.00 94.50
138.50 95.00
139.00 95.50
139.50 96.00
140.00 96.50
140.50 97.00
141.00 97.50
141.50 98.00
142.00 98.50
142.50 99.00
143.00 99.50
143.00 100.00
143.50 100.50
144.00 101.00
144.00 101.50
144.50 102.00
145.00 102.50
145.00 103.00
145.50 103.50
146.00 104.00
146.00 104.50
146.50 105.00
146.50 105.50
147.00 106.00
147.00 106.50
147.00 107.00
147.50 107.50
147.50 108.00
148.00 108.50
148.00 109.00
148.00 109.50
148.50 110.00
148.50 110.50
148.50 111.00
149.00 111.50
149.00 112.00
149.00 112.50
149.00 113.00
149.50 113.50
149.50 114.00
149.50 114.50
149.50 115.00
149.50 115.50
150.00 116.00
150.00 116.50
150.00 117.00
150.00 117.50
150.00 118.00
150.00 118.50
150.00 119.00
150.00 119.50
150.00 120.00
150.00 120.50
150.00 121.00
150.00 121.50
150.00 122.00
150.00 122.50
150.00 123.00
150.00 123.50
150.00 124.00
150.00 124.50
149.50 125.00
149.50 125.50
149.50 126.00
149.50 126.50
149.00 127.00
149.00 127.50
149.00 128.00
148.50 128.50
148.50 129.00
148.00 129.50
148.00 130.00
147.50 130.50
147.00 131.00
147.00 131.50
147.00 132.00
146.50 132.50
146.00 133.00
145.50 133.50
145.00 134.00
144.50 134.50
144.00 135.00
143.50 135.50
143.00 136.00
142.50 136.50
142.00 137.00
141.50 137.50
141.00 138.00
140.50 138.50
140.00 138.50
139.50 139.00
139.00 139.50
138.50 140.00
138.00 140.00
137.50 140.50
137.00 140.50
136.50 141.00
136.00 141.50
135.50 141.50
135.00 141.50
134.50 142.00
134.00 142.50
133.50 142.50
133.00 142.50
132.50 143.00
132.00 143.00
131.50 143.50
131.00 143.50
130.50 144.00
130.00 144.00
129.50 144.00
129.00 144.50
128.50 144.50
128.00 144.50
127.50 145.00
127.00 145.00
126.50 145.00
126.00 145.00
125.50 145.50
125.00 145.50
124.50 145.50
124.00 145.50
123.50 145.50
123.00 145.50
122.50 145.50
122.00 145.50
121.50 145.50
121.00 145.50
120.50 145.50
120.00 145.50
119.50 145.50
119.00 145.50
118.50 145.50
118.00 145.50
117.50 145.50
117.00 145.00
