100.00 128.50
99.50 128.00
99.00 127.50
99.00 127.00
98.50 126.50
98.00 126.00
97.50 125.50
97.50 125.00
97.00 124.50
96.50 124.00
96.50 123.50
96.00 123.00
95.50 122.50
95.50 122.00
95.00 121.50
95.00 121.00
95.00 120.50
94.50 120.00
94.00 119.50
94.00 119.00
94.00 118.50
93.50 118.00
93.50 117.50
93.50 117.00
93.00 116.50
93.00 116.00
93.00 115.50
92.50 115.00
92.50 114.50
92.50 114.00
92.50 113.50
92.00 113.00
92.00 112.50
92.00 112.00
92.00 111.50
92.00 111.00
92.00 110.50
92.00 110.00
92.00 109.50
92.00 109.00
92.00 108.50
92.00 108.00
92.00 107.50
92.00 107.00
92.00 106.50
92.00 106.00
92.00 105.50
92.00 105.00
92.50 104.50
92.50 104.00
92.50 103.50
92.50 103.00
93.00 102.50
93.00 102.00
93.50 101.50
93.50 101.00
93.50 100.50
94.00 100.00
94.00 99.50
94.50 99.00
95.00 98.50
95.50 98.00
95.50 97.50
96.00 97.00
96.50 96.50
97.00 96.00
97.50 95.50
98.00 95.00
98.50 94.50
98.50 94.00
99.00 93.50
99.50 93.50
100.00 93.00
100.50 92.50
101.00 92.00
101.50 92.00
102.00 91.50
102.50 91.50
103.00 91.00
103.50 91.00
104.00 90.50
104.50 90.50
105.00 90.00
105.50 90.00
106.00 89.50
106.50 89.50
107.00 89.50
107.50 89.00
108.00 89.00
108.50 89.00
109.00 88.50
109.50 88.50
110.00 88.50
110.50 88.50
111.00 88.50
111.50 88.00
112.00 88.00
112.50 88.00
113.00 88.00
113.50 88.00
114.00 88.00
114.50 88.00
115.00 88.00
115.50 88.00
116.00 88.00
116.50 88.00
117.00 88.00
117.50 88.00
118.00 88.50
118.50 88.50
119.00 88.50
119.50 88.50
120.00 89.00
120.50 89.00
121.00 89.00
121.50 89.00
122.00 89.50
122.50 89.50
123.00 90.00
123.50 90.00
124.00 90.50
124.50 90.50
125.00 91.00
125.50 91.50
126.00 92.00
126.50 92.00
127.00 92.50
127.50 93.00
128.00 93.50
128.50 94.00
129.00 94.50
129.00 95.00
129.50 95.50
129.50 96.00
130.00 96.50
130.00 97.00
130.00 97.50
130.50 98.00
130.50 98.50
130.50 99.00
131.00 99.50
131.00 100.00
131.00 100.50
131.00 101.00
131.50 101.50
131.50 102.00
131.50 102.50
131.50 103.00
131.50 103.50
132.00 104.00
132.00 104.50
132.00 105.00
132.00 105.50
132.00 106.00
132.00 106.50
132.00 107.00
132.50 107.50
132.50 108.00
132.50 108.50
132.50 109.00
132.50 109.50
132.50 110.00
132.50 110.50
132.50 111.00
132.50 111.50
132.50 112.00
133.00 112.50
133.00 113.00
133.00 113.50
133.00 114.00
133.00 114.50
133.00 115.00
133.00 115.50
133.00 116.00
133.00 116.50
133.00 117.00
133.00 117.50
133.00 118.00
133.00 118.50
133.00 119.00
133.00 119.50
133.00 120.00
133.00 120.50
133.00 121.00
132.50 121.50
132.50 122.00
132.50 122.50
132.50 123.00
132.00 123.50
132.00 124.00
132.00 124.50
131.50 125.00
131.50 125.50
131.00 126.00
131.00 126.50
130.50 127.00
130.00 127.50
130.00 128.00
129.50 128.50
129.50 129.00
129.00 129.50
128.50 130.00
128.00 130.50
127.50 131.00
127.00 131.50
126.50 132.00
126.00 132.50
125.50 133.00
125.00 133.50
124.50 133.50
124.00 134.00
123.50 134.00
123.00 134.50
122.50 135.00
122.00 135.00
121.50 135.50
121.00 135.50
120.50 136.00
120.00 136.00
119.50 136.50
119.00 136.50
118.50 136.50
118.00 136.50
117.50 137.00
117.00 137.00
116.50 137.00
116.00 137.00
115.50 137.00
115.00 137.00
114.50 137.00
114.00 137.00
113.50 137.00
113.00 137.00
112.50 136.50
112.00 136.50
111.50 136.50
111.00 136.50
110.50 136.50
110.00 136.00
109.50 136.00
109.00 135.50
108.50 135.50
108.00 135.50
107.50 135.00
107.00 134.50
106.50 134.50
106.00 134.00
105.50 133.50
105.00 133.00
104.50 132.50
104.00 132.50
103.50 132.00
103.00 131.50
102.50 131.00
102.00 130.50
101.50 130.50
101.00 130.00
101.00 129.50
100.50 129.00
