117.50 130.00
117.00 129.50
116.50 129.50
116.00 129.00
115.50 129.00
115.00 128.50
114.50 128.00
114.00 127.50
113.50 127.00
113.00 126.50
113.00 126.00
112.50 125.50
112.00 125.00
112.00 124.50
111.50 124.00
111.00 123.50
111.00 123.00
111.00 122.50
110.50 122.00
110.50 121.50
110.50 121.00
110.50 120.50
110.50 120.00
110.50 119.50
110.50 119.00
110.50 118.50
110.50 118.00
110.50 117.50
110.50 117.00
110.50 116.50
110.50 116.00
110.50 115.50
111.00 115.00
111.00 114.50
111.50 114.00
111.50 113.50
111.50 113.00
112.00 112.50
112.00 112.00
112.50 111.50
113.00 111.00
113.50 110.50
114.00 110.00
114.50 109.50
115.00 109.00
115.00 108.50
115.50 108.00
116.00 107.50
116.50 107.00
116.50 106.50
117.00 106.00
117.50 105.50
118.00 105.00
118.00 104.50
118.50 104.00
118.50 103.50
119.00 103.00
119.50 102.50
119.50 102.00
120.00 101.50
120.50 101.00
121.00 100.50
121.00 100.00
121.50 99.50
122.00 99.00
122.50 98.50
123.00 98.00
123.50 98.00
124.00 98.00
124.50 97.50
125.00 97.50
125.50 97.50
126.00 97.50
126.50 97.50
127.00 97.50
127.50 98.00
128.00 98.00
128.50 98.00
129.00 98.50
129.50 99.00
130.00 99.50
130.50 100.00
130.50 100.50
131.00 101.00
131.00 101.50
131.00 102.00
131.00 102.50
131.50 103.00
131.50 103.50
131.50 104.00
131.50 104.50
131.50 105.00
131.50 105.50
131.50 106.00
131.50 106.50
131.50 107.00
132.00 107.50
132.00 108.00
132.00 108.50
132.00 109.00
132.00 109.50
132.00 110.00
132.50 110.50
132.50 111.00
132.50 111.50
133.00 112.00
133.00 112.50
133.50 113.00
133.50 113.50
133.50 114.00
134.00 114.50
134.00 115.00
134.00 115.50
134.50 116.00
134.50 116.50
135.00 117.00
135.00 117.50
135.00 118.00
135.50 118.50
135.50 119.00
135.50 119.50
135.50 120.00
135.50 120.50
135.50 121.00
135.50 121.50
135.50 122.00
135.50 122.50
135.50 123.00
135.00 123.50
135.00 124.00
134.50 124.50
134.50 125.00
134.00 125.50
133.50 126.00
133.00 126.50
133.00 127.00
132.50 127.50
132.00 127.50
131.50 128.00
131.00 128.50
130.50 129.00
130.00 129.00
129.50 129.00
129.00 129.50
128.50 130.00
128.00 130.00
127.50 130.00
127.00 130.50
126.50 130.50
126.00 130.50
125.50 131.00
125.00 131.00
124.50 131.00
124.00 131.00
123.50 131.00
123.00 131.00
122.50 131.00
122.00 131.00
121.50 131.00
121.00 131.00
120.50 131.00
120.00 131.00
119.50 130.50
119.00 130.50
118.50 130.50
118.00 130.00
