117.50 142.50
117.00 142.50
116.50 142.50
116.00 142.50
115.50 143.00
115.00 143.00
114.50 143.00
114.00 143.00
113.50 143.00
113.00 143.00
112.50 143.00
112.00 143.00
111.50 143.00
111.00 143.00
110.50 142.50
110.00 142.50
109.50 142.50
109.00 142.50
108.50 142.00
108.00 142.00
107.50 142.00
107.00 141.50
106.50 141.00
106.00 141.00
105.50 140.50
105.00 140.00
104.50 139.50
104.00 139.50
103.50 139.00
103.50 138.50
103.00 138.00
102.50 137.50
102.00 137.00
101.50 136.50
101.50 136.00
101.00 135.50
100.50 135.00
100.50 134.50
100.00 134.00
100.00 133.50
99.50 133.00
99.50 132.50
99.00 132.00
98.50 131.50
98.50 131.00
98.00 130.50
98.00 130.00
97.50 129.50
97.50 129.00
97.00 128.50
97.00 128.00
96.50 127.50
96.50 127.00
96.00 126.50
96.00 126.00
96.00 125.50
95.50 125.00
95.50 124.50
95.00 124.00
95.00 123.50
95.00 123.00
95.00 122.50
94.50 122.00
94.50 121.50
94.00 121.00
94.00 120.50
94.00 120.00
94.00 119.50
93.50 119.00
93.50 118.50
93.50 118.00
93.50 117.50
93.50 117.00
93.00 116.50
93.00 116.00
93.00 115.50
93.00 115.00
93.00 114.50
93.00 114.00
93.00 113.50
93.00 113.00
93.00 112.50
93.00 112.00
93.00 111.50
93.00 111.00
93.00 110.50
93.00 110.00
93.00 109.50
93.50 109.00
93.50 108.50
93.50 108.00
93.50 107.50
93.50 107.00
93.50 106.50
94.00 106.00
94.00 105.50
94.00 105.00
94.50 104.50
94.50 104.00
94.50 103.50
95.00 103.00
95.00 102.50
95.00 102.00
95.50 101.50
95.50 101.00
96.00 100.50
96.00 100.00
96.50 99.50
97.00 99.00
97.00 98.50
97.50 98.00
98.00 97.50
98.50 97.00
99.00 96.50
99.50 96.00
100.00 95.50
100.50 95.00
101.00 95.00
101.50 94.50
102.00 94.00
102.50 94.00
103.00 94.00
103.50 93.50
104.00 93.50
104.50 93.00
105.00 93.00
105.50 93.00
106.00 92.50
106.50 92.50
107.00 92.50
107.50 92.50
108.00 92.50
108.50 92.50
109.00 92.00
109.50 92.00
110.00 92.00
110.50 92.50
111.00 92.50
111.50 92.50
112.00 92.50
112.50 92.50
113.00 92.50
113.50 92.50
114.00 93.00
114.50 93.00
115.00 93.00
115.50 93.00
116.00 93.00
116.50 93.50
117.00 93.50
117.50 93.50
118.00 93.50
118.50 94.00
119.00 94.00
119.50 94.00
120.00 94.50
120.50 94.50
121.00 95.00
121.50 95.00
122.00 95.00
122.50 95.00
123.00 95.50
123.50 95.50
124.00 96.00
124.50 96.00
125.00 96.50
125.50 96.50
126.00 97.00
126.50 97.00
127.00 97.50
127.50 97.50
128.00 98.00
128.50 98.50
129.00 98.50
129.50 99.00
130.00 99.50
130.50 100.00
131.00 100.50
131.50 101.00
132.00 101.50
132.50 101.50
133.00 102.00
133.00 102.50
133.50 103.00
134.00 103.50
134.50 104.00
134.50 104.50
135.00 105.00
135.00 105.50
135.50 106.00
136.00 106.50
136.00 107.00
136.50 107.50
136.50 108.00
137.00 108.50
137.00 109.00
137.50 109.50
137.50 110.00
138.00 110.50
138.00 111.00
138.00 111.50
138.50 112.00
138.50 112.50
138.50 113.00
139.00 113.50
139.00 114.00
139.00 114.50
139.50 115.00
139.50 115.50
139.50 116.00
139.50 116.50
140.00 117.00
140.00 117.50
140.00 118.00
140.00 118.50
140.00 119.00
140.00 119.50
140.00 120.00
140.00 120.50
140.00 121.00
140.50 121.50
140.50 122.00
140.50 122.50
140.50 123.00
140.00 123.50
140.00 124.00
140.00 124.50
140.00 125.00
140.00 125.50
140.00 126.00
140.00 126.50
139.50 127.00
139.50 127.50
139.50 128.00
139.00 128.50
139.00 129.00
139.00 129.50
138.50 130.00
138.00 130.50
138.00 131.00
137.50 131.50
137.00 132.00
137.00 132.50
136.50 133.00
136.00 133.50
135.50 134.00
135.50 134.50
135.00 135.00
134.50 135.50
134.00 136.00
133.50 136.50
133.00 136.50
132.50 137.00
132.00 137.50
131.50 138.00
131.00 138.00
130.50 138.50
130.00 138.50
129.50 139.00
129.00 139.50
128.50 139.50
128.00 140.00
127.50 140.00
127.00 140.00
126.50 140.50
126.00 140.50
125.50 141.00
125.00 141.00
124.50 141.00
124.00 141.00
123.50 141.50
123.00 141.50
122.50 141.50
122.00 141.50
121.50 142.00
121.00 142.00
120.50 142.00
120.00 142.00
119.50 142.50
119.00 142.50
118.50 142.50
118.00 142.50
