120.00 136.00
119.50 136.00
119.00 136.00
118.50 136.00
118.00 136.00
117.50 136.00
117.00 135.50
116.50 135.50
116.00 135.50
115.50 135.00
115.00 135.00
114.50 134.50
114.00 134.50
113.50 134.00
113.00 134.00
112.50 133.50
112.00 133.00
111.50 132.50
111.00 132.50
110.50 132.00
110.00 131.50
109.50 131.00
109.50 130.50
109.00 130.00
109.00 129.50
108.50 129.00
108.50 128.50
108.00 128.00
108.00 127.50
107.50 127.00
107.50 126.50
107.50 126.00
107.50 125.50
107.00 125.00
107.00 124.50
107.00 124.00
107.00 123.50
107.00 123.00
107.00 122.50
107.00 122.00
106.50 121.50
106.50 121.00
106.50 120.50
106.50 120.00
106.50 119.50
106.50 119.00
106.00 118.50
106.00 118.00
106.00 117.50
106.00 117.00
106.00 116.50
106.00 116.00
106.00 115.50
106.00 115.00
106.00 114.50
106.50 114.00
107.00 113.50
107.50 113.00
108.00 112.50
108.50 112.50
109.00 112.50
109.50 112.00
110.00 112.00
110.50 112.00
111.00 111.50
111.50 111.50
112.00 111.50
112.50 111.50
113.00 111.50
113.50 111.50
114.00 111.50
114.50 111.50
115.00 111.50
115.50 111.50
116.00 111.50
116.50 111.50
117.00 112.00
117.50 112.00
118.00 112.00
118.50 112.00
119.00 112.00
119.50 112.50
120.00 112.50
120.50 112.50
121.00 112.50
121.50 113.00
122.00 113.00
122.50 113.00
123.00 113.50
123.50 113.50
124.00 113.50
124.50 114.00
125.00 114.00
125.50 114.50
126.00 114.50
126.50 115.00
127.00 115.50
127.50 116.00
128.00 116.50
128.50 117.00
128.50 117.50
128.50 118.00
129.00 118.50
129.00 119.00
129.50 119.50
129.50 120.00
129.50 120.50
129.50 121.00
129.50 121.50
130.00 122.00
130.00 122.50
130.00 123.00
130.00 123.50
130.00 124.00
130.00 124.50
130.00 125.00
130.00 125.50
129.50 126.00
129.50 126.50
129.50 127.00
129.50 127.50
129.50 128.00
129.00 128.50
129.00 129.00
129.00 129.50
128.50 130.00
128.00 130.50
128.00 131.00
128.00 131.50
127.50 132.00
127.00 132.50
126.50 133.00
126.00 133.50
125.50 134.00
125.00 134.50
124.50 134.50
124.00 135.00
123.50 135.00
123.00 135.50
122.50 135.50
122.00 135.50
121.50 136.00
121.00 136.00
120.50 136.00
