116.00 141.50
115.50 141.00
115.00 141.00
114.50 140.50
114.00 140.50
113.50 140.00
113.00 139.50
112.50 139.50
112.00 139.00
111.50 138.50
111.00 138.00
110.50 137.50
110.50 137.00
110.00 136.50
109.50 136.00
109.00 135.50
108.50 135.00
108.50 134.50
108.50 134.00
108.00 133.50
107.50 133.00
107.50 132.50
107.50 132.00
107.00 131.50
107.00 131.00
107.00 130.50
106.50 130.00
106.50 129.50
106.50 129.00
106.50 128.50
106.00 128.00
106.00 127.50
106.00 127.00
106.00 126.50
106.00 126.00
106.00 125.50
106.00 125.00
106.00 124.50
106.00 124.00
106.00 123.50
106.00 123.00
106.00 122.50
106.00 122.00
106.00 121.50
106.00 121.00
106.00 120.50
106.00 120.00
106.00 119.50
106.00 119.00
106.00 118.50
106.50 118.00
106.50 117.50
106.50 117.00
106.50 116.50
107.00 116.00
107.00 115.50
107.50 115.00
107.50 114.50
107.50 114.00
107.50 113.50
108.00 113.00
108.00 112.50
108.50 112.00
109.00 111.50
109.00 111.00
109.00 110.50
109.50 110.00
110.00 109.50
110.00 109.00
110.50 108.50
110.50 108.00
111.00 107.50
111.50 107.00
112.00 106.50
112.50 106.00
113.00 105.50
113.50 105.00
114.00 104.50
114.50 104.00
115.00 103.50
115.50 103.00
116.00 103.00
116.50 102.50
117.00 102.00
117.50 102.00
118.00 101.50
118.50 101.00
119.00 101.00
119.50 100.50
120.00 100.00
120.50 100.00
121.00 100.00
121.50 99.50
122.00 99.50
122.50 99.50
123.00 99.50
123.50 99.00
124.00 99.00
124.50 99.00
125.00 98.50
125.50 98.50
126.00 98.50
126.50 98.50
127.00 98.50
127.50 98.50
128.00 98.50
128.50 98.50
129.00 98.50
129.50 98.50
130.00 98.50
130.50 98.50
131.00 98.50
131.50 98.50
132.00 98.50
132.50 99.00
133.00 99.00
133.50 99.00
134.00 99.00
134.50 99.50
135.00 99.50
135.50 99.50
136.00 100.00
136.50 100.00
137.00 100.00
137.50 100.50
138.00 100.50
138.50 101.00
139.00 101.50
139.50 101.50
140.00 102.00
140.50 102.50
141.00 103.00
141.50 103.50
142.00 103.50
142.50 104.00
143.00 104.50
143.00 105.00
143.50 105.50
144.00 106.00
144.50 106.50
145.00 107.00
145.00 107.50
145.50 108.00
146.00 108.50
146.00 109.00
146.50 109.50
146.50 110.00
147.00 110.50
147.00 111.00
147.00 111.50
147.50 112.00
147.50 112.50
147.50 113.00
147.50 113.50
148.00 114.00
148.00 114.50
148.00 115.00
148.00 115.50
148.00 116.00
148.00 116.50
148.50 117.00
148.50 117.50
148.50 118.00
148.50 118.50
148.50 119.00
148.50 119.50
148.50 120.00
148.50 120.50
148.00 121.00
148.00 121.50
148.00 122.00
148.00 122.50
148.00 123.00
148.00 123.50
147.50 124.00
147.50 124.50
147.50 125.00
147.00 125.50
147.00 126.00
147.00 126.50
146.50 127.00
146.00 127.50
146.00 128.00
145.50 128.50
145.50 129.00
145.50 129.50
145.00 130.00
144.50 130.50
144.00 131.00
143.50 131.50
143.00 132.00
142.50 132.50
142.00 133.00
142.00 133.50
141.50 134.00
141.00 134.50
140.50 134.50
140.00 135.00
139.50 135.50
139.00 136.00
138.50 136.50
138.00 136.50
137.50 136.50
137.00 137.00
136.50 137.50
136.00 137.50
135.50 138.00
135.00 138.50
134.50 138.50
134.00 139.00
133.50 139.00
133.00 139.00
132.50 139.50
132.00 139.50
131.50 140.00
131.00 140.00
130.50 140.50
130.00 140.50
129.50 141.00
129.00 141.00
128.50 141.00
128.00 141.50
127.50 141.50
127.00 141.50
126.50 141.50
126.00 142.00
125.50 142.00
125.00 142.00
124.50 142.00
124.00 142.00
123.50 142.50
123.00 142.50
122.50 142.50
122.00 142.50
121.50 142.50
121.00 142.50
120.50 142.50
120.00 142.50
119.50 142.50
119.00 142.50
118.50 142.00
118.00 142.00
117.50 142.00
117.00 142.00
116.50 141.50
