122.50 145.00
122.00 145.00
121.50 145.00
121.00 145.00
120.50 145.00
120.00 144.50
119.50 144.50
119.00 144.50
118.50 144.50
118.00 144.00
117.50 144.00
117.00 144.00
116.50 143.50
116.00 143.00
115.50 143.00
115.00 142.50
114.50 142.00
114.00 142.00
113.50 141.50
113.00 141.00
112.50 140.50
112.00 140.00
111.50 140.00
111.00 139.50
110.50 139.00
110.00 138.50
109.50 138.00
109.00 137.50
108.50 137.00
108.00 136.50
108.00 136.00
107.50 135.50
107.00 135.00
107.00 134.50
106.50 134.00
106.00 133.50
105.50 133.00
105.00 132.50
105.00 132.00
105.00 131.50
104.50 131.00
104.00 130.50
104.00 130.00
103.50 129.50
103.50 129.00
103.00 128.50
103.00 128.00
102.50 127.50
102.50 127.00
102.50 126.50
102.00 126.00
102.00 125.50
101.50 125.00
101.50 124.50
101.50 124.00
101.00 123.50
101.00 123.00
101.00 122.50
100.50 122.00
100.50 121.50
100.50 121.00
100.50 120.50
100.50 120.00
100.00 119.50
100.00 119.00
100.00 118.50
100.00 118.00
100.00 117.50
100.00 117.00
99.50 116.50
99.50 116.00
99.50 115.50
99.50 115.00
99.50 114.50
99.50 114.00
99.50 113.50
99.50 113.00
99.50 112.50
99.50 112.00
99.50 111.50
99.50 111.00
99.50 110.50
99.50 110.00
99.50 109.50
99.50 109.00
99.50 108.50
100.00 108.00
100.00 107.50
100.00 107.00
100.00 106.50
100.00 106.00
100.00 105.50
100.50 105.00
100.50 104.50
100.50 104.00
101.00 103.50
101.00 103.00
101.00 102.50
101.50 102.00
101.50 101.50
101.50 101.00
102.00 100.50
102.00 100.00
102.50 99.50
103.00 99.00
103.50 98.50
103.50 98.00
104.00 97.50
104.50 97.00
105.00 96.50
105.00 96.00
105.50 95.50
106.00 95.50
106.50 95.00
107.00 94.50
107.50 94.00
108.00 93.50
108.50 93.00
109.00 93.00
109.50 92.50
110.00 92.50
110.50 92.00
111.00 91.50
111.50 91.50
112.00 91.00
112.50 91.00
113.00 91.00
113.50 90.50
114.00 90.50
114.50 90.50
115.00 90.00
115.50 90.00
116.00 90.00
116.50 90.00
117.00 89.50
117.50 89.50
118.00 89.50
118.50 89.50
119.00 89.50
119.50 89.50
120.00 89.50
120.50 89.50
121.00 89.50
121.50 89.50
122.00 89.50
122.50 89.50
123.00 89.50
123.50 89.50
124.00 89.50
124.50 89.50
125.00 89.50
125.50 90.00
126.00 90.00
126.50 90.00
127.00 90.00
127.50 90.00
128.00 90.50
128.50 90.50
129.00 90.50
129.50 91.00
130.00 91.00
130.50 91.00
131.00 91.50
131.50 91.50
132.00 91.50
132.50 92.00
133.00 92.00
133.50 92.50
134.00 92.50
134.50 93.00
135.00 93.00
135.50 93.50
136.00 94.00
136.50 94.00
137.00 94.50
137.50 94.50
138.00 95.00
138.50 95.50
139.00 95.50
139.50 96.00
140.00 96.50
140.50 97.00
141.00 97.50
141.50 98.00
142.00 98.50
142.50 98.50
143.00 99.00
143.00 99.50
143.50 100.00
144.00 100.50
144.50 101.00
145.00 101.50
145.50 102.00
146.00 102.50
146.50 103.00
146.50 103.50
147.00 104.00
147.00 104.50
147.50 105.00
148.00 105.50
148.00 106.00
148.50 106.50
148.50 107.00
149.00 107.50
149.00 108.00
149.50 108.50
149.50 109.00
150.00 109.50
150.00 110.00
150.50 110.50
150.50 111.00
151.00 111.50
151.00 112.00
151.00 112.50
151.00 113.00
151.50 113.50
151.50 114.00
151.50 114.50
151.50 115.00
152.00 115.50
152.00 116.00
152.00 116.50
152.00 117.00
152.00 117.50
152.00 118.00
152.00 118.50
152.00 119.00
152.00 119.50
152.00 120.00
152.00 120.50
152.00 121.00
152.00 121.50
152.00 122.00
152.00 122.50
152.00 123.00
152.00 123.50
152.00 124.00
151.50 124.50
151.50 125.00
151.50 125.50
151.50 126.00
151.00 126.50
151.00 127.00
150.50 127.50
150.50 128.00
150.50 128.50
150.00 129.00
150.00 129.50
149.50 130.00
149.50 130.50
149.00 131.00
148.50 131.50
148.50 132.00
148.00 132.50
147.50 133.00
147.50 133.50
147.00 134.00
146.50 134.50
146.00 135.00
145.50 135.50
145.50 136.00
145.00 136.50
144.50 137.00
144.00 137.00
143.50 137.50
143.00 138.00
142.50 138.50
142.00 138.50
141.50 139.00
141.00 139.50
140.50 139.50
140.00 140.00
139.50 140.00
139.00 140.50
138.50 140.50
138.00 141.00
137.50 141.00
137.00 141.50
136.50 141.50
136.00 141.50
135.50 142.00
135.00 142.00
134.50 142.50
134.00 142.50
133.50 142.50
133.00 143.00
132.50 143.00
132.00 143.00
131.50 143.00
131.00 143.50
130.50 143.50
130.00 143.50
129.50 144.00
129.00 144.00
128.50 144.00
128.00 144.00
127.50 144.00
127.00 144.50
126.50 144.50
126.00 144.50
125.50 144.50
125.00 145.00
124.50 145.00
124.00 145.00
123.50 145.00
123.00 145.00
