145.50 139.00
145.00 139.50
144.50 139.50
144.00 139.50
143.50 139.50
143.00 139.50
142.50 139.50
142.00 140.00
141.50 140.00
141.00 140.00
140.50 140.00
140.00 140.00
139.50 140.00
139.00 140.00
138.50 140.00
138.00 139.50
137.50 139.50
137.00 139.00
136.50 138.50
136.00 138.50
135.50 138.50
135.00 138.00
134.50 138.00
134.00 138.00
133.50 138.00
133.00 138.00
132.50 138.00
132.00 138.00
131.50 138.00
131.00 137.50
130.50 137.50
130.00 137.00
130.00 136.50
129.50 136.00
129.50 135.50
129.50 135.00
130.00 134.50
130.00 134.00
130.00 133.50
130.50 133.00
131.00 133.00
131.50 132.50
132.00 132.50
132.50 132.00
133.00 132.00
133.50 132.00
134.00 132.00
134.50 132.00
135.00 132.50
135.50 132.50
136.00 133.00
136.50 133.50
136.50 134.00
136.50 134.50
136.50 135.00
137.00 135.50
137.00 136.00
137.00 136.50
137.00 137.00
137.50 137.50
138.00 137.00
138.00 136.50
138.50 136.00
139.00 135.50
139.50 135.00
140.00 134.50
140.50 134.00
141.00 133.50
141.50 133.50
142.00 133.50
142.50 133.00
143.00 133.00
143.50 133.00
144.00 133.00
144.50 133.00
145.00 133.00
145.50 133.00
146.00 133.50
146.50 133.50
147.00 134.00
147.50 134.00
148.00 134.50
148.00 135.00
148.00 135.50
148.00 136.00
148.00 136.50
147.50 137.00
147.50 137.50
147.50 138.00
147.00 138.50
146.50 138.50
146.00 139.00
