128.50 130.00
128.00 129.50
127.50 129.00
127.00 128.50
126.50 128.00
126.00 127.50
125.50 127.00
125.00 126.50
124.50 126.00
124.00 125.50
123.50 125.00
123.50 124.50
123.00 124.00
122.50 123.50
122.00 123.00
122.00 122.50
121.50 122.00
121.50 121.50
121.00 121.00
121.00 120.50
120.50 120.00
120.50 119.50
120.00 119.00
120.00 118.50
120.00 118.00
119.50 117.50
119.50 117.00
119.50 116.50
119.50 116.00
119.50 115.50
119.50 115.00
119.50 114.50
119.50 114.00
119.50 113.50
119.50 113.00
120.00 112.50
120.00 112.00
120.50 111.50
121.00 111.00
121.00 110.50
121.50 110.00
122.00 109.50
122.50 109.50
123.00 109.00
123.50 108.50
124.00 108.00
124.50 108.00
125.00 107.50
125.50 107.50
126.00 107.00
126.50 107.00
127.00 106.50
127.50 106.50
128.00 106.00
128.50 106.00
129.00 106.00
129.50 106.00
130.00 106.00
130.50 105.50
131.00 105.50
131.50 105.50
132.00 105.50
132.50 105.50
133.00 105.50
133.50 105.50
134.00 105.00
134.50 105.00
135.00 105.00
135.50 105.00
136.00 105.00
136.50 105.00
137.00 105.00
137.50 105.00
138.00 105.50
138.50 105.50
139.00 105.50
139.50 105.50
140.00 105.50
140.50 105.50
141.00 106.00
141.50 106.00
142.00 106.00
142.50 106.00
143.00 106.50
143.50 106.50
144.00 106.50
144.50 107.00
145.00 107.00
145.50 107.50
146.00 108.00
146.50 108.00
147.00 108.50
147.50 109.00
148.00 109.50
148.50 109.50
149.00 110.00
149.50 110.50
150.00 111.00
150.50 111.50
150.50 112.00
150.00 112.50
150.00 113.00
150.50 113.50
151.00 114.00
151.50 114.50
151.50 115.00
152.00 115.50
152.00 116.00
152.50 116.50
152.50 117.00
152.50 117.50
152.50 118.00
152.50 118.50
152.50 119.00
152.50 119.50
152.50 120.00
152.50 120.50
152.50 121.00
152.50 121.50
152.00 122.00
152.00 122.50
152.00 123.00
151.50 123.50
151.50 124.00
151.50 124.50
151.00 125.00
151.00 125.50
150.50 126.00
150.50 126.50
150.00 127.00
149.50 127.50
149.00 128.00
148.50 128.50
148.00 129.00
147.50 129.50
147.00 130.00
146.50 130.50
146.00 130.50
145.50 130.50
145.00 131.00
144.50 131.00
144.00 131.00
143.50 131.00
143.00 131.00
142.50 131.50
142.00 131.50
141.50 131.50
141.00 131.50
140.50 131.00
140.00 131.00
139.50 131.00
139.00 131.00
138.50 131.00
138.00 131.00
137.50 131.00
137.00 131.00
136.50 131.00
136.00 131.00
135.50 131.00
135.00 131.00
134.50 130.50
134.00 130.50
133.50 130.50
133.00 130.50
132.50 130.50
132.00 130.50
131.50 130.00
131.00 130.00
130.50 130.00
130.00 130.00
129.50 129.50
129.00 129.50
