147.50 124.50
147.00 125.00
147.00 125.50
146.50 126.00
146.00 126.50
146.00 127.00
145.50 127.50
145.00 128.00
144.50 128.50
144.00 129.00
143.50 129.00
143.00 129.50
142.50 130.00
142.00 130.00
141.50 130.50
141.00 130.50
140.50 130.50
140.00 130.50
139.50 131.00
139.00 131.00
138.50 131.00
138.00 131.00
137.50 131.00
137.00 131.00
136.50 131.00
136.00 130.50
135.50 130.50
135.00 130.50
134.50 130.50
134.00 130.50
133.50 130.00
133.00 130.00
132.50 130.00
132.00 129.50
131.50 129.50
131.00 129.50
130.50 129.00
130.00 129.00
129.50 129.00
129.00 128.50
128.50 128.50
128.00 128.00
127.50 128.00
127.00 127.50
126.50 127.50
126.00 127.00
125.50 127.00
125.00 126.50
124.50 126.00
124.00 125.50
123.50 125.00
123.00 124.50
122.50 124.00
122.50 123.50
122.00 123.00
121.50 122.50
121.50 122.00
121.00 121.50
121.00 121.00
120.50 120.50
120.50 120.00
120.50 119.50
120.50 119.00
120.00 118.50
120.00 118.00
120.00 117.50
120.00 117.00
120.00 116.50
120.00 116.00
120.00 115.50
120.00 115.00
120.00 114.50
120.00 114.00
120.50 113.50
120.50 113.00
120.50 112.50
120.50 112.00
121.00 111.50
121.00 111.00
121.50 110.50
122.00 110.00
122.00 109.50
122.50 109.00
123.00 108.50
123.50 108.00
124.00 107.50
124.50 107.50
125.00 107.00
125.50 106.50
126.00 106.50
126.50 106.00
127.00 106.00
127.50 106.00
128.00 105.50
128.50 105.50
129.00 105.50
129.50 105.50
130.00 105.00
130.50 105.00
131.00 105.00
131.50 105.00
132.00 105.00
132.50 105.00
133.00 105.00
133.50 105.00
134.00 105.00
134.50 105.00
135.00 105.50
135.50 105.50
136.00 105.50
136.50 105.50
137.00 106.00
137.50 106.00
138.00 106.00
138.50 106.50
139.00 106.50
139.50 107.00
140.00 107.50
140.50 107.50
141.00 108.00
141.50 108.50
142.00 108.50
142.50 109.00
142.50 109.50
143.00 110.00
143.50 110.50
144.00 111.00
144.00 111.50
144.50 112.00
145.00 112.50
145.00 113.00
145.50 113.50
145.50 114.00
146.00 114.50
146.50 115.00
146.50 115.50
146.50 116.00
147.00 116.50
147.00 117.00
147.50 117.50
147.50 118.00
147.50 118.50
147.50 119.00
147.50 119.50
148.00 120.00
148.00 120.50
148.00 121.00
148.00 121.50
148.00 122.00
148.00 122.50
147.50 123.00
147.50 123.50
147.50 124.00
