160.00 120.00
160.00 120.50
160.00 121.00
160.00 121.50
159.50 122.00
159.50 122.50
159.50 123.00
159.50 123.50
159.00 124.00
159.00 124.50
158.50 125.00
158.50 125.50
158.50 126.00
158.00 126.50
157.50 127.00
157.50 127.50
157.00 128.00
156.50 128.50
156.00 129.00
156.00 129.50
155.50 130.00
155.00 130.50
154.50 131.00
154.00 131.50
153.50 132.00
153.00 132.00
152.50 132.50
152.00 133.00
151.50 133.00
151.00 133.50
150.50 133.50
150.00 134.00
149.50 134.00
149.00 134.50
148.50 134.50
148.00 134.50
147.50 135.00
147.00 135.00
146.50 135.50
146.00 135.50
145.50 135.50
145.00 135.50
144.50 136.00
144.00 136.00
143.50 136.00
143.00 136.00
142.50 136.50
142.00 136.50
141.50 136.50
141.00 136.50
140.50 136.50
140.00 137.00
139.50 137.00
139.00 137.00
138.50 137.00
138.00 137.00
137.50 137.50
137.00 137.50
136.50 137.50
136.00 137.50
135.50 137.50
135.00 137.50
134.50 137.50
134.00 137.50
133.50 137.50
133.00 137.50
132.50 137.50
132.00 137.50
131.50 137.50
131.00 137.50
130.50 137.50
130.00 137.50
129.50 137.50
129.00 137.50
128.50 137.00
128.00 137.00
127.50 137.00
127.00 137.00
126.50 136.50
126.00 136.50
125.50 136.00
125.00 136.00
124.50 136.00
124.00 135.50
123.50 135.00
123.00 135.00
122.50 134.50
122.00 134.50
121.50 134.00
121.00 133.50
120.50 133.00
120.00 132.50
119.50 132.00
119.00 131.50
118.50 131.00
118.00 130.50
118.00 130.00
118.00 129.50
117.50 129.00
117.00 128.50
116.50 128.00
116.50 127.50
116.50 127.00
116.00 126.50
116.00 126.00
115.50 125.50
115.50 125.00
115.50 124.50
115.00 124.00
115.00 123.50
114.50 123.00
114.50 122.50
114.50 122.00
114.00 121.50
114.00 121.00
114.00 120.50
113.50 120.00
113.50 119.50
113.50 119.00
113.00 118.50
113.00 118.00
113.00 117.50
113.00 117.00
112.50 116.50
112.50 116.00
112.50 115.50
112.50 115.00
112.50 114.50
112.00 114.00
112.00 113.50
112.00 113.00
112.00 112.50
112.00 112.00
112.00 111.50
112.00 111.00
112.00 110.50
112.00 110.00
112.00 109.50
112.00 109.00
112.00 108.50
112.00 108.00
112.00 107.50
112.00 107.00
112.50 106.50
112.50 106.00
112.50 105.50
112.50 105.00
113.00 104.50
113.00 104.00
113.00 103.50
113.50 103.00
113.50 102.50
114.00 102.00
114.00 101.50
114.50 101.00
114.50 100.50
115.00 100.00
115.00 99.50
115.50 99.00
116.00 98.50
116.50 98.00
117.00 97.50
117.50 97.00
118.00 97.00
118.50 96.50
119.00 96.00
119.50 96.00
120.00 95.50
120.50 95.50
121.00 95.50
121.50 95.00
122.00 95.00
122.50 95.00
123.00 94.50
123.50 94.50
124.00 94.50
124.50 94.00
125.00 94.00
125.50 94.00
126.00 94.00
126.50 94.00
127.00 94.00
127.50 93.50
128.00 93.50
128.50 93.50
129.00 93.50
129.50 93.50
130.00 93.50
130.50 93.50
131.00 93.50
131.50 93.50
132.00 93.50
132.50 93.50
133.00 93.50
133.50 93.50
134.00 93.50
134.50 93.50
135.00 93.50
135.50 93.50
136.00 93.50
136.50 93.50
137.00 93.50
137.50 93.50
138.00 93.50
138.50 93.50
139.00 93.50
139.50 93.50
140.00 94.00
140.50 94.00
141.00 94.00
141.50 94.50
142.00 94.50
142.50 94.50
143.00 94.50
143.50 95.00
144.00 95.00
144.50 95.50
145.00 95.50
145.50 96.00
146.00 96.00
146.50 96.00
147.00 96.50
147.50 97.00
148.00 97.50
148.50 97.50
149.00 97.50
149.50 98.00
150.00 98.50
150.50 99.00
151.00 99.50
151.50 100.00
152.00 100.50
152.50 101.00
153.00 101.50
153.50 102.00
153.50 102.50
154.00 103.00
154.50 103.50
155.00 104.00
155.00 104.50
155.50 105.00
156.00 105.50
156.00 106.00
156.50 106.50
156.50 107.00
156.50 107.50
157.00 108.00
157.00 108.50
157.50 109.00
158.00 109.50
158.00 110.00
158.00 110.50
158.50 111.00
158.50 111.50
159.00 112.00
159.00 112.50
159.00 113.00
159.00 113.50
159.50 114.00
159.50 114.50
159.50 115.00
159.50 115.50
160.00 116.00
160.00 116.50
160.00 117.00
160.00 117.50
160.00 118.00
160.00 118.50
160.00 119.00
160.00 119.50
