141.50 94.50
142.00 94.50
142.50 95.00
143.00 95.00
143.50 95.00
144.00 95.50
144.50 95.50
145.00 95.50
145.50 96.00
146.00 96.00
146.50 96.50
147.00 97.00
147.50 97.00
148.00 97.50
148.50 97.50
149.00 98.00
149.50 98.00
150.00 98.50
150.50 99.00
151.00 99.50
151.50 100.00
152.00 100.00
152.50 100.50
153.00 101.00
153.50 101.50
154.00 102.00
154.50 102.50
155.00 103.00
155.00 103.50
155.50 104.00
156.00 104.50
156.50 105.00
157.00 105.50
157.00 106.00
157.50 106.50
158.00 107.00
158.00 107.50
158.00 108.00
158.50 108.50
159.00 109.00
159.00 109.50
159.50 110.00
159.50 110.50
160.00 111.00
160.00 111.50
160.00 112.00
160.00 112.50
160.50 113.00
160.50 113.50
160.50 114.00
160.50 114.50
161.00 115.00
161.00 115.50
161.00 116.00
161.00 116.50
161.00 117.00
161.00 117.50
161.00 118.00
161.00 118.50
161.00 119.00
161.00 119.50
161.00 120.00
161.00 120.50
160.50 121.00
160.50 121.50
160.50 122.00
160.50 122.50
160.00 123.00
160.00 123.50
160.00 124.00
159.50 124.50
159.50 125.00
159.50 125.50
159.00 126.00
159.00 126.50
158.50 127.00
158.00 127.50
157.50 128.00
157.50 128.50
157.50 129.00
157.00 129.50
156.50 130.00
156.00 130.50
155.50 131.00
155.00 131.50
154.50 132.00
154.00 132.00
153.50 132.50
153.00 133.00
152.50 133.50
152.00 134.00
151.50 134.00
151.00 134.50
150.50 134.50
150.00 135.00
149.50 135.50
149.00 135.50
148.50 136.00
148.00 136.00
147.50 136.00
147.00 136.50
146.50 136.50
146.00 137.00
145.50 137.00
145.00 137.50
144.50 137.50
144.00 138.00
143.50 138.00
143.00 138.00
142.50 138.00
142.00 138.50
141.50 138.50
141.00 138.50
140.50 138.50
140.00 138.50
139.50 138.50
139.00 139.00
138.50 139.00
138.00 139.00
137.50 139.00
137.00 139.00
136.50 139.00
136.00 139.00
135.50 139.00
135.00 139.00
134.50 139.00
134.00 139.00
133.50 139.00
133.00 139.00
132.50 139.00
132.00 139.00
131.50 138.50
131.00 138.50
130.50 138.50
130.00 138.50
129.50 138.50
129.00 138.00
128.50 138.00
128.00 138.00
127.50 138.00
127.00 137.50
126.50 137.50
126.00 137.00
125.50 137.00
125.00 137.00
124.50 136.50
124.00 136.00
123.50 136.00
123.00 136.00
122.50 135.50
122.00 135.00
121.50 135.00
121.00 134.50
120.50 134.00
120.00 133.50
119.50 133.00
119.00 132.50
118.50 132.00
118.00 131.50
117.50 131.00
117.00 130.50
116.50 130.00
116.00 129.50
115.50 129.00
115.50 128.50
115.50 128.00
115.00 127.50
114.50 127.00
114.00 126.50
114.00 126.00
114.00 125.50
113.50 125.00
113.50 124.50
113.00 124.00
113.00 123.50
112.50 123.00
112.00 122.50
112.00 122.00
112.00 121.50
111.50 121.00
111.50 120.50
111.50 120.00
111.00 119.50
111.00 119.00
111.00 118.50
111.00 118.00
110.50 117.50
110.50 117.00
110.50 116.50
110.50 116.00
110.50 115.50
110.50 115.00
110.00 114.50
110.00 114.00
110.00 113.50
110.00 113.00
110.00 112.50
110.00 112.00
110.50 111.50
110.50 111.00
110.50 110.50
110.50 110.00
110.50 109.50
110.50 109.00
111.00 108.50
111.00 108.00
111.00 107.50
111.50 107.00
111.50 106.50
112.00 106.00
112.00 105.50
112.50 105.00
112.50 104.50
113.00 104.00
113.50 103.50
113.50 103.00
114.00 102.50
114.50 102.00
115.00 101.50
115.50 101.00
116.00 100.50
116.50 100.00
117.00 99.50
117.50 99.00
118.00 98.50
118.50 98.50
119.00 98.50
119.50 98.00
120.00 97.50
120.50 97.50
121.00 97.00
121.50 97.00
122.00 96.50
122.50 96.50
123.00 96.50
123.50 96.00
124.00 96.00
124.50 95.50
125.00 95.50
125.50 95.50
126.00 95.50
126.50 95.50
127.00 95.00
127.50 95.00
128.00 95.00
128.50 95.00
129.00 94.50
129.50 94.50
130.00 94.50
130.50 94.50
131.00 94.50
131.50 94.00
132.00 94.00
132.50 94.00
133.00 94.00
133.50 94.00
134.00 94.00
134.50 94.00
135.00 94.00
135.50 94.00
136.00 94.00
136.50 94.00
137.00 94.00
137.50 94.00
138.00 94.00
138.50 94.00
139.00 94.00
139.50 94.00
140.00 94.50
140.50 94.50
141.00 94.50
