163.50 118.50
163.50 119.00
163.50 119.50
163.50 120.00
163.50 120.50
163.50 121.00
163.00 121.50
163.00 122.00
163.00 122.50
162.50 123.00
162.50 123.50
162.50 124.00
162.00 124.50
162.00 125.00
162.00 125.50
161.50 126.00
161.50 126.50
161.00 127.00
161.00 127.50
160.50 128.00
160.00 128.50
160.00 129.00
159.50 129.50
159.50 130.00
159.00 130.50
158.50 131.00
158.00 131.50
157.50 132.00
157.00 132.50
156.50 133.00
156.00 133.50
155.50 134.00
155.00 134.00
154.50 134.50
154.00 135.00
153.50 135.50
153.00 135.50
152.50 136.00
152.00 136.00
151.50 136.50
151.00 136.50
150.50 137.00
150.00 137.00
149.50 137.50
149.00 137.50
148.50 138.00
148.00 138.00
147.50 138.00
147.00 138.50
146.50 138.50
146.00 138.50
145.50 139.00
145.00 139.00
144.50 139.00
144.00 139.00
143.50 139.50
143.00 139.50
142.50 139.50
142.00 139.50
141.50 139.50
141.00 139.50
140.50 140.00
140.00 140.00
139.50 140.00
139.00 140.00
138.50 140.00
138.00 140.00
137.50 140.00
137.00 140.00
136.50 140.00
136.00 140.00
135.50 140.00
135.00 140.00
134.50 140.00
134.00 140.00
133.50 140.00
133.00 140.00
132.50 140.00
132.00 140.00
131.50 140.00
131.00 140.00
130.50 140.00
130.00 139.50
129.50 139.50
129.00 139.50
128.50 139.50
128.00 139.00
127.50 139.00
127.00 139.00
126.50 139.00
126.00 138.50
125.50 138.50
125.00 138.00
124.50 138.00
124.00 138.00
123.50 137.50
123.00 137.00
122.50 137.00
122.00 136.50
121.50 136.00
121.00 135.50
120.50 135.00
120.00 134.50
119.50 134.00
119.00 133.50
118.50 133.00
118.50 132.50
118.00 132.00
118.00 131.50
117.50 131.00
117.50 130.50
117.00 130.00
117.00 129.50
117.00 129.00
116.50 128.50
116.50 128.00
116.00 127.50
116.00 127.00
115.50 126.50
115.50 126.00
115.50 125.50
115.00 125.00
115.00 124.50
115.00 124.00
114.50 123.50
114.50 123.00
114.00 122.50
114.00 122.00
114.00 121.50
113.50 121.00
113.50 120.50
113.00 120.00
113.00 119.50
113.00 119.00
112.50 118.50
112.50 118.00
112.50 117.50
112.50 117.00
112.00 116.50
112.00 116.00
112.00 115.50
111.50 115.00
111.50 114.50
111.50 114.00
111.50 113.50
111.50 113.00
111.00 112.50
111.00 112.00
111.00 111.50
111.00 111.00
111.00 110.50
111.00 110.00
111.00 109.50
111.00 109.00
111.00 108.50
111.00 108.00
111.00 107.50
111.00 107.00
111.00 106.50
111.50 106.00
111.50 105.50
111.50 105.00
112.00 104.50
112.00 104.00
112.50 103.50
112.50 103.00
113.00 102.50
113.50 102.00
113.50 101.50
114.00 101.00
114.50 100.50
115.00 100.00
115.00 99.50
115.50 99.00
116.00 99.00
116.50 98.50
117.00 98.00
117.50 97.50
118.00 97.00
118.50 97.00
119.00 96.50
119.50 96.50
120.00 96.00
120.50 95.50
121.00 95.50
121.50 95.00
122.00 95.00
122.50 94.50
123.00 94.50
123.50 94.50
124.00 94.00
124.50 94.00
125.00 93.50
125.50 93.50
126.00 93.50
126.50 93.50
127.00 93.00
127.50 93.00
128.00 93.00
128.50 93.00
129.00 92.50
129.50 92.50
130.00 92.50
130.50 92.50
131.00 92.50
131.50 92.50
132.00 92.50
132.50 92.50
133.00 92.50
133.50 92.50
134.00 92.50
134.50 92.50
135.00 92.50
135.50 92.50
136.00 92.50
136.50 92.50
137.00 92.50
137.50 92.50
138.00 92.50
138.50 92.50
139.00 92.50
139.50 93.00
140.00 93.00
140.50 93.00
141.00 93.00
141.50 93.50
142.00 93.50
142.50 93.50
143.00 93.50
143.50 93.50
144.00 94.00
144.50 94.00
145.00 94.00
145.50 94.50
146.00 94.50
146.50 94.50
147.00 95.00
147.50 95.00
148.00 95.50
148.50 95.50
149.00 96.00
149.50 96.00
150.00 96.50
150.50 96.50
151.00 97.00
151.50 97.00
152.00 97.50
152.50 98.00
153.00 98.00
153.50 98.50
154.00 99.00
154.50 99.50
155.00 100.00
155.50 100.50
156.00 101.00
156.50 101.50
157.00 102.00
157.50 102.50
158.00 103.00
158.00 103.50
158.50 104.00
159.00 104.50
159.00 105.00
159.50 105.50
159.50 106.00
160.00 106.50
160.50 107.00
160.50 107.50
160.50 108.00
161.00 108.50
161.50 109.00
161.50 109.50
162.00 110.00
162.00 110.50
162.00 111.00
162.00 111.50
162.50 112.00
162.50 112.50
163.00 113.00
163.00 113.50
163.00 114.00
163.00 114.50
163.00 115.00
163.50 115.50
163.50 116.00
163.50 116.50
163.50 117.00
163.50 117.50
163.50 118.00
