128.50 113.00
129.00 112.50
129.50 112.00
130.00 112.00
130.50 111.50
131.00 111.00
131.50 111.00
132.00 110.50
132.50 110.50
133.00 110.50
133.50 110.50
134.00 110.50
134.50 110.50
135.00 110.50
135.50 110.50
136.00 111.00
136.50 111.50
137.00 111.50
137.50 111.50
138.00 112.00
138.50 112.50
139.00 112.50
139.50 113.00
140.00 113.50
140.50 114.00
141.00 114.50
141.50 115.00
142.00 115.50
142.50 116.00
143.00 116.50
143.50 117.00
144.00 117.50
144.50 118.00
145.00 118.50
144.50 119.00
145.00 119.50
145.00 120.00
145.00 120.50
145.50 121.00
145.50 121.50
145.50 122.00
146.00 122.50
146.00 123.00
146.00 123.50
146.00 124.00
146.00 124.50
146.00 125.00
146.00 125.50
145.50 126.00
145.00 126.50
144.50 127.00
144.00 127.50
143.50 128.00
143.00 128.00
142.50 128.50
142.00 129.00
141.50 129.00
141.00 129.50
140.50 129.50
140.00 130.00
139.50 130.00
139.00 130.00
138.50 130.00
138.00 130.00
137.50 130.00
137.00 130.00
136.50 129.50
136.00 129.50
135.50 129.50
135.00 129.50
134.50 129.00
134.00 129.00
133.50 128.50
133.00 128.50
132.50 128.50
132.00 128.00
131.50 128.00
131.00 127.50
130.50 127.50
130.00 127.00
129.50 126.50
129.00 126.00
128.50 125.50
128.00 125.50
127.50 125.00
127.50 124.50
127.00 124.00
126.50 123.50
126.50 123.00
126.50 122.50
126.00 122.00
126.00 121.50
125.50 121.00
125.50 120.50
125.50 120.00
125.50 119.50
125.50 119.00
125.50 118.50
125.50 118.00
125.50 117.50
126.00 117.00
126.00 116.50
126.50 116.00
126.50 115.50
127.00 115.00
127.50 114.50
128.00 114.00
128.00 113.50
