151.50 104.00
152.00 104.50
152.00 105.00
152.50 105.50
152.50 106.00
153.00 106.50
153.50 107.00
153.50 107.50
153.50 108.00
154.00 108.50
154.00 109.00
154.50 109.50
154.50 110.00
154.50 110.50
155.00 111.00
155.00 111.50
155.00 112.00
155.00 112.50
155.50 113.00
155.50 113.50
155.50 114.00
155.50 114.50
155.50 115.00
155.50 115.50
155.50 116.00
155.50 116.50
156.00 117.00
156.00 117.50
155.50 118.00
155.50 118.50
155.50 119.00
155.50 119.50
155.50 120.00
155.50 120.50
155.50 121.00
155.50 121.50
155.00 122.00
155.00 122.50
154.50 123.00
154.50 123.50
154.00 124.00
154.00 124.50
153.50 125.00
153.50 125.50
153.00 126.00
152.50 126.50
152.00 127.00
151.50 127.50
151.00 128.00
150.50 128.50
150.00 129.00
149.50 129.00
149.00 129.50
148.50 130.00
148.00 130.00
147.50 130.50
147.00 130.50
146.50 131.00
146.00 131.50
145.50 131.50
145.00 131.50
144.50 132.00
144.00 132.00
143.50 132.50
143.00 132.50
142.50 132.50
142.00 132.50
141.50 133.00
141.00 133.00
140.50 133.00
140.00 133.00
139.50 133.50
139.00 133.50
138.50 133.50
138.00 133.50
137.50 133.50
137.00 133.50
136.50 134.00
136.00 134.00
135.50 134.00
135.00 134.00
134.50 134.00
134.00 134.00
133.50 134.00
133.00 134.00
132.50 134.00
132.00 134.00
131.50 134.00
131.00 134.00
130.50 134.00
130.00 134.00
129.50 134.00
129.00 134.00
128.50 134.00
128.00 134.00
127.50 134.00
127.00 133.50
126.50 133.50
126.00 133.50
125.50 133.50
125.00 133.00
124.50 133.00
124.00 133.00
123.50 132.50
123.00 132.50
122.50 132.00
122.00 131.50
121.50 131.50
121.00 131.00
120.50 130.50
120.00 130.00
120.00 129.50
119.50 129.00
119.00 128.50
118.50 128.00
118.50 127.50
118.00 127.00
117.50 126.50
117.50 126.00
117.50 125.50
117.00 125.00
117.00 124.50
116.50 124.00
116.00 123.50
116.00 123.00
116.00 122.50
115.50 122.00
115.50 121.50
115.00 121.00
115.00 120.50
115.00 120.00
114.50 119.50
114.50 119.00
114.50 118.50
114.00 118.00
114.00 117.50
114.00 117.00
113.50 116.50
113.50 116.00
113.50 115.50
113.50 115.00
113.00 114.50
113.00 114.00
113.00 113.50
113.00 113.00
113.00 112.50
113.00 112.00
113.00 111.50
113.00 111.00
113.00 110.50
113.00 110.00
113.00 109.50
113.00 109.00
113.00 108.50
113.00 108.00
113.00 107.50
113.00 107.00
113.00 106.50
113.00 106.00
113.50 105.50
113.50 105.00
113.50 104.50
113.50 104.00
114.00 103.50
114.00 103.00
114.00 102.50
114.50 102.00
115.00 101.50
115.00 101.00
115.50 100.50
116.00 100.00
116.50 99.50
117.00 99.50
117.50 99.00
118.00 98.50
118.50 98.50
119.00 98.00
119.50 98.00
120.00 97.50
120.50 97.50
121.00 97.50
121.50 97.00
122.00 97.00
122.50 97.00
123.00 97.00
123.50 97.00
124.00 96.50
124.50 96.50
125.00 96.50
125.50 96.50
126.00 96.00
126.50 96.00
127.00 96.00
127.50 96.00
128.00 96.00
128.50 96.00
129.00 95.50
129.50 95.50
130.00 95.50
130.50 95.50
131.00 95.50
131.50 95.50
132.00 95.50
132.50 95.50
133.00 95.50
133.50 95.50
134.00 95.50
134.50 95.50
135.00 95.50
135.50 95.50
136.00 95.50
136.50 95.50
137.00 95.50
137.50 95.50
138.00 95.50
138.50 96.00
139.00 96.00
139.50 96.00
140.00 96.00
140.50 96.00
141.00 96.50
141.50 96.50
142.00 97.00
142.50 97.00
143.00 97.50
143.50 97.50
144.00 97.50
144.50 98.00
145.00 98.50
145.50 98.50
146.00 99.00
146.50 99.50
147.00 100.00
147.50 100.00
148.00 100.50
148.50 101.00
149.00 101.50
149.50 102.00
150.00 102.50
150.50 103.00
151.00 103.50
