162.50 118.50
162.50 119.00
162.50 119.50
162.00 120.00
162.00 120.50
162.00 121.00
161.50 121.50
161.50 122.00
161.00 122.50
161.00 123.00
161.00 123.50
160.50 124.00
160.00 124.50
159.50 125.00
159.50 125.50
159.50 126.00
159.00 126.50
158.50 127.00
158.00 127.50
157.50 128.00
157.00 128.50
156.50 129.00
156.00 129.50
155.50 129.50
155.00 130.00
154.50 130.50
154.00 131.00
153.50 131.00
153.00 131.50
152.50 132.00
152.00 132.00
151.50 132.50
151.00 132.50
150.50 133.00
150.00 133.00
149.50 133.50
149.00 133.50
148.50 134.00
148.00 134.00
147.50 134.50
147.00 134.50
146.50 135.00
146.00 135.00
145.50 135.50
145.00 135.50
144.50 135.50
144.00 135.50
143.50 136.00
143.00 136.00
142.50 136.00
142.00 136.00
141.50 136.50
141.00 136.50
140.50 136.50
140.00 136.50
139.50 137.00
139.00 137.00
138.50 137.00
138.00 137.00
137.50 137.00
137.00 137.00
136.50 137.00
136.00 137.00
135.50 137.00
135.00 137.00
134.50 137.00
134.00 137.00
133.50 137.00
133.00 137.00
132.50 137.00
132.00 137.00
131.50 137.00
131.00 137.00
130.50 136.50
130.00 136.50
129.50 136.50
129.00 136.50
128.50 136.00
128.00 136.00
127.50 136.00
127.00 136.00
126.50 135.50
126.00 135.50
125.50 135.00
125.00 135.00
124.50 135.00
124.00 134.50
123.50 134.50
123.00 134.50
122.50 134.00
122.00 133.50
121.50 133.00
121.00 133.00
120.50 132.50
120.00 132.00
119.50 131.50
119.00 131.50
118.50 131.00
118.50 130.50
118.00 130.00
117.50 129.50
117.00 129.00
116.50 128.50
116.00 128.00
116.00 127.50
115.50 127.00
115.50 126.50
115.00 126.00
115.00 125.50
115.00 125.00
114.50 124.50
114.50 124.00
114.00 123.50
114.00 123.00
114.00 122.50
114.00 122.00
113.50 121.50
113.50 121.00
113.50 120.50
113.50 120.00
113.50 119.50
113.00 119.00
113.00 118.50
113.00 118.00
113.00 117.50
113.00 117.00
113.00 116.50
113.00 116.00
113.00 115.50
113.00 115.00
113.00 114.50
112.50 114.00
112.50 113.50
112.50 113.00
112.50 112.50
112.50 112.00
112.50 111.50
112.50 111.00
112.50 110.50
112.50 110.00
112.50 109.50
113.00 109.00
113.00 108.50
113.00 108.00
113.00 107.50
113.00 107.00
113.00 106.50
113.00 106.00
113.50 105.50
113.50 105.00
113.50 104.50
113.50 104.00
114.00 103.50
114.00 103.00
114.50 102.50
114.50 102.00
114.50 101.50
115.00 101.00
115.50 100.50
115.50 100.00
116.00 99.50
116.00 99.00
116.50 98.50
117.00 98.00
117.50 97.50
118.00 97.00
118.50 96.50
119.00 96.00
119.50 95.50
120.00 95.00
120.50 95.00
121.00 94.50
121.50 94.00
122.00 94.00
122.50 93.50
123.00 93.50
123.50 93.00
124.00 92.50
124.50 92.50
125.00 92.50
125.50 92.00
126.00 92.00
126.50 92.00
127.00 91.50
127.50 91.50
128.00 91.50
128.50 91.50
129.00 91.50
129.50 91.50
130.00 91.00
130.50 91.00
131.00 91.00
131.50 91.00
132.00 91.00
132.50 91.00
133.00 91.00
133.50 91.00
134.00 91.00
134.50 91.50
135.00 91.50
135.50 91.50
136.00 91.50
136.50 91.50
137.00 91.50
137.50 92.00
138.00 92.00
138.50 92.00
139.00 92.00
139.50 92.50
140.00 92.50
140.50 92.50
141.00 93.00
141.50 93.00
142.00 93.50
142.50 93.50
143.00 94.00
143.50 94.00
144.00 94.00
144.50 94.50
145.00 94.50
145.50 95.00
146.00 95.00
146.50 95.50
147.00 96.00
147.50 96.00
148.00 96.50
148.50 97.00
149.00 97.00
149.50 97.00
150.00 97.50
150.50 98.00
151.00 98.50
151.50 99.00
152.00 99.00
152.50 99.50
153.00 100.00
153.50 100.50
154.00 101.00
154.50 101.50
155.00 102.00
155.50 102.00
156.00 102.50
156.50 103.00
157.00 103.50
157.50 104.00
158.00 104.50
158.50 105.00
159.00 105.50
159.00 106.00
159.50 106.50
160.00 107.00
160.00 107.50
160.50 108.00
161.00 108.50
161.00 109.00
161.50 109.50
161.50 110.00
161.50 110.50
162.00 111.00
162.00 111.50
162.00 112.00
162.00 112.50
162.50 113.00
162.50 113.50
162.50 114.00
162.50 114.50
162.50 115.00
162.50 115.50
162.50 116.00
162.50 116.50
162.50 117.00
162.50 117.50
162.50 118.00
