118.50 133.00
118.00 132.50
117.50 132.00
117.00 131.50
116.50 131.50
116.00 131.00
115.50 130.50
115.50 130.00
115.00 129.50
114.50 129.00
114.00 128.50
113.50 128.00
113.00 127.50
112.50 127.00
112.50 126.50
112.00 126.00
111.50 125.50
111.50 125.00
111.00 124.50
111.00 124.00
110.50 123.50
110.50 123.00
110.00 122.50
110.00 122.00
110.00 121.50
109.50 121.00
109.50 120.50
109.50 120.00
109.50 119.50
109.50 119.00
109.00 118.50
109.00 118.00
109.00 117.50
109.00 117.00
109.00 116.50
109.00 116.00
109.00 115.50
109.00 115.00
109.00 114.50
109.00 114.00
109.00 113.50
109.00 113.00
109.00 112.50
109.50 112.00
109.50 111.50
109.50 111.00
109.50 110.50
109.50 110.00
110.00 109.50
110.00 109.00
110.50 108.50
110.50 108.00
110.50 107.50
111.00 107.00
111.00 106.50
111.50 106.00
112.00 105.50
112.00 105.00
112.50 104.50
113.00 104.00
113.50 103.50
114.00 103.00
114.50 102.50
114.50 102.00
115.00 101.50
115.50 101.50
116.00 101.00
116.50 100.50
117.00 100.50
117.50 100.00
118.00 99.50
118.50 99.00
119.00 99.00
119.50 98.50
120.00 98.50
120.50 98.50
121.00 98.00
121.50 98.00
122.00 97.50
122.50 97.50
123.00 97.00
123.50 97.00
124.00 97.00
124.50 96.50
125.00 96.50
125.50 96.50
126.00 96.50
126.50 96.50
127.00 96.00
127.50 96.00
128.00 96.00
128.50 96.00
129.00 96.00
129.50 96.00
130.00 96.00
130.50 96.00
131.00 96.00
131.50 96.00
132.00 96.00
132.50 96.00
133.00 96.00
133.50 96.00
134.00 96.00
134.50 96.00
135.00 96.00
135.50 96.00
136.00 96.50
136.50 96.50
137.00 96.50
137.50 96.50
138.00 97.00
138.50 97.00
139.00 97.00
139.50 97.50
140.00 97.50
140.50 97.50
141.00 98.00
141.50 98.00
142.00 98.00
142.50 98.50
143.00 98.50
143.50 99.00
144.00 99.50
144.50 99.50
145.00 99.50
145.50 100.00
146.00 100.50
146.50 100.50
147.00 101.00
147.50 101.00
148.00 101.50
148.50 102.00
149.00 102.00
149.50 102.50
150.00 103.00
150.50 103.50
151.00 104.00
151.50 104.50
152.00 105.00
152.50 105.50
153.00 106.00
153.50 106.50
153.50 107.00
154.00 107.50
154.50 108.00
154.50 108.50
154.50 109.00
155.00 109.50
155.00 110.00
155.50 110.50
155.50 111.00
155.50 111.50
156.00 112.00
156.00 112.50
156.00 113.00
156.00 113.50
156.50 114.00
156.50 114.50
156.50 115.00
156.50 115.50
156.50 116.00
156.50 116.50
156.50 117.00
156.50 117.50
156.50 118.00
156.50 118.50
156.50 119.00
156.50 119.50
156.50 120.00
156.50 120.50
156.50 121.00
156.00 121.50
156.00 122.00
156.00 122.50
156.00 123.00
155.50 123.50
155.50 124.00
155.50 124.50
155.00 125.00
155.00 125.50
154.50 126.00
154.50 126.50
154.00 127.00
153.50 127.50
153.50 128.00
153.00 128.50
152.50 129.00
152.50 129.50
152.00 130.00
151.50 130.50
151.00 131.00
150.50 131.50
150.00 132.00
149.50 132.50
149.00 133.00
148.50 133.50
148.00 134.00
147.50 134.50
147.00 135.00
146.50 135.50
146.00 135.50
145.50 136.00
145.00 136.50
144.50 136.50
144.00 137.00
143.50 137.50
143.00 137.50
142.50 138.00
142.00 138.00
141.50 138.50
141.00 138.50
140.50 139.00
140.00 139.00
139.50 139.00
139.00 139.50
138.50 139.50
138.00 139.50
137.50 140.00
137.00 140.00
136.50 140.00
136.00 140.00
135.50 140.50
135.00 140.50
134.50 140.50
134.00 140.50
133.50 140.50
133.00 140.50
132.50 140.50
132.00 140.50
131.50 140.50
131.00 140.50
130.50 140.50
130.00 140.50
129.50 140.00
129.00 140.00
128.50 140.00
128.00 140.00
127.50 139.50
127.00 139.50
126.50 139.50
126.00 139.00
125.50 139.00
125.00 138.50
124.50 138.50
124.00 138.00
123.50 137.50
123.00 137.50
122.50 137.00
122.00 136.50
121.50 136.00
121.00 135.50
120.50 135.00
120.00 134.50
119.50 134.00
119.00 133.50
