124.50 87.50
125.00 87.50
125.50 87.00
126.00 87.00
126.50 87.00
127.00 87.00
127.50 87.00
128.00 87.00
128.50 87.00
129.00 86.50
129.50 86.50
130.00 86.50
130.50 86.50
131.00 86.50
131.50 86.50
132.00 87.00
132.50 87.00
133.00 87.00
133.50 87.00
134.00 87.00
134.50 87.00
135.00 87.00
135.50 87.00
136.00 87.00
136.50 87.50
137.00 87.50
137.50 87.50
138.00 87.50
138.50 87.50
139.00 88.00
139.50 88.00
140.00 88.00
140.50 88.50
141.00 88.50
141.50 88.50
142.00 88.50
142.50 89.00
143.00 89.00
143.50 89.00
144.00 89.50
144.50 89.50
145.00 89.50
145.50 90.00
146.00 90.00
146.50 90.00
147.00 90.50
147.50 90.50
148.00 91.00
148.50 91.00
149.00 91.50
149.50 91.50
150.00 92.00
150.50 92.00
151.00 92.50
151.50 92.50
152.00 93.00
152.50 93.00
153.00 93.50
153.50 93.50
154.00 94.00
154.50 94.50
155.00 94.50
155.50 95.00
156.00 95.50
156.50 96.00
157.00 96.00
157.50 96.50
158.00 97.00
158.50 97.50
159.00 98.00
159.50 98.50
160.00 99.00
160.00 99.50
160.50 100.00
161.00 100.50
161.50 101.00
162.00 101.50
162.00 102.00
162.50 102.50
163.00 103.00
163.00 103.50
163.50 104.00
164.00 104.50
164.00 105.00
164.00 105.50
164.50 106.00
164.50 106.50
165.00 107.00
165.00 107.50
165.50 108.00
165.50 108.50
165.50 109.00
166.00 109.50
166.00 110.00
166.00 110.50
166.50 111.00
166.50 111.50
166.50 112.00
166.50 112.50
166.50 113.00
167.00 113.50
167.00 114.00
167.00 114.50
167.00 115.00
167.00 115.50
167.00 116.00
167.00 116.50
167.50 117.00
167.50 117.50
167.50 118.00
167.50 118.50
167.50 119.00
167.50 119.50
167.50 120.00
167.00 120.50
167.00 121.00
167.00 121.50
167.00 122.00
167.00 122.50
167.00 123.00
167.00 123.50
166.50 124.00
166.50 124.50
166.50 125.00
166.50 125.50
166.50 126.00
166.00 126.50
166.00 127.00
166.00 127.50
165.50 128.00
165.50 128.50
165.00 129.00
165.00 129.50
165.00 130.00
164.50 130.50
164.50 131.00
164.00 131.50
163.50 132.00
163.50 132.50
163.00 133.00
163.00 133.50
162.50 134.00
162.00 134.50
162.00 135.00
161.50 135.50
161.00 136.00
160.50 136.50
160.00 137.00
160.00 137.50
159.50 138.00
159.00 138.50
158.50 139.00
158.00 139.50
157.50 140.00
157.00 140.50
156.50 141.00
156.00 141.50
155.50 142.00
155.00 142.00
154.50 142.50
154.00 143.00
153.50 143.00
153.00 143.50
152.50 144.00
152.00 144.50
151.50 144.50
151.00 145.00
150.50 145.00
150.00 145.50
149.50 145.50
149.00 146.00
148.50 146.00
148.00 146.50
147.50 146.50
147.00 147.00
146.50 147.00
146.00 147.00
145.50 147.50
145.00 147.50
144.50 148.00
144.00 148.00
143.50 148.00
143.00 148.50
142.50 148.50
142.00 148.50
141.50 148.50
141.00 149.00
140.50 149.00
140.00 149.00
139.50 149.00
139.00 149.00
138.50 149.00
138.00 149.50
137.50 149.50
137.00 149.50
136.50 149.50
136.00 149.50
135.50 149.50
135.00 149.50
134.50 149.50
134.00 149.50
133.50 149.50
133.00 149.50
132.50 149.50
132.00 149.50
131.50 149.50
131.00 149.50
130.50 149.50
130.00 149.50
129.50 149.50
129.00 149.50
128.50 149.50
128.00 149.50
127.50 149.00
127.00 149.00
126.50 149.00
126.00 149.00
125.50 148.50
125.00 148.50
124.50 148.50
124.00 148.00
123.50 148.00
123.00 148.00
122.50 147.50
122.00 147.00
121.50 147.00
121.00 146.50
120.50 146.50
120.00 146.00
119.50 145.50
119.00 145.00
118.50 144.50
118.00 144.00
117.50 143.50
117.00 143.00
116.50 143.00
116.00 142.50
115.50 142.00
115.00 141.50
115.00 141.00
115.00 140.50
114.50 140.00
114.00 139.50
113.50 139.00
113.50 138.50
113.00 138.00
113.00 137.50
112.50 137.00
112.00 136.50
112.00 136.00
111.50 135.50
111.50 135.00
111.00 134.50
110.50 134.00
110.50 133.50
110.50 133.00
110.00 132.50
110.00 132.00
110.00 131.50
109.50 131.00
109.50 130.50
109.00 130.00
109.00 129.50
109.00 129.00
108.50 128.50
108.50 128.00
108.50 127.50
108.50 127.00
108.00 126.50
108.00 126.00
108.00 125.50
107.50 125.00
107.50 124.50
107.50 124.00
107.50 123.50
107.50 123.00
107.00 122.50
107.00 122.00
107.00 121.50
107.00 121.00
107.00 120.50
107.00 120.00
107.00 119.50
107.00 119.00
106.50 118.50
106.50 118.00
106.50 117.50
106.50 117.00
106.50 116.50
106.50 116.00
106.50 115.50
106.50 115.00
106.50 114.50
106.50 114.00
106.50 113.50
106.50 113.00
106.50 112.50
106.50 112.00
106.50 111.50
106.50 111.00
106.50 110.50
106.50 110.00
106.50 109.50
106.50 109.00
106.50 108.50
106.50 108.00
106.50 107.50
107.00 107.00
107.00 106.50
107.00 106.00
107.00 105.50
107.00 105.00
107.00 104.50
107.50 104.00
107.50 103.50
107.50 103.00
107.50 102.50
108.00 102.00
108.00 101.50
108.00 101.00
108.50 100.50
108.50 100.00
108.50 99.50
109.00 99.00
109.50 98.50
109.50 98.00
110.00 97.50
110.00 97.00
110.50 96.50
111.00 96.00
111.00 95.50
111.50 95.00
112.00 95.00
112.50 94.50
113.00 94.00
113.00 93.50
113.50 93.00
114.00 92.50
114.50 92.50
115.00 92.00
115.50 91.50
116.00 91.00
116.50 91.00
117.00 90.50
117.50 90.00
118.00 90.00
118.50 89.50
119.00 89.50
119.50 89.50
120.00 89.00
120.50 88.50
121.00 88.50
121.50 88.50
122.00 88.00
122.50 88.00
123.00 88.00
123.50 87.50
124.00 87.50
