155.00 106.50
155.50 107.00
155.50 107.50
156.00 108.00
156.50 108.50
156.50 109.00
157.00 109.50
157.00 110.00
157.50 110.50
158.00 111.00
158.00 111.50
158.00 112.00
158.50 112.50
158.50 113.00
158.50 113.50
159.00 114.00
159.00 114.50
159.00 115.00
159.00 115.50
159.50 116.00
159.50 116.50
159.50 117.00
159.50 117.50
159.50 118.00
160.00 118.50
160.00 119.00
160.00 119.50
160.00 120.00
160.00 120.50
160.00 121.00
160.00 121.50
160.00 122.00
160.00 122.50
160.00 123.00
160.00 123.50
159.50 124.00
159.50 124.50
159.50 125.00
159.50 125.50
159.00 126.00
159.00 126.50
158.50 127.00
158.50 127.50
158.50 128.00
158.00 128.50
158.00 129.00
157.50 129.50
157.00 130.00
156.50 130.50
156.00 131.00
155.50 131.50
155.00 132.00
154.50 132.50
154.00 133.00
153.50 133.50
153.00 134.00
152.50 134.50
152.00 135.00
151.50 135.50
151.00 136.00
150.50 136.00
150.00 136.50
149.50 137.00
149.00 137.50
148.50 137.50
148.00 138.00
147.50 138.50
147.00 138.50
146.50 138.50
146.00 139.00
145.50 139.50
145.00 139.50
144.50 139.50
144.00 140.00
143.50 140.00
143.00 140.50
142.50 140.50
142.00 140.50
141.50 141.00
141.00 141.00
140.50 141.00
140.00 141.00
139.50 141.50
139.00 141.50
138.50 141.50
138.00 141.50
137.50 141.50
137.00 141.50
136.50 141.50
136.00 141.50
135.50 141.50
135.00 141.50
134.50 141.50
134.00 141.50
133.50 141.50
133.00 141.50
132.50 141.50
132.00 141.50
131.50 141.50
131.00 141.50
130.50 141.00
130.00 141.00
129.50 141.00
129.00 141.00
128.50 141.00
128.00 141.00
127.50 140.50
127.00 140.50
126.50 140.50
126.00 140.00
125.50 140.00
125.00 140.00
124.50 139.50
124.00 139.50
123.50 139.00
123.00 139.00
122.50 139.00
122.00 138.50
121.50 138.00
121.00 138.00
120.50 137.50
120.00 137.00
119.50 136.50
119.00 136.00
118.50 135.50
118.00 135.00
117.50 134.50
117.00 134.00
116.50 133.50
116.00 133.00
115.50 132.50
115.50 132.00
115.00 131.50
115.00 131.00
114.50 130.50
114.00 130.00
114.00 129.50
114.00 129.00
113.50 128.50
113.50 128.00
113.00 127.50
113.00 127.00
112.50 126.50
112.50 126.00
112.50 125.50
112.00 125.00
112.00 124.50
112.00 124.00
111.50 123.50
111.50 123.00
111.50 122.50
111.50 122.00
111.00 121.50
111.00 121.00
111.00 120.50
111.00 120.00
111.00 119.50
111.00 119.00
111.00 118.50
111.00 118.00
110.50 117.50
110.50 117.00
110.50 116.50
110.50 116.00
110.50 115.50
110.50 115.00
111.00 114.50
111.00 114.00
111.00 113.50
111.00 113.00
111.00 112.50
111.00 112.00
111.00 111.50
111.50 111.00
111.50 110.50
111.50 110.00
111.50 109.50
112.00 109.00
112.00 108.50
112.00 108.00
112.50 107.50
112.50 107.00
112.50 106.50
113.00 106.00
113.00 105.50
113.50 105.00
114.00 104.50
114.00 104.00
114.50 103.50
115.00 103.00
115.00 102.50
115.50 102.00
116.00 101.50
116.50 101.00
117.00 100.50
117.50 100.00
118.00 99.50
118.50 99.00
119.00 99.00
119.50 98.50
120.00 98.50
120.50 98.00
121.00 98.00
121.50 97.50
122.00 97.50
122.50 97.00
123.00 97.00
123.50 97.00
124.00 96.50
124.50 96.50
125.00 96.50
125.50 96.50
126.00 96.00
126.50 96.00
127.00 96.00
127.50 96.00
128.00 96.00
128.50 96.00
129.00 96.00
129.50 96.00
130.00 96.00
130.50 96.00
131.00 96.00
131.50 96.00
132.00 96.00
132.50 96.00
133.00 96.00
133.50 96.00
134.00 96.00
134.50 96.00
135.00 96.00
135.50 96.00
136.00 96.50
136.50 96.50
137.00 96.50
137.50 96.50
138.00 96.50
138.50 96.50
139.00 96.50
139.50 97.00
140.00 97.00
140.50 97.00
141.00 97.00
141.50 97.50
142.00 97.50
142.50 97.50
143.00 97.50
143.50 98.00
144.00 98.00
144.50 98.50
145.00 98.50
145.50 99.00
146.00 99.00
146.50 99.00
147.00 99.50
147.50 100.00
148.00 100.50
148.50 100.50
149.00 101.00
149.50 101.50
150.00 102.00
150.50 102.50
151.00 103.00
151.50 103.50
152.00 104.00
152.50 104.00
153.00 104.50
153.50 105.00
154.00 105.50
154.50 106.00
