118.50 91.50
119.00 91.50
119.50 91.00
120.00 91.00
120.50 91.00
121.00 90.50
121.50 90.50
122.00 90.00
122.50 90.00
123.00 90.00
123.50 90.00
124.00 89.50
124.50 89.50
125.00 89.50
125.50 89.00
126.00 89.00
126.50 89.00
127.00 89.00
127.50 89.00
128.00 88.50
128.50 88.50
129.00 88.50
129.50 88.50
130.00 88.50
130.50 88.50
131.00 88.50
131.50 88.50
132.00 88.00
132.50 88.00
133.00 88.00
133.50 88.00
134.00 88.00
134.50 88.00
135.00 88.00
135.50 88.50
136.00 88.50
136.50 88.50
137.00 88.50
137.50 88.50
138.00 88.50
138.50 88.50
139.00 88.50
139.50 89.00
140.00 89.00
140.50 89.00
141.00 89.00
141.50 89.00
142.00 89.50
142.50 89.50
143.00 89.50
143.50 89.50
144.00 90.00
144.50 90.00
145.00 90.00
145.50 90.50
146.00 90.50
146.50 90.50
147.00 91.00
147.50 91.00
148.00 91.50
148.50 91.50
149.00 92.00
149.50 92.00
150.00 92.50
150.50 92.50
151.00 93.00
151.50 93.50
152.00 93.50
152.50 94.00
153.00 94.00
153.50 94.50
154.00 95.00
154.50 95.00
155.00 95.50
155.50 96.00
156.00 96.00
156.50 96.50
157.00 97.00
157.50 97.50
158.00 98.00
158.50 98.50
159.00 99.00
159.50 99.50
160.00 100.00
160.50 100.50
161.00 101.00
161.50 101.50
162.00 102.00
162.00 102.50
162.50 103.00
163.00 103.50
163.50 104.00
163.50 104.50
164.00 105.00
164.00 105.50
164.50 106.00
165.00 106.50
165.00 107.00
165.00 107.50
165.50 108.00
165.50 108.50
166.00 109.00
166.00 109.50
166.50 110.00
166.50 110.50
166.50 111.00
167.00 111.50
167.00 112.00
167.00 112.50
167.00 113.00
167.50 113.50
167.50 114.00
167.50 114.50
167.50 115.00
167.50 115.50
167.50 116.00
168.00 116.50
168.00 117.00
168.00 117.50
168.00 118.00
168.00 118.50
168.00 119.00
168.00 119.50
168.00 120.00
168.00 120.50
168.00 121.00
168.00 121.50
168.00 122.00
168.00 122.50
167.50 123.00
167.50 123.50
167.50 124.00
167.50 124.50
167.50 125.00
167.00 125.50
167.00 126.00
167.00 126.50
166.50 127.00
166.50 127.50
166.00 128.00
166.00 128.50
166.00 129.00
165.50 129.50
165.50 130.00
165.00 130.50
165.00 131.00
164.50 131.50
164.50 132.00
164.00 132.50
163.50 133.00
163.50 133.50
163.00 134.00
162.50 134.50
162.00 135.00
161.50 135.50
161.00 136.00
160.50 136.50
160.00 137.00
159.50 137.00
159.00 137.50
158.50 138.00
158.00 138.50
157.50 139.00
157.00 139.00
156.50 139.50
156.00 139.50
155.50 140.00
155.00 140.50
154.50 140.50
154.00 140.50
153.50 141.00
153.00 141.00
152.50 141.00
152.00 141.50
151.50 141.50
151.00 142.00
150.50 142.00
150.00 142.00
149.50 142.50
149.00 142.50
148.50 142.50
148.00 142.50
147.50 143.00
147.00 143.00
146.50 143.00
146.00 143.00
145.50 143.00
145.00 143.50
144.50 143.50
144.00 143.50
143.50 143.50
143.00 143.50
142.50 143.50
142.00 144.00
141.50 144.00
141.00 144.00
140.50 144.00
140.00 144.00
139.50 144.00
139.00 144.00
138.50 144.00
138.00 144.00
137.50 144.00
137.00 144.00
136.50 144.00
136.00 144.00
135.50 144.00
135.00 144.00
134.50 144.00
134.00 144.00
133.50 144.00
133.00 144.00
132.50 144.00
132.00 143.50
131.50 143.50
131.00 143.50
130.50 143.50
130.00 143.50
129.50 143.00
129.00 143.00
128.50 143.00
128.00 143.00
127.50 142.50
127.00 142.50
126.50 142.50
126.00 142.00
125.50 142.00
125.00 141.50
124.50 141.50
124.00 141.50
123.50 141.00
123.00 140.50
122.50 140.50
122.00 140.50
121.50 140.00
121.00 140.00
120.50 139.50
120.00 139.00
119.50 139.00
119.00 138.50
118.50 138.00
118.00 137.50
117.50 137.00
117.00 136.50
116.50 136.00
116.00 135.50
115.50 135.00
115.00 134.50
114.50 134.00
114.00 133.50
114.00 133.00
113.50 132.50
113.00 132.00
113.00 131.50
112.50 131.00
112.50 130.50
112.00 130.00
112.00 129.50
111.50 129.00
111.50 128.50
111.00 128.00
111.00 127.50
111.00 127.00
110.50 126.50
110.50 126.00
110.50 125.50
110.00 125.00
110.00 124.50
110.00 124.00
109.50 123.50
109.50 123.00
109.00 122.50
109.00 122.00
109.00 121.50
108.50 121.00
108.50 120.50
108.50 120.00
108.00 119.50
108.00 119.00
108.00 118.50
108.00 118.00
108.00 117.50
107.50 117.00
107.50 116.50
107.50 116.00
107.50 115.50
107.50 115.00
107.00 114.50
107.00 114.00
107.00 113.50
107.00 113.00
107.00 112.50
107.00 112.00
107.00 111.50
107.00 111.00
107.00 110.50
107.00 110.00
107.00 109.50
107.00 109.00
107.00 108.50
107.00 108.00
107.00 107.50
107.00 107.00
107.50 106.50
107.50 106.00
107.50 105.50
107.50 105.00
107.50 104.50
108.00 104.00
108.00 103.50
108.00 103.00
108.50 102.50
108.50 102.00
108.50 101.50
109.00 101.00
109.50 100.50
109.50 100.00
109.50 99.50
110.00 99.00
110.50 98.50
110.50 98.00
111.00 97.50
111.50 97.00
111.50 96.50
112.00 96.00
112.50 96.00
113.00 95.50
113.50 95.00
114.00 94.50
114.50 94.00
115.00 93.50
115.50 93.50
116.00 93.00
116.50 93.00
117.00 92.50
117.50 92.50
118.00 92.00
