149.50 146.50
149.00 146.50
148.50 147.00
148.00 147.00
147.50 147.50
147.00 147.50
146.50 147.50
146.00 148.00
145.50 148.00
145.00 148.00
144.50 148.00
144.00 148.50
143.50 148.50
143.00 148.50
142.50 149.00
142.00 149.00
141.50 149.00
141.00 149.00
140.50 149.00
140.00 149.50
139.50 149.50
139.00 149.50
138.50 149.50
138.00 149.50
137.50 150.00
137.00 150.00
136.50 150.00
136.00 150.00
135.50 150.00
135.00 150.00
134.50 150.00
134.00 150.50
133.50 150.50
133.00 150.50
132.50 150.50
132.00 150.50
131.50 150.50
131.00 150.50
130.50 150.50
130.00 150.50
129.50 150.50
129.00 150.50
128.50 150.50
128.00 150.50
127.50 150.50
127.00 150.50
126.50 150.00
126.00 150.00
125.50 150.00
125.00 150.00
124.50 149.50
124.00 149.50
123.50 149.50
123.00 149.00
122.50 149.00
122.00 149.00
121.50 148.50
121.00 148.00
120.50 147.50
120.00 147.50
119.50 147.50
119.00 147.00
118.50 146.50
118.00 146.00
117.50 145.50
117.00 145.00
116.50 144.50
116.00 144.00
115.50 143.50
115.00 143.00
115.00 142.50
114.50 142.00
114.00 141.50
114.00 141.00
113.50 140.50
113.50 140.00
113.00 139.50
113.00 139.00
112.50 138.50
112.50 138.00
112.00 137.50
112.00 137.00
111.50 136.50
111.50 136.00
111.50 135.50
111.00 135.00
111.00 134.50
111.00 134.00
110.50 133.50
110.50 133.00
110.50 132.50
110.00 132.00
110.00 131.50
109.50 131.00
109.50 130.50
109.50 130.00
109.50 129.50
109.00 129.00
109.00 128.50
109.00 128.00
108.50 127.50
108.50 127.00
108.50 126.50
108.00 126.00
108.00 125.50
108.00 125.00
107.50 124.50
107.50 124.00
107.50 123.50
107.50 123.00
107.00 122.50
107.00 122.00
107.00 121.50
107.00 121.00
107.00 120.50
106.50 120.00
106.50 119.50
106.50 119.00
106.50 118.50
106.00 118.00
106.00 117.50
106.00 117.00
106.00 116.50
106.00 116.00
106.00 115.50
106.00 115.00
105.50 114.50
105.50 114.00
105.50 113.50
105.50 113.00
105.50 112.50
105.50 112.00
105.50 111.50
105.50 111.00
105.50 110.50
105.50 110.00
105.50 109.50
105.50 109.00
106.00 108.50
106.00 108.00
106.00 107.50
106.00 107.00
106.00 106.50
106.50 106.00
106.50 105.50
106.50 105.00
106.50 104.50
107.00 104.00
107.00 103.50
107.50 103.00
107.50 102.50
108.00 102.00
108.00 101.50
108.50 101.00
108.50 100.50
109.00 100.00
109.50 99.50
109.50 99.00
110.00 98.50
110.50 98.00
111.00 97.50
111.50 97.00
111.50 96.50
112.00 96.00
112.50 95.50
113.00 95.00
113.50 95.00
114.00 94.50
114.50 94.00
115.00 93.50
115.50 93.00
116.00 93.00
116.50 92.50
117.00 92.00
117.50 92.00
118.00 91.50
118.50 91.00
119.00 91.00
119.50 90.50
120.00 90.50
120.50 90.50
121.00 90.00
121.50 90.00
122.00 89.50
122.50 89.50
123.00 89.50
123.50 89.00
124.00 89.00
124.50 89.00
125.00 88.50
125.50 88.50
126.00 88.50
126.50 88.50
127.00 88.50
127.50 88.00
128.00 88.00
128.50 88.00
129.00 88.00
129.50 88.00
130.00 88.00
130.50 88.00
131.00 88.00
131.50 88.00
132.00 88.00
132.50 88.00
133.00 88.00
133.50 88.00
134.00 88.00
134.50 88.00
135.00 88.50
135.50 88.50
136.00 88.50
136.50 88.50
137.00 88.50
137.50 88.50
138.00 89.00
138.50 89.00
139.00 89.00
139.50 89.50
140.00 89.50
140.50 89.50
141.00 89.50
141.50 90.00
142.00 90.00
142.50 90.50
143.00 90.50
143.50 90.50
144.00 91.00
144.50 91.50
145.00 91.50
145.50 92.00
146.00 92.00
146.50 92.50
147.00 93.00
147.50 93.00
148.00 93.00
148.50 93.50
149.00 94.00
149.50 94.00
150.00 94.50
150.50 95.00
151.00 95.50
151.50 96.00
152.00 96.50
152.50 96.00
153.00 96.50
153.50 97.00
154.00 97.50
154.50 98.00
155.00 98.50
155.50 99.00
156.00 99.50
156.50 100.00
157.00 100.50
157.50 101.00
158.00 101.50
158.50 102.00
159.00 102.50
159.50 103.00
160.00 103.50
160.00 104.00
160.50 104.50
161.00 105.00
161.50 105.50
162.00 106.00
162.00 106.50
162.50 107.00
163.00 107.50
163.00 108.00
163.50 108.50
163.50 109.00
163.50 109.50
164.00 110.00
164.50 110.50
164.50 111.00
165.00 111.50
165.00 112.00
165.00 112.50
165.00 113.00
165.50 113.50
165.50 114.00
165.50 114.50
165.50 115.00
165.50 115.50
166.00 116.00
166.00 116.50
166.00 117.00
166.00 117.50
166.00 118.00
166.00 118.50
166.00 119.00
166.00 119.50
166.00 120.00
166.00 120.50
166.00 121.00
166.00 121.50
166.00 122.00
166.00 122.50
166.00 123.00
166.00 123.50
166.00 124.00
166.00 124.50
165.50 125.00
165.50 125.50
165.50 126.00
165.50 126.50
165.50 127.00
165.00 127.50
165.00 128.00
165.00 128.50
165.00 129.00
164.50 129.50
164.50 130.00
164.50 130.50
164.00 131.00
164.00 131.50
163.50 132.00
163.50 132.50
163.00 133.00
163.00 133.50
163.00 134.00
162.50 134.50
162.00 135.00
162.00 135.50
161.50 136.00
161.50 136.50
161.00 137.00
161.00 137.50
160.50 138.00
160.00 138.50
160.00 139.00
159.50 139.50
159.00 140.00
158.50 140.50
158.00 141.00
157.50 141.50
157.00 142.00
156.50 142.50
156.00 143.00
155.50 143.50
155.00 143.50
154.50 144.00
154.00 144.00
153.50 144.50
153.00 145.00
152.50 145.00
152.00 145.50
151.50 145.50
151.00 146.00
150.50 146.50
150.00 146.50
