152.50 109.00
152.00 109.50
151.50 109.50
151.00 110.00
150.50 110.00
150.00 110.00
149.50 110.50
149.00 110.50
148.50 110.50
148.00 111.00
147.50 111.00
147.00 111.00
146.50 111.00
146.00 111.00
145.50 111.50
145.00 111.50
144.50 111.50
144.00 111.50
143.50 111.50
143.00 111.00
142.50 110.50
142.00 110.00
142.00 109.50
141.50 109.00
141.50 108.50
141.50 108.00
141.50 107.50
141.50 107.00
141.50 106.50
142.00 106.00
142.50 105.50
143.00 105.50
143.50 105.00
144.00 105.00
144.50 105.00
145.00 105.00
145.50 105.00
146.00 105.00
146.50 105.00
147.00 105.00
147.50 105.00
148.00 105.00
148.50 105.00
149.00 105.00
149.50 105.00
150.00 105.00
150.50 105.50
151.00 106.00
151.50 106.00
152.00 106.50
152.50 107.00
153.00 107.50
153.00 108.00
153.00 108.50
