136.50 137.50
136.50 137.00
136.50 136.50
136.50 136.00
136.50 135.50
137.00 135.00
137.50 134.50
138.00 134.00
138.50 133.50
139.00 133.00
139.50 132.50
139.50 132.00
140.00 131.50
140.50 131.00
141.00 131.00
141.50 131.00
142.00 130.50
142.50 130.50
143.00 130.50
143.50 130.50
144.00 131.00
144.50 131.50
144.50 132.00
145.00 132.50
145.00 133.00
145.00 133.50
144.50 134.00
144.00 134.50
143.50 135.00
143.00 135.50
142.50 136.00
142.00 136.00
141.50 136.50
141.00 137.00
140.50 137.00
140.00 137.50
139.50 138.00
139.00 138.00
138.50 138.50
138.00 138.50
137.50 138.50
137.00 138.00
