154.50 110.00
154.50 110.50
155.00 111.00
155.50 111.50
155.50 112.00
155.50 112.50
156.00 113.00
156.00 113.50
156.00 114.00
156.50 114.50
156.50 115.00
156.50 115.50
156.50 116.00
157.00 116.50
157.00 117.00
157.00 117.50
157.00 118.00
157.00 118.50
157.00 119.00
157.00 119.50
157.00 120.00
157.00 120.50
157.00 121.00
156.50 121.50
156.50 122.00
156.50 122.50
156.50 123.00
156.00 123.50
156.00 124.00
155.50 124.50
155.50 125.00
155.50 125.50
155.00 126.00
155.00 126.50
154.50 127.00
154.00 127.50
154.00 128.00
153.50 128.50
153.00 129.00
152.50 129.50
152.00 130.00
151.50 130.50
151.00 131.00
150.50 131.50
150.00 132.00
149.50 132.50
149.00 132.50
148.50 133.00
148.00 133.50
147.50 133.50
147.00 134.00
146.50 134.00
146.00 134.50
145.50 134.50
145.00 134.50
144.50 135.00
144.00 135.00
143.50 135.00
143.00 135.50
142.50 135.50
142.00 135.50
141.50 135.50
141.00 136.00
140.50 136.00
140.00 136.00
139.50 136.00
139.00 136.00
138.50 136.00
138.00 136.00
137.50 136.00
137.00 136.00
136.50 136.00
136.00 136.00
135.50 136.00
135.00 136.00
134.50 136.00
134.00 136.00
133.50 136.00
133.00 136.00
132.50 136.00
132.00 136.00
131.50 135.50
131.00 135.50
130.50 135.50
130.00 135.00
129.50 135.00
129.00 135.00
128.50 135.00
128.00 134.50
127.50 134.50
127.00 134.00
126.50 134.00
126.00 133.50
125.50 133.00
125.00 133.00
124.50 132.50
124.00 132.00
123.50 132.00
123.00 131.50
122.50 131.00
122.00 130.50
121.50 130.50
121.00 130.00
121.00 129.50
120.50 129.00
120.00 128.50
119.50 128.00
119.50 127.50
119.00 127.00
119.00 126.50
119.00 126.00
118.50 125.50
118.00 125.00
118.00 124.50
118.00 124.00
118.00 123.50
117.50 123.00
117.50 122.50
117.50 122.00
117.00 121.50
117.00 121.00
117.00 120.50
116.50 120.00
116.50 119.50
116.50 119.00
116.50 118.50
116.00 118.00
116.00 117.50
116.00 117.00
116.00 116.50
116.00 116.00
116.00 115.50
116.00 115.00
116.00 114.50
116.00 114.00
116.00 113.50
116.00 113.00
116.00 112.50
116.00 112.00
116.00 111.50
116.00 111.00
116.00 110.50
116.50 110.00
116.50 109.50
116.50 109.00
117.00 108.50
117.50 108.00
118.00 107.50
118.50 107.00
119.00 106.50
119.50 106.00
120.00 105.50
120.50 105.00
121.00 104.50
121.50 104.50
122.00 104.00
122.50 104.00
123.00 103.50
123.50 103.00
124.00 103.00
124.50 102.50
125.00 102.50
125.50 102.50
126.00 102.00
126.50 101.50
127.00 101.50
127.50 101.50
128.00 101.00
128.50 101.00
129.00 101.00
129.50 100.50
130.00 100.50
130.50 100.50
131.00 100.50
131.50 100.00
132.00 100.00
132.50 100.00
133.00 100.00
133.50 100.00
134.00 100.00
134.50 100.00
135.00 100.00
135.50 100.00
136.00 100.00
136.50 100.00
137.00 100.00
137.50 100.00
138.00 100.00
138.50 100.00
139.00 100.00
139.50 100.50
140.00 100.50
140.50 100.50
141.00 100.50
141.50 100.50
142.00 101.00
142.50 101.00
143.00 101.00
143.50 101.50
144.00 101.50
144.50 101.50
145.00 102.00
145.50 102.50
146.00 102.50
146.50 102.50
147.00 103.00
147.50 103.50
148.00 104.00
148.50 104.00
149.00 104.00
149.50 104.50
150.00 105.00
150.50 105.50
151.00 106.00
151.50 106.50
152.00 107.00
152.50 107.50
153.00 108.00
153.00 108.50
153.50 109.00
154.00 109.50
