122.50 119.50
123.00 119.00
123.50 118.50
124.00 118.50
124.50 118.00
125.00 118.00
125.50 117.50
126.00 117.00
126.50 117.00
127.00 117.00
127.50 116.50
128.00 116.50
128.50 116.00
129.00 116.00
129.50 116.00
130.00 116.00
130.50 116.00
131.00 115.50
131.50 115.50
132.00 115.50
132.50 115.50
133.00 115.50
133.50 115.50
134.00 115.50
134.50 116.00
135.00 116.00
135.50 116.00
136.00 116.00
136.50 116.00
137.00 116.50
137.50 116.50
138.00 117.00
138.50 117.00
139.00 117.00
139.50 117.50
140.00 117.50
140.50 118.00
141.00 118.50
141.50 119.00
142.00 119.00
142.50 119.50
143.00 120.00
143.50 120.50
144.00 121.00
144.50 121.50
144.50 122.00
145.00 122.50
145.00 123.00
145.50 123.50
146.00 124.00
146.00 124.50
146.00 125.00
146.50 125.50
146.50 126.00
146.50 126.50
146.50 127.00
146.50 127.50
146.50 128.00
146.50 128.50
146.50 129.00
146.50 129.50
146.50 130.00
146.50 130.50
146.50 131.00
146.50 131.50
146.50 132.00
146.00 132.50
146.00 133.00
146.00 133.50
146.00 134.00
145.50 134.50
145.50 135.00
145.50 135.50
145.00 136.00
144.50 136.50
144.50 137.00
144.00 137.50
144.00 138.00
144.00 138.50
143.50 139.00
143.00 139.50
142.50 140.00
142.50 140.50
142.00 141.00
141.50 141.00
141.00 141.50
140.50 142.00
140.00 142.50
139.50 143.00
139.00 143.00
138.50 143.50
138.00 144.00
137.50 144.00
137.00 144.00
136.50 144.50
136.00 144.50
135.50 144.50
135.00 145.00
134.50 145.00
134.00 145.00
133.50 145.00
133.00 145.00
132.50 145.00
132.00 145.00
131.50 145.00
131.00 145.00
130.50 145.00
130.00 145.00
129.50 145.00
129.00 145.00
128.50 145.00
128.00 144.50
127.50 144.50
127.00 144.50
126.50 144.00
126.00 143.50
125.50 143.50
125.00 143.00
124.50 142.50
124.00 142.00
123.50 142.00
123.00 141.50
122.50 141.00
122.00 140.50
121.50 140.00
121.00 139.50
120.50 139.00
120.50 138.50
120.00 138.00
120.00 137.50
119.50 137.00
119.50 136.50
119.00 136.00
119.00 135.50
119.00 135.00
118.50 134.50
118.50 134.00
118.50 133.50
118.50 133.00
118.50 132.50
118.50 132.00
118.50 131.50
118.50 131.00
118.50 130.50
118.50 130.00
119.00 129.50
119.00 129.00
119.00 128.50
119.00 128.00
119.00 127.50
119.00 127.00
119.00 126.50
119.00 126.00
119.50 125.50
119.50 125.00
119.50 124.50
120.00 124.00
120.00 123.50
120.50 123.00
120.50 122.50
121.00 122.00
121.00 121.50
121.50 121.00
122.00 120.50
122.50 120.00
