122.50 136.50
122.50 136.00
122.50 135.50
122.00 135.00
122.00 134.50
122.00 134.00
122.00 133.50
122.00 133.00
122.00 132.50
122.00 132.00
122.00 131.50
122.00 131.00
122.50 130.50
122.50 130.00
123.00 129.50
123.00 129.00
123.50 128.50
124.00 128.00
124.50 127.50
125.00 127.50
125.50 127.50
126.00 127.00
126.50 127.00
127.00 127.00
127.50 127.00
128.00 127.00
128.50 127.00
129.00 127.00
129.50 127.00
130.00 127.00
130.50 127.50
131.00 128.00
131.50 128.00
132.00 128.50
132.50 129.00
133.00 129.50
133.50 130.00
133.50 130.50
134.00 131.00
134.50 131.50
134.50 132.00
135.00 132.50
135.00 133.00
135.00 133.50
135.50 134.00
135.50 134.50
135.50 135.00
135.50 135.50
135.50 136.00
136.00 136.50
136.00 137.00
136.00 137.50
136.00 138.00
135.50 138.50
135.50 139.00
135.50 139.50
135.50 140.00
135.50 140.50
135.00 141.00
135.00 141.50
135.00 142.00
135.00 142.50
134.50 143.00
134.50 143.50
134.00 144.00
133.50 144.50
133.50 145.00
133.00 145.50
132.50 146.00
132.00 146.50
131.50 146.50
131.00 147.00
130.50 147.00
130.00 147.00
129.50 147.00
129.00 147.00
128.50 146.50
128.00 146.50
127.50 146.00
127.00 146.00
126.50 145.50
126.00 145.00
125.50 144.50
125.00 144.00
125.00 143.50
124.50 143.00
124.50 142.50
124.00 142.00
124.00 141.50
124.00 141.00
123.50 140.50
123.50 140.00
123.50 139.50
123.00 139.00
123.00 138.50
123.00 138.00
122.50 137.50
122.50 137.00
