132.50 148.50
132.00 148.50
131.50 148.00
131.00 148.00
130.50 148.00
130.00 148.00
129.50 147.50
129.00 147.50
128.50 147.50
128.00 147.00
127.50 147.00
127.00 146.50
126.50 146.50
126.00 146.00
125.50 145.50
125.00 145.50
124.50 145.00
124.00 144.50
123.50 144.00
123.00 143.50
122.50 143.00
122.00 142.50
121.50 142.00
121.50 141.50
121.50 141.00
121.00 140.50
120.50 140.00
120.50 139.50
120.00 139.00
120.00 138.50
119.50 138.00
119.50 137.50
119.50 137.00
119.00 136.50
119.00 136.00
119.00 135.50
118.50 135.00
118.50 134.50
118.50 134.00
118.00 133.50
118.00 133.00
118.00 132.50
118.00 132.00
118.00 131.50
118.00 131.00
118.00 130.50
118.00 130.00
118.00 129.50
118.00 129.00
118.00 128.50
118.00 128.00
118.50 127.50
118.50 127.00
118.50 126.50
119.00 126.00
119.00 125.50
119.00 125.00
119.50 124.50
119.50 124.00
119.50 123.50
120.00 123.00
120.50 122.50
120.50 122.00
121.00 121.50
121.00 121.00
121.50 120.50
122.00 120.00
122.00 119.50
122.50 119.00
123.00 118.50
123.50 118.00
124.00 117.50
124.50 117.00
125.00 116.50
125.50 116.00
126.00 115.50
126.50 115.00
127.00 115.00
127.50 115.00
128.00 114.50
128.50 114.00
129.00 113.50
129.50 113.50
130.00 113.00
130.50 113.00
131.00 113.00
131.50 112.50
132.00 112.50
132.50 112.50
133.00 112.50
133.50 112.00
134.00 112.00
134.50 112.00
135.00 112.00
135.50 112.00
136.00 112.00
136.50 112.00
137.00 112.00
137.50 112.00
138.00 112.00
138.50 112.50
139.00 112.50
139.50 112.50
140.00 113.00
140.50 113.00
141.00 113.00
141.50 113.50
142.00 113.50
142.50 114.00
143.00 114.50
143.50 114.50
144.00 115.00
144.50 115.00
145.00 115.50
145.50 116.00
146.00 116.50
146.50 117.00
147.00 117.50
147.50 118.00
148.00 118.50
148.50 119.00
149.00 119.50
149.00 120.00
149.50 120.50
150.00 121.00
150.50 121.50
151.00 122.00
151.00 122.50
151.50 123.00
151.50 123.50
152.00 124.00
152.00 124.50
152.50 125.00
152.50 125.50
153.00 126.00
153.00 126.50
153.00 127.00
153.50 127.50
153.50 128.00
153.50 128.50
154.00 129.00
154.00 129.50
154.00 130.00
154.00 130.50
154.00 131.00
154.00 131.50
154.00 132.00
154.00 132.50
154.00 133.00
154.00 133.50
154.00 134.00
154.00 134.50
154.00 135.00
154.00 135.50
153.50 136.00
153.50 136.50
153.50 137.00
153.00 137.50
153.00 138.00
153.00 138.50
152.50 139.00
152.50 139.50
152.00 140.00
152.00 140.50
151.50 141.00
151.00 141.50
151.00 142.00
150.50 142.50
150.00 143.00
149.50 143.50
149.00 144.00
148.50 144.50
148.00 145.00
147.50 145.50
147.00 146.00
146.50 146.50
146.00 146.50
145.50 147.00
145.00 147.00
144.50 147.00
144.00 147.50
143.50 147.50
143.00 147.50
142.50 148.00
142.00 148.00
141.50 148.00
141.00 148.50
140.50 148.50
140.00 148.50
139.50 148.50
139.00 148.50
138.50 148.50
138.00 148.50
137.50 148.50
137.00 148.50
136.50 148.50
136.00 148.50
135.50 148.50
135.00 148.50
134.50 148.50
134.00 148.50
133.50 148.50
133.00 148.50
