148.50 117.00
149.00 117.50
149.50 118.00
150.00 118.50
150.50 119.00
151.00 119.50
151.50 120.00
151.50 120.50
152.00 121.00
152.50 121.50
153.00 122.00
153.00 122.50
153.50 123.00
154.00 123.50
154.00 124.00
154.50 124.50
154.50 125.00
155.00 125.50
155.00 126.00
155.50 126.50
155.50 127.00
155.50 127.50
155.50 128.00
156.00 128.50
156.00 129.00
156.00 129.50
156.00 130.00
156.00 130.50
156.00 131.00
156.00 131.50
156.00 132.00
156.00 132.50
156.00 133.00
155.50 133.50
155.50 134.00
155.50 134.50
155.50 135.00
155.00 135.50
155.00 136.00
155.00 136.50
154.50 137.00
154.50 137.50
154.50 138.00
154.00 138.50
154.00 139.00
153.50 139.50
153.50 140.00
153.00 140.50
152.50 141.00
152.50 141.50
152.00 142.00
151.50 142.50
151.00 143.00
151.00 143.50
150.50 144.00
150.00 144.50
149.50 145.00
149.00 145.50
148.50 146.00
148.00 146.50
147.50 146.50
147.00 146.50
146.50 147.00
146.00 147.50
145.50 147.50
145.00 148.00
144.50 148.00
144.00 148.50
143.50 148.50
143.00 148.50
142.50 149.00
142.00 149.00
141.50 149.00
141.00 149.50
140.50 149.50
140.00 149.50
139.50 150.00
139.00 150.00
138.50 150.00
138.00 150.00
137.50 150.00
137.00 150.00
136.50 150.00
136.00 150.00
135.50 150.00
135.00 150.00
134.50 150.00
134.00 150.00
133.50 150.00
133.00 150.00
132.50 149.50
132.00 149.50
131.50 149.50
131.00 149.00
130.50 149.00
130.00 149.00
129.50 149.00
129.00 148.50
128.50 148.50
128.00 148.50
127.50 148.00
127.00 147.50
126.50 147.50
126.00 147.00
125.50 146.50
125.00 146.00
124.50 146.00
124.00 145.50
123.50 145.00
123.00 144.50
122.50 144.00
122.00 143.50
121.50 143.00
121.00 142.50
120.50 142.00
120.50 141.50
120.00 141.00
119.50 140.50
119.50 140.00
119.00 139.50
119.00 139.00
118.50 138.50
118.50 138.00
118.00 137.50
118.00 137.00
118.00 136.50
117.50 136.00
117.50 135.50
117.50 135.00
117.50 134.50
117.50 134.00
117.00 133.50
117.00 133.00
117.00 132.50
117.00 132.00
117.00 131.50
117.00 131.00
117.00 130.50
117.00 130.00
117.00 129.50
117.00 129.00
117.50 128.50
117.50 128.00
117.50 127.50
117.50 127.00
118.00 126.50
118.00 126.00
118.00 125.50
118.50 125.00
118.50 124.50
119.00 124.00
119.00 123.50
119.50 123.00
119.50 122.50
120.00 122.00
120.50 121.50
121.00 121.00
121.50 120.50
121.50 120.00
122.00 119.50
122.00 119.00
122.50 118.50
123.00 118.00
123.50 118.00
124.00 117.50
124.50 117.50
125.00 117.00
125.50 116.50
126.00 116.00
126.50 116.00
127.00 115.50
127.50 115.50
128.00 115.50
128.50 115.00
129.00 115.00
129.50 114.50
130.00 114.50
130.50 114.50
131.00 114.00
131.50 114.00
132.00 114.00
132.50 113.50
133.00 113.50
133.50 113.50
134.00 113.50
134.50 113.50
135.00 113.00
135.50 113.00
136.00 113.00
136.50 113.00
137.00 113.00
137.50 113.00
138.00 113.00
138.50 113.00
139.00 113.00
139.50 113.00
140.00 113.50
140.50 113.50
141.00 113.50
141.50 113.50
142.00 114.00
142.50 114.00
143.00 114.00
143.50 114.00
144.00 114.50
144.50 114.50
145.00 115.00
145.50 115.00
146.00 115.50
146.50 115.50
147.00 116.00
147.50 116.00
148.00 116.00
148.50 116.50
