134.00 117.00
134.50 117.00
135.00 117.50
135.50 117.50
136.00 117.50
136.50 118.00
137.00 118.00
137.50 118.50
138.00 119.00
138.50 119.00
139.00 119.50
139.50 120.00
140.00 120.50
140.50 121.00
141.00 121.50
141.50 122.00
142.00 122.50
142.50 123.00
142.50 123.50
143.00 124.00
143.50 124.50
143.50 125.00
143.50 125.50
144.00 126.00
144.50 126.50
144.50 127.00
144.50 127.50
145.00 128.00
145.00 128.50
145.00 129.00
145.00 129.50
145.00 130.00
145.00 130.50
145.50 131.00
145.50 131.50
145.50 132.00
145.50 132.50
145.50 133.00
145.50 133.50
145.50 134.00
145.50 134.50
145.50 135.00
145.50 135.50
145.50 136.00
145.50 136.50
145.50 137.00
145.50 137.50
145.50 138.00
145.00 138.50
145.00 139.00
145.00 139.50
145.00 140.00
144.50 140.50
144.50 141.00
144.50 141.50
144.00 142.00
144.00 142.50
144.00 143.00
143.50 143.50
143.00 144.00
143.00 144.50
143.00 145.00
142.50 145.50
142.00 146.00
141.50 146.50
141.00 147.00
140.50 147.50
140.00 148.00
139.50 148.00
139.00 148.50
138.50 149.00
138.00 149.00
137.50 149.50
137.00 149.50
136.50 150.00
136.00 150.00
135.50 150.00
135.00 150.50
134.50 150.50
134.00 150.50
133.50 150.50
133.00 150.50
132.50 150.50
132.00 150.50
131.50 150.50
131.00 150.50
130.50 150.50
130.00 150.50
129.50 150.50
129.00 150.00
128.50 150.00
128.00 149.50
127.50 149.50
127.00 149.50
126.50 149.00
126.00 148.50
125.50 148.00
125.00 148.00
124.50 147.50
124.00 147.00
123.50 146.50
123.00 146.00
123.00 145.50
122.50 145.00
122.00 144.50
121.50 144.00
121.00 143.50
121.00 143.00
120.50 142.50
120.50 142.00
120.00 141.50
119.50 141.00
119.50 140.50
119.50 140.00
119.00 139.50
119.00 139.00
118.50 138.50
118.50 138.00
118.50 137.50
118.50 137.00
118.50 136.50
118.00 136.00
118.00 135.50
118.00 135.00
118.00 134.50
118.00 134.00
118.00 133.50
118.00 133.00
118.00 132.50
118.00 132.00
118.00 131.50
118.00 131.00
118.00 130.50
118.00 130.00
118.00 129.50
118.50 129.00
118.50 128.50
118.50 128.00
118.50 127.50
119.00 127.00
119.00 126.50
119.00 126.00
119.50 125.50
119.50 125.00
120.00 124.50
120.00 124.00
120.50 123.50
120.50 123.00
121.00 122.50
121.50 122.00
121.50 121.50
122.00 121.00
122.50 121.00
123.00 120.50
123.50 120.00
124.00 119.50
124.50 119.00
125.00 119.00
125.50 118.50
126.00 118.00
126.50 118.00
127.00 118.00
127.50 117.50
128.00 117.50
128.50 117.50
129.00 117.00
129.50 117.00
130.00 117.00
130.50 117.00
131.00 117.00
131.50 117.00
132.00 117.00
132.50 117.00
133.00 117.00
133.50 117.00
