135.00 112.00
135.50 112.00
136.00 112.00
136.50 112.00
137.00 112.00
137.50 112.00
138.00 112.00
138.50 112.00
139.00 112.00
139.50 112.00
140.00 112.00
140.50 112.00
141.00 112.50
141.50 112.50
142.00 112.50
142.50 112.50
143.00 113.00
143.50 113.00
144.00 113.50
144.50 113.50
145.00 113.50
145.50 114.00
146.00 114.00
146.50 114.50
147.00 114.50
147.50 115.00
148.00 115.50
148.50 115.50
149.00 116.00
149.50 116.50
150.00 117.00
150.50 117.50
151.00 118.00
151.50 118.50
152.00 119.00
152.50 119.50
152.50 120.00
153.00 120.50
153.50 121.00
153.50 121.50
154.00 122.00
154.00 122.50
154.00 123.00
154.50 123.50
154.50 124.00
155.00 124.50
155.00 125.00
155.00 125.50
155.00 126.00
155.50 126.50
155.50 127.00
155.50 127.50
155.50 128.00
155.50 128.50
155.50 129.00
155.50 129.50
155.50 130.00
155.50 130.50
155.50 131.00
155.50 131.50
155.50 132.00
155.50 132.50
155.50 133.00
155.50 133.50
155.00 134.00
155.00 134.50
155.00 135.00
155.00 135.50
154.50 136.00
154.50 136.50
154.00 137.00
154.00 137.50
154.00 138.00
153.50 138.50
153.50 139.00
153.00 139.50
153.00 140.00
152.50 140.50
152.00 141.00
151.50 141.50
151.00 142.00
151.00 142.50
150.50 143.00
150.00 143.50
149.50 144.00
149.00 144.00
148.50 144.50
148.00 145.00
147.50 145.50
147.00 145.50
146.50 146.00
146.00 146.00
145.50 146.00
145.00 146.50
144.50 147.00
144.00 147.00
143.50 147.00
143.00 147.50
142.50 147.50
142.00 147.50
141.50 147.50
141.00 148.00
140.50 148.00
140.00 148.00
139.50 148.00
139.00 148.00
138.50 148.00
138.00 148.00
137.50 148.50
137.00 148.50
136.50 148.50
136.00 148.50
135.50 148.00
135.00 148.00
134.50 148.00
134.00 148.00
133.50 148.00
133.00 148.00
132.50 148.00
132.00 147.50
131.50 147.50
131.00 147.50
130.50 147.50
130.00 147.50
129.50 147.00
129.00 147.00
128.50 146.50
128.00 146.50
127.50 146.50
127.00 146.00
126.50 145.50
126.00 145.50
125.50 145.50
125.00 145.00
124.50 144.50
124.00 144.50
123.50 144.00
123.00 143.50
122.50 143.00
122.00 143.00
121.50 142.50
121.00 142.00
121.00 141.50
120.50 141.00
120.00 140.50
119.50 140.00
119.50 139.50
119.00 139.00
118.50 138.50
118.50 138.00
118.00 137.50
118.00 137.00
117.50 136.50
117.50 136.00
117.50 135.50
117.00 135.00
117.00 134.50
117.00 134.00
117.00 133.50
116.50 133.00
116.50 132.50
116.50 132.00
116.50 131.50
116.50 131.00
116.50 130.50
116.50 130.00
116.50 129.50
116.50 129.00
116.50 128.50
116.50 128.00
116.50 127.50
117.00 127.00
117.00 126.50
117.00 126.00
117.00 125.50
117.50 125.00
117.50 124.50
117.50 124.00
118.00 123.50
118.50 123.00
118.50 122.50
118.50 122.00
119.00 121.50
119.50 121.00
119.50 120.50
120.00 120.00
120.50 119.50
121.00 119.00
121.50 118.50
122.00 118.00
122.50 117.50
123.00 117.00
123.50 116.50
124.00 116.00
124.50 115.50
125.00 115.50
125.50 115.00
126.00 115.00
126.50 114.50
127.00 114.00
127.50 114.00
128.00 113.50
128.50 113.50
129.00 113.50
129.50 113.00
130.00 113.00
130.50 113.00
131.00 112.50
131.50 112.50
132.00 112.50
132.50 112.50
133.00 112.00
133.50 112.00
134.00 112.00
134.50 112.00
