144.00 128.00
143.50 128.00
143.00 127.50
142.50 127.50
142.00 127.50
141.50 127.50
141.00 127.00
140.50 126.50
140.50 126.00
140.50 125.50
140.50 125.00
140.50 124.50
140.50 124.00
140.50 123.50
140.50 123.00
140.50 122.50
141.00 122.00
141.50 122.00
142.00 122.00
142.50 122.00
143.00 122.50
143.50 122.50
144.00 122.50
144.50 123.00
145.00 123.00
145.50 123.50
146.00 124.00
146.50 124.50
146.50 125.00
146.50 125.50
146.50 126.00
146.00 126.50
146.00 127.00
145.50 127.50
145.50 128.00
145.50 128.50
146.00 129.00
146.50 129.00
147.00 129.00
147.50 129.50
148.00 129.50
148.50 129.50
149.00 130.00
149.50 130.50
149.50 131.00
149.50 131.50
149.50 132.00
149.50 132.50
149.50 133.00
149.00 133.50
149.00 134.00
149.00 134.50
148.50 135.00
148.00 135.50
147.50 136.00
147.00 136.50
146.50 136.50
146.00 136.50
145.50 136.00
145.50 135.50
145.00 135.00
145.00 134.50
145.00 134.00
145.00 133.50
145.00 133.00
145.00 132.50
145.00 132.00
145.00 131.50
145.00 131.00
145.00 130.50
145.00 130.00
145.00 129.50
144.50 129.00
144.50 128.50
