132.50 107.50
133.00 107.50
133.50 107.50
134.00 107.50
134.50 107.50
135.00 107.50
135.50 107.50
136.00 107.50
136.50 107.50
137.00 107.50
137.50 107.50
138.00 107.50
138.50 108.00
139.00 108.00
139.50 108.00
140.00 108.50
140.50 108.50
141.00 108.50
141.50 108.50
142.00 109.00
142.50 109.00
143.00 109.50
143.50 109.50
144.00 110.00
144.50 110.50
145.00 110.50
145.50 111.00
146.00 111.50
146.50 111.50
147.00 112.00
147.50 112.50
148.00 113.00
148.50 113.00
149.00 113.50
149.50 114.00
150.00 114.50
150.50 115.00
151.00 115.50
151.00 116.00
151.50 116.50
152.00 117.00
152.50 117.50
152.50 118.00
153.00 118.50
153.50 119.00
153.50 119.50
154.00 120.00
154.50 120.50
154.50 121.00
155.00 121.50
155.00 122.00
155.50 122.50
155.50 123.00
155.50 123.50
156.00 124.00
156.00 124.50
156.00 125.00
156.00 125.50
156.50 126.00
156.50 126.50
156.50 127.00
156.50 127.50
156.50 128.00
157.00 128.50
157.00 129.00
157.00 129.50
157.00 130.00
157.00 130.50
157.00 131.00
157.00 131.50
157.00 132.00
157.00 132.50
157.00 133.00
157.00 133.50
157.00 134.00
157.00 134.50
156.50 135.00
156.50 135.50
156.50 136.00
156.50 136.50
156.50 137.00
156.00 137.50
156.00 138.00
156.00 138.50
156.00 139.00
155.50 139.50
155.50 140.00
155.50 140.50
155.00 141.00
155.00 141.50
154.50 142.00
154.50 142.50
154.00 143.00
153.50 143.50
153.50 144.00
153.50 144.50
153.00 145.00
152.50 145.50
152.50 146.00
152.00 146.50
151.50 147.00
151.00 147.50
150.50 148.00
150.00 148.50
149.50 149.00
149.00 149.50
148.50 150.00
148.00 150.00
147.50 150.50
147.00 151.00
146.50 151.50
146.00 151.50
145.50 152.00
145.00 152.00
144.50 152.50
144.00 152.50
143.50 153.00
143.00 153.00
142.50 153.00
142.00 153.50
141.50 153.50
141.00 153.50
140.50 154.00
140.00 154.00
139.50 154.00
139.00 154.00
138.50 154.00
138.00 154.00
137.50 154.50
137.00 154.50
136.50 154.50
136.00 154.50
135.50 154.50
135.00 154.50
134.50 154.50
134.00 154.50
133.50 154.50
133.00 154.50
132.50 154.50
132.00 154.50
131.50 154.50
131.00 154.50
130.50 154.50
130.00 154.00
129.50 154.00
129.00 154.00
128.50 154.00
128.00 154.00
127.50 154.00
127.00 153.50
126.50 153.50
126.00 153.50
125.50 153.50
125.00 153.00
124.50 153.00
124.00 153.00
123.50 152.50
123.00 152.50
122.50 152.00
122.00 152.00
121.50 151.50
121.00 151.50
120.50 151.00
120.00 151.00
119.50 150.50
119.00 150.50
118.50 150.00
118.00 149.50
117.50 149.00
117.00 148.50
116.50 148.00
116.00 147.50
115.50 147.00
115.50 146.50
115.00 146.00
115.00 145.50
114.50 145.00
114.00 144.50
114.00 144.00
113.50 143.50
113.50 143.00
113.50 142.50
113.50 142.00
113.00 141.50
113.00 141.00
113.00 140.50
113.00 140.00
113.00 139.50
112.50 139.00
112.50 138.50
112.50 138.00
112.50 137.50
112.50 137.00
112.50 136.50
112.50 136.00
112.50 135.50
112.50 135.00
112.50 134.50
112.50 134.00
112.50 133.50
112.50 133.00
112.50 132.50
113.00 132.00
113.00 131.50
113.00 131.00
113.00 130.50
113.00 130.00
113.00 129.50
113.50 129.00
113.50 128.50
113.50 128.00
113.50 127.50
114.00 127.00
114.00 126.50
114.00 126.00
114.00 125.50
114.50 125.00
114.50 124.50
114.50 124.00
115.00 123.50
115.00 123.00
115.50 122.50
115.50 122.00
115.50 121.50
116.00 121.00
116.00 120.50
116.50 120.00
117.00 119.50
117.00 119.00
117.50 118.50
117.50 118.00
118.00 117.50
118.00 117.00
118.50 116.50
119.00 116.00
119.50 115.50
120.00 115.00
120.50 114.50
121.00 114.00
121.50 113.50
122.00 113.00
122.50 112.50
123.00 112.00
123.50 111.50
124.00 111.00
124.50 111.00
125.00 110.50
125.50 110.00
126.00 110.00
126.50 109.50
127.00 109.50
127.50 109.00
128.00 108.50
128.50 108.50
129.00 108.50
129.50 108.00
130.00 108.00
130.50 108.00
131.00 107.50
131.50 107.50
132.00 107.50
