133.00 113.00
133.50 113.00
134.00 113.00
134.50 113.00
135.00 113.00
135.50 113.00
136.00 113.00
136.50 113.00
137.00 113.00
137.50 113.00
138.00 113.00
138.50 113.00
139.00 113.50
139.50 113.50
140.00 113.50
140.50 114.00
141.00 114.00
141.50 114.50
142.00 114.50
142.50 114.50
143.00 115.00
143.50 115.50
144.00 116.00
144.50 116.50
145.00 116.50
145.50 117.00
146.00 117.50
146.00 118.00
146.50 118.50
147.00 119.00
147.50 119.50
147.50 120.00
148.00 120.50
148.50 121.00
148.50 121.50
148.50 122.00
149.00 122.50
149.00 123.00
149.50 123.50
150.00 124.00
150.00 124.50
150.00 125.00
150.50 125.50
151.00 126.00
151.00 126.50
151.00 127.00
151.50 127.50
151.50 128.00
151.50 128.50
152.00 129.00
152.00 129.50
152.00 130.00
152.00 130.50
152.50 131.00
152.50 131.50
152.50 132.00
152.50 132.50
152.50 133.00
152.50 133.50
152.50 134.00
152.50 134.50
152.50 135.00
152.50 135.50
152.50 136.00
152.00 136.50
152.00 137.00
152.00 137.50
151.50 138.00
151.50 138.50
151.00 139.00
151.00 139.50
151.00 140.00
150.50 140.50
150.00 141.00
149.50 141.50
149.50 142.00
149.00 142.50
148.50 143.00
148.00 143.50
148.00 144.00
147.50 144.50
147.00 144.50
146.50 145.00
146.00 145.50
145.50 146.00
145.00 146.00
144.50 146.50
144.00 147.00
143.50 147.00
143.00 147.50
142.50 147.50
142.00 148.00
141.50 148.00
141.00 148.50
140.50 148.50
140.00 148.50
139.50 148.50
139.00 148.50
138.50 149.00
138.00 149.00
137.50 149.00
137.00 149.00
136.50 149.00
136.00 149.00
135.50 149.00
135.00 149.00
134.50 149.00
134.00 149.00
133.50 149.00
133.00 149.00
132.50 149.00
132.00 149.00
131.50 148.50
131.00 148.50
130.50 148.50
130.00 148.00
129.50 148.00
129.00 148.00
128.50 147.50
128.00 147.50
127.50 147.00
127.00 147.00
126.50 147.00
126.00 146.50
125.50 146.50
125.00 146.00
124.50 145.50
124.00 145.00
123.50 144.50
123.00 144.50
122.50 144.00
122.00 143.50
121.50 143.00
121.00 142.50
120.50 142.00
120.00 141.50
119.50 141.00
119.50 140.50
119.50 140.00
119.00 139.50
118.50 139.00
118.50 138.50
118.50 138.00
118.00 137.50
118.00 137.00
118.00 136.50
118.00 136.00
117.50 135.50
117.50 135.00
117.50 134.50
117.50 134.00
117.50 133.50
117.50 133.00
117.50 132.50
117.50 132.00
117.50 131.50
117.50 131.00
117.50 130.50
117.50 130.00
117.50 129.50
118.00 129.00
118.00 128.50
118.00 128.00
118.00 127.50
118.50 127.00
118.50 126.50
118.50 126.00
119.00 125.50
119.00 125.00
119.50 124.50
119.50 124.00
120.00 123.50
120.00 123.00
120.50 122.50
121.00 122.00
121.00 121.50
121.50 121.00
121.50 120.50
122.00 120.00
122.50 119.50
123.00 119.00
123.50 118.50
124.00 118.00
124.50 117.50
125.00 117.00
125.50 116.50
126.00 116.00
126.50 116.00
127.00 115.50
127.50 115.00
128.00 114.50
128.50 114.50
129.00 114.50
129.50 114.00
130.00 114.00
130.50 113.50
131.00 113.50
131.50 113.00
132.00 113.00
132.50 113.00
