128.00 143.50
127.50 143.50
127.00 143.50
126.50 143.00
126.00 143.00
125.50 142.50
125.00 142.50
124.50 142.00
124.00 141.50
123.50 141.00
123.00 140.50
122.50 140.00
122.00 139.50
121.50 139.00
121.50 138.50
121.00 138.00
120.50 137.50
120.50 137.00
120.00 136.50
120.00 136.00
119.50 135.50
119.50 135.00
119.00 134.50
119.00 134.00
118.50 133.50
118.50 133.00
118.50 132.50
118.00 132.00
118.00 131.50
118.00 131.00
118.00 130.50
118.00 130.00
118.00 129.50
118.00 129.00
118.00 128.50
118.00 128.00
118.00 127.50
118.00 127.00
118.50 126.50
118.50 126.00
118.50 125.50
119.00 125.00
119.00 124.50
119.00 124.00
119.50 123.50
120.00 123.00
120.50 122.50
121.00 122.00
121.50 121.50
122.00 121.00
122.50 120.50
123.00 120.00
123.00 119.50
123.50 119.00
124.00 119.00
124.50 119.00
125.00 119.00
125.50 119.00
126.00 119.00
126.50 119.00
127.00 119.00
127.50 119.00
128.00 119.00
128.50 119.00
129.00 119.00
129.50 119.50
130.00 119.50
130.50 119.50
131.00 120.00
131.50 120.00
132.00 120.00
132.50 120.50
133.00 120.50
133.50 121.00
134.00 121.00
134.50 121.50
135.00 121.50
135.50 122.00
136.00 122.50
136.50 123.00
137.00 123.50
137.50 124.00
138.00 124.50
138.00 125.00
138.50 125.50
139.00 126.00
139.00 126.50
139.50 127.00
139.50 127.50
139.50 128.00
139.50 128.50
140.00 129.00
140.00 129.50
140.00 130.00
140.00 130.50
140.00 131.00
140.00 131.50
140.00 132.00
140.00 132.50
140.00 133.00
140.00 133.50
140.00 134.00
140.00 134.50
139.50 135.00
139.50 135.50
139.50 136.00
139.50 136.50
139.00 137.00
139.00 137.50
139.00 138.00
139.00 138.50
138.50 139.00
138.50 139.50
138.00 140.00
137.50 140.50
137.00 141.00
136.50 141.50
136.00 142.00
135.50 142.50
135.00 142.50
134.50 143.00
134.00 143.50
133.50 143.50
133.00 143.50
132.50 143.50
132.00 143.50
131.50 144.00
131.00 144.00
130.50 143.50
130.00 143.50
129.50 143.50
129.00 143.50
128.50 143.50
