141.50 120.50
142.00 121.00
142.50 121.50
142.50 122.00
143.00 122.50
143.00 123.00
143.50 123.50
144.00 124.00
144.00 124.50
144.00 125.00
144.50 125.50
144.50 126.00
144.50 126.50
144.50 127.00
145.00 127.50
145.00 128.00
145.00 128.50
145.00 129.00
145.00 129.50
145.00 130.00
145.00 130.50
145.00 131.00
145.00 131.50
145.00 132.00
145.00 132.50
144.50 133.00
144.50 133.50
144.50 134.00
144.00 134.50
144.00 135.00
144.00 135.50
143.50 136.00
143.50 136.50
143.00 137.00
142.50 137.50
142.00 138.00
142.00 138.50
141.50 139.00
141.00 139.50
140.50 140.00
140.00 140.50
139.50 140.50
139.00 141.00
138.50 141.00
138.00 141.50
137.50 141.50
137.00 142.00
136.50 142.00
136.00 142.50
135.50 142.50
135.00 142.50
134.50 142.50
134.00 142.50
133.50 143.00
133.00 143.00
132.50 143.00
132.00 143.00
131.50 143.00
131.00 143.00
130.50 143.00
130.00 143.00
129.50 143.00
129.00 143.00
128.50 143.00
128.00 143.00
127.50 143.00
127.00 142.50
126.50 142.50
126.00 142.50
125.50 142.50
125.00 142.00
124.50 142.00
124.00 142.00
123.50 141.50
123.00 141.50
122.50 141.00
122.00 141.00
121.50 140.50
121.00 140.00
120.50 140.00
120.00 139.50
119.50 139.00
119.00 138.50
118.50 138.00
118.00 137.50
117.50 137.00
117.50 136.50
117.00 136.00
116.50 135.50
116.50 135.00
116.00 134.50
116.00 134.00
116.00 133.50
115.50 133.00
115.50 132.50
115.50 132.00
115.00 131.50
115.00 131.00
115.00 130.50
115.00 130.00
115.00 129.50
115.00 129.00
115.00 128.50
115.00 128.00
115.00 127.50
115.00 127.00
115.00 126.50
115.50 126.00
115.50 125.50
115.50 125.00
115.50 124.50
116.00 124.00
116.50 123.50
116.50 123.00
117.00 122.50
117.00 122.00
117.50 121.50
118.00 121.00
118.50 120.50
119.00 120.50
119.50 120.00
120.00 119.50
120.50 119.00
121.00 118.50
121.50 118.00
122.00 118.00
122.50 118.00
123.00 117.50
123.50 117.00
124.00 117.00
124.50 116.50
125.00 116.50
125.50 116.50
126.00 116.00
126.50 116.00
127.00 116.00
127.50 116.00
128.00 115.50
128.50 115.50
129.00 115.50
129.50 115.50
130.00 115.50
130.50 115.50
131.00 115.50
131.50 115.50
132.00 115.50
132.50 115.50
133.00 115.50
133.50 116.00
134.00 116.00
134.50 116.00
135.00 116.50
135.50 116.50
136.00 116.50
136.50 117.00
137.00 117.00
137.50 117.50
138.00 117.50
138.50 118.00
139.00 118.00
139.50 118.50
140.00 119.00
140.50 119.50
141.00 120.00
