131.50 145.00
131.00 145.00
130.50 145.00
130.00 145.00
129.50 145.00
129.00 144.50
128.50 144.50
128.00 144.00
128.00 143.50
128.00 143.00
128.00 142.50
128.00 142.00
128.50 141.50
129.00 141.00
129.50 141.00
130.00 141.00
130.50 141.00
131.00 141.00
131.50 141.00
132.00 141.50
132.50 141.50
133.00 141.50
133.50 141.50
134.00 142.00
134.50 142.00
135.00 142.00
135.50 142.00
136.00 142.50
136.50 143.00
137.00 143.00
137.50 143.50
138.00 144.00
138.00 144.50
138.00 145.00
138.00 145.50
137.50 146.00
137.00 146.50
136.50 147.00
136.00 147.50
135.50 147.50
135.00 147.50
134.50 147.50
134.00 147.00
133.50 147.00
133.00 146.50
132.50 146.00
132.00 145.50
