135.00 116.00
135.50 116.00
136.00 116.00
136.50 116.50
137.00 116.50
137.50 117.00
138.00 117.00
138.50 117.00
139.00 117.50
139.50 117.50
140.00 118.00
140.50 118.50
141.00 119.00
141.50 119.50
142.00 120.00
142.50 120.50
143.00 121.00
143.00 121.50
143.50 122.00
143.50 122.50
144.00 123.00
144.00 123.50
144.50 124.00
144.50 124.50
144.50 125.00
144.50 125.50
145.00 126.00
145.00 126.50
145.00 127.00
145.00 127.50
145.00 128.00
145.00 128.50
145.00 129.00
145.00 129.50
145.00 130.00
145.00 130.50
145.00 131.00
144.50 131.50
144.50 132.00
144.50 132.50
144.50 133.00
144.00 133.50
143.50 134.00
143.50 134.50
143.00 135.00
143.00 135.50
142.50 136.00
142.00 136.50
141.50 137.00
141.00 137.50
140.50 138.00
140.00 138.00
139.50 138.50
139.00 139.00
138.50 139.50
138.00 139.50
137.50 139.50
137.00 140.00
136.50 140.00
136.00 140.00
135.50 140.50
135.00 140.50
134.50 140.50
134.00 141.00
133.50 141.00
133.00 141.00
132.50 141.00
132.00 141.00
131.50 141.00
131.00 141.00
130.50 141.00
130.00 141.00
129.50 141.00
129.00 141.00
128.50 141.00
128.00 141.00
127.50 140.50
127.00 140.50
126.50 140.50
126.00 140.50
125.50 140.00
125.00 140.00
124.50 140.00
124.00 139.50
123.50 139.00
123.00 139.00
122.50 138.50
122.00 138.50
121.50 138.00
121.00 137.50
120.50 137.00
120.00 137.00
119.50 136.50
119.00 136.00
118.50 135.50
118.00 135.00
117.50 134.50
117.50 134.00
117.00 133.50
117.00 133.00
116.50 132.50
116.00 132.00
116.00 131.50
116.00 131.00
115.50 130.50
115.50 130.00
115.50 129.50
115.50 129.00
115.50 128.50
116.00 128.00
116.00 127.50
116.00 127.00
116.00 126.50
116.00 126.00
116.50 125.50
116.50 125.00
116.50 124.50
116.50 124.00
117.00 123.50
117.00 123.00
117.50 122.50
117.50 122.00
117.50 121.50
118.00 121.00
118.50 120.50
118.50 120.00
119.00 119.50
119.50 119.00
120.00 118.50
120.50 118.00
121.00 117.50
121.50 117.00
122.00 117.00
122.50 116.50
123.00 116.50
123.50 116.00
124.00 116.00
124.50 115.50
125.00 115.50
125.50 115.50
126.00 115.00
126.50 115.00
127.00 115.00
127.50 115.00
128.00 115.00
128.50 115.00
129.00 115.00
129.50 115.00
130.00 115.00
130.50 115.00
131.00 115.00
131.50 115.00
132.00 115.00
132.50 115.00
133.00 115.00
133.50 115.50
134.00 115.50
134.50 115.50
