138.00 118.00
138.50 118.00
139.00 118.50
139.50 118.50
140.00 118.50
140.50 119.00
141.00 119.50
141.50 119.50
142.00 120.00
142.50 120.50
143.00 121.00
143.00 121.50
143.50 122.00
144.00 122.50
144.50 123.00
144.50 123.50
145.00 124.00
145.50 124.50
145.50 125.00
145.50 125.50
146.00 126.00
146.00 126.50
146.00 127.00
146.50 127.50
146.50 128.00
146.50 128.50
146.50 129.00
146.50 129.50
146.50 130.00
146.50 130.50
146.50 131.00
146.50 131.50
146.50 132.00
146.50 132.50
146.50 133.00
146.00 133.50
146.00 134.00
146.00 134.50
145.50 135.00
145.50 135.50
145.00 136.00
145.00 136.50
144.50 137.00
144.00 137.50
144.00 138.00
143.50 138.50
143.00 139.00
142.50 139.50
142.00 140.00
141.50 140.50
141.00 141.00
140.50 141.50
140.00 141.50
139.50 142.00
139.00 142.00
138.50 142.50
138.00 143.00
137.50 143.00
137.00 143.50
136.50 143.50
136.00 143.50
135.50 144.00
135.00 144.00
134.50 144.50
134.00 144.50
133.50 145.00
133.00 145.00
132.50 145.00
132.00 145.00
131.50 145.00
131.00 145.50
130.50 145.50
130.00 145.50
129.50 145.50
129.00 145.50
128.50 145.50
128.00 145.50
127.50 145.50
127.00 145.50
126.50 145.00
126.00 145.00
125.50 145.00
125.00 144.50
124.50 144.50
124.00 144.00
123.50 143.50
123.00 143.50
122.50 143.00
122.00 142.50
121.50 142.00
121.00 141.50
120.50 141.00
120.00 140.50
119.50 140.00
119.00 139.50
119.00 139.00
118.50 138.50
118.00 138.00
118.00 137.50
117.50 137.00
117.50 136.50
117.00 136.00
117.00 135.50
117.00 135.00
117.00 134.50
116.50 134.00
116.50 133.50
116.50 133.00
116.00 132.50
116.00 132.00
116.00 131.50
116.00 131.00
116.00 130.50
116.00 130.00
116.00 129.50
116.00 129.00
116.00 128.50
116.00 128.00
116.00 127.50
116.50 127.00
116.50 126.50
116.50 126.00
116.50 125.50
117.00 125.00
117.00 124.50
117.00 124.00
117.50 123.50
117.50 123.00
118.00 122.50
118.50 122.00
119.00 121.50
119.00 121.00
119.50 120.50
120.00 120.00
120.50 119.50
121.00 119.00
121.50 118.50
122.00 118.50
122.50 118.00
123.00 118.00
123.50 117.50
124.00 117.00
124.50 117.00
125.00 117.00
125.50 116.50
126.00 116.50
126.50 116.50
127.00 116.50
127.50 116.00
128.00 116.00
128.50 116.00
129.00 116.00
129.50 116.00
130.00 116.00
130.50 116.00
131.00 116.00
131.50 116.00
132.00 116.00
132.50 116.00
133.00 116.00
133.50 116.50
134.00 116.50
134.50 116.50
135.00 116.50
135.50 117.00
136.00 117.00
136.50 117.00
137.00 117.50
137.50 117.50
