123.00 130.00
123.50 129.50
124.00 129.00
124.50 128.50
125.00 128.00
125.50 128.00
126.00 127.50
126.50 127.00
127.00 126.50
127.50 126.00
128.00 126.00
128.50 125.50
129.00 125.00
129.50 125.00
130.00 125.00
130.50 124.50
131.00 124.50
131.50 124.50
132.00 124.50
132.50 124.50
133.00 124.50
133.50 124.50
134.00 124.50
134.50 124.50
135.00 125.00
135.50 125.00
136.00 125.00
136.50 125.50
137.00 125.50
137.50 126.00
138.00 126.50
138.50 126.50
139.00 127.00
139.50 127.50
140.00 128.00
140.50 128.50
141.00 129.00
141.00 129.50
141.50 130.00
141.50 130.50
142.00 131.00
142.00 131.50
142.50 132.00
142.50 132.50
142.50 133.00
142.50 133.50
143.00 134.00
143.00 134.50
143.00 135.00
143.00 135.50
143.00 136.00
143.00 136.50
143.00 137.00
143.00 137.50
143.00 138.00
143.00 138.50
142.50 139.00
142.50 139.50
142.50 140.00
142.00 140.50
142.00 141.00
141.50 141.50
141.50 142.00
141.00 142.50
140.50 143.00
140.00 143.50
140.00 144.00
139.50 144.50
139.00 145.00
138.50 145.00
138.00 145.50
137.50 146.00
137.00 146.50
136.50 147.00
136.00 147.00
135.50 147.00
135.00 147.50
134.50 148.00
134.00 148.00
133.50 148.00
133.00 148.00
132.50 148.50
132.00 148.50
131.50 148.50
131.00 148.50
130.50 149.00
130.00 149.00
129.50 149.00
129.00 149.00
128.50 149.00
128.00 149.00
127.50 149.00
127.00 149.00
126.50 149.00
126.00 148.50
125.50 148.50
125.00 148.50
124.50 148.00
124.00 148.00
123.50 147.50
123.00 147.00
122.50 146.50
122.50 146.00
122.00 145.50
122.00 145.00
121.50 144.50
121.50 144.00
121.50 143.50
121.00 143.00
121.00 142.50
121.00 142.00
121.00 141.50
120.50 141.00
120.50 140.50
120.50 140.00
120.50 139.50
120.50 139.00
120.00 138.50
120.00 138.00
120.00 137.50
120.00 137.00
120.00 136.50
120.00 136.00
120.00 135.50
120.00 135.00
120.00 134.50
120.00 134.00
120.50 133.50
120.50 133.00
120.50 132.50
121.00 132.00
121.50 131.50
122.00 131.00
122.50 130.50
