144.00 134.50
144.00 135.00
144.00 135.50
144.00 136.00
143.50 136.50
143.50 137.00
143.50 137.50
143.50 138.00
143.00 138.50
143.00 139.00
143.00 139.50
142.50 140.00
142.50 140.50
142.00 141.00
142.00 141.50
142.00 142.00
141.50 142.50
141.50 143.00
141.00 143.50
141.00 144.00
140.50 144.50
140.00 145.00
140.00 145.50
139.50 146.00
139.00 146.50
139.00 147.00
138.50 147.50
138.00 148.00
137.50 148.50
137.00 149.00
136.50 149.00
136.00 149.50
135.50 150.00
135.00 150.00
134.50 150.50
134.00 150.50
133.50 150.50
133.00 151.00
132.50 151.00
132.00 151.00
131.50 151.00
131.00 151.00
130.50 151.00
130.00 151.00
129.50 151.00
129.00 151.00
128.50 150.50
128.00 150.50
127.50 150.00
127.00 150.00
126.50 149.50
126.00 149.50
125.50 149.00
125.00 148.50
124.50 148.00
124.00 147.50
123.50 147.00
123.00 146.50
123.00 146.00
122.50 145.50
122.00 145.00
122.00 144.50
121.50 144.00
121.00 143.50
121.00 143.00
120.50 142.50
120.50 142.00
120.00 141.50
120.00 141.00
119.50 140.50
119.50 140.00
119.50 139.50
119.00 139.00
119.00 138.50
119.00 138.00
118.50 137.50
118.50 137.00
118.50 136.50
118.50 136.00
118.50 135.50
118.50 135.00
118.50 134.50
118.50 134.00
118.50 133.50
118.50 133.00
118.50 132.50
118.50 132.00
118.50 131.50
118.50 131.00
119.00 130.50
119.00 130.00
119.00 129.50
119.50 129.00
119.50 128.50
120.00 128.00
120.00 127.50
120.50 127.00
120.50 126.50
121.00 126.00
121.50 125.50
122.00 125.00
122.50 124.50
122.50 124.00
123.00 123.50
123.50 123.50
124.00 123.50
124.50 123.00
125.00 122.50
125.50 122.00
126.00 122.00
126.50 122.00
127.00 121.50
127.50 121.50
128.00 121.50
128.50 121.50
129.00 121.00
129.50 121.00
130.00 121.00
130.50 121.00
131.00 121.00
131.50 121.00
132.00 121.00
132.50 121.00
133.00 121.50
133.50 121.50
134.00 121.50
134.50 121.50
135.00 121.50
135.50 122.00
136.00 121.50
136.50 122.00
137.00 122.00
137.50 122.50
138.00 123.00
138.50 123.50
139.00 124.00
139.50 124.50
140.00 125.00
140.50 125.50
141.00 126.00
141.50 126.50
141.50 127.00
142.00 127.50
142.50 128.00
142.50 128.50
142.50 129.00
143.00 129.50
143.00 130.00
143.00 130.50
143.50 131.00
143.50 131.50
143.50 132.00
143.50 132.50
144.00 133.00
144.00 133.50
144.00 134.00
