139.00 117.50
139.50 117.50
140.00 118.00
140.50 118.00
141.00 118.50
141.00 119.00
141.50 119.50
142.00 119.50
142.50 120.00
142.50 120.50
143.00 121.00
143.50 121.50
143.50 122.00
144.00 122.50
144.00 123.00
144.50 123.50
145.00 124.00
145.00 124.50
145.00 125.00
145.50 125.50
145.50 126.00
145.50 126.50
146.00 127.00
146.00 127.50
146.00 128.00
146.00 128.50
146.00 129.00
146.00 129.50
146.00 130.00
146.50 130.50
146.00 131.00
146.00 131.50
146.00 132.00
146.00 132.50
146.00 133.00
146.00 133.50
145.50 134.00
145.50 134.50
145.50 135.00
145.00 135.50
145.00 136.00
144.50 136.50
144.50 137.00
144.00 137.50
143.50 138.00
143.50 138.50
143.00 139.00
142.50 139.50
142.00 140.00
141.50 140.00
141.00 140.50
140.50 141.00
140.00 141.50
139.50 141.50
139.00 142.00
138.50 142.00
138.00 142.50
137.50 142.50
137.00 143.00
136.50 143.00
136.00 143.00
135.50 143.50
135.00 143.50
134.50 143.50
134.00 143.50
133.50 143.50
133.00 144.00
132.50 144.00
132.00 144.00
131.50 144.00
131.00 144.00
130.50 144.00
130.00 143.50
129.50 143.50
129.00 143.50
128.50 143.50
128.00 143.50
127.50 143.00
127.00 143.00
126.50 143.00
126.00 142.50
125.50 142.00
125.00 142.00
124.50 141.50
124.00 141.00
123.50 141.00
123.00 140.50
122.50 140.00
122.00 139.50
122.00 139.00
121.50 138.50
121.00 138.00
120.50 137.50
120.50 137.00
120.00 136.50
119.50 136.00
119.50 135.50
119.00 135.00
119.00 134.50
119.00 134.00
118.50 133.50
118.50 133.00
118.50 132.50
118.00 132.00
118.00 131.50
118.00 131.00
118.00 130.50
117.50 130.00
117.50 129.50
117.50 129.00
117.50 128.50
117.50 128.00
118.00 127.50
118.00 127.00
118.00 126.50
118.00 126.00
118.00 125.50
118.50 125.00
118.50 124.50
118.50 124.00
119.00 123.50
119.50 123.00
119.50 122.50
120.00 122.00
120.50 121.50
121.00 121.00
121.50 120.50
122.00 120.00
122.50 119.50
123.00 119.00
123.50 119.00
124.00 118.50
124.50 118.50
125.00 118.00
125.50 118.00
126.00 117.50
126.50 117.00
127.00 117.00
127.50 117.00
128.00 116.50
128.50 116.50
129.00 116.50
129.50 116.00
130.00 116.00
130.50 116.00
131.00 116.00
131.50 116.00
132.00 116.00
132.50 116.00
133.00 116.00
133.50 116.00
134.00 116.00
134.50 116.00
135.00 116.00
135.50 116.00
136.00 116.00
136.50 116.50
137.00 116.50
137.50 116.50
138.00 117.00
138.50 117.00
