133.00 116.50
133.50 116.50
134.00 116.50
134.50 116.50
135.00 117.00
135.50 117.00
136.00 117.00
136.50 117.50
137.00 117.50
137.50 117.50
138.00 118.00
138.50 118.00
139.00 118.50
139.50 118.50
140.00 119.00
140.50 119.50
141.00 119.50
141.50 120.00
142.00 120.50
142.50 121.00
143.00 121.50
143.50 122.00
144.00 122.50
144.50 123.00
145.00 123.50
145.50 124.00
146.00 124.50
146.50 125.00
146.50 125.50
147.00 126.00
147.50 126.50
147.50 127.00
147.50 127.50
148.00 128.00
148.00 128.50
148.00 129.00
148.50 129.50
148.50 130.00
148.50 130.50
148.50 131.00
148.50 131.50
148.50 132.00
148.50 132.50
148.50 133.00
148.50 133.50
148.50 134.00
148.50 134.50
148.50 135.00
148.50 135.50
148.50 136.00
148.00 136.50
148.00 137.00
148.00 137.50
147.50 138.00
147.50 138.50
147.50 139.00
147.00 139.50
147.00 140.00
147.00 140.50
147.00 141.00
146.50 141.50
146.50 142.00
146.00 142.50
146.00 143.00
145.50 143.50
145.50 144.00
145.00 144.50
145.00 145.00
144.50 145.50
144.00 146.00
144.00 146.50
143.50 147.00
143.50 147.50
143.00 148.00
142.50 148.50
142.50 149.00
142.00 149.50
141.50 150.00
141.00 150.50
140.50 151.00
140.00 151.50
139.50 152.00
139.00 152.50
138.50 153.00
138.00 153.50
137.50 153.50
137.00 153.50
136.50 154.00
136.00 154.00
135.50 154.50
135.00 154.50
134.50 154.50
134.00 154.50
133.50 155.00
133.00 155.00
132.50 155.00
132.00 155.00
131.50 155.00
131.00 155.00
130.50 155.00
130.00 154.50
129.50 154.50
129.00 154.50
128.50 154.50
128.00 154.50
127.50 154.50
127.00 154.00
126.50 154.00
126.00 153.50
125.50 153.50
125.00 153.50
124.50 153.00
124.00 153.00
123.50 152.50
123.00 152.50
122.50 152.00
122.00 151.50
121.50 151.00
121.00 151.00
120.50 150.50
120.00 150.00
119.50 149.50
119.00 149.00
118.50 148.50
118.00 148.00
118.00 147.50
117.50 147.00
117.50 146.50
117.00 146.00
116.50 145.50
116.50 145.00
116.50 144.50
116.00 144.00
116.00 143.50
115.50 143.00
115.50 142.50
115.50 142.00
115.50 141.50
115.00 141.00
115.00 140.50
115.00 140.00
115.00 139.50
114.50 139.00
114.50 138.50
114.50 138.00
114.50 137.50
114.50 137.00
114.50 136.50
114.50 136.00
114.50 135.50
114.50 135.00
114.50 134.50
114.50 134.00
114.50 133.50
114.50 133.00
115.00 132.50
115.00 132.00
115.00 131.50
115.00 131.00
115.50 130.50
115.50 130.00
115.50 129.50
115.50 129.00
116.00 128.50
116.00 128.00
116.00 127.50
116.50 127.00
116.50 126.50
117.00 126.00
117.00 125.50
117.50 125.00
118.00 124.50
118.00 124.00
118.00 123.50
118.50 123.00
119.00 122.50
119.50 122.00
120.00 121.50
120.50 121.00
121.00 120.50
121.50 120.00
122.00 119.50
122.50 119.00
123.00 119.00
123.50 118.50
124.00 118.50
124.50 118.00
125.00 118.00
125.50 118.00
126.00 117.50
126.50 117.00
127.00 117.00
127.50 117.00
128.00 117.00
128.50 117.00
129.00 116.50
129.50 116.50
130.00 116.50
130.50 116.50
131.00 116.50
131.50 116.50
132.00 116.50
132.50 116.50
