121.00 124.50
121.50 124.00
122.00 123.50
122.50 123.00
123.00 122.50
123.50 122.00
124.00 121.50
124.50 121.50
125.00 121.00
125.50 120.50
126.00 120.50
126.50 120.50
127.00 120.00
127.50 119.50
128.00 119.50
128.50 119.50
129.00 119.00
129.50 119.00
130.00 119.00
130.50 119.00
131.00 119.00
131.50 119.00
132.00 119.00
132.50 119.00
133.00 119.00
133.50 119.00
134.00 119.00
134.50 119.00
135.00 119.50
135.50 119.50
136.00 119.50
136.50 120.00
137.00 120.00
137.50 120.00
138.00 120.50
138.50 120.50
139.00 121.00
139.50 121.00
140.00 121.50
140.50 122.00
141.00 122.00
141.50 122.50
142.00 123.00
142.50 123.50
143.00 124.00
143.50 124.50
144.00 125.00
144.50 125.50
145.00 126.00
145.00 126.50
145.50 127.00
146.00 127.50
146.50 128.00
146.50 128.50
147.00 129.00
147.00 129.50
147.00 130.00
147.50 130.50
147.50 131.00
147.50 131.50
147.50 132.00
148.00 132.50
148.00 133.00
148.00 133.50
148.00 134.00
148.00 134.50
148.00 135.00
148.00 135.50
148.00 136.00
148.00 136.50
148.00 137.00
148.00 137.50
148.00 138.00
148.00 138.50
148.00 139.00
147.50 139.50
147.50 140.00
147.50 140.50
147.50 141.00
147.00 141.50
147.00 142.00
146.50 142.50
146.50 143.00
146.50 143.50
146.00 144.00
145.50 144.50
145.50 145.00
145.00 145.50
145.00 146.00
144.50 146.50
144.00 147.00
143.50 147.50
143.00 148.00
142.50 148.50
142.00 149.00
141.50 149.50
141.00 150.00
140.50 150.00
140.00 150.50
139.50 151.00
139.00 151.00
138.50 151.50
138.00 151.50
137.50 152.00
137.00 152.00
136.50 152.00
136.00 152.50
135.50 153.00
135.00 153.00
134.50 153.00
134.00 153.00
133.50 153.00
133.00 153.50
132.50 153.50
132.00 153.50
131.50 153.50
131.00 153.50
130.50 153.50
130.00 153.50
129.50 153.50
129.00 153.50
128.50 153.50
128.00 153.50
127.50 153.50
127.00 153.50
126.50 153.50
126.00 153.50
125.50 153.00
125.00 153.00
124.50 153.00
124.00 152.50
123.50 152.00
123.00 152.00
122.50 151.50
122.00 151.00
121.50 151.00
121.00 150.50
120.50 150.00
120.00 149.50
119.50 149.00
119.50 148.50
119.00 148.00
118.50 147.50
118.00 147.00
118.00 146.50
117.50 146.00
117.50 145.50
117.00 145.00
117.00 144.50
117.00 144.00
116.50 143.50
116.50 143.00
116.00 142.50
116.00 142.00
116.00 141.50
116.00 141.00
116.00 140.50
115.50 140.00
115.50 139.50
115.50 139.00
115.50 138.50
115.50 138.00
115.50 137.50
115.50 137.00
115.50 136.50
115.50 136.00
115.50 135.50
116.00 135.00
116.00 134.50
116.00 134.00
116.00 133.50
116.00 133.00
116.50 132.50
116.50 132.00
116.50 131.50
117.00 131.00
117.00 130.50
117.50 130.00
117.50 129.50
118.00 129.00
118.00 128.50
118.50 128.00
118.50 127.50
119.00 127.00
119.00 126.50
119.50 126.00
120.00 126.00
120.50 125.50
120.50 125.00
