130.00 114.50
130.50 114.50
131.00 114.50
131.50 114.50
132.00 114.50
132.50 114.50
133.00 114.50
133.50 114.50
134.00 114.50
134.50 115.00
135.00 115.00
135.50 115.00
136.00 115.00
136.50 115.50
137.00 115.50
137.50 115.50
138.00 116.00
138.50 116.50
139.00 116.50
139.50 116.50
140.00 117.00
140.50 117.50
141.00 118.00
141.50 118.50
142.00 119.00
142.50 119.50
143.00 120.00
143.50 120.50
144.00 121.00
144.50 121.50
145.00 122.00
145.50 122.50
145.50 123.00
146.00 123.50
146.50 124.00
146.50 124.50
147.00 125.00
147.00 125.50
147.50 126.00
148.00 126.50
148.00 127.00
148.00 127.50
148.50 128.00
148.50 128.50
149.00 129.00
149.00 129.50
149.50 130.00
149.50 130.50
149.50 131.00
150.00 131.50
150.00 132.00
150.00 132.50
150.50 133.00
150.50 133.50
150.50 134.00
150.50 134.50
150.50 135.00
150.50 135.50
150.50 136.00
150.50 136.50
150.50 137.00
150.50 137.50
150.50 138.00
150.50 138.50
150.00 139.00
150.00 139.50
150.00 140.00
149.50 140.50
149.50 141.00
149.50 141.50
149.00 142.00
148.50 142.50
148.50 143.00
148.00 143.50
147.50 144.00
147.00 144.50
146.50 145.00
146.00 145.50
145.50 146.00
145.00 146.50
144.50 147.00
144.00 147.50
143.50 147.50
143.00 148.00
142.50 148.50
142.00 149.00
141.50 149.00
141.00 149.50
140.50 149.50
140.00 149.50
139.50 150.00
139.00 150.00
138.50 150.50
138.00 150.50
137.50 150.50
137.00 151.00
136.50 151.00
136.00 151.00
135.50 151.00
135.00 151.00
134.50 151.00
134.00 151.00
133.50 151.00
133.00 151.00
132.50 151.00
132.00 151.00
131.50 151.00
131.00 151.00
130.50 151.00
130.00 151.00
129.50 150.50
129.00 150.50
128.50 150.50
128.00 150.00
127.50 150.00
127.00 149.50
126.50 149.50
126.00 149.00
125.50 148.50
125.00 148.50
124.50 148.50
124.00 148.00
123.50 147.50
123.00 147.00
122.50 147.00
122.00 146.50
122.00 146.00
121.50 145.50
121.00 145.00
120.50 144.50
120.00 144.00
120.00 143.50
119.50 143.00
119.00 142.50
118.50 142.00
118.50 141.50
118.50 141.00
118.00 140.50
117.50 140.00
117.50 139.50
117.50 139.00
117.00 138.50
117.00 138.00
117.00 137.50
116.50 137.00
116.50 136.50
116.50 136.00
116.00 135.50
116.00 135.00
116.00 134.50
116.00 134.00
116.00 133.50
116.00 133.00
116.00 132.50
116.00 132.00
116.00 131.50
116.00 131.00
116.00 130.50
116.00 130.00
116.00 129.50
116.50 129.00
116.50 128.50
116.50 128.00
116.50 127.50
117.00 127.00
117.00 126.50
117.00 126.00
117.50 125.50
117.50 125.00
118.00 124.50
118.00 124.00
118.50 123.50
118.50 123.00
119.00 122.50
119.00 122.00
119.50 121.50
120.00 121.00
120.00 120.50
120.50 120.00
121.00 119.50
121.50 119.00
122.00 118.50
122.50 118.00
123.00 117.50
123.50 117.50
124.00 117.00
124.50 116.50
125.00 116.00
125.50 116.00
126.00 115.50
126.50 115.50
127.00 115.00
127.50 115.00
128.00 115.00
128.50 114.50
129.00 114.50
129.50 114.50
