112.00 134.00
112.00 133.50
112.00 133.00
112.50 132.50
112.50 132.00
112.50 131.50
112.50 131.00
112.50 130.50
113.00 130.00
113.00 129.50
113.00 129.00
113.00 128.50
113.00 128.00
113.50 127.50
113.50 127.00
113.50 126.50
113.50 126.00
114.00 125.50
114.00 125.00
114.00 124.50
114.50 124.00
114.50 123.50
115.00 123.00
115.00 122.50
115.00 122.00
115.50 121.50
115.50 121.00
116.00 120.50
116.50 120.00
116.50 119.50
117.00 119.00
117.50 118.50
117.50 118.00
118.00 117.50
118.50 117.00
119.00 116.50
119.50 116.00
119.50 115.50
120.00 115.00
120.50 114.50
121.00 114.00
121.50 113.50
122.00 113.50
122.50 113.00
123.00 113.00
123.50 112.50
124.00 112.50
124.50 112.00
125.00 112.00
125.50 112.00
126.00 111.50
126.50 111.50
127.00 111.50
127.50 111.50
128.00 111.00
128.50 111.00
129.00 111.00
129.50 111.00
130.00 111.00
130.50 111.00
131.00 111.00
131.50 111.00
132.00 111.00
132.50 111.00
133.00 111.00
133.50 111.00
134.00 111.00
134.50 111.00
135.00 111.50
135.50 111.50
136.00 111.50
136.50 111.50
137.00 112.00
137.50 112.00
138.00 112.00
138.50 112.00
139.00 112.50
139.50 112.50
140.00 112.50
140.50 113.00
141.00 113.50
141.50 113.50
142.00 114.00
142.50 114.00
143.00 114.50
143.50 114.50
144.00 115.00
144.50 115.50
145.00 115.50
145.50 116.00
146.00 116.50
146.50 117.00
147.00 117.50
147.50 118.00
148.00 118.50
148.50 119.00
149.00 119.50
149.50 120.00
150.00 120.50
150.50 121.00
151.00 121.50
151.00 122.00
151.00 122.50
151.50 123.00
152.00 123.50
152.50 124.00
152.50 124.50
152.50 125.00
153.00 125.50
153.50 126.00
153.50 126.50
153.50 127.00
154.00 127.50
154.00 128.00
154.00 128.50
154.50 129.00
154.50 129.50
154.50 130.00
154.50 130.50
155.00 131.00
155.00 131.50
155.00 132.00
155.00 132.50
155.00 133.00
155.00 133.50
155.50 134.00
155.50 134.50
155.50 135.00
155.50 135.50
155.50 136.00
155.50 136.50
155.50 137.00
155.00 137.50
155.00 138.00
155.00 138.50
155.00 139.00
155.00 139.50
155.00 140.00
154.50 140.50
154.50 141.00
154.50 141.50
154.00 142.00
154.00 142.50
153.50 143.00
153.50 143.50
153.00 144.00
153.00 144.50
152.50 145.00
152.50 145.50
152.00 146.00
151.50 146.50
151.50 147.00
151.00 147.50
150.50 148.00
150.00 148.50
149.50 149.00
149.00 149.50
148.50 150.00
148.00 150.00
147.50 150.50
147.00 151.00
146.50 151.50
146.00 152.00
145.50 152.00
145.00 152.50
144.50 153.00
144.00 153.00
143.50 153.50
143.00 153.50
142.50 154.00
142.00 154.00
141.50 154.50
141.00 154.50
140.50 154.50
140.00 155.00
139.50 155.00
139.00 155.00
138.50 155.50
138.00 155.50
137.50 155.50
137.00 156.00
136.50 156.00
136.00 156.00
135.50 156.00
135.00 156.00
134.50 156.00
134.00 156.00
133.50 156.00
133.00 156.00
132.50 156.00
132.00 156.00
131.50 156.00
131.00 156.00
130.50 156.00
130.00 156.00
129.50 156.00
129.00 156.00
128.50 155.50
128.00 155.50
127.50 155.50
127.00 155.50
126.50 155.50
126.00 155.00
125.50 155.00
125.00 154.50
124.50 154.50
124.00 154.00
123.50 154.00
123.00 153.50
122.50 153.50
122.00 153.00
121.50 153.00
121.00 152.50
120.50 152.00
120.00 152.00
119.50 151.50
119.00 151.00
118.50 151.00
118.00 150.50
117.50 150.00
117.00 149.50
116.50 149.00
116.00 148.50
115.50 148.00
115.00 147.50
115.00 147.00
114.50 146.50
114.00 146.00
114.00 145.50
113.50 145.00
113.50 144.50
113.50 144.00
113.50 143.50
113.00 143.00
113.00 142.50
113.00 142.00
113.00 141.50
113.00 141.00
112.50 140.50
112.50 140.00
112.50 139.50
112.50 139.00
112.50 138.50
112.00 138.00
112.00 137.50
112.00 137.00
112.00 136.50
112.00 136.00
112.00 135.50
112.00 135.00
112.00 134.50
