138.00 107.00
138.50 107.00
139.00 107.00
139.50 107.00
140.00 107.50
140.50 107.50
141.00 107.50
141.50 107.50
142.00 108.00
142.50 108.00
143.00 108.00
143.50 108.50
144.00 108.50
144.50 108.50
145.00 109.00
145.50 109.00
146.00 109.50
146.50 109.50
147.00 110.00
147.50 110.00
148.00 110.00
148.50 110.50
149.00 111.00
149.50 111.00
150.00 111.50
150.50 112.00
151.00 112.50
151.50 113.00
152.00 113.00
152.50 113.50
153.00 114.00
153.50 114.50
154.00 115.00
154.00 115.50
154.50 116.00
155.00 116.50
155.50 117.00
155.50 117.50
156.00 118.00
156.50 118.50
156.50 119.00
157.00 119.50
157.00 120.00
157.50 120.50
157.50 121.00
158.00 121.50
158.00 122.00
158.50 122.50
158.50 123.00
158.50 123.50
159.00 124.00
159.00 124.50
159.00 125.00
159.50 125.50
159.50 126.00
159.50 126.50
159.50 127.00
159.50 127.50
159.50 128.00
160.00 128.50
160.00 129.00
160.00 129.50
160.00 130.00
160.00 130.50
160.00 131.00
160.00 131.50
160.00 132.00
160.00 132.50
160.00 133.00
160.00 133.50
160.00 134.00
159.50 134.50
159.50 135.00
159.50 135.50
159.50 136.00
159.00 136.50
159.00 137.00
159.00 137.50
159.00 138.00
158.50 138.50
158.50 139.00
158.00 139.50
158.00 140.00
158.00 140.50
157.50 141.00
157.50 141.50
157.00 142.00
156.50 142.50
156.50 143.00
156.50 143.50
156.00 144.00
155.50 144.50
155.00 145.00
154.50 145.50
154.50 146.00
154.00 146.50
153.50 147.00
153.00 147.50
153.00 148.00
152.50 148.50
152.00 149.00
151.50 149.50
151.00 150.00
150.50 150.50
150.00 151.00
149.50 151.50
149.00 152.00
148.50 152.00
148.00 152.50
147.50 153.00
147.00 153.50
146.50 153.50
146.00 154.00
145.50 154.00
145.00 154.50
144.50 154.50
144.00 155.00
143.50 155.00
143.00 155.50
142.50 155.50
142.00 155.50
141.50 156.00
141.00 156.00
140.50 156.00
140.00 156.00
139.50 156.50
139.00 156.50
138.50 156.50
138.00 156.50
137.50 156.50
137.00 156.50
136.50 156.50
136.00 156.50
135.50 156.50
135.00 156.50
134.50 156.50
134.00 156.50
133.50 156.50
133.00 156.50
132.50 156.50
132.00 156.00
131.50 156.00
131.00 156.00
130.50 156.00
130.00 156.00
129.50 155.50
129.00 155.50
128.50 155.50
128.00 155.50
127.50 155.00
127.00 155.00
126.50 155.00
126.00 154.50
125.50 154.50
125.00 154.50
124.50 154.00
124.00 154.00
123.50 153.50
123.00 153.50
122.50 153.00
122.00 153.00
121.50 153.00
121.00 152.50
120.50 152.50
120.00 152.00
119.50 151.50
119.00 151.00
118.50 151.00
118.00 151.00
117.50 150.50
117.00 150.00
117.00 149.50
116.50 149.00
116.00 148.50
115.50 148.00
115.00 147.50
114.50 147.00
114.50 146.50
114.00 146.00
114.00 145.50
113.50 145.00
113.50 144.50
113.00 144.00
113.00 143.50
113.00 143.00
113.00 142.50
112.50 142.00
112.50 141.50
112.50 141.00
112.50 140.50
112.00 140.00
112.00 139.50
112.00 139.00
112.00 138.50
112.00 138.00
112.00 137.50
112.00 137.00
112.00 136.50
112.00 136.00
112.00 135.50
112.00 135.00
112.00 134.50
112.00 134.00
112.00 133.50
112.00 133.00
112.00 132.50
112.00 132.00
112.00 131.50
112.00 131.00
112.00 130.50
112.00 130.00
112.50 129.50
112.50 129.00
112.50 128.50
112.50 128.00
112.50 127.50
112.50 127.00
113.00 126.50
113.00 126.00
113.00 125.50
113.00 125.00
113.50 124.50
113.50 124.00
113.50 123.50
113.50 123.00
114.00 122.50
114.00 122.00
114.50 121.50
114.50 121.00
114.50 120.50
115.00 120.00
115.50 119.50
115.50 119.00
116.00 118.50
116.00 118.00
116.50 117.50
116.50 117.00
117.00 116.50
117.50 116.00
117.50 115.50
118.00 115.00
118.50 114.50
119.00 114.00
119.50 113.50
120.00 113.00
120.50 113.00
121.00 112.50
121.50 112.00
122.00 111.50
122.50 111.00
123.00 110.50
123.50 110.50
124.00 110.00
124.50 110.00
125.00 109.50
125.50 109.00
126.00 109.00
126.50 109.00
127.00 108.50
127.50 108.50
128.00 108.00
128.50 108.00
129.00 108.00
129.50 107.50
130.00 107.50
130.50 107.50
131.00 107.50
131.50 107.50
132.00 107.00
132.50 107.00
133.00 107.00
133.50 107.00
134.00 107.00
134.50 107.00
135.00 107.00
135.50 107.00
136.00 107.00
136.50 107.00
137.00 107.00
137.50 107.00
