121.00 149.50
120.50 149.00
120.00 149.00
119.50 148.50
119.00 148.00
118.50 148.00
118.00 147.50
117.50 147.00
117.00 146.50
116.50 146.00
116.00 145.50
115.50 145.00
115.00 144.50
115.00 144.00
114.50 143.50
114.00 143.00
114.00 142.50
113.50 142.00
113.50 141.50
113.50 141.00
113.50 140.50
113.00 140.00
113.00 139.50
113.00 139.00
112.50 138.50
112.50 138.00
112.50 137.50
112.50 137.00
112.00 136.50
112.00 136.00
112.00 135.50
112.00 135.00
112.00 134.50
112.00 134.00
112.00 133.50
112.00 133.00
112.00 132.50
112.00 132.00
112.00 131.50
112.00 131.00
112.00 130.50
112.00 130.00
112.00 129.50
112.00 129.00
112.00 128.50
112.00 128.00
112.00 127.50
112.50 127.00
112.50 126.50
112.50 126.00
112.50 125.50
113.00 125.00
113.00 124.50
113.00 124.00
113.50 123.50
113.50 123.00
114.00 122.50
114.00 122.00
114.50 121.50
114.50 121.00
115.00 120.50
115.50 120.00
115.50 119.50
116.00 119.00
116.00 118.50
116.50 118.00
117.00 117.50
117.50 117.00
118.00 116.50
118.50 116.00
119.00 115.50
119.50 115.00
119.50 114.50
120.00 114.00
120.50 114.00
121.00 113.50
121.50 113.00
122.00 112.50
122.50 112.00
123.00 112.00
123.50 111.50
124.00 111.00
124.50 111.00
125.00 110.50
125.50 110.00
126.00 110.00
126.50 109.50
127.00 109.00
127.50 109.00
128.00 108.50
128.50 108.50
129.00 108.50
129.50 108.00
130.00 108.00
130.50 107.50
131.00 107.50
131.50 107.50
132.00 107.00
132.50 107.00
133.00 107.00
133.50 107.00
134.00 107.00
134.50 106.50
135.00 106.50
135.50 106.50
136.00 106.50
136.50 106.50
137.00 106.50
137.50 106.50
138.00 106.50
138.50 106.50
139.00 106.50
139.50 106.50
140.00 106.50
140.50 106.50
141.00 107.00
141.50 107.00
142.00 107.00
142.50 107.00
143.00 107.50
143.50 107.50
144.00 107.50
144.50 108.00
145.00 108.00
145.50 108.50
146.00 108.50
146.50 109.00
147.00 109.00
147.50 109.50
148.00 109.50
148.50 110.00
149.00 110.50
149.50 111.00
150.00 111.50
150.50 111.50
151.00 112.00
151.50 112.50
152.00 113.00
152.50 113.50
153.00 114.00
153.50 114.50
153.50 115.00
154.00 115.50
154.50 116.00
155.00 116.50
155.00 117.00
155.00 117.50
155.50 118.00
156.00 118.50
156.00 119.00
156.00 119.50
156.50 120.00
157.00 120.50
157.00 121.00
157.00 121.50
157.50 122.00
157.50 122.50
157.50 123.00
157.50 123.50
158.00 124.00
158.00 124.50
158.00 125.00
158.00 125.50
158.50 126.00
158.50 126.50
158.50 127.00
158.50 127.50
158.50 128.00
158.50 128.50
158.50 129.00
158.50 129.50
158.50 130.00
158.50 130.50
158.50 131.00
158.50 131.50
158.50 132.00
158.50 132.50
158.50 133.00
158.50 133.50
158.50 134.00
158.50 134.50
158.00 135.00
158.00 135.50
158.00 136.00
158.00 136.50
158.00 137.00
157.50 137.50
157.50 138.00
157.50 138.50
157.00 139.00
157.00 139.50
157.00 140.00
156.50 140.50
156.50 141.00
156.00 141.50
156.00 142.00
156.00 142.50
155.50 143.00
155.50 143.50
155.00 144.00
155.00 144.50
154.50 145.00
154.00 145.50
153.50 146.00
153.00 146.50
153.00 147.00
152.50 147.50
152.00 148.00
151.50 148.50
151.00 149.00
150.50 149.50
150.00 150.00
149.50 150.50
149.00 151.00
148.50 151.00
148.00 151.50
147.50 151.50
147.00 152.00
146.50 152.00
146.00 152.50
145.50 152.50
145.00 153.00
144.50 153.00
144.00 153.00
143.50 153.50
143.00 153.50
142.50 153.50
142.00 153.50
141.50 154.00
141.00 154.00
140.50 154.00
140.00 154.00
139.50 154.00
139.00 154.00
138.50 154.00
138.00 154.00
137.50 154.50
137.00 154.50
136.50 154.00
136.00 154.00
135.50 154.00
135.00 154.00
134.50 154.00
134.00 154.00
133.50 154.00
133.00 154.00
132.50 154.00
132.00 154.00
131.50 153.50
131.00 153.50
130.50 153.50
130.00 153.50
129.50 153.50
129.00 153.00
128.50 153.00
128.00 153.00
127.50 152.50
127.00 152.50
126.50 152.50
126.00 152.00
125.50 152.00
125.00 152.00
124.50 151.50
124.00 151.50
123.50 151.00
123.00 151.00
122.50 150.50
122.00 150.00
121.50 150.00
