146.50 124.50
147.00 125.00
147.00 125.50
147.50 126.00
147.50 126.50
147.50 127.00
147.50 127.50
147.50 128.00
147.50 128.50
147.00 129.00
147.00 129.50
147.00 130.00
147.00 130.50
147.00 131.00
147.00 131.50
147.00 132.00
147.50 132.50
148.00 133.00
148.50 133.00
149.00 133.00
149.50 133.00
150.00 132.50
150.50 132.50
151.00 132.50
151.50 133.00
152.00 133.50
152.00 134.00
152.00 134.50
151.50 135.00
151.50 135.50
151.50 136.00
151.50 136.50
151.00 137.00
150.50 137.50
150.00 138.00
149.50 138.50
149.00 138.50
148.50 138.50
148.00 138.50
147.50 138.50
147.00 138.50
146.50 138.00
146.00 138.00
145.50 137.50
145.00 137.00
145.00 136.50
145.00 136.00
145.00 135.50
145.00 135.00
145.00 134.50
145.00 134.00
145.00 133.50
145.00 133.00
144.50 132.50
144.00 132.50
143.50 132.50
143.00 132.50
142.50 133.00
142.00 133.00
141.50 133.00
141.00 133.00
140.50 132.50
140.50 132.00
140.00 131.50
140.00 131.00
140.00 130.50
140.00 130.00
140.00 129.50
140.00 129.00
140.00 128.50
140.00 128.00
140.50 127.50
140.50 127.00
140.50 126.50
141.00 126.00
141.50 125.50
142.00 125.00
142.50 124.50
143.00 124.50
143.50 124.00
144.00 124.00
144.50 124.00
145.00 124.00
145.50 124.00
146.00 124.00
