150.00 130.00
149.50 130.00
149.00 130.50
148.50 130.50
148.00 130.50
147.50 130.50
147.00 131.00
147.00 131.50
147.00 132.00
147.00 132.50
147.00 133.00
147.00 133.50
147.00 134.00
146.50 134.50
146.00 134.50
145.50 134.50
145.00 134.50
144.50 134.50
144.00 134.50
143.50 134.00
143.00 133.50
142.50 133.00
142.00 132.50
142.00 132.00
141.50 131.50
141.50 131.00
141.50 130.50
141.00 130.00
141.00 129.50
141.00 129.00
141.00 128.50
141.00 128.00
141.50 127.50
141.50 127.00
142.00 126.50
142.50 126.50
143.00 126.00
143.50 126.00
144.00 126.00
144.50 126.00
145.00 126.00
145.50 126.00
146.00 126.50
146.50 126.50
147.00 126.50
147.50 127.00
148.00 127.00
148.50 127.50
149.00 128.00
149.50 128.50
150.00 128.50
150.50 129.00
150.50 129.50
150.50 130.00
