132.00 143.00
132.50 143.50
133.00 143.50
133.50 144.00
134.00 144.50
134.00 145.00
134.00 145.50
134.00 146.00
134.00 146.50
133.50 147.00
133.00 147.50
132.50 148.00
132.00 148.00
131.50 148.00
131.00 147.50
130.50 147.00
130.50 146.50
130.50 146.00
130.50 145.50
130.00 145.00
129.50 144.50
129.00 144.50
128.50 145.00
128.00 145.00
127.50 145.00
127.00 144.50
126.50 144.00
126.50 143.50
126.50 143.00
126.50 142.50
126.50 142.00
126.50 141.50
126.50 141.00
126.50 140.50
127.00 140.00
127.50 139.50
128.00 139.00
128.50 139.00
129.00 139.00
129.50 139.00
130.00 139.00
130.50 139.50
131.00 140.00
131.00 140.50
131.00 141.00
131.00 141.50
131.50 142.00
131.50 142.50
