142.50 105.50
143.00 105.50
143.50 106.00
144.00 106.00
144.50 106.00
145.00 106.50
145.50 106.50
146.00 106.50
146.50 107.00
147.00 107.00
147.50 107.50
148.00 107.50
148.50 108.00
149.00 108.00
149.50 108.50
150.00 108.50
150.50 109.00
151.00 109.50
151.50 109.50
152.00 110.00
152.50 110.50
153.00 111.00
153.50 111.50
154.00 112.00
154.50 112.50
155.00 113.00
155.50 113.50
155.50 114.00
156.00 114.50
156.50 115.00
157.00 115.50
157.00 116.00
157.50 116.50
158.00 117.00
158.00 117.50
158.50 118.00
158.50 118.50
159.00 119.00
159.00 119.50
159.50 120.00
159.50 120.50
160.00 121.00
160.00 121.50
160.00 122.00
160.50 122.50
160.50 123.00
160.50 123.50
160.50 124.00
161.00 124.50
161.00 125.00
161.00 125.50
161.00 126.00
161.00 126.50
161.00 127.00
161.00 127.50
161.00 128.00
161.00 128.50
161.00 129.00
161.00 129.50
161.00 130.00
161.00 130.50
161.00 131.00
161.00 131.50
161.00 132.00
161.00 132.50
161.00 133.00
160.50 133.50
160.50 134.00
160.50 134.50
160.50 135.00
160.50 135.50
160.00 136.00
160.00 136.50
160.00 137.00
159.50 137.50
159.50 138.00
159.50 138.50
159.00 139.00
159.00 139.50
159.00 140.00
158.50 140.50
158.50 141.00
158.00 141.50
158.00 142.00
157.50 142.50
157.50 143.00
157.00 143.50
157.00 144.00
156.50 144.50
156.50 145.00
156.00 145.50
155.50 146.00
155.00 146.50
155.00 147.00
154.50 147.50
154.00 147.50
153.50 148.00
153.00 148.50
152.50 149.00
152.00 149.50
151.50 149.50
151.00 150.00
150.50 150.00
150.00 150.50
149.50 150.50
149.00 151.00
148.50 151.00
148.00 151.00
147.50 151.50
147.00 151.50
146.50 151.50
146.00 152.00
145.50 152.00
145.00 152.00
144.50 152.00
144.00 152.00
143.50 152.50
143.00 152.50
142.50 152.50
142.00 152.50
141.50 152.50
141.00 152.50
140.50 152.50
140.00 152.50
139.50 152.50
139.00 152.50
138.50 153.00
138.00 153.00
137.50 153.00
137.00 153.00
136.50 153.00
136.00 153.00
135.50 153.00
135.00 153.00
134.50 152.50
134.00 152.50
133.50 152.50
133.00 152.50
132.50 152.50
132.00 152.50
131.50 152.50
131.00 152.50
130.50 152.00
130.00 152.00
129.50 152.00
129.00 152.00
128.50 151.50
128.00 151.50
127.50 151.50
127.00 151.50
126.50 151.50
126.00 151.00
125.50 151.00
125.00 150.50
124.50 150.50
124.00 150.50
123.50 150.00
123.00 150.00
122.50 149.50
122.00 149.50
121.50 149.00
121.00 149.00
120.50 148.50
120.00 148.00
119.50 148.00
119.00 147.50
118.50 147.00
118.00 147.00
117.50 146.50
117.00 146.00
117.00 145.50
116.50 145.00
116.00 144.50
115.50 144.00
115.50 143.50
115.00 143.00
115.00 142.50
114.50 142.00
114.50 141.50
114.00 141.00
114.00 140.50
114.00 140.00
114.00 139.50
113.50 139.00
113.50 138.50
113.50 138.00
113.50 137.50
113.50 137.00
113.00 136.50
113.00 136.00
113.00 135.50
113.00 135.00
113.00 134.50
113.00 134.00
113.00 133.50
113.00 133.00
113.00 132.50
113.00 132.00
113.00 131.50
113.00 131.00
113.00 130.50
113.00 130.00
113.00 129.50
113.00 129.00
113.00 128.50
113.00 128.00
113.00 127.50
113.00 127.00
113.00 126.50
113.50 126.00
113.50 125.50
113.50 125.00
113.50 124.50
113.50 124.00
113.50 123.50
113.50 123.00
114.00 122.50
114.00 122.00
114.00 121.50
114.00 121.00
114.50 120.50
114.50 120.00
115.00 119.50
115.00 119.00
115.00 118.50
115.50 118.00
115.50 117.50
116.00 117.00
116.00 116.50
116.50 116.00
117.00 115.50
117.50 115.00
118.00 114.50
118.00 114.00
118.50 113.50
119.00 113.00
119.50 112.50
120.00 112.00
120.50 112.00
121.00 111.50
121.50 111.00
122.00 110.50
122.50 110.00
123.00 110.00
123.50 109.50
124.00 109.00
124.50 109.00
125.00 109.00
125.50 108.50
126.00 108.50
126.50 108.00
127.00 108.00
127.50 107.50
128.00 107.50
128.50 107.00
129.00 107.00
129.50 107.00
130.00 106.50
130.50 106.50
131.00 106.50
131.50 106.00
132.00 106.00
132.50 106.00
133.00 105.50
133.50 105.50
134.00 105.50
134.50 105.50
135.00 105.50
135.50 105.50
136.00 105.50
136.50 105.50
137.00 105.00
137.50 105.00
138.00 105.00
138.50 105.00
139.00 105.00
139.50 105.00
140.00 105.00
140.50 105.50
141.00 105.50
141.50 105.50
142.00 105.50
