146.00 141.50
145.50 142.00
145.00 142.50
144.50 142.50
144.00 143.00
143.50 143.50
143.00 144.00
142.50 144.50
142.00 144.50
141.50 145.00
141.00 145.00
140.50 145.50
140.00 145.50
139.50 146.00
139.00 146.00
138.50 146.00
138.00 146.00
137.50 146.00
137.00 146.50
136.50 146.50
136.00 146.50
135.50 146.50
135.00 146.50
134.50 146.50
134.00 146.50
133.50 146.50
133.00 146.50
132.50 146.50
132.00 146.50
131.50 146.50
131.00 146.50
130.50 146.50
130.00 146.50
129.50 146.50
129.00 146.50
128.50 146.50
128.00 146.00
127.50 146.00
127.00 146.00
126.50 145.50
126.00 145.50
125.50 145.00
125.00 145.00
124.50 145.00
124.00 144.50
123.50 144.00
123.00 144.00
122.50 144.00
122.00 143.50
121.50 143.00
121.00 142.50
120.50 142.50
120.00 142.00
119.50 141.50
119.00 141.00
118.50 140.50
118.00 140.00
117.50 139.50
117.50 139.00
117.50 138.50
117.00 138.00
117.00 137.50
117.00 137.00
116.50 136.50
116.50 136.00
116.50 135.50
116.50 135.00
116.50 134.50
116.50 134.00
116.50 133.50
116.50 133.00
116.50 132.50
116.50 132.00
116.00 131.50
116.00 131.00
116.00 130.50
116.00 130.00
116.00 129.50
116.00 129.00
116.00 128.50
116.00 128.00
116.00 127.50
116.00 127.00
116.00 126.50
116.00 126.00
116.00 125.50
116.00 125.00
116.50 124.50
116.50 124.00
116.50 123.50
116.50 123.00
116.50 122.50
116.50 122.00
117.00 121.50
117.00 121.00
117.00 120.50
117.00 120.00
117.50 119.50
117.50 119.00
117.50 118.50
118.00 118.00
118.00 117.50
118.50 117.00
118.50 116.50
118.50 116.00
119.00 115.50
119.00 115.00
119.50 114.50
119.50 114.00
119.50 113.50
120.00 113.00
120.00 112.50
120.50 112.00
120.50 111.50
121.00 111.00
121.50 110.50
121.50 110.00
122.00 109.50
122.50 109.00
123.00 108.50
123.50 108.00
124.00 107.50
124.50 107.00
125.00 106.50
125.50 106.00
126.00 105.50
126.50 105.00
127.00 105.00
127.50 104.50
128.00 104.50
128.50 104.50
129.00 104.00
129.50 104.00
130.00 104.00
130.50 104.00
131.00 103.50
131.50 103.50
132.00 103.50
132.50 103.50
133.00 103.50
133.50 103.50
134.00 103.50
134.50 103.50
135.00 103.50
135.50 103.50
136.00 103.50
136.50 103.50
137.00 103.50
137.50 103.50
138.00 104.00
138.50 104.00
139.00 104.00
139.50 104.00
140.00 104.50
140.50 104.50
141.00 104.50
141.50 105.00
142.00 105.00
142.50 105.00
143.00 105.50
143.50 105.50
144.00 106.00
144.50 106.00
145.00 106.50
145.50 107.00
146.00 107.00
146.50 107.50
147.00 108.00
147.50 108.50
148.00 109.00
148.50 109.50
149.00 110.00
149.50 110.50
149.50 111.00
150.00 111.50
150.50 112.00
150.50 112.50
151.00 113.00
151.00 113.50
151.00 114.00
151.50 114.50
151.50 115.00
152.00 115.50
152.00 116.00
152.00 116.50
152.50 117.00
152.50 117.50
152.50 118.00
152.50 118.50
153.00 119.00
153.00 119.50
153.00 120.00
153.00 120.50
153.00 121.00
153.50 121.50
153.50 122.00
153.50 122.50
153.50 123.00
153.50 123.50
153.50 124.00
153.50 124.50
153.50 125.00
153.50 125.50
153.50 126.00
153.50 126.50
153.50 127.00
153.50 127.50
153.50 128.00
153.00 128.50
153.00 129.00
153.00 129.50
153.00 130.00
153.00 130.50
152.50 131.00
152.50 131.50
152.50 132.00
152.00 132.50
152.00 133.00
151.50 133.50
151.50 134.00
151.00 134.50
151.00 135.00
150.50 135.50
150.50 136.00
150.00 136.50
150.00 137.00
149.50 137.50
149.00 138.00
149.00 138.50
148.50 139.00
148.00 139.00
147.50 139.50
147.50 140.00
147.00 140.50
146.50 141.00
