132.00 96.50
132.50 96.50
133.00 96.50
133.50 96.50
134.00 96.00
134.50 96.00
135.00 96.00
135.50 96.00
136.00 96.00
136.50 96.00
137.00 96.00
137.50 96.00
138.00 96.00
138.50 96.00
139.00 96.00
139.50 96.00
140.00 96.00
140.50 96.00
141.00 96.00
141.50 96.00
142.00 96.00
142.50 96.00
143.00 96.00
143.50 96.00
144.00 96.50
144.50 96.50
145.00 96.50
145.50 96.50
146.00 97.00
146.50 97.00
147.00 97.50
147.50 97.50
148.00 98.00
148.50 98.00
149.00 98.50
149.50 99.00
150.00 99.00
150.50 99.50
151.00 100.00
151.50 100.50
152.00 101.00
152.00 101.50
152.50 102.00
153.00 102.50
153.50 103.00
153.50 103.50
154.00 104.00
154.00 104.50
154.50 105.00
154.50 105.50
155.00 106.00
155.00 106.50
155.50 107.00
155.50 107.50
156.00 108.00
156.00 108.50
156.50 109.00
157.00 109.50
157.00 110.00
157.50 110.50
157.50 111.00
157.50 111.50
158.00 112.00
158.00 112.50
158.00 113.00
158.50 113.50
158.50 114.00
159.00 114.50
159.00 115.00
159.00 115.50
159.00 116.00
159.00 116.50
159.00 117.00
159.50 117.50
159.50 118.00
159.50 118.50
159.50 119.00
159.50 119.50
159.50 120.00
159.50 120.50
159.50 121.00
159.50 121.50
159.00 122.00
159.00 122.50
159.00 123.00
159.00 123.50
159.00 124.00
159.00 124.50
159.00 125.00
158.50 125.50
158.50 126.00
158.50 126.50
158.00 127.00
158.00 127.50
158.00 128.00
157.50 128.50
157.50 129.00
157.00 129.50
157.00 130.00
157.00 130.50
156.50 131.00
156.50 131.50
156.00 132.00
156.00 132.50
155.50 133.00
155.50 133.50
155.00 134.00
155.00 134.50
154.50 135.00
154.00 135.50
154.00 136.00
153.50 136.50
153.00 137.00
153.00 137.50
152.50 138.00
152.50 138.50
152.00 139.00
151.50 139.50
151.00 140.00
150.50 140.50
150.50 141.00
150.00 141.50
149.50 142.00
149.00 142.00
148.50 142.50
148.00 143.00
147.50 143.50
147.00 144.00
146.50 144.50
146.00 145.00
145.50 145.00
145.00 145.50
144.50 146.00
144.00 146.00
143.50 146.50
143.00 147.00
142.50 147.00
142.00 147.50
141.50 147.50
141.00 148.00
140.50 148.00
140.00 148.50
139.50 148.50
139.00 148.50
138.50 149.00
138.00 149.00
137.50 149.00
137.00 149.50
136.50 149.50
136.00 149.50
135.50 149.50
135.00 149.50
134.50 150.00
134.00 150.00
133.50 150.00
133.00 150.00
132.50 150.00
132.00 150.00
131.50 150.00
131.00 150.00
130.50 150.00
130.00 150.00
129.50 150.00
129.00 150.00
128.50 150.00
128.00 150.00
127.50 150.00
127.00 150.00
126.50 150.00
126.00 149.50
125.50 149.50
125.00 149.50
124.50 149.50
124.00 149.50
123.50 149.00
123.00 149.00
122.50 149.00
122.00 148.50
121.50 148.50
121.00 148.50
120.50 148.00
120.00 147.50
119.50 147.50
119.00 147.50
118.50 147.00
118.00 147.00
117.50 146.50
117.00 146.00
116.50 146.00
116.00 145.50
115.50 145.00
115.00 144.50
114.50 144.00
114.00 144.00
113.50 143.50
113.00 143.00
112.50 142.50
112.00 142.00
112.00 141.50
111.50 141.00
111.00 140.50
110.50 140.00
110.00 139.50
110.00 139.00
109.50 138.50
109.00 138.00
109.00 137.50
108.50 137.00
108.50 136.50
108.50 136.00
108.00 135.50
107.50 135.00
107.50 134.50
107.00 134.00
107.00 133.50
107.00 133.00
107.00 132.50
106.50 132.00
106.50 131.50
106.50 131.00
106.50 130.50
106.50 130.00
106.00 129.50
106.00 129.00
106.00 128.50
106.00 128.00
106.00 127.50
106.00 127.00
106.00 126.50
106.00 126.00
106.00 125.50
106.00 125.00
106.00 124.50
106.00 124.00
106.00 123.50
106.00 123.00
106.00 122.50
106.00 122.00
106.00 121.50
106.00 121.00
106.00 120.50
106.50 120.00
106.50 119.50
106.50 119.00
106.50 118.50
106.50 118.00
107.00 117.50
107.00 117.00
107.00 116.50
107.50 116.00
107.50 115.50
107.50 115.00
108.00 114.50
108.00 114.00
108.00 113.50
108.50 113.00
109.00 112.50
109.00 112.00
109.00 111.50
109.50 111.00
110.00 110.50
110.00 110.00
110.50 109.50
111.00 109.00
111.00 108.50
111.50 108.00
112.00 107.50
112.50 107.00
112.50 106.50
113.00 106.00
113.50 105.50
114.00 105.00
114.50 104.50
115.00 104.00
115.50 103.50
116.00 103.00
116.50 102.50
117.00 102.50
117.50 102.00
118.00 101.50
118.50 101.50
119.00 101.00
119.50 100.50
120.00 100.50
120.50 100.00
121.00 100.00
121.50 99.50
122.00 99.50
122.50 99.00
123.00 99.00
123.50 98.50
124.00 98.50
124.50 98.50
125.00 98.00
125.50 98.00
126.00 98.00
126.50 97.50
127.00 97.50
127.50 97.50
128.00 97.00
128.50 97.00
129.00 97.00
129.50 97.00
130.00 97.00
130.50 97.00
131.00 96.50
131.50 96.50
