127.50 98.50
128.00 98.00
128.50 98.00
129.00 98.00
129.50 98.00
130.00 98.00
130.50 98.00
131.00 98.00
131.50 98.00
132.00 97.50
132.50 97.50
133.00 97.50
133.50 97.50
134.00 98.00
134.50 98.00
135.00 98.00
135.50 98.00
136.00 98.00
136.50 98.00
137.00 98.00
137.50 98.00
138.00 98.50
138.50 98.50
139.00 98.50
139.50 99.00
140.00 99.00
140.50 99.50
141.00 99.50
141.50 99.50
142.00 100.00
142.50 100.00
143.00 100.50
143.50 100.50
144.00 101.00
144.50 101.50
145.00 102.00
145.50 102.00
146.00 102.50
146.50 103.00
147.00 103.00
147.50 103.50
148.00 104.00
148.50 104.50
149.00 105.00
149.50 105.50
149.50 106.00
150.00 106.50
150.50 107.00
151.00 107.50
151.00 108.00
151.50 108.50
152.00 109.00
152.50 109.50
152.50 110.00
153.00 110.50
153.00 111.00
153.50 111.50
153.50 112.00
154.00 112.50
154.00 113.00
154.50 113.50
154.50 114.00
154.50 114.50
155.00 115.00
155.00 115.50
155.50 116.00
155.50 116.50
155.50 117.00
155.50 117.50
156.00 118.00
156.00 118.50
156.00 119.00
156.00 119.50
156.00 120.00
156.00 120.50
156.50 121.00
156.50 121.50
156.50 122.00
156.50 122.50
156.50 123.00
156.50 123.50
156.50 124.00
156.50 124.50
156.50 125.00
156.50 125.50
156.50 126.00
156.50 126.50
156.50 127.00
156.50 127.50
156.50 128.00
156.00 128.50
156.00 129.00
156.00 129.50
156.00 130.00
156.00 130.50
155.50 131.00
155.50 131.50
155.50 132.00
155.50 132.50
155.00 133.00
155.00 133.50
155.00 134.00
154.50 134.50
154.50 135.00
154.00 135.50
154.00 136.00
153.50 136.50
153.00 137.00
153.00 137.50
152.50 138.00
152.50 138.50
152.00 139.00
151.50 139.50
151.00 140.00
151.00 140.50
150.50 141.00
150.00 141.50
149.50 141.50
149.00 142.00
149.00 142.50
148.50 143.00
148.00 143.50
147.50 143.50
147.00 144.00
146.50 144.50
146.00 144.50
145.50 145.00
145.00 145.50
144.50 145.50
144.00 145.50
143.50 146.00
143.00 146.00
142.50 146.50
142.00 146.50
141.50 147.00
141.00 147.00
140.50 147.00
140.00 147.50
139.50 147.50
139.00 147.50
138.50 147.50
138.00 147.50
137.50 148.00
137.00 148.00
136.50 148.00
136.00 148.00
135.50 148.00
135.00 148.00
134.50 148.00
134.00 148.00
133.50 148.00
133.00 148.00
132.50 148.00
132.00 148.00
131.50 148.00
131.00 148.00
130.50 148.00
130.00 147.50
129.50 147.50
129.00 147.50
128.50 147.50
128.00 147.50
127.50 147.00
127.00 147.00
126.50 147.00
126.00 146.50
125.50 146.50
125.00 146.50
124.50 146.50
124.00 146.00
123.50 146.00
123.00 145.50
122.50 145.50
122.00 145.00
121.50 145.00
121.00 144.50
120.50 144.50
120.00 144.00
119.50 143.50
119.00 143.50
118.50 143.00
118.00 142.50
117.50 142.00
117.00 141.50
116.50 141.00
116.00 140.50
115.50 140.00
115.00 139.50
115.00 139.00
114.50 138.50
114.00 138.00
114.00 137.50
113.50 137.00
113.50 136.50
113.00 136.00
113.00 135.50
112.50 135.00
112.50 134.50
112.50 134.00
112.00 133.50
112.00 133.00
112.00 132.50
111.50 132.00
111.50 131.50
111.50 131.00
111.00 130.50
111.00 130.00
111.00 129.50
111.00 129.00
111.00 128.50
111.00 128.00
110.50 127.50
110.50 127.00
110.50 126.50
110.50 126.00
110.50 125.50
110.50 125.00
110.50 124.50
110.50 124.00
110.50 123.50
110.50 123.00
110.50 122.50
111.00 122.00
111.00 121.50
111.00 121.00
111.00 120.50
111.00 120.00
111.00 119.50
111.00 119.00
111.50 118.50
111.50 118.00
111.50 117.50
111.50 117.00
112.00 116.50
112.00 116.00
112.00 115.50
112.00 115.00
112.00 114.50
112.50 114.00
112.50 113.50
112.50 113.00
113.00 112.50
113.00 112.00
113.50 111.50
113.50 111.00
113.50 110.50
114.00 110.00
114.00 109.50
114.50 109.00
114.50 108.50
115.00 108.00
115.00 107.50
115.50 107.00
115.50 106.50
116.00 106.00
116.50 105.50
116.50 105.00
117.00 104.50
117.50 104.00
118.00 103.50
118.50 103.00
119.00 102.50
119.50 102.00
120.00 102.00
120.50 101.50
121.00 101.00
121.50 101.00
122.00 100.50
122.50 100.00
123.00 100.00
123.50 100.00
124.00 99.50
124.50 99.50
125.00 99.00
125.50 99.00
126.00 99.00
126.50 98.50
127.00 98.50
