153.50 113.50
153.50 114.00
153.50 114.50
153.50 115.00
154.00 115.50
154.00 116.00
154.00 116.50
154.50 117.00
154.50 117.50
154.50 118.00
155.00 118.50
155.00 119.00
155.00 119.50
155.00 120.00
155.00 120.50
155.50 121.00
155.50 121.50
155.50 122.00
155.50 122.50
155.50 123.00
155.50 123.50
155.50 124.00
155.50 124.50
155.50 125.00
155.50 125.50
155.50 126.00
155.50 126.50
155.00 127.00
155.00 127.50
155.00 128.00
155.00 128.50
154.50 129.00
154.50 129.50
154.50 130.00
154.00 130.50
154.00 131.00
154.00 131.50
153.50 132.00
153.50 132.50
153.00 133.00
152.50 133.50
152.50 134.00
152.00 134.50
152.00 135.00
151.50 135.50
151.00 136.00
151.00 136.50
150.50 137.00
150.00 137.50
149.50 138.00
149.00 138.50
148.50 139.00
148.00 139.50
147.50 140.00
147.00 140.50
146.50 141.00
146.00 141.50
145.50 141.50
145.00 142.00
144.50 142.50
144.00 142.50
143.50 143.00
143.00 143.00
142.50 143.50
142.00 144.00
141.50 144.00
141.00 144.50
140.50 144.50
140.00 144.50
139.50 145.00
139.00 145.00
138.50 145.00
138.00 145.00
137.50 145.50
137.00 145.50
136.50 145.50
136.00 146.00
135.50 146.00
135.00 146.00
134.50 146.00
134.00 146.00
133.50 146.00
133.00 146.00
132.50 146.00
132.00 146.00
131.50 146.00
131.00 146.00
130.50 146.00
130.00 146.00
129.50 146.00
129.00 146.00
128.50 146.00
128.00 146.00
127.50 145.50
127.00 145.50
126.50 145.50
126.00 145.50
125.50 145.00
125.00 145.00
124.50 145.00
124.00 144.50
123.50 144.50
123.00 144.50
122.50 144.00
122.00 144.00
121.50 143.50
121.00 143.50
120.50 143.00
120.00 142.50
119.50 142.50
119.00 142.00
118.50 141.50
118.00 141.00
117.50 140.50
117.00 140.00
116.50 139.50
116.00 139.00
116.00 138.50
115.50 138.00
115.00 137.50
115.00 137.00
115.00 136.50
114.50 136.00
114.50 135.50
114.00 135.00
114.00 134.50
113.50 134.00
113.50 133.50
113.50 133.00
113.00 132.50
113.00 132.00
113.00 131.50
112.50 131.00
112.50 130.50
112.50 130.00
112.50 129.50
112.00 129.00
112.00 128.50
112.00 128.00
112.00 127.50
112.00 127.00
112.00 126.50
112.00 126.00
111.50 125.50
111.50 125.00
111.50 124.50
111.50 124.00
111.50 123.50
111.50 123.00
111.50 122.50
111.50 122.00
111.50 121.50
111.50 121.00
111.50 120.50
111.50 120.00
111.50 119.50
111.50 119.00
111.50 118.50
112.00 118.00
112.00 117.50
112.00 117.00
112.00 116.50
112.00 116.00
112.00 115.50
112.00 115.00
112.50 114.50
112.50 114.00
112.50 113.50
112.50 113.00
113.00 112.50
113.00 112.00
113.00 111.50
113.50 111.00
113.50 110.50
113.50 110.00
114.00 109.50
114.00 109.00
114.50 108.50
114.50 108.00
115.00 107.50
115.00 107.00
115.50 106.50
115.50 106.00
116.00 105.50
116.50 105.00
116.50 104.50
117.00 104.00
117.50 103.50
118.00 103.00
118.00 102.50
118.50 102.00
119.00 101.50
119.50 101.00
120.00 101.00
120.50 100.50
121.00 100.00
121.50 99.50
122.00 99.50
122.50 99.00
123.00 98.50
123.50 98.50
124.00 98.00
124.50 98.00
125.00 98.00
125.50 97.50
126.00 97.50
126.50 97.50
127.00 97.00
127.50 97.00
128.00 97.00
128.50 97.00
129.00 96.50
129.50 96.50
130.00 96.50
130.50 96.50
131.00 96.50
131.50 96.50
132.00 96.50
132.50 96.50
133.00 96.50
133.50 96.50
134.00 96.50
134.50 96.50
135.00 96.50
135.50 96.50
136.00 96.50
136.50 96.50
137.00 96.50
137.50 97.00
138.00 97.00
138.50 97.00
139.00 97.50
139.50 97.50
140.00 97.50
140.50 97.50
141.00 98.00
141.50 98.00
142.00 98.50
142.50 98.50
143.00 99.00
143.50 99.50
144.00 99.50
144.50 99.50
145.00 100.00
145.50 100.50
146.00 101.00
146.50 101.50
147.00 102.00
147.50 102.50
148.00 103.00
148.50 103.50
149.00 104.00
149.00 104.50
149.50 105.00
149.50 105.50
150.00 106.00
150.00 106.50
150.50 107.00
150.50 107.50
151.00 108.00
151.00 108.50
151.50 109.00
151.50 109.50
152.00 110.00
152.00 110.50
152.00 111.00
152.50 111.50
152.50 112.00
153.00 112.50
153.00 113.00
