158.50 114.00
159.00 114.50
159.00 115.00
159.00 115.50
159.50 116.00
159.50 116.50
159.50 117.00
159.50 117.50
159.50 118.00
160.00 118.50
160.00 119.00
160.00 119.50
160.00 120.00
160.00 120.50
160.00 121.00
160.00 121.50
160.00 122.00
160.00 122.50
160.00 123.00
160.00 123.50
160.00 124.00
160.00 124.50
160.00 125.00
160.00 125.50
160.00 126.00
160.00 126.50
160.00 127.00
159.50 127.50
159.50 128.00
159.50 128.50
159.50 129.00
159.50 129.50
159.00 130.00
159.00 130.50
159.00 131.00
158.50 131.50
158.50 132.00
158.50 132.50
158.00 133.00
158.00 133.50
157.50 134.00
157.00 134.50
157.00 135.00
156.50 135.50
156.50 136.00
156.00 136.50
155.50 137.00
155.00 137.50
155.00 138.00
154.50 138.50
154.00 139.00
153.50 139.50
153.00 139.50
152.50 140.00
152.00 140.50
151.50 141.00
151.00 141.50
150.50 141.50
150.00 142.00
149.50 142.50
149.00 142.50
148.50 143.00
148.00 143.00
147.50 143.50
147.00 143.50
146.50 144.00
146.00 144.00
145.50 144.50
145.00 144.50
144.50 145.00
144.00 145.00
143.50 145.00
143.00 145.50
142.50 145.50
142.00 145.50
141.50 146.00
141.00 146.00
140.50 146.00
140.00 146.50
139.50 146.50
139.00 146.50
138.50 146.50
138.00 146.50
137.50 147.00
137.00 147.00
136.50 147.00
136.00 147.00
135.50 147.00
135.00 147.00
134.50 147.50
134.00 147.50
133.50 147.50
133.00 147.50
132.50 147.50
132.00 147.50
131.50 147.50
131.00 147.50
130.50 147.50
130.00 147.50
129.50 147.50
129.00 147.50
128.50 147.50
128.00 147.00
127.50 147.00
127.00 147.00
126.50 147.00
126.00 147.00
125.50 147.00
125.00 147.00
124.50 146.50
124.00 146.50
123.50 146.50
123.00 146.50
122.50 146.00
122.00 146.00
121.50 146.00
121.00 145.50
120.50 145.50
120.00 145.00
119.50 145.00
119.00 144.50
118.50 144.50
118.00 144.50
117.50 144.00
117.00 143.50
116.50 143.50
116.00 143.00
115.50 142.50
115.00 142.00
114.50 141.50
114.00 141.00
113.50 140.50
113.00 140.00
112.50 139.50
112.00 139.00
112.00 138.50
111.50 138.00
111.00 137.50
111.00 137.00
110.50 136.50
110.50 136.00
110.00 135.50
110.00 135.00
109.50 134.50
109.50 134.00
109.00 133.50
109.00 133.00
108.50 132.50
108.50 132.00
108.50 131.50
108.00 131.00
108.00 130.50
107.50 130.00
107.50 129.50
107.50 129.00
107.50 128.50
107.50 128.00
107.00 127.50
107.00 127.00
107.00 126.50
107.00 126.00
106.50 125.50
106.50 125.00
106.50 124.50
106.50 124.00
106.50 123.50
106.50 123.00
106.50 122.50
106.00 122.00
106.00 121.50
106.00 121.00
106.00 120.50
106.00 120.00
106.00 119.50
106.00 119.00
106.00 118.50
106.00 118.00
106.00 117.50
106.00 117.00
106.00 116.50
106.00 116.00
106.50 115.50
106.50 115.00
106.50 114.50
106.50 114.00
106.50 113.50
106.50 113.00
106.50 112.50
107.00 112.00
107.00 111.50
107.00 111.00
107.00 110.50
107.50 110.00
107.50 109.50
107.50 109.00
108.00 108.50
108.00 108.00
108.50 107.50
108.50 107.00
108.50 106.50
109.00 106.00
109.00 105.50
109.50 105.00
110.00 104.50
110.00 104.00
110.50 103.50
111.00 103.00
111.50 102.50
111.50 102.00
112.00 101.50
112.50 101.00
113.00 100.50
113.50 100.00
114.00 99.50
114.50 99.00
115.00 98.50
115.50 98.00
116.00 98.00
116.50 97.50
117.00 97.00
117.50 96.50
118.00 96.50
118.50 96.00
119.00 95.50
119.50 95.50
120.00 95.00
120.50 95.00
121.00 94.50
121.50 94.50
122.00 94.00
122.50 94.00
123.00 94.00
123.50 93.50
124.00 93.50
124.50 93.50
125.00 93.00
125.50 93.00
126.00 93.00
126.50 92.50
127.00 92.50
127.50 92.50
128.00 92.50
128.50 92.50
129.00 92.00
129.50 92.00
130.00 92.00
130.50 92.00
131.00 92.00
131.50 92.00
132.00 92.00
132.50 92.00
133.00 92.00
133.50 92.00
134.00 92.00
134.50 92.00
135.00 92.00
135.50 92.00
136.00 92.00
136.50 92.00
137.00 92.50
137.50 92.50
138.00 92.50
138.50 92.50
139.00 92.50
139.50 93.00
140.00 93.00
140.50 93.50
141.00 93.50
141.50 94.00
142.00 94.00
142.50 94.00
143.00 94.50
143.50 95.00
144.00 95.00
144.50 95.50
145.00 96.00
145.50 96.50
146.00 96.50
146.50 97.00
147.00 97.50
147.50 98.00
148.00 98.50
148.50 99.00
149.00 99.50
149.50 100.00
150.00 100.50
150.50 101.00
151.00 101.50
151.50 102.00
152.00 102.50
152.50 103.00
152.50 103.50
153.00 104.00
153.50 104.50
154.00 105.00
154.00 105.50
154.50 106.00
155.00 106.50
155.00 107.00
155.50 107.50
156.00 108.00
156.00 108.50
156.50 109.00
156.50 109.50
157.00 110.00
157.00 110.50
157.50 111.00
158.00 111.50
158.00 112.00
158.00 112.50
158.50 113.00
158.50 113.50
