156.50 114.50
157.00 115.00
157.00 115.50
157.00 116.00
157.00 116.50
157.00 117.00
157.50 117.50
157.50 118.00
157.50 118.50
157.00 119.00
157.00 119.50
157.00 120.00
157.00 120.50
156.50 121.00
156.50 121.50
156.00 122.00
155.50 122.50
155.00 123.00
154.50 123.00
154.00 123.50
153.50 123.50
153.00 123.50
152.50 123.50
152.00 123.50
151.50 123.50
151.00 123.50
150.50 123.50
150.00 123.50
149.50 123.00
149.00 122.50
148.50 122.50
148.00 122.00
147.50 121.50
147.00 121.00
147.00 120.50
147.00 120.00
146.50 119.50
146.50 119.00
146.50 118.50
146.50 118.00
147.00 117.50
147.00 117.00
147.00 116.50
147.50 116.00
147.50 115.50
148.00 115.00
148.00 114.50
148.50 114.00
148.50 113.50
149.00 113.00
149.00 112.50
149.50 112.00
150.00 111.50
150.50 111.00
151.00 110.50
151.50 110.00
152.00 109.50
152.50 109.50
153.00 109.50
153.50 109.50
154.00 110.00
154.50 110.50
155.00 111.00
155.50 111.50
155.50 112.00
156.00 112.50
156.00 113.00
156.50 113.50
156.50 114.00
