153.00 115.00
153.50 115.50
153.50 116.00
153.50 116.50
153.50 117.00
153.50 117.50
153.50 118.00
154.00 118.50
154.00 119.00
154.00 119.50
154.00 120.00
154.00 120.50
154.00 121.00
154.00 121.50
154.00 122.00
154.00 122.50
154.00 123.00
153.50 123.50
153.50 124.00
153.50 124.50
153.50 125.00
153.50 125.50
153.50 126.00
153.00 126.50
153.00 127.00
152.50 127.50
152.50 128.00
152.50 128.50
152.00 129.00
152.00 129.50
151.50 130.00
151.50 130.50
151.00 131.00
151.00 131.50
150.50 132.00
150.00 132.50
150.00 133.00
149.50 133.50
149.00 134.00
148.50 134.50
148.50 135.00
148.00 135.50
147.50 136.00
147.00 136.50
146.50 137.00
146.00 137.50
146.00 138.00
145.50 138.50
145.00 139.00
144.50 139.50
144.00 140.00
143.50 140.00
143.00 140.50
142.50 141.00
142.00 141.50
141.50 142.00
141.00 142.00
140.50 142.50
140.00 143.00
139.50 143.50
139.00 143.50
138.50 143.50
138.00 144.00
137.50 144.00
137.00 144.50
136.50 144.50
136.00 145.00
135.50 145.00
135.00 145.00
134.50 145.50
134.00 145.50
133.50 145.50
133.00 145.50
132.50 145.50
132.00 146.00
131.50 146.00
131.00 146.00
130.50 146.00
130.00 146.00
129.50 146.00
129.00 146.00
128.50 146.00
128.00 146.00
127.50 146.00
127.00 146.00
126.50 146.00
126.00 146.00
125.50 146.00
125.00 146.00
124.50 146.00
124.00 145.50
123.50 145.50
123.00 145.50
122.50 145.50
122.00 145.00
121.50 145.00
121.00 145.00
120.50 144.50
120.00 144.50
119.50 144.50
119.00 144.00
118.50 144.00
118.00 143.50
117.50 143.50
117.00 143.00
116.50 142.50
116.00 142.50
115.50 142.00
115.00 141.50
114.50 141.50
114.00 141.00
113.50 140.50
113.50 140.00
113.00 139.50
112.50 139.50
112.00 139.00
111.50 138.50
111.50 138.00
111.00 137.50
110.50 137.00
110.00 136.50
110.00 136.00
109.50 135.50
109.50 135.00
109.00 134.50
108.50 134.00
108.50 133.50
108.00 133.00
108.00 132.50
107.50 132.00
107.50 131.50
107.00 131.00
107.00 130.50
107.00 130.00
106.50 129.50
106.50 129.00
106.50 128.50
106.00 128.00
106.00 127.50
106.00 127.00
106.00 126.50
106.00 126.00
106.00 125.50
105.50 125.00
105.50 124.50
105.50 124.00
105.50 123.50
105.50 123.00
105.50 122.50
105.50 122.00
105.50 121.50
105.50 121.00
105.50 120.50
105.50 120.00
105.50 119.50
105.50 119.00
106.00 118.50
106.00 118.00
106.00 117.50
106.00 117.00
106.00 116.50
106.50 116.00
106.50 115.50
106.50 115.00
107.00 114.50
107.00 114.00
107.50 113.50
107.50 113.00
107.50 112.50
108.00 112.00
108.00 111.50
108.00 111.00
108.50 110.50
109.00 110.00
109.00 109.50
109.50 109.00
110.00 108.50
110.00 108.00
110.50 107.50
111.00 107.00
111.00 106.50
111.50 106.00
112.00 105.50
112.50 105.00
113.00 104.50
113.50 104.00
114.00 103.50
114.50 103.00
115.00 103.00
115.50 102.50
116.00 102.00
116.50 101.50
117.00 101.50
117.50 101.00
118.00 100.50
118.50 100.50
119.00 100.00
119.50 100.00
120.00 99.50
120.50 99.50
121.00 99.00
121.50 99.00
122.00 99.00
122.50 98.50
123.00 98.50
123.50 98.50
124.00 98.00
124.50 98.00
125.00 98.00
125.50 98.00
126.00 97.50
126.50 97.50
127.00 97.50
127.50 97.50
128.00 97.50
128.50 97.50
129.00 97.50
129.50 97.00
130.00 97.00
130.50 97.00
131.00 97.00
131.50 97.00
132.00 97.50
132.50 97.50
133.00 97.50
133.50 97.50
134.00 97.50
134.50 97.50
135.00 97.50
135.50 97.50
136.00 98.00
136.50 98.00
137.00 98.00
137.50 98.50
138.00 98.50
138.50 98.50
139.00 99.00
139.50 99.00
140.00 99.50
140.50 99.50
141.00 99.50
141.50 100.00
142.00 100.00
142.50 100.50
143.00 101.00
143.50 101.50
144.00 102.00
144.50 102.00
145.00 102.50
145.50 103.00
146.00 103.50
146.50 104.00
147.00 104.50
147.50 105.00
148.00 105.50
148.50 106.00
149.00 106.50
149.00 107.00
149.50 107.50
150.00 108.00
150.50 108.50
150.50 109.00
151.00 109.50
151.00 110.00
151.50 110.50
151.50 111.00
152.00 111.50
152.00 112.00
152.50 112.50
152.50 113.00
152.50 113.50
153.00 114.00
153.00 114.50
