144.00 104.50
144.50 104.50
144.50 105.00
145.00 105.50
145.50 106.00
145.50 106.50
146.00 107.00
146.50 107.50
147.00 108.00
147.00 108.50
147.50 109.00
147.50 109.50
148.00 110.00
148.00 110.50
148.50 111.00
148.50 111.50
149.00 112.00
149.00 112.50
149.00 113.00
149.50 113.50
149.50 114.00
149.50 114.50
149.50 115.00
150.00 115.50
150.00 116.00
150.00 116.50
150.00 117.00
150.00 117.50
150.50 118.00
150.50 118.50
150.50 119.00
150.50 119.50
150.50 120.00
150.50 120.50
150.50 121.00
150.50 121.50
150.50 122.00
150.50 122.50
150.50 123.00
150.50 123.50
150.50 124.00
150.50 124.50
150.50 125.00
150.50 125.50
150.50 126.00
150.50 126.50
150.50 127.00
150.50 127.50
150.50 128.00
150.00 128.50
150.00 129.00
150.00 129.50
150.00 130.00
150.00 130.50
149.50 131.00
149.50 131.50
149.50 132.00
149.00 132.50
149.00 133.00
148.50 133.50
148.50 134.00
148.00 134.50
147.50 135.00
147.50 135.50
147.00 136.00
146.50 136.50
146.00 137.00
145.50 137.50
145.00 138.00
144.50 138.50
144.00 138.50
143.50 139.00
143.00 139.50
142.50 139.50
142.00 140.00
141.50 140.00
141.00 140.50
140.50 140.50
140.00 140.50
139.50 141.00
139.00 141.00
138.50 141.00
138.00 141.50
137.50 141.50
137.00 141.50
136.50 141.50
136.00 141.50
135.50 142.00
135.00 142.00
134.50 142.00
134.00 142.00
133.50 142.00
133.00 142.00
132.50 142.00
132.00 142.00
131.50 142.00
131.00 142.00
130.50 142.00
130.00 142.00
129.50 142.00
129.00 142.00
128.50 142.00
128.00 141.50
127.50 141.50
127.00 141.50
126.50 141.50
126.00 141.00
125.50 141.00
125.00 141.00
124.50 141.00
124.00 140.50
123.50 140.50
123.00 140.00
122.50 140.00
122.00 139.50
121.50 139.50
121.00 139.00
120.50 139.00
120.00 138.50
119.50 138.00
119.00 137.50
118.50 137.50
118.00 137.00
117.50 136.50
117.00 136.00
116.50 135.50
116.00 135.00
115.50 134.50
115.00 134.00
114.50 133.50
114.50 133.00
114.00 132.50
114.00 132.00
113.50 131.50
113.50 131.00
113.00 130.50
113.00 130.00
112.50 129.50
112.50 129.00
112.00 128.50
112.00 128.00
111.50 127.50
111.50 127.00
111.50 126.50
111.00 126.00
111.00 125.50
111.00 125.00
111.00 124.50
111.00 124.00
111.00 123.50
110.50 123.00
110.50 122.50
110.50 122.00
110.50 121.50
110.50 121.00
110.50 120.50
110.50 120.00
110.50 119.50
110.50 119.00
110.50 118.50
110.50 118.00
110.50 117.50
110.50 117.00
110.50 116.50
111.00 116.00
111.00 115.50
111.00 115.00
111.00 114.50
111.00 114.00
111.50 113.50
111.50 113.00
111.50 112.50
112.00 112.00
112.00 111.50
112.00 111.00
112.50 110.50
112.50 110.00
113.00 109.50
113.00 109.00
113.50 108.50
113.50 108.00
114.00 107.50
114.50 107.00
114.50 106.50
115.00 106.00
115.50 105.50
116.00 105.00
116.50 104.50
117.00 104.00
117.50 103.50
118.00 103.00
118.50 103.00
119.00 102.50
119.50 102.50
120.00 102.00
120.50 101.50
121.00 101.50
121.50 101.00
122.00 101.00
122.50 101.00
123.00 100.50
123.50 100.50
124.00 100.50
124.50 100.00
125.00 100.00
125.50 100.00
126.00 100.00
126.50 99.50
127.00 99.50
127.50 99.50
128.00 99.50
128.50 99.50
129.00 99.50
129.50 99.50
130.00 99.50
130.50 99.50
131.00 99.50
131.50 99.50
132.00 99.50
132.50 99.50
133.00 99.50
133.50 99.50
134.00 100.00
134.50 100.00
135.00 100.00
135.50 100.00
136.00 100.00
136.50 100.50
137.00 100.50
137.50 100.50
138.00 101.00
138.50 101.00
139.00 101.50
139.50 101.50
140.00 102.00
140.50 102.00
141.00 102.00
141.50 102.50
142.00 103.00
142.50 103.00
143.00 103.50
143.50 104.00
