134.00 140.00
133.50 140.00
133.00 140.00
132.50 140.00
132.00 140.00
131.50 140.00
131.00 140.00
130.50 140.00
130.00 140.00
129.50 140.00
129.00 140.00
128.50 139.50
128.00 139.50
127.50 139.50
127.00 139.00
126.50 139.00
126.00 138.50
125.50 138.00
125.00 138.00
124.50 137.50
124.00 137.00
123.50 136.50
123.50 136.00
123.00 135.50
123.00 135.00
123.00 134.50
123.00 134.00
122.50 133.50
122.50 133.00
122.50 132.50
123.00 132.00
123.00 131.50
123.00 131.00
123.00 130.50
123.00 130.00
123.00 129.50
123.00 129.00
123.00 128.50
123.00 128.00
123.00 127.50
123.00 127.00
123.50 126.50
123.50 126.00
123.50 125.50
124.00 125.00
124.00 124.50
124.50 124.00
124.50 123.50
125.00 123.00
125.50 122.50
126.00 122.00
126.50 121.50
127.00 121.00
127.50 120.50
128.00 120.50
128.50 120.00
129.00 119.50
129.50 119.50
130.00 119.50
130.50 119.00
131.00 118.50
131.50 118.50
132.00 118.50
132.50 118.00
133.00 118.00
133.50 118.00
134.00 118.00
134.50 118.00
135.00 118.00
135.50 118.00
136.00 118.00
136.50 118.00
137.00 118.00
137.50 118.00
138.00 118.50
138.50 118.50
139.00 119.00
139.50 119.50
140.00 120.00
140.00 120.50
140.50 121.00
140.50 121.50
141.00 122.00
141.00 122.50
141.00 123.00
141.50 123.50
141.50 124.00
141.50 124.50
141.50 125.00
141.50 125.50
141.50 126.00
141.50 126.50
141.50 127.00
141.50 127.50
141.50 128.00
141.50 128.50
141.50 129.00
141.00 129.50
141.00 130.00
141.00 130.50
141.00 131.00
140.50 131.50
140.50 132.00
140.50 132.50
140.00 133.00
140.00 133.50
139.50 134.00
139.00 134.50
139.00 135.00
138.50 135.50
138.00 136.00
137.50 136.50
137.00 137.00
136.50 137.50
136.00 137.50
135.50 138.00
135.00 138.50
134.50 139.00
134.50 139.50
134.00 140.00
