135.50 141.50
135.50 142.00
135.50 142.50
135.50 143.00
135.50 143.50
135.00 144.00
135.00 144.50
134.50 145.00
134.00 145.00
133.50 145.00
133.00 144.50
132.50 144.00
132.00 144.00
131.50 143.50
131.00 143.00
130.50 142.50
130.00 142.50
129.50 142.50
129.00 143.00
128.50 143.50
128.50 144.00
128.00 144.50
127.50 145.00
127.00 145.00
126.50 145.50
126.00 145.00
125.50 145.00
125.00 144.50
124.50 144.50
124.00 144.00
123.50 143.50
123.00 143.00
123.00 142.50
123.00 142.00
123.00 141.50
123.00 141.00
123.50 140.50
123.50 140.00
123.50 139.50
124.00 139.00
124.50 138.50
124.50 138.00
125.00 137.50
125.50 137.00
126.00 136.50
126.50 136.00
127.00 135.50
127.50 135.50
128.00 135.50
128.50 136.00
129.00 136.00
129.50 136.50
130.00 137.00
130.50 137.00
131.00 137.50
131.50 138.00
132.00 138.00
132.50 138.50
133.00 138.50
133.50 139.00
134.00 139.00
134.50 139.50
135.00 140.00
135.50 140.50
135.50 141.00
