155.00 125.00
155.00 125.50
155.00 126.00
155.00 126.50
155.00 127.00
155.00 127.50
154.50 128.00
154.50 128.50
154.50 129.00
154.50 129.50
154.00 130.00
154.00 130.50
154.00 131.00
153.50 131.50
153.50 132.00
153.50 132.50
153.00 133.00
153.00 133.50
152.50 134.00
152.50 134.50
152.00 135.00
152.00 135.50
151.50 136.00
151.00 136.50
150.50 137.00
150.50 137.50
150.00 138.00
149.50 138.50
149.00 139.00
148.50 139.50
148.00 140.00
147.50 140.50
147.00 141.00
146.50 141.00
146.00 141.50
145.50 142.00
145.00 142.00
144.50 142.50
144.00 143.00
143.50 143.00
143.00 143.50
142.50 143.50
142.00 144.00
141.50 144.00
141.00 144.00
140.50 144.50
140.00 144.50
139.50 144.50
139.00 145.00
138.50 145.00
138.00 145.00
137.50 145.00
137.00 145.50
136.50 145.50
136.00 145.50
135.50 145.50
135.00 145.50
134.50 145.50
134.00 145.50
133.50 146.00
133.00 146.00
132.50 146.00
132.00 146.00
131.50 146.00
131.00 146.00
130.50 146.00
130.00 146.00
129.50 145.50
129.00 145.50
128.50 145.50
128.00 145.50
127.50 145.50
127.00 145.50
126.50 145.50
126.00 145.00
125.50 145.00
125.00 145.00
124.50 145.00
124.00 144.50
123.50 144.50
123.00 144.50
122.50 144.00
122.00 144.00
121.50 144.00
121.00 143.50
120.50 143.50
120.00 143.00
119.50 143.00
119.00 142.50
118.50 142.50
118.00 142.00
117.50 141.50
117.00 141.50
116.50 141.00
116.00 140.50
115.50 140.00
115.00 140.00
114.50 139.50
114.00 139.00
114.00 138.50
113.50 138.00
113.00 138.00
112.50 137.50
112.00 137.00
112.00 136.50
111.50 136.00
111.00 135.50
110.50 135.00
110.50 134.50
110.50 134.00
110.00 133.50
109.50 133.00
109.50 132.50
109.00 132.00
109.00 131.50
108.50 131.00
108.50 130.50
108.00 130.00
108.00 129.50
108.00 129.00
108.00 128.50
107.50 128.00
107.50 127.50
107.50 127.00
107.50 126.50
107.00 126.00
107.00 125.50
107.00 125.00
107.00 124.50
107.00 124.00
107.00 123.50
107.00 123.00
107.00 122.50
107.00 122.00
106.50 121.50
106.50 121.00
106.50 120.50
106.50 120.00
107.00 119.50
107.00 119.00
107.00 118.50
107.00 118.00
107.00 117.50
107.00 117.00
107.00 116.50
107.00 116.00
107.00 115.50
107.50 115.00
107.50 114.50
107.50 114.00
107.50 113.50
107.50 113.00
108.00 112.50
108.00 112.00
108.00 111.50
108.50 111.00
108.50 110.50
109.00 110.00
109.00 109.50
109.00 109.00
109.50 108.50
109.50 108.00
110.00 107.50
110.50 107.00
110.50 106.50
110.50 106.00
111.00 105.50
111.50 105.00
111.50 104.50
112.00 104.00
112.50 103.50
113.00 103.00
113.00 102.50
113.50 102.00
114.00 102.00
114.50 101.50
115.00 101.00
115.50 100.50
116.00 100.00
116.50 99.50
117.00 99.50
117.50 99.00
118.00 98.50
118.50 98.50
119.00 98.00
119.50 97.50
120.00 97.50
120.50 97.50
121.00 97.00
121.50 97.00
122.00 96.50
122.50 96.50
123.00 96.50
123.50 96.00
124.00 96.00
124.50 96.00
125.00 96.00
125.50 96.00
126.00 96.00
126.50 95.50
127.00 95.50
127.50 95.50
128.00 95.50
128.50 95.50
129.00 95.50
129.50 95.50
130.00 95.50
130.50 95.50
131.00 95.50
131.50 95.50
132.00 95.50
132.50 95.50
133.00 96.00
133.50 96.00
134.00 96.00
134.50 96.00
135.00 96.00
135.50 96.00
136.00 96.50
136.50 96.50
137.00 97.00
137.50 97.00
138.00 97.00
138.50 97.50
139.00 97.50
139.50 97.50
140.00 98.00
140.50 98.00
141.00 98.50
141.50 99.00
142.00 99.00
142.50 99.50
143.00 99.50
143.50 100.00
143.50 100.50
144.00 101.00
144.50 101.00
145.00 101.50
145.50 102.00
145.50 102.50
146.00 103.00
146.50 103.00
147.00 103.50
147.00 104.00
147.50 104.50
148.00 105.00
148.00 105.50
148.50 106.00
149.00 106.50
149.00 107.00
149.50 107.50
149.50 108.00
150.00 108.50
150.00 109.00
150.50 109.50
151.00 110.00
151.00 110.50
151.50 111.00
151.50 111.50
152.00 112.00
152.00 112.50
152.50 113.00
152.50 113.50
152.50 114.00
153.00 114.50
153.00 115.00
153.00 115.50
153.50 116.00
153.50 116.50
153.50 117.00
154.00 117.50
154.00 118.00
154.00 118.50
154.50 119.00
154.50 119.50
154.50 120.00
154.50 120.50
154.50 121.00
155.00 121.50
155.00 122.00
155.00 122.50
155.00 123.00
155.00 123.50
155.00 124.00
155.00 124.50
