110.00 107.50
110.00 107.00
110.50 106.50
111.00 106.00
111.50 105.50
111.50 105.00
112.00 104.50
112.50 104.00
113.00 103.50
113.50 103.00
114.00 102.50
114.50 102.00
114.50 101.50
115.00 101.00
115.50 100.50
116.00 100.00
116.50 99.50
117.00 99.00
117.50 98.50
118.00 98.50
118.50 98.00
119.00 98.00
119.50 97.50
120.00 97.00
120.50 97.00
121.00 96.50
121.50 96.00
122.00 96.00
122.50 95.50
123.00 95.50
123.50 95.00
124.00 95.00
124.50 94.50
125.00 94.50
125.50 94.00
126.00 94.00
126.50 94.00
127.00 93.50
127.50 93.50
128.00 93.50
128.50 93.50
129.00 93.50
129.50 93.00
130.00 93.00
130.50 93.00
131.00 93.00
131.50 93.00
132.00 92.50
132.50 92.50
133.00 92.50
133.50 92.50
134.00 92.50
134.50 92.50
135.00 92.50
135.50 92.50
136.00 92.50
136.50 92.50
137.00 92.50
137.50 92.50
138.00 92.50
138.50 92.50
139.00 92.50
139.50 92.50
140.00 93.00
140.50 93.00
141.00 93.00
141.50 93.00
142.00 93.00
142.50 93.50
143.00 93.50
143.50 93.50
144.00 93.50
144.50 93.50
145.00 94.00
145.50 94.00
146.00 94.00
146.50 94.50
147.00 94.50
147.50 94.50
148.00 95.00
148.50 95.00
149.00 95.00
149.50 95.50
150.00 95.50
150.50 96.00
151.00 96.00
151.50 96.50
152.00 97.00
152.50 97.00
153.00 97.50
153.50 97.50
154.00 98.00
154.50 98.00
155.00 98.50
155.50 99.00
156.00 99.00
156.50 99.50
156.50 100.00
157.00 100.50
157.50 100.50
158.00 101.00
158.50 101.50
159.00 102.00
159.50 102.50
160.00 103.00
160.00 103.50
160.50 104.00
161.00 104.50
161.50 105.00
161.50 105.50
162.00 106.00
162.50 106.50
162.50 107.00
162.50 107.50
163.00 108.00
163.00 108.50
163.50 109.00
163.50 109.50
163.50 110.00
164.00 110.50
164.00 111.00
164.00 111.50
164.00 112.00
164.00 112.50
164.50 113.00
164.50 113.50
164.50 114.00
164.50 114.50
164.50 115.00
164.50 115.50
164.50 116.00
164.50 116.50
164.50 117.00
164.50 117.50
164.50 118.00
164.50 118.50
164.50 119.00
164.50 119.50
164.50 120.00
164.50 120.50
164.50 121.00
164.50 121.50
164.50 122.00
164.50 122.50
164.50 123.00
164.50 123.50
164.50 124.00
164.50 124.50
164.50 125.00
164.50 125.50
164.50 126.00
164.00 126.50
164.00 127.00
164.00 127.50
164.00 128.00
164.00 128.50
164.00 129.00
164.00 129.50
163.50 130.00
163.50 130.50
163.50 131.00
163.50 131.50
163.50 132.00
163.50 132.50
163.00 133.00
163.00 133.50
163.00 134.00
162.50 134.50
162.50 135.00
162.50 135.50
162.50 136.00
162.00 136.50
162.00 137.00
162.00 137.50
161.50 138.00
161.50 138.50
161.00 139.00
161.00 139.50
160.50 140.00
160.50 140.50
160.00 141.00
159.50 141.50
159.50 142.00
159.00 142.50
158.50 143.00
158.00 143.50
158.00 144.00
157.50 144.50
157.00 145.00
156.50 145.50
156.00 146.00
155.50 146.50
155.00 147.00
154.50 147.50
154.00 148.00
153.50 148.00
153.00 148.50
152.50 149.00
152.00 149.50
151.50 149.50
151.00 150.00
150.50 150.50
150.00 150.50
149.50 151.00
149.00 151.00
148.50 151.50
148.00 151.50
147.50 152.00
147.00 152.00
146.50 152.00
146.00 152.50
145.50 152.50
145.00 153.00
144.50 153.00
144.00 153.00
143.50 153.50
143.00 153.50
142.50 153.50
142.00 153.50
141.50 153.50
141.00 154.00
140.50 154.00
140.00 154.00
139.50 154.00
139.00 154.00
138.50 154.50
138.00 154.50
137.50 154.50
137.00 154.50
136.50 154.50
136.00 154.50
135.50 154.50
135.00 154.50
134.50 154.50
134.00 154.50
133.50 154.50
133.00 154.50
132.50 154.50
132.00 154.50
131.50 154.50
131.00 154.50
130.50 154.50
130.00 154.50
129.50 154.50
129.00 154.50
128.50 154.50
128.00 154.50
127.50 154.50
127.00 154.50
126.50 154.50
126.00 154.00
125.50 154.00
125.00 154.00
124.50 154.00
124.00 154.00
123.50 154.00
123.00 154.00
122.50 154.00
122.00 153.50
121.50 153.50
121.00 153.50
120.50 153.50
120.00 153.50
119.50 153.00
119.00 153.00
118.50 153.00
118.00 152.50
117.50 152.50
117.00 152.50
116.50 152.00
116.00 152.00
115.50 151.50
115.00 151.50
114.50 151.00
114.00 151.00
113.50 150.50
113.00 150.50
112.50 150.00
112.00 149.50
111.50 149.50
111.00 149.00
110.50 148.50
110.00 148.00
109.50 147.50
109.00 147.00
108.50 146.50
108.50 146.00
108.00 145.50
107.50 145.00
107.00 144.50
107.00 144.00
106.50 143.50
106.00 143.00
106.00 142.50
105.50 142.00
105.50 141.50
105.00 141.00
105.00 140.50
104.50 140.00
104.50 139.50
104.50 139.00
104.00 138.50
104.00 138.00
104.00 137.50
104.00 137.00
104.00 136.50
103.50 136.00
103.50 135.50
103.50 135.00
103.50 134.50
103.50 134.00
103.50 133.50
103.50 133.00
103.50 132.50
103.00 132.00
103.00 131.50
103.00 131.00
103.00 130.50
103.00 130.00
103.50 129.50
103.50 129.00
103.50 128.50
103.50 128.00
103.50 127.50
103.50 127.00
103.50 126.50
103.50 126.00
103.50 125.50
103.50 125.00
104.00 124.50
104.00 124.00
104.00 123.50
104.00 123.00
104.00 122.50
104.50 122.00
104.50 121.50
104.50 121.00
104.50 120.50
104.50 120.00
105.00 119.50
105.00 119.00
105.00 118.50
105.50 118.00
105.50 117.50
105.50 117.00
106.00 116.50
106.00 116.00
106.00 115.50
106.00 115.00
106.50 114.50
106.50 114.00
107.00 113.50
107.00 113.00
107.00 112.50
107.50 112.00
107.50 111.50
108.00 111.00
108.00 110.50
108.50 110.00
108.50 109.50
109.00 109.00
109.50 108.50
109.50 108.00
