153.50 109.00
154.00 109.50
154.00 110.00
154.50 110.50
154.50 111.00
155.00 111.50
155.50 112.00
155.50 112.50
156.00 113.00
156.00 113.50
156.00 114.00
156.50 114.50
156.50 115.00
156.50 115.50
157.00 116.00
157.00 116.50
157.00 117.00
157.50 117.50
157.50 118.00
157.50 118.50
157.50 119.00
157.50 119.50
158.00 120.00
158.00 120.50
158.00 121.00
158.00 121.50
158.00 122.00
158.00 122.50
158.00 123.00
158.00 123.50
158.00 124.00
158.00 124.50
158.00 125.00
158.00 125.50
158.00 126.00
157.50 126.50
157.50 127.00
157.50 127.50
157.50 128.00
157.50 128.50
157.00 129.00
157.00 129.50
157.00 130.00
156.50 130.50
156.50 131.00
156.00 131.50
156.00 132.00
156.00 132.50
155.50 133.00
155.00 133.50
155.00 134.00
155.00 134.50
154.50 135.00
154.00 135.50
154.00 136.00
153.50 136.50
153.00 137.00
152.50 137.50
152.50 138.00
152.00 138.50
151.50 139.00
151.00 139.50
150.50 140.00
150.00 140.50
149.50 141.00
149.00 141.00
148.50 141.50
148.00 142.00
147.50 142.50
147.00 143.00
146.50 143.00
146.00 143.50
145.50 143.50
145.00 144.00
144.50 144.50
144.00 144.50
143.50 145.00
143.00 145.00
142.50 145.00
142.00 145.50
141.50 145.50
141.00 146.00
140.50 146.00
140.00 146.00
139.50 146.50
139.00 146.50
138.50 146.50
138.00 146.50
137.50 146.50
137.00 147.00
136.50 147.00
136.00 147.00
135.50 147.00
135.00 147.00
134.50 147.00
134.00 147.00
133.50 147.00
133.00 147.00
132.50 147.00
132.00 147.00
131.50 147.00
131.00 147.00
130.50 147.00
130.00 147.00
129.50 147.00
129.00 147.00
128.50 146.50
128.00 146.50
127.50 146.50
127.00 146.50
126.50 146.50
126.00 146.00
125.50 146.00
125.00 146.00
124.50 145.50
124.00 145.50
123.50 145.50
123.00 145.00
122.50 145.00
122.00 144.50
121.50 144.50
121.00 144.50
120.50 144.00
120.00 143.50
119.50 143.50
119.00 143.00
118.50 142.50
118.00 142.50
117.50 142.00
117.00 141.50
116.50 141.00
116.00 140.50
115.50 140.50
115.00 140.00
114.50 139.50
114.00 139.00
114.00 138.50
113.50 138.00
113.00 137.50
112.50 137.00
112.50 136.50
112.00 136.00
111.50 135.50
111.50 135.00
111.00 134.50
111.00 134.00
110.50 133.50
110.50 133.00
110.50 132.50
110.00 132.00
110.00 131.50
110.00 131.00
109.50 130.50
109.50 130.00
109.50 129.50
109.50 129.00
109.00 128.50
109.00 128.00
109.00 127.50
109.00 127.00
109.00 126.50
109.00 126.00
108.50 125.50
108.50 125.00
108.50 124.50
108.50 124.00
108.50 123.50
108.50 123.00
108.50 122.50
108.50 122.00
108.50 121.50
108.50 121.00
108.50 120.50
108.50 120.00
108.50 119.50
108.50 119.00
108.50 118.50
108.50 118.00
108.50 117.50
108.50 117.00
108.50 116.50
108.50 116.00
108.50 115.50
109.00 115.00
109.00 114.50
109.00 114.00
109.00 113.50
109.00 113.00
109.00 112.50
109.00 112.00
109.50 111.50
109.50 111.00
109.50 110.50
109.50 110.00
110.00 109.50
110.00 109.00
110.00 108.50
110.00 108.00
110.50 107.50
110.50 107.00
111.00 106.50
111.00 106.00
111.50 105.50
111.50 105.00
112.00 104.50
112.00 104.00
112.50 103.50
112.50 103.00
113.00 102.50
113.50 102.00
113.50 101.50
114.00 101.00
114.50 100.50
115.00 100.00
115.50 99.50
116.00 99.00
116.50 98.50
117.00 98.00
117.50 97.50
118.00 97.50
118.50 97.00
119.00 96.50
119.50 96.50
120.00 96.50
120.50 96.00
121.00 96.00
121.50 95.50
122.00 95.50
122.50 95.00
123.00 95.00
123.50 95.00
124.00 94.50
124.50 94.50
125.00 94.50
125.50 94.00
126.00 94.00
126.50 94.00
127.00 94.00
127.50 94.00
128.00 93.50
128.50 93.50
129.00 93.50
129.50 93.50
130.00 93.50
130.50 93.50
131.00 93.50
131.50 93.50
132.00 93.50
132.50 93.50
133.00 93.50
133.50 93.50
134.00 93.50
134.50 93.50
135.00 94.00
135.50 94.00
136.00 94.00
136.50 94.00
137.00 94.00
137.50 94.50
138.00 94.50
138.50 94.50
139.00 95.00
139.50 95.00
140.00 95.00
140.50 95.50
141.00 95.50
141.50 96.00
142.00 96.00
142.50 96.50
143.00 96.50
143.50 97.00
144.00 97.50
144.50 97.50
145.00 98.00
145.50 98.50
146.00 99.00
146.50 99.00
147.00 99.50
147.50 100.00
148.00 100.50
148.00 101.00
148.50 101.50
149.00 102.00
149.50 102.50
150.00 103.00
150.50 103.50
151.00 104.00
151.00 104.50
151.50 105.00
151.50 105.50
152.00 106.00
152.00 106.50
152.50 107.00
153.00 107.50
153.50 108.00
153.50 108.50
