104.50 113.50
105.00 113.00
105.00 112.50
105.00 112.00
105.50 111.50
105.50 111.00
105.50 110.50
106.00 110.00
106.00 109.50
106.50 109.00
106.50 108.50
106.50 108.00
107.00 107.50
107.50 107.00
107.50 106.50
108.00 106.00
108.00 105.50
108.50 105.00
109.00 104.50
109.00 104.00
109.50 103.50
110.00 103.00
110.00 102.50
110.50 102.00
111.00 101.50
111.50 101.00
112.00 100.50
112.50 100.00
113.00 99.50
113.50 99.00
114.00 98.50
114.50 98.00
115.00 97.50
115.50 97.00
116.00 96.50
116.50 96.00
117.00 96.00
117.50 95.50
118.00 95.00
118.50 94.50
119.00 94.50
119.50 94.00
120.00 94.00
120.50 93.50
121.00 93.50
121.50 93.00
122.00 92.50
122.50 92.50
123.00 92.00
123.50 92.00
124.00 91.50
124.50 91.50
125.00 91.50
125.50 91.00
126.00 91.00
126.50 90.50
127.00 90.50
127.50 90.50
128.00 90.00
128.50 90.00
129.00 90.00
129.50 89.50
130.00 89.50
130.50 89.50
131.00 89.00
131.50 89.00
132.00 89.00
132.50 89.00
133.00 88.50
133.50 88.50
134.00 88.50
134.50 88.50
135.00 88.50
135.50 88.00
136.00 88.00
136.50 88.00
137.00 88.00
137.50 88.00
138.00 88.00
138.50 88.00
139.00 88.00
139.50 88.00
140.00 88.00
140.50 88.00
141.00 88.00
141.50 88.00
142.00 88.00
142.50 88.00
143.00 88.00
143.50 88.50
144.00 88.50
144.50 88.50
145.00 88.50
145.50 89.00
146.00 89.00
146.50 89.00
147.00 89.00
147.50 89.50
148.00 90.00
148.50 90.00
149.00 90.00
149.50 90.50
150.00 91.00
150.50 91.00
151.00 91.50
151.50 92.00
152.00 92.50
152.50 92.50
153.00 93.00
153.50 93.50
154.00 94.00
154.50 94.50
155.00 95.00
155.50 95.50
156.00 96.00
156.50 96.50
157.00 97.00
157.50 97.50
158.00 98.00
158.50 98.50
159.00 99.00
159.50 99.50
160.00 100.00
160.00 100.50
160.50 101.00
161.00 101.50
161.00 102.00
161.50 102.50
162.00 103.00
162.50 103.50
163.00 104.00
163.00 104.50
163.50 105.00
164.00 105.50
164.00 106.00
164.50 106.50
164.50 107.00
165.00 107.50
165.00 108.00
165.50 108.50
165.50 109.00
166.00 109.50
166.00 110.00
166.50 110.50
166.50 111.00
166.50 111.50
167.00 112.00
167.00 112.50
167.00 113.00
167.50 113.50
167.50 114.00
167.50 114.50
167.50 115.00
167.50 115.50
168.00 116.00
168.00 116.50
168.00 117.00
168.00 117.50
168.00 118.00
168.00 118.50
168.00 119.00
168.00 119.50
168.00 120.00
168.00 120.50
168.00 121.00
168.00 121.50
168.00 122.00
168.00 122.50
168.00 123.00
168.00 123.50
168.00 124.00
168.00 124.50
168.00 125.00
167.50 125.50
167.50 126.00
167.50 126.50
167.50 127.00
167.50 127.50
167.00 128.00
167.00 128.50
167.00 129.00
166.50 129.50
166.50 130.00
166.50 130.50
166.00 131.00
166.00 131.50
166.00 132.00
165.50 132.50
165.50 133.00
165.00 133.50
165.00 134.00
164.50 134.50
164.50 135.00
164.00 135.50
164.00 136.00
163.50 136.50
163.50 137.00
163.00 137.50
162.50 138.00
162.50 138.50
162.00 139.00
161.50 139.50
161.00 140.00
160.50 140.50
160.50 141.00
160.00 141.50
159.50 142.00
159.00 142.50
158.50 143.00
158.00 143.50
157.50 144.00
157.00 144.50
156.50 145.00
156.00 145.50
155.50 146.00
155.00 146.50
154.50 146.50
154.00 147.00
153.50 147.50
153.00 147.50
152.50 148.00
152.00 148.50
151.50 148.50
151.00 149.00
150.50 149.50
150.00 149.50
149.50 150.00
149.00 150.00
148.50 150.50
148.00 151.00
147.50 151.00
147.00 151.00
146.50 151.50
146.00 151.50
145.50 152.00
145.00 152.00
144.50 152.50
144.00 152.50
143.50 153.00
143.00 153.00
142.50 153.00
142.00 153.50
141.50 153.50
141.00 153.50
140.50 153.50
140.00 154.00
139.50 154.00
139.00 154.00
138.50 154.50
138.00 154.50
137.50 154.50
137.00 155.00
136.50 155.00
136.00 155.00
135.50 155.00
135.00 155.00
134.50 155.00
134.00 155.50
133.50 155.50
133.00 155.50
132.50 155.50
132.00 155.50
131.50 155.50
131.00 156.00
130.50 156.00
130.00 156.00
129.50 156.00
129.00 156.00
128.50 156.00
128.00 156.00
127.50 156.00
127.00 156.00
126.50 156.00
126.00 156.00
125.50 156.00
125.00 156.00
124.50 156.00
124.00 155.50
123.50 155.50
123.00 155.50
122.50 155.50
122.00 155.50
121.50 155.50
121.00 155.50
120.50 155.00
120.00 155.00
119.50 155.00
119.00 154.50
118.50 154.50
118.00 154.50
117.50 154.50
117.00 154.00
116.50 154.00
116.00 154.00
115.50 153.50
115.00 153.50
114.50 153.00
114.00 153.00
113.50 152.50
113.00 152.50
112.50 152.00
112.00 151.50
111.50 151.50
111.00 151.00
110.50 150.50
110.00 150.50
109.50 150.00
109.00 149.50
108.50 149.50
108.00 149.00
107.50 148.50
107.50 148.00
107.00 147.50
106.50 147.50
106.00 147.00
106.00 146.50
105.50 146.00
105.50 145.50
105.00 145.00
105.00 144.50
104.50 144.00
104.00 143.50
104.00 143.00
104.00 142.50
104.00 142.00
103.50 141.50
103.50 141.00
103.50 140.50
103.00 140.00
103.00 139.50
103.00 139.00
103.00 138.50
103.00 138.00
103.00 137.50
102.50 137.00
102.50 136.50
102.50 136.00
102.50 135.50
102.50 135.00
102.50 134.50
102.50 134.00
102.50 133.50
102.50 133.00
102.50 132.50
102.50 132.00
102.50 131.50
102.50 131.00
102.50 130.50
102.50 130.00
102.50 129.50
102.50 129.00
102.50 128.50
102.50 128.00
102.50 127.50
102.50 127.00
102.50 126.50
102.50 126.00
102.50 125.50
102.50 125.00
102.50 124.50
102.50 124.00
103.00 123.50
103.00 123.00
103.00 122.50
103.00 122.00
103.00 121.50
103.00 121.00
103.00 120.50
103.00 120.00
103.50 119.50
103.50 119.00
103.50 118.50
103.50 118.00
103.50 117.50
103.50 117.00
104.00 116.50
104.00 116.00
104.00 115.50
104.00 115.00
104.50 114.50
104.50 114.00
