123.50 113.00
124.00 112.50
124.50 112.50
125.00 112.00
125.50 111.50
126.00 111.00
126.50 111.00
127.00 110.50
127.50 110.00
128.00 110.00
128.50 109.50
129.00 109.50
129.50 109.00
130.00 108.50
130.50 108.50
131.00 108.00
131.50 108.00
132.00 108.00
132.50 107.50
133.00 107.50
133.50 107.50
134.00 107.00
134.50 107.00
135.00 107.00
135.50 106.50
136.00 106.50
136.50 107.00
136.50 107.50
137.00 108.00
137.50 108.00
138.00 108.00
138.50 108.00
139.00 108.00
139.50 108.00
140.00 108.50
140.50 108.50
141.00 108.50
141.50 109.00
142.00 109.50
142.50 109.50
143.00 110.00
143.50 110.00
144.00 110.50
144.00 111.00
144.50 111.50
145.00 112.00
145.50 112.50
146.00 113.00
146.50 113.50
146.50 114.00
146.50 114.50
147.00 115.00
147.00 115.50
147.00 116.00
147.50 116.50
147.50 117.00
147.50 117.50
147.50 118.00
148.00 118.50
148.00 119.00
148.00 119.50
148.00 120.00
148.00 120.50
148.00 121.00
148.00 121.50
148.00 122.00
148.00 122.50
148.00 123.00
148.00 123.50
148.00 124.00
148.00 124.50
147.50 125.00
147.50 125.50
147.50 126.00
147.50 126.50
147.50 127.00
147.00 127.50
147.00 128.00
147.00 128.50
147.00 129.00
146.50 129.50
146.50 130.00
146.50 130.50
146.00 131.00
146.00 131.50
146.00 132.00
145.50 132.50
145.50 133.00
145.50 133.50
145.00 134.00
145.00 134.50
144.50 135.00
144.00 135.50
144.00 136.00
143.50 136.50
143.50 137.00
143.00 137.50
143.00 138.00
142.50 138.50
142.00 139.00
141.50 139.50
141.00 140.00
140.50 140.50
140.50 141.00
140.00 141.50
139.50 141.50
139.00 142.00
138.50 142.50
138.00 142.50
137.50 143.00
137.00 143.00
136.50 143.50
136.00 143.50
135.50 144.00
135.00 144.00
134.50 144.00
134.00 144.00
133.50 144.50
133.00 144.50
132.50 144.50
132.00 144.50
131.50 144.50
131.00 144.50
130.50 144.50
130.00 144.50
129.50 144.50
129.00 144.50
128.50 144.50
128.00 144.00
127.50 144.00
127.00 144.00
126.50 143.50
126.00 143.00
125.50 143.00
125.00 143.00
124.50 142.50
124.00 142.00
124.00 141.50
123.50 141.00
123.00 140.50
122.50 140.00
122.00 139.50
121.50 139.00
121.50 138.50
121.00 138.00
121.00 137.50
121.00 137.00
120.50 136.50
120.50 136.00
120.00 135.50
120.00 135.00
120.00 134.50
119.50 134.00
119.50 133.50
119.50 133.00
119.50 132.50
119.50 132.00
119.50 131.50
119.50 131.00
119.00 130.50
119.00 130.00
119.00 129.50
119.00 129.00
119.00 128.50
119.00 128.00
119.50 127.50
119.50 127.00
119.50 126.50
119.50 126.00
119.50 125.50
119.50 125.00
119.50 124.50
120.00 124.00
120.00 123.50
120.00 123.00
120.00 122.50
120.00 122.00
120.50 121.50
120.50 121.00
121.00 120.50
121.00 120.00
121.00 119.50
121.00 119.00
121.50 118.50
121.50 118.00
122.00 117.50
122.00 117.00
122.50 116.50
122.50 116.00
123.00 115.50
123.00 115.00
123.50 114.50
124.00 114.00
124.00 113.50
