152.50 125.50
152.00 125.00
151.50 124.50
151.00 124.00
150.50 123.50
150.50 123.00
150.00 122.50
149.50 122.00
149.50 121.50
149.50 121.00
149.50 120.50
149.00 120.00
149.00 119.50
149.00 119.00
149.00 118.50
149.00 118.00
149.00 117.50
149.00 117.00
149.00 116.50
149.00 116.00
149.00 115.50
149.50 115.00
150.00 114.50
150.50 114.00
151.00 113.50
151.50 113.50
152.00 113.00
152.50 113.00
153.00 113.00
153.50 113.00
154.00 113.00
154.50 113.00
155.00 113.00
155.50 113.50
156.00 114.00
156.00 114.50
156.50 115.00
156.50 115.50
156.50 116.00
156.50 116.50
157.00 117.00
157.00 117.50
157.00 118.00
157.00 118.50
156.50 119.00
156.50 119.50
156.50 120.00
156.50 120.50
156.50 121.00
156.00 121.50
156.00 122.00
156.00 122.50
155.50 123.00
155.50 123.50
155.00 124.00
154.50 124.50
154.00 125.00
153.50 125.50
153.00 125.50
