154.00 99.50
154.50 100.00
155.00 100.50
155.50 101.00
156.00 101.50
156.50 102.00
157.00 102.50
157.00 103.00
157.50 103.50
158.00 104.00
158.50 104.50
159.00 105.00
159.00 105.50
159.50 106.00
160.00 106.50
160.00 107.00
160.00 107.50
160.50 108.00
161.00 108.50
161.00 109.00
161.00 109.50
161.50 110.00
162.00 110.50
162.00 111.00
162.00 111.50
162.50 112.00
162.50 112.50
162.50 113.00
162.50 113.50
163.00 114.00
163.00 114.50
163.00 115.00
163.00 115.50
163.00 116.00
163.50 116.50
163.50 117.00
163.50 117.50
163.50 118.00
163.50 118.50
163.50 119.00
163.50 119.50
163.50 120.00
163.50 120.50
163.50 121.00
163.50 121.50
163.50 122.00
163.50 122.50
163.00 123.00
163.00 123.50
163.00 124.00
163.00 124.50
163.00 125.00
162.50 125.50
162.50 126.00
162.50 126.50
162.00 127.00
162.00 127.50
161.50 128.00
161.50 128.50
161.50 129.00
161.00 129.50
161.00 130.00
160.50 130.50
160.50 131.00
160.00 131.50
160.00 132.00
159.50 132.50
159.50 133.00
159.00 133.50
158.50 134.00
158.50 134.50
158.00 135.00
158.00 135.50
157.50 136.00
157.00 136.50
156.50 137.00
156.50 137.50
156.00 138.00
155.50 138.50
155.00 139.00
154.50 139.50
154.00 140.00
154.00 140.50
153.50 141.00
153.00 141.00
152.50 141.50
152.00 142.00
151.50 142.50
151.00 143.00
150.50 143.50
150.00 144.00
149.50 144.50
149.00 145.00
148.50 145.00
148.00 145.50
147.50 146.00
147.00 146.00
146.50 146.50
146.00 146.50
145.50 147.00
145.00 147.00
144.50 147.50
144.00 147.50
143.50 148.00
143.00 148.00
142.50 148.50
142.00 148.50
141.50 149.00
141.00 149.00
140.50 149.00
140.00 149.00
139.50 149.50
139.00 149.50
138.50 149.50
138.00 149.50
137.50 150.00
137.00 150.00
136.50 150.00
136.00 150.00
135.50 150.00
135.00 150.00
134.50 150.00
134.00 150.00
133.50 150.00
133.00 150.00
132.50 150.00
132.00 150.00
131.50 150.00
131.00 150.00
130.50 150.00
130.00 150.00
129.50 150.00
129.00 150.00
128.50 150.00
128.00 150.00
127.50 150.00
127.00 149.50
126.50 149.50
126.00 149.50
125.50 149.50
125.00 149.00
124.50 149.00
124.00 149.00
123.50 149.00
123.00 148.50
122.50 148.50
122.00 148.50
121.50 148.00
121.00 148.00
120.50 147.50
120.00 147.50
119.50 147.00
119.00 147.00
118.50 146.50
118.00 146.50
117.50 146.00
117.00 145.50
116.50 145.50
116.00 145.00
115.50 144.50
115.00 144.00
114.50 143.50
114.00 143.50
113.50 143.00
113.00 142.50
113.00 142.00
112.50 141.50
112.00 141.50
111.50 141.00
111.50 140.50
111.00 140.00
110.50 139.50
110.00 139.00
110.00 138.50
110.00 138.00
109.50 137.50
109.00 137.00
109.00 136.50
109.00 136.00
108.50 135.50
108.00 135.00
108.00 134.50
108.00 134.00
108.00 133.50
107.50 133.00
107.50 132.50
107.50 132.00
107.00 131.50
107.00 131.00
107.00 130.50
107.00 130.00
107.00 129.50
106.50 129.00
106.50 128.50
106.50 128.00
106.50 127.50
106.50 127.00
106.50 126.50
106.50 126.00
106.50 125.50
106.50 125.00
106.50 124.50
106.50 124.00
106.50 123.50
106.50 123.00
106.50 122.50
106.50 122.00
106.50 121.50
106.50 121.00
106.50 120.50
106.50 120.00
106.50 119.50
106.50 119.00
107.00 118.50
107.00 118.00
107.00 117.50
107.00 117.00
107.00 116.50
107.00 116.00
107.50 115.50
107.50 115.00
107.50 114.50
107.50 114.00
108.00 113.50
108.00 113.00
108.00 112.50
108.50 112.00
108.50 111.50
108.50 111.00
108.50 110.50
109.00 110.00
109.00 109.50
109.50 109.00
109.50 108.50
109.50 108.00
110.00 107.50
110.50 107.00
110.50 106.50
111.00 106.00
111.50 105.50
111.50 105.00
112.00 104.50
112.50 104.00
112.50 103.50
113.00 103.00
113.00 102.50
113.50 102.00
114.00 101.50
114.50 101.00
115.00 100.50
115.50 100.00
116.00 99.50
116.50 99.00
117.00 98.50
117.50 98.00
118.00 97.50
118.50 97.50
119.00 97.00
119.50 96.50
120.00 96.50
120.50 96.00
121.00 96.00
121.50 95.50
122.00 95.00
122.50 95.00
123.00 95.00
123.50 94.50
124.00 94.50
124.50 94.00
125.00 94.00
125.50 93.50
126.00 93.50
126.50 93.50
127.00 93.00
127.50 93.00
128.00 93.00
128.50 93.00
129.00 92.50
129.50 92.50
130.00 92.50
130.50 92.50
131.00 92.50
131.50 92.00
132.00 92.00
132.50 92.00
133.00 92.00
133.50 92.00
134.00 92.00
134.50 92.00
135.00 92.00
135.50 92.00
136.00 92.00
136.50 92.00
137.00 92.00
137.50 92.00
138.00 92.00
138.50 92.00
139.00 92.00
139.50 92.50
140.00 92.50
140.50 92.50
141.00 92.50
141.50 93.00
142.00 93.00
142.50 93.00
143.00 93.00
143.50 93.00
144.00 93.50
144.50 93.50
145.00 94.00
145.50 94.00
146.00 94.50
146.50 94.50
147.00 95.00
147.50 95.00
148.00 95.50
148.50 95.50
149.00 96.00
149.50 96.00
150.00 96.50
150.50 97.00
151.00 97.00
151.50 97.50
152.00 98.00
152.50 98.00
153.00 98.50
153.50 99.00
