131.50 145.00
131.00 145.00
130.50 144.50
130.00 144.50
129.50 144.50
129.00 144.50
128.50 144.50
128.00 144.50
127.50 144.50
127.00 145.00
126.50 145.00
126.00 145.00
125.50 145.00
125.00 145.00
124.50 145.00
124.00 145.00
123.50 145.00
123.00 145.00
122.50 144.50
122.50 144.00
123.00 143.50
123.50 143.50
124.00 143.50
124.50 143.00
125.00 143.00
125.50 142.50
126.00 142.50
126.50 142.00
127.00 142.00
127.50 142.00
128.00 141.50
128.50 141.50
129.00 141.50
129.50 141.50
130.00 141.50
130.50 141.50
131.00 142.00
131.50 142.50
131.50 143.00
132.00 143.50
132.00 144.00
132.00 144.50
132.00 145.00
