127.50 102.50
128.00 102.50
128.50 102.50
129.00 102.50
129.50 102.50
130.00 102.50
130.50 102.50
131.00 102.50
131.50 102.50
132.00 102.50
132.50 102.50
133.00 102.50
133.50 102.50
134.00 103.00
134.50 103.00
135.00 103.00
135.50 103.00
136.00 103.50
136.50 103.50
137.00 103.50
137.50 104.00
138.00 104.00
138.50 104.50
139.00 104.50
139.50 105.00
140.00 105.00
140.50 105.50
141.00 106.00
141.50 106.00
142.00 106.50
142.50 107.00
143.00 107.50
143.50 108.00
144.00 108.50
144.50 109.00
145.00 109.50
145.50 110.00
145.50 110.50
146.00 111.00
146.50 111.50
146.50 112.00
147.00 112.50
147.00 113.00
147.50 113.50
147.50 114.00
148.00 114.50
148.00 115.00
148.00 115.50
148.50 116.00
148.50 116.50
148.50 117.00
149.00 117.50
149.00 118.00
149.00 118.50
149.00 119.00
149.50 119.50
149.50 120.00
149.50 120.50
149.50 121.00
149.50 121.50
149.50 122.00
149.50 122.50
149.50 123.00
149.50 123.50
149.50 124.00
149.50 124.50
149.50 125.00
149.50 125.50
149.50 126.00
149.50 126.50
149.00 127.00
149.00 127.50
149.00 128.00
149.00 128.50
149.00 129.00
148.50 129.50
148.50 130.00
148.50 130.50
148.00 131.00
148.00 131.50
147.50 132.00
147.50 132.50
147.00 133.00
147.00 133.50
146.50 134.00
146.00 134.50
146.00 135.00
145.50 135.50
145.00 136.00
144.50 136.50
144.00 137.00
143.50 137.50
143.00 138.00
142.50 138.00
142.00 138.50
141.50 138.50
141.00 139.00
140.50 139.50
140.00 139.50
139.50 139.50
139.00 140.00
138.50 140.00
138.00 140.00
137.50 140.00
137.00 140.50
136.50 140.50
136.00 140.50
135.50 140.50
135.00 140.50
134.50 140.50
134.00 140.50
133.50 140.50
133.00 140.50
132.50 140.50
132.00 140.50
131.50 140.50
131.00 140.50
130.50 140.50
130.00 140.50
129.50 140.50
129.00 140.00
128.50 140.00
128.00 140.00
127.50 140.00
127.00 139.50
126.50 139.50
126.00 139.00
125.50 139.00
125.00 138.50
124.50 138.00
124.00 138.00
123.50 138.00
123.00 137.50
122.50 137.00
122.00 136.50
121.50 136.00
121.00 135.50
120.50 135.00
120.00 134.50
120.00 134.00
119.50 133.50
119.00 133.00
118.50 132.50
118.50 132.00
118.50 131.50
118.00 131.00
118.00 130.50
117.50 130.00
117.50 129.50
117.00 129.00
117.00 128.50
116.50 128.00
116.50 127.50
116.50 127.00
116.00 126.50
116.00 126.00
116.00 125.50
115.50 125.00
115.50 124.50
115.50 124.00
115.00 123.50
115.00 123.00
115.00 122.50
115.00 122.00
114.50 121.50
114.50 121.00
114.50 120.50
114.50 120.00
114.50 119.50
114.50 119.00
114.50 118.50
114.50 118.00
114.50 117.50
114.50 117.00
114.50 116.50
115.00 116.00
115.00 115.50
115.00 115.00
115.00 114.50
115.50 114.00
115.50 113.50
115.50 113.00
116.00 112.50
116.00 112.00
116.50 111.50
116.50 111.00
117.00 110.50
117.50 110.00
117.50 109.50
118.00 109.00
118.50 108.50
119.00 108.00
119.50 107.50
120.00 107.00
120.50 106.50
121.00 106.50
121.50 106.00
122.00 105.50
122.50 105.00
123.00 105.00
123.50 104.50
124.00 104.00
124.50 104.00
125.00 103.50
125.50 103.50
126.00 103.00
126.50 103.00
127.00 102.50
