134.00 140.00
133.50 140.00
133.00 139.50
132.50 139.50
132.00 139.50
131.50 139.00
131.00 139.00
130.50 138.50
130.00 138.00
129.50 137.50
129.50 137.00
129.00 136.50
129.00 136.00
128.50 135.50
128.50 135.00
128.50 134.50
128.50 134.00
128.50 133.50
128.50 133.00
129.00 132.50
129.00 132.00
129.00 131.50
129.50 131.00
129.50 130.50
130.00 130.00
130.00 129.50
130.50 129.00
131.00 128.50
131.50 128.00
132.00 127.50
132.50 127.00
133.00 127.00
133.50 126.50
134.00 126.50
134.50 126.00
135.00 126.00
135.50 126.00
136.00 126.00
136.50 126.00
137.00 126.00
137.50 126.00
138.00 126.50
138.50 126.50
139.00 127.00
139.50 127.50
140.00 128.00
140.00 128.50
140.50 129.00
140.50 129.50
140.50 130.00
141.00 130.50
141.00 131.00
141.00 131.50
141.50 132.00
141.50 132.50
141.50 133.00
141.50 133.50
141.50 134.00
141.50 134.50
141.00 135.00
141.00 135.50
141.00 136.00
140.50 136.50
140.50 137.00
140.00 137.50
139.50 138.00
139.00 138.50
138.50 139.00
138.00 139.00
137.50 139.50
137.00 139.50
136.50 140.00
136.00 140.00
135.50 140.00
135.00 140.00
134.50 140.00
