108.50 132.00
108.50 131.50
108.50 131.00
108.00 130.50
108.00 130.00
108.00 129.50
108.00 129.00
108.00 128.50
108.00 128.00
108.00 127.50
107.50 127.00
107.50 126.50
107.50 126.00
107.50 125.50
107.50 125.00
107.50 124.50
107.50 124.00
107.50 123.50
107.50 123.00
107.50 122.50
107.50 122.00
107.50 121.50
107.50 121.00
107.50 120.50
108.00 120.00
108.00 119.50
108.00 119.00
108.00 118.50
108.00 118.00
108.00 117.50
108.50 117.00
108.50 116.50
108.50 116.00
108.50 115.50
109.00 115.00
109.00 114.50
109.00 114.00
109.50 113.50
109.50 113.00
109.50 112.50
110.00 112.00
110.00 111.50
109.50 111.00
110.00 110.50
110.00 110.00
110.50 109.50
110.50 109.00
110.50 108.50
111.00 108.00
111.00 107.50
111.50 107.00
111.50 106.50
112.00 106.00
112.00 105.50
112.50 105.00
113.00 104.50
113.00 104.00
113.50 103.50
114.00 103.00
114.00 102.50
114.50 102.00
115.00 101.50
115.50 101.00
116.00 100.50
116.50 100.00
117.00 99.50
117.50 99.00
118.00 98.50
118.50 98.50
119.00 98.00
119.50 97.50
120.00 97.50
120.50 97.00
121.00 97.00
121.50 96.50
122.00 96.50
122.50 96.50
123.00 96.00
123.50 96.00
124.00 95.50
124.50 95.50
125.00 95.50
125.50 95.00
126.00 95.00
126.50 95.00
127.00 94.50
127.50 94.50
128.00 94.50
128.50 94.50
129.00 94.00
129.50 94.00
130.00 94.00
130.50 94.00
131.00 93.50
131.50 93.50
132.00 93.50
132.50 93.50
133.00 93.50
133.50 93.50
134.00 93.50
134.50 93.50
135.00 93.50
135.50 93.50
136.00 93.50
136.50 93.50
137.00 93.50
137.50 93.50
138.00 94.00
138.50 94.00
139.00 94.00
139.50 94.50
140.00 94.50
140.50 94.50
141.00 95.00
141.50 95.00
142.00 95.00
142.50 95.00
143.00 95.50
143.50 95.50
144.00 96.00
144.50 96.00
145.00 96.00
145.50 96.50
146.00 96.50
146.50 97.00
147.00 97.00
147.50 97.50
148.00 97.50
148.50 98.00
149.00 98.50
149.50 98.50
150.00 99.00
150.50 99.50
151.00 100.00
151.50 100.50
152.00 101.00
152.50 101.50
153.00 102.00
153.50 102.50
154.00 103.00
154.00 103.50
154.50 104.00
155.00 104.50
155.00 105.00
155.50 105.50
156.00 106.00
156.00 106.50
156.50 107.00
157.00 107.50
157.00 108.00
157.50 108.50
157.50 109.00
158.00 109.50
158.00 110.00
158.50 110.50
159.00 111.00
159.00 111.50
159.50 112.00
159.50 112.50
159.50 113.00
160.00 113.50
160.50 114.00
160.50 114.50
161.00 115.00
161.00 115.50
161.00 116.00
161.50 116.50
161.00 117.00
161.00 117.50
161.00 118.00
161.00 118.50
161.00 119.00
161.00 119.50
161.00 120.00
161.00 120.50
161.00 121.00
161.00 121.50
161.00 122.00
161.00 122.50
161.00 123.00
161.00 123.50
161.00 124.00
161.00 124.50
161.00 125.00
161.00 125.50
160.50 126.00
160.50 126.50
160.50 127.00
160.50 127.50
160.50 128.00
160.50 128.50
160.00 129.00
160.00 129.50
160.00 130.00
159.50 130.50
159.50 131.00
159.50 131.50
159.50 132.00
159.00 132.50
159.00 133.00
158.50 133.50
158.50 134.00
158.00 134.50
158.00 135.00
157.50 135.50
157.50 136.00
157.50 136.50
157.00 137.00
157.00 137.50
156.50 138.00
156.00 138.50
155.50 139.00
155.00 139.50
155.00 140.00
154.50 140.50
154.00 141.00
153.50 141.50
153.00 142.00
152.50 142.50
152.00 142.50
151.50 143.00
151.00 143.50
150.50 144.00
150.00 144.50
149.50 144.50
149.00 145.00
148.50 145.50
148.00 145.50
147.50 146.00
147.00 146.00
146.50 146.50
146.00 146.50
145.50 146.50
145.00 147.00
144.50 147.00
144.00 147.50
143.50 147.50
143.00 147.50
142.50 148.00
142.00 148.00
141.50 148.00
141.00 148.00
140.50 148.50
140.00 148.50
139.50 148.50
139.00 148.50
138.50 148.50
138.00 149.00
137.50 149.00
137.00 149.00
136.50 149.00
136.00 149.00
135.50 149.00
135.00 149.00
134.50 149.00
134.00 149.00
133.50 149.00
133.00 149.00
132.50 149.00
132.00 149.00
131.50 149.00
131.00 149.00
130.50 149.00
130.00 149.00
129.50 149.00
129.00 149.00
128.50 148.50
128.00 148.50
127.50 148.50
127.00 148.50
126.50 148.50
126.00 148.00
125.50 148.00
125.00 148.00
124.50 148.00
124.00 147.50
123.50 147.50
123.00 147.50
122.50 147.00
122.00 147.00
121.50 147.00
121.00 146.50
120.50 146.50
120.00 146.00
119.50 146.00
119.00 146.00
118.50 145.50
118.00 145.50
117.50 145.00
117.00 144.50
116.50 144.50
116.00 144.00
115.50 144.00
115.00 143.50
114.50 143.00
114.00 142.50
113.50 142.00
113.00 141.50
112.50 141.00
112.00 140.50
111.50 140.00
111.00 139.50
110.50 139.00
110.50 138.50
110.00 138.00
110.00 137.50
110.00 137.00
109.50 136.50
109.50 136.00
109.50 135.50
109.50 135.00
109.00 134.50
109.00 134.00
109.00 133.50
109.00 133.00
109.00 132.50
