129.50 90.50
130.00 90.50
130.50 90.50
131.00 90.50
131.50 90.50
132.00 90.50
132.50 90.50
133.00 90.50
133.50 90.50
134.00 90.50
134.50 90.50
135.00 90.50
135.50 90.50
136.00 90.50
136.50 91.00
137.00 91.00
137.50 91.00
138.00 91.00
138.50 91.00
139.00 91.50
139.50 91.50
140.00 91.50
140.50 92.00
141.00 92.00
141.50 92.00
142.00 92.00
142.50 92.50
143.00 92.50
143.50 93.00
144.00 93.00
144.50 93.50
145.00 93.50
145.50 94.00
146.00 94.50
146.50 94.50
147.00 94.50
147.50 95.00
148.00 95.50
148.50 95.50
149.00 96.00
149.50 96.50
150.00 97.00
150.50 97.50
151.00 97.50
151.50 98.00
152.00 98.50
152.50 99.00
152.50 99.50
153.00 100.00
153.50 100.50
154.00 101.00
154.50 101.50
155.00 102.00
155.50 102.50
155.50 103.00
156.00 103.50
156.50 104.00
156.50 104.50
157.00 105.00
157.50 105.50
157.50 106.00
158.00 106.50
158.00 107.00
158.50 107.50
159.00 108.00
159.00 108.50
159.50 109.00
159.50 109.50
160.00 110.00
160.00 110.50
160.00 111.00
160.50 111.50
160.50 112.00
161.00 112.50
161.00 113.00
161.50 113.50
161.50 114.00
161.50 114.50
162.00 115.00
162.00 115.50
162.00 116.00
162.50 116.50
162.50 117.00
162.50 117.50
163.00 118.00
163.00 118.50
163.00 119.00
163.00 119.50
163.00 120.00
163.50 120.50
163.50 121.00
163.50 121.50
163.50 122.00
163.50 122.50
163.50 123.00
163.50 123.50
163.50 124.00
163.50 124.50
163.50 125.00
163.50 125.50
163.50 126.00
163.50 126.50
163.50 127.00
163.50 127.50
163.50 128.00
163.50 128.50
163.00 129.00
163.00 129.50
163.00 130.00
163.00 130.50
162.50 131.00
162.50 131.50
162.50 132.00
162.00 132.50
162.00 133.00
161.50 133.50
161.50 134.00
161.00 134.50
161.00 135.00
160.50 135.50
160.50 136.00
160.00 136.50
160.00 137.00
159.50 137.50
159.50 138.00
159.00 138.50
158.50 139.00
158.50 139.50
158.00 140.00
157.50 140.50
157.00 141.00
156.50 141.50
156.50 142.00
156.00 142.50
155.50 142.50
155.00 143.00
154.50 143.50
154.00 144.00
153.50 144.50
153.00 145.00
152.50 145.50
152.00 145.50
151.50 146.00
151.00 146.50
150.50 146.50
150.00 147.00
149.50 147.00
149.00 147.50
148.50 148.00
148.00 148.00
147.50 148.50
147.00 148.50
146.50 149.00
146.00 149.00
145.50 149.50
145.00 149.50
144.50 150.00
144.00 150.00
143.50 150.00
143.00 150.50
142.50 150.50
142.00 150.50
141.50 151.00
141.00 151.00
140.50 151.00
140.00 151.50
139.50 151.50
139.00 151.50
138.50 151.50
138.00 151.50
137.50 151.50
137.00 151.50
136.50 152.00
136.00 152.00
135.50 152.00
135.00 152.00
134.50 152.00
134.00 152.00
133.50 152.00
133.00 152.00
132.50 152.00
132.00 152.00
131.50 152.00
131.00 152.00
130.50 152.00
130.00 152.00
129.50 152.00
129.00 152.00
128.50 151.50
128.00 151.50
127.50 151.50
127.00 151.50
126.50 151.50
126.00 151.50
125.50 151.00
125.00 151.00
124.50 151.00
124.00 151.00
123.50 150.50
123.00 150.50
122.50 150.50
122.00 150.00
121.50 150.00
121.00 149.50
120.50 149.50
120.00 149.50
119.50 149.00
119.00 149.00
118.50 148.50
118.00 148.00
117.50 148.00
117.00 147.50
116.50 147.50
116.00 147.00
115.50 147.00
115.00 146.50
114.50 146.00
114.00 145.50
113.50 145.50
113.00 145.00
113.00 144.50
112.50 144.00
112.00 144.00
111.50 143.50
111.50 143.00
111.00 142.50
110.50 142.50
110.00 142.00
110.00 141.50
109.50 141.00
109.00 140.50
109.00 140.00
108.50 139.50
108.00 139.00
107.50 138.50
107.50 138.00
107.00 137.50
107.00 137.00
106.50 136.50
106.50 136.00
106.00 135.50
106.00 135.00
106.00 134.50
105.50 134.00
105.50 133.50
105.50 133.00
105.00 132.50
105.00 132.00
105.00 131.50
105.00 131.00
104.50 130.50
104.50 130.00
104.50 129.50
104.50 129.00
104.50 128.50
104.50 128.00
104.50 127.50
104.50 127.00
104.50 126.50
104.50 126.00
104.50 125.50
104.50 125.00
104.50 124.50
104.50 124.00
104.50 123.50
104.50 123.00
104.50 122.50
104.50 122.00
104.50 121.50
104.50 121.00
104.50 120.50
104.50 120.00
105.00 119.50
105.00 119.00
105.00 118.50
105.00 118.00
105.00 117.50
105.00 117.00
105.00 116.50
105.50 116.00
105.50 115.50
105.50 115.00
105.50 114.50
105.50 114.00
105.50 113.50
106.00 113.00
106.00 112.50
106.00 112.00
106.00 111.50
106.50 111.00
106.50 110.50
106.50 110.00
106.50 109.50
106.50 109.00
107.00 108.50
107.00 108.00
107.00 107.50
107.50 107.00
107.50 106.50
107.50 106.00
108.00 105.50
108.00 105.00
108.50 104.50
108.50 104.00
108.50 103.50
109.00 103.00
109.50 102.50
109.50 102.00
110.00 101.50
110.50 101.00
111.00 100.50
111.50 100.00
112.00 99.50
112.00 99.00
112.50 98.50
113.00 98.00
113.50 97.50
114.00 97.00
114.50 97.00
115.00 96.50
115.50 96.00
116.00 95.50
116.50 95.00
117.00 95.00
117.50 94.50
118.00 94.00
118.50 94.00
119.00 94.00
119.50 93.50
120.00 93.00
120.50 93.00
121.00 93.00
121.50 92.50
122.00 92.50
122.50 92.50
123.00 92.00
123.50 92.00
124.00 91.50
124.50 91.50
125.00 91.50
125.50 91.50
126.00 91.00
126.50 91.00
127.00 91.00
127.50 91.00
128.00 90.50
128.50 90.50
129.00 90.50
