132.50 142.50
132.00 142.50
131.50 142.50
131.00 142.50
130.50 142.50
130.00 142.50
129.50 142.00
129.00 142.00
128.50 142.00
128.00 142.00
127.50 141.50
127.00 141.50
126.50 141.50
126.00 141.00
125.50 141.00
125.00 140.50
124.50 140.50
124.00 140.50
123.50 140.00
123.00 139.50
122.50 139.50
122.00 139.00
121.50 138.50
121.00 138.00
120.50 137.50
120.50 137.00
120.00 136.50
120.00 136.00
119.50 135.50
119.50 135.00
119.50 134.50
119.50 134.00
119.50 133.50
119.50 133.00
119.00 132.50
119.00 132.00
119.00 131.50
119.00 131.00
119.00 130.50
119.50 130.00
119.50 129.50
119.50 129.00
119.50 128.50
119.50 128.00
119.50 127.50
119.50 127.00
119.50 126.50
120.00 126.00
120.00 125.50
120.00 125.00
120.00 124.50
120.50 124.00
120.50 123.50
121.00 123.00
121.00 122.50
121.50 122.00
121.50 121.50
121.50 121.00
122.00 120.50
122.50 120.00
122.50 119.50
123.00 119.00
123.50 118.50
124.00 118.00
124.50 117.50
125.00 117.00
125.50 116.50
126.00 116.00
126.50 116.00
127.00 115.50
127.50 115.00
128.00 114.50
128.50 114.50
129.00 114.50
129.50 114.00
130.00 114.00
130.50 113.50
131.00 113.50
131.50 113.50
132.00 113.50
132.50 113.00
133.00 113.00
133.50 113.00
134.00 113.00
134.50 113.00
135.00 113.00
135.50 113.00
136.00 113.00
136.50 113.00
137.00 113.50
137.50 113.50
138.00 113.50
138.50 114.00
139.00 114.00
139.50 114.50
140.00 114.50
140.50 115.00
141.00 115.50
141.50 115.50
142.00 116.00
142.50 116.50
143.00 117.00
143.50 117.50
144.00 118.00
144.50 118.50
145.00 119.00
145.00 119.50
145.50 120.00
145.50 120.50
146.00 121.00
146.00 121.50
146.50 122.00
146.50 122.50
146.50 123.00
146.50 123.50
147.00 124.00
147.00 124.50
147.00 125.00
147.00 125.50
147.00 126.00
147.00 126.50
147.00 127.00
147.00 127.50
147.00 128.00
147.00 128.50
147.00 129.00
146.50 129.50
146.50 130.00
146.50 130.50
146.00 131.00
146.00 131.50
145.50 132.00
145.00 132.50
145.00 133.00
144.50 133.50
144.50 134.00
144.00 134.50
143.50 135.00
143.00 135.50
142.50 136.00
142.00 136.50
141.50 137.00
141.00 137.50
140.50 138.00
140.00 138.50
139.50 139.00
139.00 139.00
138.50 139.50
138.50 140.00
138.00 140.50
137.50 140.50
137.00 141.00
136.50 141.00
136.00 141.50
135.50 141.50
135.00 142.00
134.50 142.00
134.00 142.50
133.50 142.50
133.00 142.50
