144.50 102.00
145.00 102.50
145.50 103.00
146.00 103.00
146.50 103.50
146.50 104.00
147.00 104.50
147.50 105.00
148.00 105.50
148.50 106.00
148.50 106.50
149.00 107.00
149.50 107.50
149.50 108.00
149.50 108.50
150.00 109.00
150.50 109.50
150.50 110.00
151.00 110.50
151.00 111.00
151.50 111.50
151.50 112.00
151.50 112.50
151.50 113.00
152.00 113.50
152.00 114.00
152.50 114.50
152.50 115.00
152.50 115.50
152.50 116.00
152.50 116.50
153.00 117.00
153.00 117.50
153.00 118.00
153.00 118.50
153.00 119.00
153.00 119.50
153.00 120.00
153.00 120.50
153.00 121.00
153.00 121.50
153.00 122.00
153.00 122.50
153.00 123.00
153.00 123.50
153.00 124.00
153.00 124.50
152.50 125.00
152.50 125.50
152.50 126.00
152.50 126.50
152.50 127.00
152.00 127.50
152.00 128.00
152.00 128.50
151.50 129.00
151.50 129.50
151.50 130.00
151.00 130.50
151.00 131.00
150.50 131.50
150.50 132.00
150.00 132.50
150.00 133.00
149.50 133.50
149.50 134.00
149.00 134.50
148.50 135.00
148.50 135.50
148.00 136.00
147.50 136.50
147.00 137.00
146.50 137.50
146.00 138.00
146.00 138.50
145.50 139.00
145.00 139.00
144.50 139.50
144.00 140.00
143.50 140.50
143.00 141.00
142.50 141.00
142.00 141.50
141.50 142.00
141.00 142.00
140.50 142.50
140.00 142.50
139.50 142.50
139.00 143.00
138.50 143.00
138.00 143.00
137.50 143.50
137.00 143.50
136.50 143.50
136.00 143.50
135.50 144.00
135.00 144.00
134.50 144.00
134.00 144.00
133.50 144.00
133.00 144.00
132.50 144.00
132.00 144.00
131.50 144.00
131.00 144.00
130.50 144.00
130.00 144.00
129.50 144.00
129.00 144.00
128.50 144.00
128.00 144.00
127.50 143.50
127.00 143.50
126.50 143.50
126.00 143.50
125.50 143.00
125.00 143.00
124.50 143.00
124.00 142.50
123.50 142.50
123.00 142.50
122.50 142.00
122.00 142.00
121.50 141.50
121.00 141.50
120.50 141.00
120.00 141.00
119.50 140.50
119.00 140.00
118.50 140.00
118.00 139.50
117.50 139.00
117.00 139.00
116.50 138.50
116.00 138.00
115.50 137.50
115.00 137.00
114.50 136.50
114.00 136.00
113.50 135.50
113.00 135.00
112.50 134.50
112.00 134.00
112.00 133.50
111.50 133.00
111.00 132.50
111.00 132.00
110.50 131.50
110.50 131.00
110.50 130.50
110.00 130.00
109.50 129.50
109.50 129.00
109.00 128.50
109.00 128.00
109.00 127.50
109.00 127.00
108.50 126.50
108.50 126.00
108.50 125.50
108.50 125.00
108.00 124.50
108.00 124.00
108.00 123.50
108.00 123.00
108.00 122.50
108.00 122.00
108.00 121.50
108.00 121.00
108.00 120.50
108.00 120.00
108.00 119.50
108.00 119.00
108.00 118.50
108.00 118.00
108.00 117.50
108.00 117.00
108.00 116.50
108.00 116.00
108.00 115.50
108.50 115.00
108.50 114.50
108.50 114.00
108.50 113.50
109.00 113.00
109.00 112.50
109.00 112.00
109.50 111.50
109.50 111.00
109.50 110.50
110.00 110.00
110.00 109.50
110.00 109.00
110.50 108.50
111.00 108.00
111.00 107.50
111.50 107.00
111.50 106.50
112.00 106.00
112.50 105.50
112.50 105.00
113.00 104.50
113.50 104.00
114.00 103.50
114.50 103.00
115.00 102.50
115.50 102.00
116.00 101.50
116.50 101.00
117.00 101.00
117.50 100.50
118.00 100.00
118.50 99.50
119.00 99.50
119.50 99.50
120.00 99.00
120.50 99.00
121.00 98.50
121.50 98.50
122.00 98.00
122.50 98.00
123.00 97.50
123.50 97.50
124.00 97.50
124.50 97.50
125.00 97.00
125.50 97.00
126.00 97.00
126.50 96.50
127.00 96.50
127.50 96.50
128.00 96.50
128.50 96.50
129.00 96.50
129.50 96.50
130.00 96.50
130.50 96.50
131.00 96.50
131.50 96.50
132.00 96.50
132.50 96.50
133.00 96.50
133.50 97.00
134.00 97.00
134.50 97.00
135.00 97.00
135.50 97.00
136.00 97.50
136.50 97.50
137.00 97.50
137.50 98.00
138.00 98.00
138.50 98.50
139.00 98.50
139.50 98.50
140.00 99.00
140.50 99.00
141.00 99.50
141.50 99.50
142.00 100.00
142.50 100.50
143.00 101.00
143.50 101.00
144.00 101.50
