108.00 102.00
108.00 101.50
108.50 101.00
109.00 100.50
109.50 100.00
110.00 99.50
110.50 99.00
111.00 98.50
111.50 98.00
111.50 97.50
112.00 97.00
112.50 97.00
113.00 96.50
113.50 96.00
114.00 95.50
114.50 95.00
115.00 94.50
115.50 94.50
116.00 94.00
116.50 93.50
117.00 93.00
117.50 92.50
118.00 92.50
118.50 92.00
119.00 91.50
119.50 91.00
120.00 91.00
120.50 90.50
121.00 90.50
121.50 90.00
122.00 89.50
122.50 89.50
123.00 89.00
123.50 88.50
124.00 88.50
124.50 88.00
125.00 88.00
125.50 88.00
126.00 87.50
126.50 87.00
127.00 87.00
127.50 86.50
128.00 86.50
128.50 86.50
129.00 86.00
129.50 86.00
130.00 86.00
130.50 85.50
131.00 85.50
131.50 85.50
132.00 85.50
132.50 85.50
133.00 85.00
133.50 85.00
134.00 85.00
134.50 85.00
135.00 85.00
135.50 85.00
136.00 85.00
136.50 85.00
137.00 85.00
137.50 85.00
138.00 85.00
138.50 85.00
139.00 85.00
139.50 85.50
140.00 85.50
140.50 85.50
141.00 85.50
141.50 85.50
142.00 86.00
142.50 86.00
143.00 86.00
143.50 86.50
144.00 86.50
144.50 86.50
145.00 87.00
145.50 87.00
146.00 87.50
146.50 87.50
147.00 88.00
147.50 88.00
148.00 88.50
148.50 88.50
149.00 89.00
149.50 89.50
150.00 89.50
150.50 90.00
151.00 90.00
151.50 90.50
152.00 91.00
152.50 91.00
153.00 91.50
153.50 92.00
154.00 92.50
154.50 93.00
155.00 93.50
155.50 93.50
156.00 94.00
156.00 94.50
156.50 95.00
157.00 95.50
157.50 96.00
158.00 96.50
158.50 97.00
159.00 97.50
159.00 98.00
159.50 98.50
160.00 99.00
160.00 99.50
160.50 100.00
161.00 100.50
161.00 101.00
161.50 101.50
162.00 102.00
162.00 102.50
162.00 103.00
162.50 103.50
163.00 104.00
163.00 104.50
163.00 105.00
163.50 105.50
163.50 106.00
163.50 106.50
164.00 107.00
164.00 107.50
164.50 108.00
164.50 108.50
164.50 109.00
164.50 109.50
165.00 110.00
165.00 110.50
165.00 111.00
165.00 111.50
165.00 112.00
165.50 112.50
165.50 113.00
165.50 113.50
165.50 114.00
165.50 114.50
166.00 115.00
166.00 115.50
166.00 116.00
166.00 116.50
166.00 117.00
166.00 117.50
166.00 118.00
166.00 118.50
166.00 119.00
166.00 119.50
166.00 120.00
166.00 120.50
166.00 121.00
166.00 121.50
166.00 122.00
166.00 122.50
166.00 123.00
166.00 123.50
166.00 124.00
166.00 124.50
166.00 125.00
166.00 125.50
166.00 126.00
166.00 126.50
166.00 127.00
165.50 127.50
165.50 128.00
165.50 128.50
165.00 129.00
165.00 129.50
165.00 130.00
164.50 130.50
164.50 131.00
164.50 131.50
164.00 132.00
164.00 132.50
164.00 133.00
163.50 133.50
163.00 134.00
163.00 134.50
162.50 135.00
162.50 135.50
162.00 136.00
161.50 136.50
161.00 137.00
161.00 137.50
160.50 138.00
160.00 138.50
159.50 139.00
159.00 139.50
158.50 140.00
158.00 140.50
157.50 141.00
157.00 141.50
156.50 141.50
156.00 142.00
155.50 142.50
155.00 143.00
154.50 143.00
154.00 143.50
153.50 144.00
153.00 144.50
152.50 144.50
152.00 145.00
151.50 145.50
151.00 145.50
150.50 146.00
150.00 146.00
149.50 146.50
149.00 146.50
148.50 147.00
148.00 147.00
147.50 147.50
147.00 147.50
146.50 148.00
146.00 148.50
145.50 148.50
145.00 148.50
144.50 149.00
144.00 149.00
143.50 149.50
143.00 149.50
142.50 150.00
142.00 150.00
141.50 150.00
141.00 150.50
140.50 150.50
140.00 151.00
139.50 151.00
139.00 151.00
138.50 151.50
138.00 151.50
137.50 151.50
137.00 152.00
136.50 152.00
136.00 152.00
135.50 152.00
135.00 152.50
134.50 152.50
134.00 152.50
133.50 152.50
133.00 152.50
132.50 152.50
132.00 153.00
131.50 153.00
131.00 153.00
130.50 153.00
130.00 153.00
129.50 153.00
129.00 153.00
128.50 153.00
128.00 153.00
127.50 153.00
127.00 153.00
126.50 153.00
126.00 153.00
125.50 153.00
125.00 153.00
124.50 152.50
124.00 152.50
123.50 152.50
123.00 152.50
122.50 152.50
122.00 152.50
121.50 152.00
121.00 152.00
120.50 152.00
120.00 152.00
119.50 152.00
119.00 151.50
118.50 151.50
118.00 151.50
117.50 151.00
117.00 151.00
116.50 151.00
116.00 150.50
115.50 150.50
115.00 150.00
114.50 150.00
114.00 150.00
113.50 149.50
113.00 149.00
112.50 149.00
112.00 148.50
111.50 148.50
111.00 148.00
110.50 147.50
110.00 147.50
109.50 147.00
109.00 146.50
108.50 146.00
108.00 145.50
107.50 145.00
107.00 144.50
106.50 144.00
106.50 143.50
106.00 143.00
105.50 142.50
105.50 142.00
105.00 141.50
105.00 141.00
104.50 140.50
104.00 140.00
104.00 139.50
104.00 139.00
103.50 138.50
103.50 138.00
103.50 137.50
103.00 137.00
103.00 136.50
103.00 136.00
103.00 135.50
102.50 135.00
102.50 134.50
102.50 134.00
102.50 133.50
102.00 133.00
102.00 132.50
102.00 132.00
102.00 131.50
102.00 131.00
101.50 130.50
101.50 130.00
101.50 129.50
101.50 129.00
101.50 128.50
101.50 128.00
101.50 127.50
101.50 127.00
101.50 126.50
101.50 126.00
101.50 125.50
101.50 125.00
101.50 124.50
101.50 124.00
101.50 123.50
101.50 123.00
101.50 122.50
101.50 122.00
101.50 121.50
101.50 121.00
101.50 120.50
101.50 120.00
101.50 119.50
101.50 119.00
102.00 118.50
102.00 118.00
102.00 117.50
102.00 117.00
102.00 116.50
102.00 116.00
102.50 115.50
102.50 115.00
102.50 114.50
102.50 114.00
102.50 113.50
103.00 113.00
103.00 112.50
103.00 112.00
103.50 111.50
103.50 111.00
103.50 110.50
104.00 110.00
104.00 109.50
104.00 109.00
104.50 108.50
104.50 108.00
105.00 107.50
105.00 107.00
105.00 106.50
105.50 106.00
106.00 105.50
106.00 105.00
106.00 104.50
106.50 104.00
107.00 103.50
107.00 103.00
107.50 102.50
