160.00 114.00
160.50 114.50
160.50 115.00
160.50 115.50
160.50 116.00
160.50 116.50
160.50 117.00
160.50 117.50
161.00 118.00
161.00 118.50
161.00 119.00
161.00 119.50
161.00 120.00
161.00 120.50
161.00 121.00
161.00 121.50
161.00 122.00
160.50 122.50
160.50 123.00
160.50 123.50
160.50 124.00
160.50 124.50
160.50 125.00
160.00 125.50
160.00 126.00
160.00 126.50
160.00 127.00
159.50 127.50
159.50 128.00
159.50 128.50
159.00 129.00
159.00 129.50
159.00 130.00
158.50 130.50
158.50 131.00
158.50 131.50
158.00 132.00
158.00 132.50
157.50 133.00
157.00 133.50
157.00 134.00
156.50 134.50
156.50 135.00
156.00 135.50
155.50 136.00
155.00 136.50
155.00 137.00
154.50 137.50
154.00 138.00
153.50 138.50
153.00 139.00
152.50 139.50
152.00 140.00
151.50 140.50
151.00 141.00
150.50 141.50
150.00 141.50
149.50 142.00
149.00 142.50
148.50 143.00
148.00 143.00
147.50 143.50
147.00 143.50
146.50 144.00
146.00 144.00
145.50 144.50
145.00 145.00
144.50 145.00
144.00 145.00
143.50 145.50
143.00 145.50
142.50 146.00
142.00 146.00
141.50 146.00
141.00 146.50
140.50 146.50
140.00 146.50
139.50 146.50
139.00 147.00
138.50 147.00
138.00 147.00
137.50 147.00
137.00 147.50
136.50 147.50
136.00 147.50
135.50 147.50
135.00 147.50
134.50 147.50
134.00 147.50
133.50 147.50
133.00 148.00
132.50 148.00
132.00 148.00
131.50 148.00
131.00 148.00
130.50 148.00
130.00 148.00
129.50 148.00
129.00 148.00
128.50 148.00
128.00 148.00
127.50 148.00
127.00 147.50
126.50 147.50
126.00 147.50
125.50 147.50
125.00 147.50
124.50 147.50
124.00 147.50
123.50 147.00
123.00 147.00
122.50 147.00
122.00 146.50
121.50 146.50
121.00 146.50
120.50 146.00
120.00 146.00
119.50 145.50
119.00 145.50
118.50 145.50
118.00 145.00
117.50 145.00
117.00 144.50
116.50 144.00
116.00 144.00
115.50 143.50
115.00 143.00
114.50 142.50
114.00 142.00
113.50 142.00
113.00 141.50
113.00 141.00
112.50 140.50
112.00 140.00
111.50 139.50
111.50 139.00
111.00 138.50
110.50 138.00
110.00 137.50
110.00 137.00
109.50 136.50
109.50 136.00
109.00 135.50
109.00 135.00
108.50 134.50
108.50 134.00
108.50 133.50
108.00 133.00
108.00 132.50
107.50 132.00
107.50 131.50
107.50 131.00
107.50 130.50
107.00 130.00
107.00 129.50
107.00 129.00
107.00 128.50
106.50 128.00
106.50 127.50
106.50 127.00
106.50 126.50
106.50 126.00
106.50 125.50
106.00 125.00
106.00 124.50
106.00 124.00
106.00 123.50
106.00 123.00
106.00 122.50
106.00 122.00
106.00 121.50
106.00 121.00
106.00 120.50
106.00 120.00
106.00 119.50
106.50 119.00
106.50 118.50
106.50 118.00
106.50 117.50
106.50 117.00
106.50 116.50
106.50 116.00
107.00 115.50
107.00 115.00
107.00 114.50
107.00 114.00
107.00 113.50
107.50 113.00
107.50 112.50
107.50 112.00
108.00 111.50
108.00 111.00
108.50 110.50
108.50 110.00
108.50 109.50
108.50 109.00
109.00 108.50
109.50 108.00
109.50 107.50
109.50 107.00
110.00 106.50
110.00 106.00
110.50 105.50
110.50 105.00
111.00 104.50
111.50 104.00
111.50 103.50
112.00 103.00
112.50 102.50
112.50 102.00
113.00 101.50
113.00 101.00
113.50 100.50
114.00 100.00
114.50 99.50
115.00 99.00
115.50 98.50
116.00 98.00
116.50 97.50
117.00 97.00
117.50 96.50
118.00 96.00
118.50 96.00
119.00 95.50
119.50 95.00
120.00 95.00
120.50 94.50
121.00 94.50
121.50 94.00
122.00 94.00
122.50 93.50
123.00 93.50
123.50 93.00
124.00 93.00
124.50 92.50
125.00 92.50
125.50 92.50
126.00 92.50
126.50 92.00
127.00 92.00
127.50 92.00
128.00 92.00
128.50 92.00
129.00 91.50
129.50 91.50
130.00 91.50
130.50 91.50
131.00 91.50
131.50 91.50
132.00 91.50
132.50 91.50
133.00 91.50
133.50 91.50
134.00 91.50
134.50 91.50
135.00 91.50
135.50 91.50
136.00 92.00
136.50 92.00
137.00 92.00
137.50 92.00
138.00 92.00
138.50 92.50
139.00 92.50
139.50 92.50
140.00 92.50
140.50 93.00
141.00 93.00
141.50 93.50
142.00 93.50
142.50 94.00
143.00 94.00
143.50 94.00
144.00 94.50
144.50 95.00
145.00 95.50
145.50 95.50
146.00 95.50
146.50 96.00
147.00 96.50
147.50 97.00
148.00 97.50
148.50 97.50
149.00 98.00
149.50 98.50
150.00 99.00
150.50 99.50
151.00 100.00
151.50 100.50
152.00 101.00
152.50 101.50
153.00 102.00
153.50 102.50
154.00 103.00
154.00 103.50
154.50 104.00
155.00 104.50
155.50 105.00
156.00 105.50
156.50 106.00
156.50 106.50
157.00 107.00
157.00 107.50
157.50 108.00
158.00 108.50
158.00 109.00
158.50 109.50
158.50 110.00
159.00 110.50
159.00 111.00
159.50 111.50
159.50 112.00
159.50 112.50
160.00 113.00
160.00 113.50
