114.00 122.50
114.00 122.00
114.00 121.50
114.00 121.00
114.00 120.50
114.00 120.00
114.00 119.50
114.00 119.00
114.00 118.50
114.00 118.00
114.00 117.50
114.50 117.00
114.50 116.50
114.50 116.00
114.50 115.50
115.00 115.00
115.50 114.50
115.50 114.00
116.00 113.50
116.50 113.00
117.00 112.50
117.50 112.00
118.00 111.50
118.50 111.50
119.00 111.00
119.50 111.00
120.00 110.50
120.50 110.50
121.00 110.00
121.50 109.50
122.00 109.50
122.50 109.00
123.00 108.50
123.50 108.00
124.00 108.00
124.50 107.50
125.00 107.00
125.50 107.00
126.00 106.50
126.50 106.50
127.00 106.00
127.50 106.00
128.00 106.00
128.50 106.00
129.00 106.00
129.50 106.00
130.00 106.00
130.50 106.00
131.00 106.00
131.50 106.00
132.00 106.50
132.50 106.50
133.00 106.50
133.50 107.00
134.00 107.50
134.50 107.50
135.00 107.50
135.50 107.50
136.00 107.00
136.50 107.00
137.00 107.00
137.50 107.00
138.00 107.00
138.50 107.00
139.00 107.00
139.50 107.00
140.00 107.00
140.50 107.00
141.00 107.00
141.50 107.00
142.00 107.00
142.50 107.00
143.00 107.00
143.50 107.00
144.00 107.00
144.50 107.00
145.00 107.00
145.50 107.50
146.00 107.50
146.50 107.50
147.00 107.50
147.50 107.50
148.00 108.00
148.50 108.00
149.00 108.00
149.50 108.50
150.00 109.00
150.50 109.00
151.00 109.00
151.50 109.50
152.00 110.00
152.50 110.50
153.00 111.00
153.50 111.50
154.00 112.00
154.50 112.50
155.00 113.00
155.00 113.50
155.50 114.00
155.50 114.50
156.00 115.00
156.00 115.50
156.00 116.00
156.00 116.50
156.50 117.00
156.50 117.50
156.50 118.00
157.00 118.50
157.00 119.00
157.00 119.50
157.00 120.00
157.00 120.50
157.00 121.00
157.00 121.50
157.00 122.00
157.00 122.50
157.00 123.00
157.00 123.50
157.00 124.00
157.00 124.50
156.50 125.00
156.50 125.50
156.50 126.00
156.50 126.50
156.00 127.00
156.00 127.50
156.00 128.00
155.50 128.50
155.50 129.00
155.00 129.50
155.00 130.00
154.50 130.50
154.50 131.00
154.00 131.50
153.50 132.00
153.50 132.50
153.00 133.00
152.50 133.50
152.00 134.00
152.00 134.50
151.50 135.00
151.00 135.50
150.50 136.00
150.00 136.50
149.50 137.00
149.50 137.50
149.00 138.00
148.50 138.50
148.00 139.00
147.50 139.50
147.00 139.50
146.50 140.00
146.00 140.50
146.00 141.00
145.50 141.50
145.00 142.00
144.50 142.50
144.00 142.50
143.50 143.00
143.00 143.50
142.50 144.00
142.00 144.50
141.50 144.50
141.00 145.00
140.50 145.50
140.00 145.50
139.50 146.00
139.00 146.00
138.50 146.00
138.00 146.50
137.50 147.00
137.00 147.00
136.50 147.50
136.00 147.50
135.50 147.50
135.00 148.00
134.50 148.00
134.00 148.00
133.50 148.50
133.00 148.50
132.50 148.50
132.00 148.50
131.50 148.50
131.00 149.00
130.50 149.00
130.00 149.00
129.50 149.00
129.00 149.00
128.50 149.00
128.00 149.00
127.50 149.00
127.00 149.00
126.50 149.00
126.00 149.00
125.50 149.00
125.00 149.00
124.50 149.00
124.00 149.00
123.50 149.00
123.00 149.00
122.50 149.00
122.00 149.00
121.50 148.50
121.00 148.50
120.50 148.50
120.00 148.00
119.50 148.00
119.00 148.00
118.50 147.50
118.00 147.50
117.50 147.00
117.00 147.00
116.50 146.50
116.00 146.00
115.50 145.50
115.00 145.00
114.50 144.50
114.00 144.00
114.00 143.50
114.00 143.00
113.50 142.50
113.00 142.00
113.00 141.50
113.00 141.00
112.50 140.50
112.50 140.00
112.50 139.50
112.50 139.00
112.50 138.50
112.50 138.00
112.00 137.50
112.00 137.00
112.00 136.50
112.00 136.00
112.00 135.50
112.00 135.00
112.00 134.50
112.00 134.00
112.00 133.50
112.00 133.00
112.00 132.50
112.00 132.00
112.00 131.50
112.00 131.00
112.00 130.50
112.00 130.00
112.00 129.50
112.00 129.00
112.50 128.50
112.50 128.00
112.50 127.50
112.50 127.00
112.50 126.50
112.50 126.00
113.00 125.50
113.00 125.00
113.00 124.50
113.50 124.00
113.50 123.50
113.50 123.00
