151.50 95.00
152.00 95.50
152.50 95.50
153.00 96.00
153.50 96.50
154.00 97.00
154.50 97.50
155.00 98.00
155.50 98.50
156.00 99.00
156.50 99.50
157.00 100.00
157.50 100.50
158.00 101.00
158.00 101.50
158.50 102.00
159.00 102.50
159.00 103.00
159.50 103.50
159.50 104.00
160.00 104.50
160.50 105.00
160.50 105.50
160.50 106.00
161.00 106.50
161.50 107.00
161.50 107.50
162.00 108.00
162.00 108.50
162.00 109.00
162.50 109.50
162.00 110.00
162.00 110.50
162.50 111.00
162.50 111.50
163.00 112.00
163.00 112.50
163.00 113.00
163.00 113.50
163.50 114.00
163.50 114.50
163.50 115.00
163.50 115.50
164.00 116.00
164.00 116.50
164.00 117.00
164.00 117.50
164.00 118.00
164.00 118.50
164.00 119.00
164.50 119.50
164.50 120.00
164.50 120.50
164.50 121.00
164.50 121.50
164.50 122.00
164.50 122.50
164.50 123.00
164.50 123.50
164.50 124.00
164.50 124.50
164.50 125.00
164.00 125.50
164.00 126.00
164.00 126.50
164.00 127.00
164.00 127.50
164.00 128.00
164.00 128.50
163.50 129.00
163.50 129.50
163.50 130.00
163.50 130.50
163.50 131.00
163.00 131.50
163.00 132.00
163.00 132.50
162.50 133.00
162.50 133.50
162.50 134.00
162.00 134.50
162.00 135.00
162.00 135.50
161.50 136.00
161.50 136.50
161.00 137.00
161.00 137.50
160.50 138.00
160.50 138.50
160.00 139.00
159.50 139.50
159.50 140.00
159.00 140.50
159.00 141.00
158.50 141.50
158.00 142.00
157.50 142.50
157.00 143.00
156.50 143.50
156.00 144.00
155.50 144.50
155.00 145.00
154.50 145.50
154.00 145.50
153.50 146.00
153.00 146.50
152.50 146.50
152.00 147.00
151.50 147.00
151.00 147.50
150.50 148.00
150.00 148.00
149.50 148.50
149.00 148.50
148.50 148.50
148.00 149.00
147.50 149.00
147.00 149.50
146.50 149.50
146.00 150.00
145.50 150.00
145.00 150.00
144.50 150.50
144.00 150.50
143.50 150.50
143.00 151.00
142.50 151.00
142.00 151.00
141.50 151.50
141.00 151.50
140.50 151.50
140.00 151.50
139.50 151.50
139.00 152.00
138.50 152.00
138.00 152.00
137.50 152.00
137.00 152.00
136.50 152.00
136.00 152.50
135.50 152.50
135.00 152.50
134.50 152.50
134.00 152.50
133.50 152.50
133.00 152.50
132.50 152.50
132.00 152.50
131.50 152.50
131.00 152.50
130.50 152.50
130.00 152.50
129.50 152.50
129.00 152.50
128.50 152.50
128.00 152.50
127.50 152.50
127.00 152.50
126.50 152.50
126.00 152.50
125.50 152.00
125.00 152.00
124.50 152.00
124.00 152.00
123.50 152.00
123.00 152.00
122.50 151.50
122.00 151.50
121.50 151.50
121.00 151.50
120.50 151.00
120.00 151.00
119.50 151.00
119.00 150.50
118.50 150.50
118.00 150.50
117.50 150.00
117.00 150.00
116.50 150.00
116.00 149.50
115.50 149.50
115.00 149.00
114.50 149.00
114.00 148.50
113.50 148.50
113.00 148.00
112.50 148.00
112.00 147.50
111.50 147.00
111.00 146.50
110.50 146.50
110.00 146.00
109.50 145.50
109.00 145.00
108.50 144.50
108.00 144.00
108.00 143.50
107.50 143.00
107.00 142.50
107.00 142.00
106.50 141.50
106.00 141.00
106.00 140.50
105.50 140.00
105.50 139.50
105.00 139.00
105.00 138.50
105.00 138.00
104.50 137.50
104.50 137.00
104.50 136.50
104.00 136.00
104.00 135.50
104.00 135.00
103.50 134.50
103.50 134.00
103.50 133.50
103.00 133.00
103.00 132.50
103.00 132.00
103.00 131.50
103.00 131.00
102.50 130.50
102.50 130.00
102.50 129.50
102.50 129.00
102.50 128.50
102.00 128.00
102.00 127.50
102.00 127.00
102.00 126.50
102.00 126.00
102.00 125.50
102.00 125.00
101.50 124.50
101.50 124.00
101.50 123.50
101.50 123.00
101.50 122.50
101.50 122.00
101.50 121.50
101.50 121.00
101.50 120.50
101.50 120.00
101.50 119.50
101.50 119.00
101.50 118.50
101.50 118.00
101.50 117.50
101.50 117.00
101.50 116.50
101.50 116.00
101.50 115.50
101.50 115.00
102.00 114.50
102.00 114.00
102.00 113.50
102.00 113.00
102.00 112.50
102.00 112.00
102.50 111.50
102.50 111.00
102.50 110.50
102.50 110.00
103.00 109.50
103.00 109.00
103.50 108.50
103.50 108.00
103.50 107.50
104.00 107.00
104.00 106.50
104.00 106.00
104.50 105.50
104.50 105.00
105.00 104.50
105.50 104.00
105.50 103.50
106.00 103.00
106.50 102.50
106.50 102.00
107.00 101.50
107.50 101.00
108.00 100.50
108.50 100.00
108.50 99.50
109.00 99.00
109.50 98.50
110.00 98.00
110.50 97.50
111.00 97.50
111.50 97.00
112.00 96.50
112.50 96.00
113.00 95.50
113.50 95.50
114.00 95.00
114.50 94.50
115.00 94.00
115.50 94.00
116.00 94.00
116.50 93.50
117.00 93.00
117.50 93.00
118.00 92.50
118.50 92.50
119.00 92.00
119.50 92.00
120.00 92.00
120.50 91.50
121.00 91.50
121.50 91.00
122.00 91.00
122.50 90.50
123.00 90.50
123.50 90.50
124.00 90.00
124.50 90.00
125.00 89.50
125.50 89.50
126.00 89.50
126.50 89.00
127.00 89.00
127.50 89.00
128.00 89.00
128.50 89.00
129.00 88.50
129.50 88.50
130.00 88.50
130.50 88.50
131.00 88.50
131.50 88.50
132.00 88.50
132.50 88.00
133.00 88.00
133.50 88.00
134.00 88.00
134.50 88.00
135.00 88.00
135.50 88.00
136.00 88.00
136.50 88.00
137.00 88.00
137.50 88.00
138.00 88.00
138.50 88.50
139.00 88.50
139.50 88.50
140.00 88.50
140.50 88.50
141.00 89.00
141.50 89.00
142.00 89.00
142.50 89.50
143.00 90.00
143.50 90.00
144.00 90.00
144.50 90.50
145.00 90.50
145.50 91.00
146.00 91.50
146.50 91.50
147.00 91.50
147.50 92.00
148.00 92.50
148.50 93.00
149.00 93.00
149.50 93.50
150.00 94.00
150.50 94.00
151.00 94.50
151.50 95.00
