103.50 107.50
104.00 107.00
104.00 106.50
104.50 106.00
104.50 105.50
105.00 105.00
105.00 104.50
105.50 104.00
106.00 103.50
106.00 103.00
106.00 102.50
106.50 102.00
107.00 101.50
107.50 101.00
108.00 100.50
108.00 100.00
108.50 99.50
109.00 99.00
109.50 98.50
110.00 98.00
110.50 97.50
111.00 97.00
111.50 96.50
112.00 96.00
112.50 95.50
113.00 95.00
113.50 94.50
114.00 94.50
114.50 94.00
115.00 93.50
115.50 93.00
116.00 93.00
116.50 92.50
117.00 92.50
117.50 92.00
118.00 91.50
118.50 91.50
119.00 91.50
119.50 91.00
120.00 90.50
120.50 90.50
121.00 90.50
121.50 90.00
122.00 90.00
122.50 89.50
123.00 89.50
123.50 89.50
124.00 89.00
124.50 89.00
125.00 89.00
125.50 88.50
126.00 88.50
126.50 88.50
127.00 88.50
127.50 88.00
128.00 88.00
128.50 88.00
129.00 88.00
129.50 88.00
130.00 88.00
130.50 87.50
131.00 87.50
131.50 87.50
132.00 87.50
132.50 87.50
133.00 87.50
133.50 87.50
134.00 87.50
134.50 87.50
135.00 87.50
135.50 87.50
136.00 87.50
136.50 87.50
137.00 88.00
137.50 88.00
138.00 88.00
138.50 88.00
139.00 88.00
139.50 88.00
140.00 88.00
140.50 88.50
141.00 88.50
141.50 88.50
142.00 89.00
142.50 89.00
143.00 89.00
143.50 89.50
144.00 89.50
144.50 89.50
145.00 90.00
145.50 90.00
146.00 90.50
146.50 90.50
147.00 91.00
147.50 91.00
148.00 91.50
148.50 91.50
149.00 92.00
149.50 92.50
150.00 92.50
150.50 93.00
151.00 93.50
151.50 94.00
152.00 94.00
152.50 94.50
153.00 95.00
153.50 95.50
154.00 96.00
154.50 96.50
155.00 96.50
155.50 97.00
156.00 97.50
156.00 98.00
156.50 98.50
157.00 99.00
157.50 99.50
158.00 100.00
158.50 100.50
159.00 101.00
159.00 101.50
159.50 102.00
160.00 102.50
160.50 103.00
160.50 103.50
160.50 104.00
161.00 104.50
161.50 105.00
161.50 105.50
162.00 106.00
162.50 106.50
162.50 107.00
163.00 107.50
163.00 108.00
163.00 108.50
163.50 109.00
163.50 109.50
164.00 110.00
164.00 110.50
164.00 111.00
164.50 111.50
164.50 112.00
165.00 112.50
165.00 113.00
165.00 113.50
165.00 114.00
165.50 114.50
165.50 115.00
165.50 115.50
165.50 116.00
165.50 116.50
166.00 117.00
166.00 117.50
166.00 118.00
166.00 118.50
166.00 119.00
166.00 119.50
166.00 120.00
166.00 120.50
166.00 121.00
166.00 121.50
166.00 122.00
166.00 122.50
166.00 123.00
166.00 123.50
166.00 124.00
166.00 124.50
166.00 125.00
166.00 125.50
166.00 126.00
166.00 126.50
166.00 127.00
166.00 127.50
165.50 128.00
165.50 128.50
165.50 129.00
165.50 129.50
165.00 130.00
165.00 130.50
165.00 131.00
165.00 131.50
164.50 132.00
164.50 132.50
164.00 133.00
164.00 133.50
164.00 134.00
163.50 134.50
163.50 135.00
163.00 135.50
163.00 136.00
162.50 136.50
162.50 137.00
162.00 137.50
162.00 138.00
161.50 138.50
161.00 139.00
160.50 139.50
160.50 140.00
160.00 140.50
159.50 141.00
159.00 141.00
158.50 141.50
158.00 142.00
158.00 142.50
157.50 143.00
157.00 143.00
156.50 143.50
156.00 144.00
155.50 144.50
155.00 144.50
154.50 145.00
154.00 145.50
153.50 145.50
153.00 146.00
152.50 146.00
152.00 146.50
151.50 146.50
151.00 147.00
150.50 147.00
150.00 147.50
149.50 147.50
149.00 148.00
148.50 148.00
148.00 148.50
147.50 148.50
147.00 148.50
146.50 149.00
146.00 149.00
145.50 149.50
145.00 149.50
144.50 150.00
144.00 150.00
143.50 150.00
143.00 150.00
142.50 150.50
142.00 150.50
141.50 150.50
141.00 151.00
140.50 151.00
140.00 151.00
139.50 151.00
139.00 151.50
138.50 151.50
138.00 151.50
137.50 151.50
137.00 151.50
136.50 152.00
136.00 152.00
135.50 152.00
135.00 152.00
134.50 152.00
134.00 152.00
133.50 152.00
133.00 152.50
132.50 152.50
132.00 152.50
131.50 152.50
131.00 152.50
130.50 152.50
130.00 152.50
129.50 152.50
129.00 152.50
128.50 152.50
128.00 152.50
127.50 152.50
127.00 152.50
126.50 152.50
126.00 152.50
125.50 152.50
125.00 152.00
124.50 152.00
124.00 152.00
123.50 152.00
123.00 152.00
122.50 152.00
122.00 151.50
121.50 151.50
121.00 151.50
120.50 151.50
120.00 151.00
119.50 151.00
119.00 151.00
118.50 151.00
118.00 150.50
117.50 150.50
117.00 150.50
116.50 150.00
116.00 150.00
115.50 149.50
115.00 149.50
114.50 149.00
114.00 149.00
113.50 148.50
113.00 148.50
112.50 148.50
112.00 148.00
111.50 147.50
111.00 147.50
110.50 147.00
110.00 146.50
109.50 146.50
109.00 146.00
108.50 145.50
108.00 145.00
107.50 144.50
107.00 144.50
106.50 144.00
106.50 143.50
106.00 143.00
105.50 142.50
105.00 142.00
105.00 141.50
104.50 141.00
104.00 140.50
104.00 140.00
103.50 139.50
103.50 139.00
103.00 138.50
103.00 138.00
103.00 137.50
102.50 137.00
102.50 136.50
102.00 136.00
102.00 135.50
102.00 135.00
102.00 134.50
101.50 134.00
101.50 133.50
101.50 133.00
101.50 132.50
101.50 132.00
101.00 131.50
101.00 131.00
101.00 130.50
101.00 130.00
101.00 129.50
101.00 129.00
101.00 128.50
101.00 128.00
101.00 127.50
101.00 127.00
101.00 126.50
101.00 126.00
101.00 125.50
101.00 125.00
101.00 124.50
101.00 124.00
101.00 123.50
101.00 123.00
101.00 122.50
101.00 122.00
101.00 121.50
101.00 121.00
101.00 120.50
101.00 120.00
101.00 119.50
101.00 119.00
101.00 118.50
101.00 118.00
101.50 117.50
101.50 117.00
101.50 116.50
101.50 116.00
101.50 115.50
101.50 115.00
102.00 114.50
102.00 114.00
102.00 113.50
102.00 113.00
102.00 112.50
102.50 112.00
102.50 111.50
102.50 111.00
102.50 110.50
103.00 110.00
103.00 109.50
103.00 109.00
103.50 108.50
103.50 108.00
