146.50 123.00
146.50 123.50
146.50 124.00
146.50 124.50
146.50 125.00
146.50 125.50
146.00 126.00
146.00 126.50
146.00 127.00
146.00 127.50
146.00 128.00
145.50 128.50
145.50 129.00
145.50 129.50
145.50 130.00
145.00 130.50
145.00 131.00
144.50 131.50
144.50 132.00
144.00 132.50
144.00 133.00
144.00 133.50
143.50 134.00
143.00 134.50
143.00 135.00
142.50 135.50
142.50 136.00
142.00 136.50
142.00 137.00
141.50 137.50
141.00 138.00
140.50 138.50
140.50 139.00
140.00 139.50
139.50 139.50
139.00 140.00
138.50 140.50
138.00 141.00
137.50 141.50
137.00 141.50
136.50 141.50
136.00 142.00
135.50 142.00
135.00 142.00
134.50 142.00
134.00 142.00
133.50 142.00
133.00 141.50
132.50 141.50
132.00 141.50
131.50 141.50
131.00 141.00
130.50 141.00
130.00 140.50
129.50 140.50
129.00 140.00
128.50 140.00
128.00 139.50
127.50 139.00
127.00 138.50
126.50 138.00
126.00 137.50
125.50 137.00
125.50 136.50
125.00 136.00
125.00 135.50
124.50 135.00
124.50 134.50
124.00 134.00
124.00 133.50
124.00 133.00
123.50 132.50
123.50 132.00
123.50 131.50
123.50 131.00
123.50 130.50
123.50 130.00
123.00 129.50
123.00 129.00
123.00 128.50
123.00 128.00
123.00 127.50
123.00 127.00
123.00 126.50
123.00 126.00
123.00 125.50
123.00 125.00
123.00 124.50
123.00 124.00
123.00 123.50
123.00 123.00
123.00 122.50
123.00 122.00
123.00 121.50
123.00 121.00
123.00 120.50
123.00 120.00
123.00 119.50
123.00 119.00
123.00 118.50
123.00 118.00
123.00 117.50
123.50 117.00
123.50 116.50
123.50 116.00
123.50 115.50
124.00 115.00
124.00 114.50
124.50 114.00
125.00 113.50
125.50 113.00
126.00 112.50
126.50 112.50
127.00 112.00
127.50 112.00
128.00 111.50
128.50 111.50
129.00 111.50
129.50 111.00
130.00 111.00
130.50 111.00
131.00 111.00
131.50 110.50
132.00 110.50
132.50 110.50
133.00 110.00
133.50 110.00
134.00 110.00
134.50 110.00
135.00 109.50
135.50 109.50
136.00 109.50
136.50 109.50
137.00 109.50
137.50 109.00
138.00 109.00
138.50 109.50
139.00 109.50
139.50 109.50
140.00 109.50
140.50 110.00
141.00 110.50
141.50 110.50
142.00 111.00
142.00 111.50
142.50 112.00
143.00 112.50
143.50 113.00
143.50 113.50
143.50 114.00
144.00 114.50
144.00 115.00
144.50 115.50
144.50 116.00
144.50 116.50
145.00 117.00
145.00 117.50
145.00 118.00
145.00 118.50
145.50 119.00
145.50 119.50
145.50 120.00
145.50 120.50
145.50 121.00
145.50 121.50
146.00 122.00
146.00 122.50
