153.00 123.50
152.50 124.00
152.00 124.00
151.50 124.00
151.00 124.00
150.50 124.00
150.00 124.00
149.50 124.00
149.00 123.50
148.50 123.50
148.00 123.50
147.50 123.50
147.00 123.00
146.50 123.00
146.00 122.50
145.50 122.50
145.00 122.00
144.50 121.50
144.50 121.00
144.00 120.50
144.00 120.00
143.50 119.50
143.50 119.00
143.50 118.50
143.50 118.00
143.50 117.50
143.50 117.00
144.00 116.50
144.00 116.00
144.50 115.50
144.50 115.00
145.00 114.50
145.50 114.00
146.00 113.50
146.50 113.00
147.00 113.00
147.50 112.50
148.00 112.50
148.50 112.50
149.00 112.50
149.50 112.50
150.00 112.50
150.50 112.50
151.00 113.00
151.50 113.00
152.00 113.50
152.50 114.00
152.50 114.50
153.00 115.00
153.00 115.50
153.00 116.00
153.00 116.50
152.50 117.00
152.00 117.50
151.50 118.00
151.00 118.50
151.00 119.00
151.00 119.50
151.00 120.00
151.50 120.50
152.00 121.00
152.00 121.50
152.50 122.00
153.00 122.50
153.50 123.00
