153.50 96.50
154.00 96.50
154.00 97.00
154.50 97.50
155.00 98.00
155.50 98.50
156.00 99.00
156.50 99.50
156.50 100.00
157.00 100.50
157.50 101.00
158.00 101.50
158.00 102.00
158.50 102.50
158.50 103.00
159.00 103.50
159.00 104.00
159.50 104.50
159.50 105.00
160.00 105.50
160.00 106.00
160.00 106.50
160.50 107.00
160.50 107.50
161.00 108.00
161.00 108.50
161.00 109.00
161.00 109.50
161.50 110.00
161.50 110.50
161.50 111.00
161.50 111.50
162.00 112.00
162.00 112.50
162.00 113.00
162.00 113.50
162.00 114.00
162.00 114.50
162.00 115.00
162.00 115.50
162.00 116.00
162.00 116.50
162.00 117.00
162.00 117.50
162.00 118.00
162.00 118.50
162.00 119.00
162.00 119.50
162.00 120.00
162.00 120.50
162.00 121.00
162.00 121.50
162.00 122.00
162.00 122.50
162.00 123.00
161.50 123.50
161.50 124.00
161.50 124.50
161.50 125.00
161.00 125.50
161.00 126.00
161.00 126.50
161.00 127.00
160.50 127.50
160.50 128.00
160.50 128.50
160.00 129.00
160.00 129.50
159.50 130.00
159.50 130.50
159.00 131.00
159.00 131.50
158.50 132.00
158.50 132.50
158.00 133.00
158.00 133.50
157.50 134.00
157.00 134.50
157.00 135.00
156.50 135.50
156.00 136.00
156.00 136.50
155.50 137.00
155.00 137.50
154.50 138.00
154.00 138.50
153.50 139.00
153.00 139.50
152.50 140.00
152.00 140.50
151.50 140.50
151.00 141.00
150.50 141.50
150.00 141.50
149.50 142.00
149.00 142.50
148.50 143.00
148.00 143.00
147.50 143.50
147.00 143.50
146.50 144.00
146.00 144.50
145.50 144.50
145.00 145.00
144.50 145.00
144.00 145.50
143.50 145.50
143.00 145.50
142.50 146.00
142.00 146.00
141.50 146.50
141.00 146.50
140.50 146.50
140.00 147.00
139.50 147.00
139.00 147.00
138.50 147.00
138.00 147.50
137.50 147.50
137.00 147.50
136.50 148.00
136.00 148.00
135.50 148.00
135.00 148.00
134.50 148.00
134.00 148.50
133.50 148.50
133.00 148.50
132.50 148.50
132.00 148.50
131.50 148.50
131.00 148.50
130.50 148.50
130.00 148.50
129.50 148.50
129.00 148.50
128.50 148.50
128.00 148.50
127.50 148.50
127.00 148.50
126.50 148.50
126.00 148.50
125.50 148.00
125.00 148.00
124.50 148.00
124.00 148.00
123.50 148.00
123.00 147.50
122.50 147.50
122.00 147.50
121.50 147.00
121.00 147.00
120.50 146.50
120.00 146.50
119.50 146.00
119.00 146.00
118.50 145.50
118.00 145.50
117.50 145.00
117.00 144.50
116.50 144.50
116.00 144.00
115.50 143.50
115.00 143.00
114.50 143.00
114.00 142.50
114.00 142.00
113.50 141.50
113.00 141.00
112.50 141.00
112.00 140.50
112.00 140.00
111.50 139.50
111.00 139.00
111.00 138.50
110.50 138.00
110.00 137.50
110.00 137.00
109.50 136.50
109.50 136.00
109.00 135.50
108.50 135.00
108.50 134.50
108.50 134.00
108.00 133.50
108.00 133.00
107.50 132.50
107.50 132.00
107.50 131.50
107.50 131.00
107.00 130.50
107.00 130.00
107.00 129.50
107.00 129.00
107.00 128.50
106.50 128.00
106.50 127.50
106.50 127.00
106.50 126.50
106.50 126.00
106.50 125.50
106.50 125.00
106.50 124.50
106.50 124.00
106.50 123.50
106.50 123.00
106.50 122.50
106.50 122.00
106.50 121.50
106.50 121.00
106.50 120.50
106.50 120.00
106.50 119.50
106.50 119.00
106.50 118.50
107.00 118.00
107.00 117.50
107.00 117.00
107.00 116.50
107.00 116.00
107.50 115.50
107.50 115.00
107.50 114.50
108.00 114.00
108.00 113.50
108.00 113.00
108.00 112.50
108.50 112.00
108.50 111.50
109.00 111.00
109.00 110.50
109.50 110.00
109.50 109.50
110.00 109.00
110.00 108.50
110.50 108.00
111.00 107.50
111.00 107.00
111.50 106.50
111.50 106.00
112.00 105.50
112.50 105.00
112.50 104.50
113.00 104.00
113.50 103.50
114.00 103.00
114.00 102.50
114.50 102.00
115.00 101.50
115.50 101.00
116.00 100.50
116.50 100.00
117.00 99.50
117.50 99.00
118.00 98.50
118.50 98.00
119.00 97.50
119.50 97.00
120.00 97.00
120.50 96.50
121.00 96.00
121.50 95.50
122.00 95.50
122.50 95.00
123.00 95.00
123.50 94.50
124.00 94.00
124.50 93.50
125.00 93.50
125.50 93.00
126.00 93.00
126.50 92.50
127.00 92.50
127.50 92.00
128.00 92.00
128.50 92.00
129.00 91.50
129.50 91.50
130.00 91.00
130.50 91.00
131.00 91.00
131.50 91.00
132.00 90.50
132.50 90.50
133.00 90.50
133.50 90.50
134.00 90.00
134.50 90.00
135.00 90.00
135.50 90.00
136.00 90.00
136.50 90.00
137.00 90.00
137.50 90.00
138.00 90.00
138.50 90.00
139.00 90.00
139.50 90.00
140.00 90.00
140.50 90.00
141.00 90.50
141.50 90.50
142.00 90.50
142.50 90.50
143.00 91.00
143.50 91.00
144.00 91.00
144.50 91.50
145.00 91.50
145.50 91.50
146.00 91.50
146.50 92.00
147.00 92.00
147.50 92.50
148.00 92.50
148.50 93.00
149.00 93.00
149.50 93.50
150.00 93.50
150.50 94.00
151.00 94.50
151.50 95.00
152.00 95.50
152.50 95.50
153.00 96.00
