136.50 142.00
136.00 142.00
135.50 142.50
135.00 143.00
134.50 143.00
134.00 143.50
133.50 143.50
133.00 144.00
132.50 144.00
132.00 144.00
131.50 143.50
131.00 143.00
130.50 142.50
130.00 142.00
129.50 141.50
129.00 141.50
128.50 142.00
128.00 142.50
127.50 143.00
127.00 143.50
126.50 144.00
126.00 144.50
125.50 145.00
125.00 145.00
124.50 145.50
124.00 146.00
123.50 146.00
123.00 146.50
122.50 146.00
122.00 145.50
121.50 145.00
121.50 144.50
122.00 144.00
122.00 143.50
122.00 143.00
122.50 142.50
122.50 142.00
123.00 141.50
123.50 141.00
124.00 140.50
124.50 140.00
125.00 139.50
125.50 139.00
126.00 138.50
126.50 138.00
127.00 138.00
127.50 137.50
128.00 137.00
128.50 137.00
129.00 136.50
129.50 136.50
130.00 136.50
130.50 137.00
131.00 137.50
131.50 138.00
132.00 138.50
132.50 139.00
133.00 139.50
133.50 140.00
134.00 140.00
134.50 140.00
135.00 140.50
135.50 140.50
136.00 141.00
136.50 141.00
137.00 141.50
