161.50 120.50
161.50 121.00
161.50 121.50
161.50 122.00
161.50 122.50
161.50 123.00
161.50 123.50
161.50 124.00
161.50 124.50
161.50 125.00
161.50 125.50
161.50 126.00
161.50 126.50
161.50 127.00
161.50 127.50
161.50 128.00
161.50 128.50
161.00 129.00
161.00 129.50
161.00 130.00
161.00 130.50
161.00 131.00
160.50 131.50
160.50 132.00
160.50 132.50
160.00 133.00
160.00 133.50
159.50 134.00
159.50 134.50
159.50 135.00
159.00 135.50
159.00 136.00
158.50 136.50
158.50 137.00
158.00 137.50
157.50 138.00
157.50 138.50
157.00 139.00
157.00 139.50
156.50 140.00
156.00 140.50
155.50 141.00
155.50 141.50
155.00 142.00
154.50 142.50
154.00 143.00
153.50 143.50
153.00 144.00
152.50 144.50
152.00 145.00
151.50 145.50
151.00 145.50
150.50 146.00
150.00 146.50
149.50 147.00
149.00 147.50
148.50 148.00
148.00 148.00
147.50 148.50
147.00 148.50
146.50 149.00
146.00 149.00
145.50 149.50
145.00 150.00
144.50 150.00
144.00 150.50
143.50 150.50
143.00 151.00
142.50 151.00
142.00 151.50
141.50 151.50
141.00 151.50
140.50 151.50
140.00 152.00
139.50 152.00
139.00 152.50
138.50 152.50
138.00 152.50
137.50 152.50
137.00 153.00
136.50 153.00
136.00 153.00
135.50 153.00
135.00 153.00
134.50 153.00
134.00 153.50
133.50 153.50
133.00 153.50
132.50 153.50
132.00 153.50
131.50 153.50
131.00 153.50
130.50 153.50
130.00 153.50
129.50 153.50
129.00 153.50
128.50 153.50
128.00 153.50
127.50 153.50
127.00 153.50
126.50 153.50
126.00 153.00
125.50 153.00
125.00 153.00
124.50 153.00
124.00 153.00
123.50 153.00
123.00 152.50
122.50 152.50
122.00 152.50
121.50 152.50
121.00 152.00
120.50 152.00
120.00 152.00
119.50 151.50
119.00 151.50
118.50 151.50
118.00 151.00
117.50 151.00
117.00 151.00
116.50 150.50
116.00 150.00
115.50 150.00
115.00 150.00
114.50 149.50
114.00 149.50
113.50 149.00
113.00 148.50
112.50 148.50
112.00 148.00
111.50 148.00
111.00 147.50
110.50 147.00
110.00 146.50
109.50 146.00
109.00 145.50
108.50 145.00
108.50 144.50
108.00 144.00
108.00 143.50
107.50 143.00
107.50 142.50
107.00 142.00
107.00 141.50
107.00 141.00
107.00 140.50
107.00 140.00
107.00 139.50
107.00 139.00
107.00 138.50
107.00 138.00
107.00 137.50
107.00 137.00
107.00 136.50
107.00 136.00
107.00 135.50
107.00 135.00
107.00 134.50
107.50 134.00
107.50 133.50
107.50 133.00
107.50 132.50
107.50 132.00
107.50 131.50
107.50 131.00
108.00 130.50
108.00 130.00
108.00 129.50
108.00 129.00
108.00 128.50
108.00 128.00
108.00 127.50
108.00 127.00
108.50 126.50
108.50 126.00
108.50 125.50
108.50 125.00
109.00 124.50
109.00 124.00
109.00 123.50
109.00 123.00
109.50 122.50
109.50 122.00
109.50 121.50
110.00 121.00
110.00 120.50
110.50 120.00
110.50 119.50
111.00 119.00
111.00 118.50
111.50 118.00
112.00 117.50
112.00 117.00
112.50 116.50
113.00 116.00
113.50 115.50
114.00 115.00
114.00 114.50
114.50 114.00
115.00 113.50
115.50 113.50
116.00 113.00
116.50 112.50
116.50 112.00
117.00 111.50
117.50 111.50
118.00 111.00
118.50 110.50
119.00 110.50
119.50 110.00
120.00 109.50
120.50 109.00
121.00 109.00
121.50 108.50
122.00 108.00
122.50 108.00
123.00 107.50
123.50 107.00
124.00 107.00
124.50 106.50
125.00 106.50
125.50 106.00
126.00 106.00
126.50 105.50
127.00 105.50
127.50 105.00
128.00 105.00
128.50 104.50
129.00 104.50
129.50 104.00
130.00 104.00
130.50 104.00
131.00 103.50
131.50 103.50
132.00 103.00
132.50 103.00
133.00 103.00
133.50 103.00
134.00 102.50
134.50 102.50
135.00 102.50
135.50 102.50
136.00 102.50
136.50 102.50
137.00 102.50
137.50 102.00
138.00 102.00
138.50 102.00
139.00 102.00
139.50 102.00
140.00 102.00
140.50 102.00
141.00 102.00
141.50 102.00
142.00 102.00
142.50 102.00
143.00 102.00
143.50 102.00
144.00 102.00
144.50 102.00
145.00 102.00
145.50 102.00
146.00 102.00
146.50 102.00
147.00 102.00
147.50 102.00
148.00 102.00
148.50 102.00
149.00 102.50
149.50 102.50
150.00 102.50
150.50 102.50
151.00 103.00
151.50 103.00
152.00 103.50
152.50 103.50
153.00 104.00
153.50 104.00
154.00 104.50
154.50 105.00
155.00 105.00
155.50 105.50
156.00 106.00
156.50 106.50
157.00 107.00
157.50 107.50
158.00 108.00
158.00 108.50
158.50 109.00
159.00 109.50
159.00 110.00
159.50 110.50
160.00 111.00
160.00 111.50
160.00 112.00
160.50 112.50
160.50 113.00
160.50 113.50
160.50 114.00
161.00 114.50
161.00 115.00
161.00 115.50
161.00 116.00
161.00 116.50
161.00 117.00
161.50 117.50
161.50 118.00
161.50 118.50
161.50 119.00
161.50 119.50
161.50 120.00
