104.00 107.00
104.50 106.50
105.00 106.00
105.00 105.50
105.50 105.00
106.00 104.50
106.00 104.00
106.50 103.50
106.50 103.00
107.00 102.50
107.50 102.00
108.00 101.50
108.50 101.00
109.00 100.50
109.50 100.00
110.00 99.50
110.50 99.00
111.00 98.50
111.50 98.00
112.00 97.50
112.50 97.50
113.00 97.00
113.50 96.50
114.00 96.00
114.50 95.50
115.00 95.00
115.50 95.00
116.00 94.50
116.50 94.00
117.00 93.50
117.50 93.50
118.00 93.00
118.50 92.50
119.00 92.50
119.50 92.00
120.00 91.50
120.50 91.50
121.00 91.50
121.50 91.00
122.00 90.50
122.50 90.50
123.00 90.00
123.50 90.00
124.00 89.50
124.50 89.50
125.00 89.00
125.50 89.00
126.00 89.00
126.50 88.50
127.00 88.50
127.50 88.50
128.00 88.00
128.50 88.00
129.00 88.00
129.50 88.00
130.00 87.50
130.50 87.50
131.00 87.50
131.50 87.50
132.00 87.50
132.50 87.50
133.00 87.50
133.50 87.50
134.00 87.50
134.50 87.50
135.00 87.50
135.50 87.50
136.00 87.50
136.50 87.50
137.00 87.50
137.50 87.50
138.00 88.00
138.50 88.00
139.00 88.00
139.50 88.00
140.00 88.00
140.50 88.50
141.00 88.50
141.50 88.50
142.00 89.00
142.50 89.00
143.00 89.00
143.50 89.50
144.00 89.50
144.50 89.50
145.00 90.00
145.50 90.00
146.00 90.00
146.50 90.50
147.00 91.00
147.50 91.00
148.00 91.50
148.50 91.50
149.00 92.00
149.50 92.00
150.00 92.50
150.50 92.50
151.00 93.00
151.50 93.00
152.00 93.50
152.50 94.00
153.00 94.00
153.50 94.50
154.00 95.00
154.50 95.00
155.00 95.50
155.50 96.00
156.00 96.00
156.50 96.50
157.00 97.00
157.50 97.50
158.00 98.00
158.50 98.50
159.00 98.50
159.50 99.00
160.00 99.50
160.50 100.00
161.00 100.50
161.00 101.00
161.50 101.50
162.00 102.00
162.50 102.50
162.50 103.00
163.00 103.50
163.50 104.00
163.50 104.50
164.00 105.00
164.00 105.50
164.50 106.00
164.50 106.50
165.00 107.00
165.00 107.50
165.00 108.00
165.50 108.50
165.50 109.00
166.00 109.50
166.00 110.00
166.00 110.50
166.00 111.00
166.50 111.50
166.50 112.00
166.50 112.50
166.50 113.00
166.50 113.50
167.00 114.00
167.00 114.50
167.00 115.00
167.00 115.50
167.00 116.00
167.00 116.50
167.00 117.00
167.00 117.50
167.00 118.00
167.00 118.50
167.00 119.00
167.00 119.50
167.00 120.00
167.00 120.50
167.00 121.00
167.00 121.50
167.00 122.00
167.00 122.50
167.00 123.00
167.00 123.50
167.00 124.00
167.00 124.50
167.00 125.00
166.50 125.50
166.50 126.00
166.50 126.50
166.50 127.00
166.50 127.50
166.00 128.00
166.00 128.50
166.00 129.00
166.00 129.50
165.50 130.00
165.50 130.50
165.50 131.00
165.00 131.50
165.00 132.00
165.00 132.50
164.50 133.00
164.50 133.50
164.50 134.00
164.00 134.50
164.00 135.00
163.50 135.50
163.50 136.00
163.00 136.50
163.00 137.00
162.50 137.50
162.00 138.00
162.00 138.50
161.50 139.00
161.00 139.50
161.00 140.00
160.50 140.50
160.00 141.00
159.50 141.50
159.00 142.00
158.50 142.50
158.00 143.00
157.50 143.50
157.00 144.00
156.50 144.50
156.00 145.00
155.50 145.50
155.00 145.50
154.50 146.00
154.00 146.50
153.50 147.00
153.00 147.50
152.50 147.50
152.00 148.00
151.50 148.00
151.00 148.50
150.50 149.00
150.00 149.00
149.50 149.50
149.00 149.50
148.50 150.00
148.00 150.00
147.50 150.50
147.00 150.50
146.50 150.50
146.00 150.50
145.50 151.00
145.00 151.00
144.50 151.50
144.00 151.50
143.50 151.50
143.00 152.00
142.50 152.00
142.00 152.00
141.50 152.00
141.00 152.00
140.50 152.50
140.00 152.50
139.50 152.50
139.00 152.50
138.50 152.50
138.00 153.00
137.50 153.00
137.00 153.00
136.50 153.00
136.00 153.00
135.50 153.00
135.00 153.00
134.50 153.00
134.00 153.00
133.50 153.00
133.00 153.00
132.50 153.00
132.00 153.00
131.50 153.00
131.00 153.00
130.50 153.00
130.00 153.00
129.50 153.00
129.00 153.00
128.50 153.00
128.00 153.00
127.50 153.00
127.00 153.00
126.50 153.00
126.00 153.00
125.50 153.00
125.00 152.50
124.50 152.50
124.00 152.50
123.50 152.50
123.00 152.50
122.50 152.00
122.00 152.00
121.50 152.00
121.00 152.00
120.50 152.00
120.00 151.50
119.50 151.50
119.00 151.50
118.50 151.00
118.00 151.00
117.50 151.00
117.00 150.50
116.50 150.50
116.00 150.00
115.50 150.00
115.00 150.00
114.50 149.50
114.00 149.50
113.50 149.00
113.00 148.50
112.50 148.50
112.00 148.00
111.50 147.50
111.00 147.50
110.50 147.00
110.00 146.50
109.50 146.00
109.00 145.50
108.50 145.00
108.00 144.50
107.50 144.00
107.00 143.50
107.00 143.00
106.50 142.50
106.00 142.00
105.50 141.50
105.50 141.00
105.00 140.50
105.00 140.00
104.50 139.50
104.00 139.00
104.00 138.50
103.50 138.00
103.50 137.50
103.00 137.00
103.00 136.50
103.00 136.00
102.50 135.50
102.50 135.00
102.50 134.50
102.50 134.00
102.00 133.50
102.00 133.00
102.00 132.50
102.00 132.00
101.50 131.50
101.50 131.00
101.50 130.50
101.50 130.00
101.50 129.50
101.50 129.00
101.50 128.50
101.50 128.00
101.50 127.50
101.50 127.00
101.50 126.50
101.50 126.00
101.50 125.50
101.50 125.00
101.50 124.50
101.50 124.00
101.50 123.50
101.50 123.00
101.50 122.50
101.50 122.00
101.50 121.50
101.50 121.00
101.50 120.50
101.50 120.00
101.50 119.50
101.50 119.00
101.50 118.50
101.50 118.00
101.50 117.50
102.00 117.00
102.00 116.50
102.00 116.00
102.00 115.50
102.00 115.00
102.00 114.50
102.00 114.00
102.50 113.50
102.50 113.00
102.50 112.50
102.50 112.00
102.50 111.50
103.00 111.00
103.00 110.50
103.00 110.00
103.50 109.50
103.50 109.00
103.50 108.50
103.50 108.00
104.00 107.50
