109.50 112.50
109.50 112.00
110.00 111.50
110.00 111.00
110.00 110.50
110.50 110.00
110.50 109.50
110.50 109.00
111.00 108.50
111.00 108.00
111.00 107.50
111.50 107.00
111.50 106.50
112.00 106.00
112.00 105.50
112.00 105.00
112.50 104.50
113.00 104.00
113.00 103.50
113.50 103.00
113.50 102.50
114.00 102.00
114.50 101.50
115.00 101.00
115.50 100.50
116.00 100.00
116.50 99.50
117.00 99.00
117.50 99.00
118.00 98.50
118.50 98.50
119.00 98.50
119.50 98.50
120.00 98.00
120.50 98.00
121.00 98.00
121.50 98.00
122.00 98.00
122.50 98.00
123.00 98.00
123.50 98.00
124.00 98.00
124.50 98.00
125.00 98.00
125.50 98.00
126.00 98.00
126.50 98.00
127.00 98.00
127.50 98.00
128.00 97.50
128.50 97.50
129.00 97.50
129.50 97.50
130.00 97.50
130.50 97.50
131.00 97.50
131.50 97.00
132.00 97.00
132.50 97.00
133.00 97.00
133.50 97.00
134.00 97.00
134.50 97.00
135.00 97.00
135.50 97.00
136.00 97.00
136.50 97.50
137.00 97.50
137.50 97.50
138.00 97.50
138.50 97.50
139.00 97.50
139.50 98.00
140.00 98.00
140.50 98.00
141.00 98.00
141.50 98.50
142.00 98.50
142.50 98.50
143.00 99.00
143.50 99.00
144.00 99.00
144.50 99.50
145.00 99.50
145.50 100.00
146.00 100.00
146.50 100.50
147.00 100.50
147.50 101.00
148.00 101.00
148.50 101.50
149.00 101.50
149.50 102.00
150.00 102.50
150.50 103.00
151.00 103.00
151.50 103.50
151.50 104.00
152.00 104.50
152.50 104.50
153.00 105.00
153.00 105.50
153.50 106.00
154.00 106.50
154.50 107.00
155.00 107.50
155.00 108.00
155.50 108.50
156.00 109.00
156.00 109.50
156.00 110.00
156.50 110.50
156.50 111.00
157.00 111.50
157.00 112.00
157.50 112.50
157.50 113.00
157.50 113.50
157.50 114.00
158.00 114.50
158.00 115.00
158.00 115.50
158.00 116.00
158.00 116.50
158.50 117.00
158.50 117.50
158.50 118.00
158.50 118.50
158.50 119.00
158.50 119.50
158.50 120.00
158.50 120.50
158.50 121.00
158.50 121.50
158.50 122.00
158.50 122.50
158.50 123.00
158.50 123.50
158.50 124.00
158.50 124.50
158.50 125.00
158.00 125.50
158.00 126.00
158.00 126.50
158.00 127.00
158.00 127.50
158.00 128.00
157.50 128.50
157.50 129.00
157.50 129.50
157.50 130.00
157.50 130.50
157.00 131.00
157.00 131.50
157.00 132.00
156.50 132.50
156.50 133.00
156.00 133.50
156.00 134.00
156.00 134.50
155.50 135.00
155.50 135.50
155.00 136.00
155.00 136.50
154.50 137.00
154.50 137.50
154.00 138.00
154.00 138.50
153.50 139.00
153.00 139.50
153.00 140.00
152.50 140.50
152.00 141.00
151.50 141.50
151.00 142.00
151.00 142.50
150.50 143.00
150.00 143.50
149.50 144.00
149.00 144.00
148.50 144.50
148.00 145.00
147.50 145.50
147.00 145.50
146.50 146.00
146.00 146.50
145.50 146.50
145.00 147.00
144.50 147.00
144.00 147.50
143.50 147.50
143.00 147.50
142.50 148.00
142.00 148.00
141.50 148.00
141.00 148.50
140.50 148.50
140.00 148.50
139.50 149.00
139.00 149.00
138.50 149.00
138.00 149.00
137.50 149.00
137.00 149.00
136.50 149.50
136.00 149.50
135.50 149.50
135.00 149.50
134.50 149.50
134.00 149.50
133.50 149.50
133.00 149.50
132.50 149.50
132.00 149.50
131.50 149.50
131.00 149.50
130.50 149.50
130.00 149.50
129.50 149.50
129.00 149.50
128.50 149.50
128.00 149.50
127.50 149.50
127.00 149.50
126.50 149.00
126.00 149.00
125.50 149.00
125.00 149.00
124.50 149.00
124.00 149.00
123.50 148.50
123.00 148.50
122.50 148.50
122.00 148.50
121.50 148.50
121.00 148.00
120.50 148.00
120.00 147.50
119.50 147.50
119.00 147.50
118.50 147.00
118.00 147.00
117.50 146.50
117.00 146.50
116.50 146.00
116.00 146.00
115.50 145.50
115.00 145.00
114.50 145.00
114.00 144.50
113.50 144.00
113.00 143.50
112.50 143.00
112.00 142.50
112.00 142.00
111.50 141.50
111.00 141.00
110.50 140.50
110.50 140.00
110.50 139.50
110.00 139.00
110.00 138.50
109.50 138.00
109.50 137.50
109.00 137.00
109.00 136.50
109.00 136.00
109.00 135.50
108.50 135.00
108.50 134.50
108.50 134.00
108.00 133.50
108.00 133.00
108.00 132.50
108.00 132.00
108.00 131.50
108.00 131.00
107.50 130.50
107.50 130.00
107.50 129.50
107.50 129.00
107.50 128.50
107.50 128.00
107.50 127.50
107.50 127.00
107.50 126.50
107.50 126.00
107.50 125.50
107.50 125.00
107.50 124.50
107.50 124.00
107.50 123.50
107.50 123.00
107.50 122.50
107.50 122.00
107.50 121.50
107.50 121.00
107.50 120.50
107.50 120.00
108.00 119.50
108.00 119.00
108.00 118.50
108.00 118.00
108.00 117.50
108.50 117.00
108.50 116.50
108.50 116.00
108.50 115.50
109.00 115.00
109.00 114.50
109.50 114.00
109.50 113.50
109.50 113.00
