138.50 108.00
138.50 107.50
139.00 107.00
139.50 106.50
139.50 106.00
140.00 105.50
140.50 105.00
141.00 104.50
141.50 104.00
142.00 104.00
142.50 103.50
143.00 103.50
143.50 103.50
144.00 104.00
144.50 104.50
144.50 105.00
145.00 105.50
145.00 106.00
145.50 106.50
145.50 107.00
145.50 107.50
145.50 108.00
146.00 108.50
146.00 109.00
146.00 109.50
146.50 110.00
146.50 110.50
146.50 111.00
147.00 111.50
147.00 112.00
147.00 112.50
147.50 113.00
147.50 113.50
148.00 114.00
148.00 114.50
148.00 115.00
148.50 115.50
148.50 116.00
148.50 116.50
148.50 117.00
148.50 117.50
148.00 118.00
147.50 118.00
147.00 118.00
146.50 118.00
146.00 117.50
145.50 117.50
145.00 117.00
144.50 117.00
144.00 116.50
143.50 116.00
143.00 115.50
142.50 115.50
142.00 115.00
141.50 114.50
141.00 114.00
140.50 113.50
140.00 113.00
139.50 112.50
139.50 112.00
139.00 111.50
138.50 111.00
138.50 110.50
138.50 110.00
138.50 109.50
138.50 109.00
138.50 108.50
