137.50 134.50
138.00 134.50
138.50 134.00
139.00 134.00
139.50 134.00
140.00 134.00
140.50 134.00
141.00 134.50
141.00 135.00
141.50 135.50
141.50 136.00
141.00 136.50
141.00 137.00
140.50 137.50
140.00 138.00
139.50 138.00
139.00 138.00
138.50 138.00
138.00 138.50
137.50 138.50
137.00 138.50
136.50 139.00
136.00 139.50
135.50 139.50
135.00 140.00
134.50 139.50
134.50 139.00
134.50 138.50
134.50 138.00
134.50 137.50
135.00 137.00
135.00 136.50
135.50 136.00
135.50 135.50
136.00 135.00
136.50 135.00
137.00 134.50
