140.50 111.00
141.00 111.00
141.50 111.00
142.00 111.50
142.50 112.00
143.00 112.50
143.50 113.00
143.50 113.50
144.00 114.00
144.00 114.50
144.00 115.00
144.50 115.50
144.50 116.00
144.50 116.50
144.50 117.00
144.50 117.50
144.50 118.00
144.00 118.50
143.50 119.00
143.00 119.00
142.50 119.00
142.00 118.50
141.50 118.50
141.00 118.00
140.50 117.50
140.50 117.00
140.50 116.50
140.00 116.00
140.00 115.50
139.50 115.00
139.50 114.50
139.50 114.00
139.50 113.50
139.50 113.00
139.50 112.50
139.50 112.00
140.00 111.50
