150.50 114.00
150.50 114.50
150.50 115.00
150.00 115.50
149.50 115.50
149.00 116.00
148.50 116.00
148.00 116.50
147.50 116.50
147.00 116.50
146.50 116.50
146.00 116.50
145.50 116.00
145.00 115.50
144.50 115.50
144.00 115.00
143.50 114.50
143.00 114.00
142.50 113.50
142.00 113.00
141.50 112.50
141.50 112.00
141.00 111.50
141.00 111.00
141.00 110.50
140.50 110.00
140.50 109.50
140.50 109.00
140.50 108.50
140.50 108.00
140.50 107.50
140.50 107.00
140.50 106.50
140.50 106.00
141.00 105.50
141.00 105.00
141.00 104.50
141.00 104.00
141.00 103.50
141.50 103.00
141.50 102.50
142.00 102.00
142.00 101.50
142.50 101.00
143.00 100.50
143.50 100.50
144.00 100.50
144.50 100.50
145.00 101.00
145.50 101.00
146.00 101.50
146.50 102.00
147.00 102.50
147.50 103.00
148.00 103.50
148.50 104.00
148.50 104.50
149.00 105.00
149.00 105.50
149.50 106.00
149.50 106.50
150.00 107.00
150.00 107.50
150.00 108.00
150.50 108.50
150.50 109.00
150.50 109.50
150.50 110.00
150.50 110.50
150.50 111.00
150.50 111.50
150.50 112.00
150.50 112.50
150.50 113.00
150.50 113.50
