132.50 137.50
133.00 137.00
133.50 137.00
134.00 136.50
134.50 136.50
135.00 136.00
135.50 136.00
136.00 136.00
136.50 136.00
137.00 136.00
137.50 136.00
138.00 136.00
138.50 136.50
139.00 137.00
139.00 137.50
138.50 138.00
138.50 138.50
138.00 139.00
137.50 139.50
137.00 140.00
136.50 140.50
136.00 141.00
135.50 141.00
135.00 141.50
134.50 141.50
134.00 141.50
133.50 142.00
133.00 142.00
132.50 142.00
132.00 142.00
131.50 141.50
131.50 141.00
131.00 140.50
131.00 140.00
131.50 139.50
131.50 139.00
131.50 138.50
132.00 138.00
