138.00 133.00
137.50 133.00
137.00 133.00
136.50 133.00
136.00 133.00
135.50 132.50
135.00 132.00
135.50 131.50
135.50 131.00
136.00 130.50
136.00 130.00
136.50 129.50
137.00 129.00
137.50 128.50
137.50 128.00
137.50 127.50
137.50 127.00
137.50 126.50
137.50 126.00
137.50 125.50
137.50 125.00
137.50 124.50
137.50 124.00
138.00 123.50
138.50 123.50
139.00 124.00
139.50 124.50
140.00 125.00
140.00 125.50
140.50 126.00
140.50 126.50
141.00 127.00
141.00 127.50
141.00 128.00
141.00 128.50
141.00 129.00
141.00 129.50
141.00 130.00
140.50 130.50
140.50 131.00
140.00 131.50
139.50 132.00
139.50 132.50
139.00 133.00
138.50 133.00
