143.50 114.50
144.00 114.50
144.50 114.50
145.00 114.50
145.50 114.50
146.00 114.00
146.50 114.00
147.00 113.50
147.00 113.00
147.50 112.50
147.50 112.00
147.50 111.50
147.50 111.00
147.50 110.50
147.50 110.00
147.50 109.50
147.00 109.00
146.50 109.50
146.50 110.00
146.00 110.50
145.50 111.00
145.00 111.50
144.50 111.50
144.00 112.00
143.50 111.50
143.50 111.00
143.50 110.50
143.00 110.00
143.00 109.50
143.00 109.00
143.00 108.50
142.50 108.00
142.50 107.50
142.50 107.00
142.50 106.50
142.50 106.00
142.50 105.50
142.50 105.00
142.50 104.50
143.00 104.00
143.00 103.50
143.00 103.00
143.50 102.50
144.00 102.00
144.50 102.00
145.00 102.00
145.50 102.50
146.00 103.00
146.50 103.50
146.50 104.00
147.00 104.50
147.50 105.00
148.00 105.50
148.00 106.00
148.50 106.50
148.50 107.00
149.00 107.50
149.00 108.00
149.50 108.50
150.00 109.00
150.00 109.50
150.00 110.00
150.50 110.50
150.50 111.00
151.00 111.50
151.00 112.00
151.00 112.50
151.00 113.00
151.00 113.50
151.00 114.00
151.00 114.50
151.00 115.00
151.00 115.50
151.00 116.00
150.50 116.50
150.50 117.00
150.50 117.50
150.00 118.00
150.00 118.50
149.50 119.00
149.00 119.50
148.50 119.50
148.00 120.00
147.50 120.00
147.00 120.00
146.50 120.00
146.00 120.00
145.50 120.00
145.00 120.00
144.50 119.50
144.00 119.50
143.50 119.00
143.00 118.50
143.00 118.00
143.00 117.50
143.00 117.00
143.00 116.50
143.00 116.00
143.00 115.50
143.00 115.00
143.50 114.50
