145.50 129.00
145.00 128.50
145.00 128.00
145.00 127.50
145.00 127.00
145.00 126.50
144.50 126.00
144.50 125.50
144.50 125.00
144.00 124.50
143.50 124.50
143.00 125.00
142.50 125.50
142.00 126.00
141.50 126.50
141.00 126.50
140.50 126.50
140.00 126.50
139.50 126.50
139.00 126.50
138.50 126.50
138.00 126.00
137.50 125.50
137.00 125.00
137.00 124.50
136.50 124.00
136.50 123.50
136.50 123.00
136.50 122.50
136.50 122.00
137.00 121.50
137.00 121.00
137.50 120.50
138.00 120.00
138.50 119.50
139.00 119.00
139.50 119.00
140.00 118.50
140.50 118.00
141.00 118.00
141.50 117.50
142.00 117.50
142.50 117.00
143.00 117.00
143.50 117.00
144.00 117.00
144.50 117.50
145.00 118.00
145.50 118.50
146.00 119.00
146.50 119.50
146.50 120.00
147.00 120.50
147.00 121.00
147.00 121.50
147.00 122.00
147.00 122.50
147.00 123.00
147.00 123.50
147.00 124.00
147.00 124.50
147.00 125.00
147.50 125.50
148.00 126.00
148.00 126.50
148.00 127.00
148.00 127.50
148.00 128.00
148.00 128.50
147.50 129.00
147.50 129.50
147.00 130.00
146.50 130.00
146.00 129.50
