151.00 124.00
151.00 124.50
151.00 125.00
151.00 125.50
151.00 126.00
151.00 126.50
151.00 127.00
150.50 127.50
150.00 128.00
149.50 128.00
149.00 128.00
148.50 128.00
148.00 128.00
147.50 127.50
147.00 127.50
146.50 127.00
146.00 127.00
145.50 126.50
145.00 126.00
144.50 126.00
144.00 125.50
144.00 125.00
143.50 124.50
143.00 124.00
143.00 123.50
143.00 123.00
142.50 122.50
142.50 122.00
142.50 121.50
142.50 121.00
142.50 120.50
143.00 120.00
143.00 119.50
143.00 119.00
143.00 118.50
143.50 118.00
143.50 117.50
143.50 117.00
144.00 116.50
144.00 116.00
144.50 115.50
145.00 115.00
145.50 114.50
146.00 114.50
146.50 114.50
147.00 114.50
147.50 114.50
148.00 115.00
148.50 115.00
149.00 115.50
149.50 116.00
150.00 116.50
150.00 117.00
150.00 117.50
150.00 118.00
150.00 118.50
150.00 119.00
150.00 119.50
150.00 120.00
150.50 120.50
150.50 121.00
150.00 121.50
149.50 121.50
149.00 121.50
148.50 122.00
148.00 122.00
147.50 122.50
148.00 123.00
148.50 123.00
149.00 123.00
149.50 123.50
150.00 123.50
150.50 123.50
151.00 123.50
