138.50 144.00
138.00 144.00
137.50 144.50
137.00 144.50
136.50 144.50
136.00 144.50
135.50 144.50
135.00 144.00
135.00 143.50
134.50 143.00
134.50 142.50
134.50 142.00
135.00 141.50
135.50 141.00
136.00 140.50
136.50 140.50
137.00 140.50
137.50 140.00
138.00 140.00
138.50 140.00
139.00 139.50
139.50 139.50
140.00 139.50
140.50 139.50
141.00 139.50
141.50 139.50
142.00 139.50
142.50 140.00
142.50 140.50
142.00 141.00
142.00 141.50
141.50 142.00
141.00 142.50
140.50 143.00
140.00 143.50
139.50 143.50
139.00 144.00
