112.50 125.00
112.50 124.50
112.50 124.00
112.50 123.50
113.00 123.00
113.00 122.50
113.00 122.00
113.00 121.50
113.00 121.00
113.00 120.50
113.00 120.00
113.00 119.50
113.00 119.00
113.50 118.50
113.50 118.00
113.50 117.50
113.50 117.00
113.50 116.50
113.50 116.00
113.00 115.50
113.00 115.00
113.50 114.50
113.50 114.00
113.50 113.50
114.00 113.00
114.00 112.50
114.50 112.00
115.00 111.50
115.00 111.00
115.50 110.50
116.00 110.00
116.50 109.50
117.00 109.00
117.50 108.50
118.00 108.00
118.50 107.50
119.00 107.00
119.50 107.00
120.00 106.50
120.50 106.00
121.00 106.00
121.50 105.50
122.00 105.50
122.50 105.50
123.00 105.00
123.50 105.00
124.00 104.50
124.50 104.50
125.00 104.50
125.50 104.00
126.00 104.00
126.50 104.00
127.00 104.00
127.50 104.00
128.00 104.00
128.50 104.00
129.00 104.00
129.50 104.00
130.00 104.00
130.50 104.00
131.00 104.00
131.50 104.00
132.00 104.00
132.50 104.00
133.00 104.00
133.50 104.00
134.00 104.00
134.50 104.00
135.00 104.00
135.50 104.00
136.00 104.00
136.50 104.00
137.00 104.00
137.50 104.00
138.00 104.50
138.50 104.50
139.00 104.50
139.50 104.50
140.00 104.50
140.50 105.00
141.00 105.00
141.50 105.00
142.00 105.50
142.50 106.00
143.00 106.50
143.50 106.50
144.00 107.00
144.50 107.50
145.00 108.00
145.50 108.50
146.00 109.00
146.50 109.50
147.00 110.00
147.50 110.50
148.00 111.00
148.50 111.50
149.00 112.00
149.00 112.50
149.50 113.00
149.50 113.50
150.00 114.00
150.50 114.50
150.50 115.00
150.50 115.50
151.00 116.00
151.00 116.50
151.00 117.00
151.00 117.50
151.00 118.00
151.00 118.50
151.50 119.00
151.50 119.50
151.00 120.00
151.00 120.50
151.00 121.00
151.00 121.50
151.00 122.00
151.00 122.50
151.00 123.00
150.50 123.50
150.50 124.00
150.50 124.50
150.00 125.00
150.00 125.50
150.00 126.00
149.50 126.50
149.50 127.00
149.50 127.50
149.00 128.00
149.00 128.50
149.00 129.00
149.00 129.50
149.00 130.00
148.50 130.50
148.50 131.00
148.50 131.50
148.50 132.00
148.50 132.50
148.50 133.00
148.00 133.50
148.00 134.00
148.00 134.50
147.50 135.00
147.00 135.50
146.50 136.00
146.50 136.50
146.00 137.00
145.50 137.50
145.00 138.00
144.50 138.00
144.00 138.50
143.50 138.50
143.00 139.00
142.50 139.00
142.00 139.50
141.50 139.50
141.00 140.00
140.50 140.00
140.00 140.50
139.50 140.50
139.00 140.50
138.50 141.00
138.00 141.00
137.50 141.00
137.00 141.00
136.50 141.00
136.00 141.50
135.50 141.50
135.00 141.50
134.50 141.50
134.00 141.50
133.50 141.50
133.00 141.50
132.50 141.50
132.00 142.00
131.50 142.00
131.00 142.00
130.50 142.00
130.00 141.50
129.50 141.50
129.00 141.50
128.50 141.50
128.00 141.50
127.50 141.50
127.00 141.50
126.50 141.50
126.00 141.00
125.50 141.00
125.00 141.00
124.50 140.50
124.00 140.50
123.50 140.50
123.00 140.00
122.50 140.00
122.00 139.50
121.50 139.00
121.00 139.00
120.50 138.50
120.00 138.00
119.50 137.50
119.00 137.00
118.50 136.50
118.00 136.00
118.00 135.50
117.50 135.00
117.00 134.50
116.50 134.00
116.50 133.50
116.00 133.00
116.00 132.50
115.50 132.00
115.50 131.50
115.00 131.00
115.00 130.50
114.50 130.00
114.50 129.50
114.00 129.00
114.00 128.50
114.00 128.00
113.50 127.50
113.50 127.00
113.00 126.50
112.50 126.00
112.50 125.50
