151.50 149.00
151.00 149.00
150.50 149.00
150.00 149.50
149.50 149.50
149.00 149.50
148.50 150.00
148.00 150.00
147.50 150.00
147.00 150.50
146.50 150.50
146.00 150.50
145.50 151.00
145.00 151.00
144.50 151.00
144.00 151.50
143.50 151.50
143.00 151.50
142.50 152.00
142.00 152.00
141.50 152.00
141.00 152.50
140.50 152.50
140.00 152.50
139.50 152.50
139.00 152.50
138.50 153.00
138.00 153.00
137.50 153.00
137.00 153.00
136.50 153.00
136.00 153.00
135.50 153.00
135.00 153.00
134.50 153.00
134.00 153.00
133.50 153.00
133.00 153.00
132.50 153.00
132.00 153.00
131.50 153.00
131.00 152.50
130.50 152.50
130.00 152.50
129.50 152.50
129.00 152.50
128.50 152.50
128.00 152.00
127.50 152.00
127.00 152.00
126.50 152.00
126.00 152.00
125.50 151.50
125.00 151.50
124.50 151.50
124.00 151.50
123.50 151.00
123.00 151.00
122.50 151.00
122.00 150.50
121.50 150.50
121.00 150.50
120.50 150.50
120.00 150.00
119.50 150.00
119.00 149.50
118.50 149.50
118.00 149.00
117.50 149.00
117.00 149.00
116.50 148.50
116.00 148.00
115.50 147.50
115.00 147.50
114.50 147.50
114.00 147.00
113.50 146.50
113.00 146.00
112.50 145.50
112.00 145.00
111.50 144.50
111.00 144.00
110.50 143.50
110.50 143.00
110.00 142.50
110.00 142.00
109.50 141.50
109.50 141.00
109.00 140.50
109.00 140.00
108.50 139.50
108.00 139.00
108.00 138.50
108.00 138.00
107.50 137.50
107.50 137.00
107.50 136.50
107.00 136.00
107.00 135.50
107.00 135.00
106.50 134.50
106.50 134.00
106.50 133.50
106.50 133.00
106.50 132.50
106.50 132.00
106.00 131.50
106.00 131.00
106.00 130.50
106.00 130.00
106.00 129.50
106.00 129.00
106.00 128.50
106.00 128.00
106.00 127.50
106.00 127.00
106.00 126.50
106.00 126.00
106.00 125.50
106.00 125.00
106.00 124.50
106.00 124.00
106.00 123.50
106.00 123.00
105.50 122.50
105.50 122.00
105.50 121.50
105.50 121.00
105.50 120.50
105.50 120.00
105.50 119.50
105.50 119.00
105.50 118.50
105.50 118.00
105.50 117.50
105.50 117.00
105.50 116.50
105.50 116.00
105.50 115.50
105.50 115.00
105.50 114.50
105.50 114.00
106.00 113.50
106.00 113.00
106.50 112.50
106.50 112.00
106.50 111.50
107.00 111.00
107.00 110.50
107.50 110.00
107.50 109.50
108.00 109.00
108.00 108.50
108.50 108.00
109.00 107.50
109.00 107.00
109.50 106.50
110.00 106.00
110.00 105.50
110.50 105.00
111.00 104.50
111.50 104.00
111.50 103.50
112.00 103.00
112.50 102.50
113.00 102.00
113.50 101.50
114.00 101.00
114.50 100.50
115.00 100.00
115.50 99.50
116.00 99.50
116.50 99.00
117.00 98.50
117.50 98.00
118.00 97.50
118.50 97.50
119.00 97.00
119.50 96.50
120.00 96.00
120.50 95.50
121.00 95.50
121.50 95.00
122.00 95.00
122.50 94.50
123.00 94.00
123.50 93.50
124.00 94.00
124.50 94.00
125.00 93.50
125.50 93.50
126.00 93.00
126.50 93.00
127.00 93.00
127.50 92.50
128.00 92.50
128.50 92.50
129.00 92.50
129.50 92.00
130.00 92.00
130.50 92.00
131.00 92.00
131.50 92.00
132.00 92.00
132.50 92.00
133.00 92.00
133.50 92.00
134.00 92.00
134.50 92.00
135.00 92.00
135.50 92.00
136.00 92.00
136.50 92.00
137.00 92.00
137.50 92.00
138.00 92.00
138.50 92.50
139.00 92.50
139.50 92.50
140.00 92.50
140.50 92.50
141.00 93.00
141.50 93.00
142.00 93.00
142.50 93.50
143.00 93.50
143.50 94.00
144.00 94.00
144.50 94.50
145.00 94.50
145.50 95.00
146.00 95.00
146.50 95.00
147.00 95.50
147.50 95.50
148.00 96.00
148.50 96.50
149.00 96.50
149.50 97.00
150.00 97.50
150.50 98.00
151.00 98.00
151.50 98.50
152.00 99.00
152.50 99.50
153.00 100.00
153.50 100.50
154.00 101.00
154.50 101.50
154.50 102.00
155.00 102.50
155.50 103.00
155.50 103.50
156.00 104.00
156.50 104.50
156.50 105.00
157.00 105.50
157.00 106.00
157.00 106.50
157.50 107.00
157.50 107.50
158.00 108.00
158.00 108.50
158.50 109.00
158.50 109.50
158.50 110.00
158.50 110.50
159.00 111.00
159.00 111.50
159.00 112.00
159.50 112.50
159.50 113.00
159.50 113.50
159.50 114.00
160.00 114.50
160.00 115.00
160.00 115.50
160.00 116.00
160.00 116.50
160.00 117.00
160.50 117.50
160.50 118.00
160.50 118.50
160.50 119.00
160.50 119.50
161.00 120.00
161.00 120.50
161.00 121.00
161.00 121.50
161.00 122.00
161.00 122.50
161.00 123.00
161.00 123.50
161.00 124.00
161.00 124.50
161.00 125.00
161.00 125.50
161.00 126.00
161.00 126.50
161.00 127.00
161.00 127.50
161.00 128.00
161.00 128.50
161.00 129.00
161.00 129.50
160.50 130.00
160.50 130.50
160.50 131.00
160.00 131.50
160.00 132.00
159.50 132.50
159.50 133.00
159.00 133.50
159.00 134.00
158.50 134.50
158.50 135.00
158.50 135.50
158.50 136.00
158.50 136.50
158.00 137.00
158.00 137.50
158.00 138.00
157.50 138.50
157.50 139.00
157.50 139.50
157.50 140.00
157.50 140.50
157.00 141.00
157.00 141.50
156.50 142.00
156.50 142.50
156.50 143.00
156.00 143.50
155.50 144.00
155.50 144.50
155.00 145.00
154.50 145.50
154.00 146.00
154.00 146.50
153.50 147.00
153.00 147.50
152.50 148.00
152.00 148.50
