141.50 138.00
141.50 138.50
141.00 139.00
141.00 139.50
140.50 140.00
140.50 140.50
140.00 141.00
139.50 141.00
139.00 141.50
138.50 142.00
138.00 142.00
137.50 142.00
137.00 142.50
136.50 142.50
136.00 142.50
135.50 143.00
135.00 143.00
134.50 143.00
134.00 143.00
133.50 143.00
133.00 143.00
132.50 143.00
132.00 143.00
131.50 143.00
131.00 142.50
131.50 142.00
132.00 142.00
132.50 141.50
133.00 141.50
133.50 141.50
134.00 141.00
134.50 141.00
135.00 141.00
135.50 140.50
136.00 140.50
136.50 140.00
137.00 140.00
137.50 139.50
138.00 139.50
138.50 139.00
139.00 138.50
139.50 138.00
140.00 137.50
140.50 137.50
141.00 137.50
141.50 137.50
