136.50 143.00
136.00 143.00
135.50 143.00
135.00 143.00
134.50 143.00
134.00 143.00
133.50 143.00
133.00 143.00
132.50 143.00
132.00 143.00
131.50 143.00
131.00 143.00
130.50 143.00
130.00 143.00
129.50 143.00
129.00 143.00
128.50 143.00
128.00 143.00
127.50 143.00
127.00 143.00
126.50 143.00
126.00 143.00
125.50 143.00
125.00 143.00
124.50 142.50
124.00 142.50
123.50 142.50
123.00 142.50
122.50 142.50
122.00 142.00
121.50 142.00
121.00 142.00
120.50 142.00
120.00 141.50
119.50 141.50
119.00 141.50
118.50 141.00
118.00 140.50
118.00 140.00
117.50 139.50
117.00 139.00
116.50 138.50
116.00 138.00
115.50 137.50
115.00 137.00
114.50 136.50
114.00 136.00
113.50 135.50
113.50 135.00
113.00 134.50
112.50 134.00
112.00 133.50
112.00 133.00
111.50 132.50
111.50 132.00
111.50 131.50
111.50 131.00
111.00 130.50
111.00 130.00
111.00 129.50
111.00 129.00
110.50 128.50
110.50 128.00
110.50 127.50
110.00 127.00
110.00 126.50
110.00 126.00
109.50 125.50
109.50 125.00
109.50 124.50
109.50 124.00
109.00 123.50
109.00 123.00
109.00 122.50
109.00 122.00
109.00 121.50
109.00 121.00
108.50 120.50
108.50 120.00
108.50 119.50
108.50 119.00
108.50 118.50
108.50 118.00
108.50 117.50
109.00 117.00
109.00 116.50
109.00 116.00
109.00 115.50
109.50 115.00
109.50 114.50
109.50 114.00
110.00 113.50
110.00 113.00
110.00 112.50
110.50 112.00
110.50 111.50
111.00 111.00
111.00 110.50
111.00 110.00
111.50 109.50
111.50 109.00
111.50 108.50
111.50 108.00
112.00 107.50
112.00 107.00
112.50 106.50
112.50 106.00
112.50 105.50
113.00 105.00
113.50 104.50
114.00 104.00
114.50 103.50
115.00 103.00
115.50 102.50
116.00 102.50
116.50 102.00
117.00 102.00
117.50 101.50
118.00 101.50
118.50 101.00
119.00 101.00
119.50 101.00
120.00 100.50
120.50 100.50
121.00 100.50
121.50 100.50
122.00 100.00
122.50 100.00
123.00 100.00
123.50 100.00
124.00 100.00
124.50 100.00
125.00 100.00
125.50 99.50
126.00 99.50
126.50 99.50
127.00 99.50
127.50 99.50
128.00 99.50
128.50 99.50
129.00 99.00
129.50 99.00
130.00 99.00
130.50 99.00
131.00 99.00
131.50 99.00
132.00 99.00
132.50 99.00
133.00 99.00
133.50 99.00
134.00 99.00
134.50 99.00
135.00 99.00
135.50 99.00
136.00 99.00
136.50 99.00
137.00 99.50
137.50 99.50
138.00 100.00
138.50 100.00
139.00 100.00
139.50 100.50
140.00 100.50
140.50 101.00
141.00 101.50
141.50 102.00
142.00 102.00
142.50 102.50
143.00 102.50
143.50 103.00
144.00 103.00
144.50 103.50
145.00 104.00
145.50 104.00
146.00 104.50
146.50 105.00
147.00 105.50
147.50 106.00
148.00 106.50
148.00 107.00
148.50 107.50
148.50 108.00
149.00 108.50
149.00 109.00
149.50 109.50
149.50 110.00
150.00 110.50
150.50 111.00
150.50 111.50
150.50 112.00
151.00 112.50
151.00 113.00
151.50 113.50
152.00 114.00
152.00 114.50
152.00 115.00
152.50 115.50
153.00 116.00
153.00 116.50
153.00 117.00
153.00 117.50
153.00 118.00
153.00 118.50
153.00 119.00
153.00 119.50
153.00 120.00
153.00 120.50
152.50 121.00
152.50 121.50
152.50 122.00
152.50 122.50
152.50 123.00
152.50 123.50
152.50 124.00
152.50 124.50
152.50 125.00
152.50 125.50
152.50 126.00
152.50 126.50
152.50 127.00
152.50 127.50
152.50 128.00
152.50 128.50
152.00 129.00
152.00 129.50
152.00 130.00
152.00 130.50
152.00 131.00
152.00 131.50
152.00 132.00
152.00 132.50
152.00 133.00
152.00 133.50
151.50 134.00
151.00 134.50
151.00 135.00
150.50 135.50
150.00 136.00
149.50 136.50
149.00 136.50
148.50 137.00
148.00 137.50
147.50 138.00
147.00 138.50
146.50 138.50
146.00 139.00
145.50 139.50
145.00 140.00
144.50 140.00
144.00 140.50
143.50 140.50
143.00 141.00
142.50 141.00
142.00 141.50
141.50 141.50
141.00 142.00
140.50 142.00
140.00 142.50
139.50 142.50
139.00 142.50
138.50 143.00
138.00 143.00
137.50 143.00
137.00 143.00
