134.00 144.00
133.50 144.00
133.00 144.00
132.50 144.00
132.00 144.00
131.50 144.00
131.00 144.00
130.50 144.00
130.00 144.00
129.50 144.00
129.00 144.00
128.50 144.00
128.00 144.00
127.50 144.00
127.00 144.00
126.50 144.00
126.00 144.00
125.50 144.00
125.00 144.00
124.50 144.00
124.00 144.00
123.50 144.00
123.00 144.00
122.50 144.00
122.00 144.00
121.50 144.00
121.00 144.00
120.50 143.50
120.00 143.50
119.50 143.00
119.00 143.00
118.50 142.50
118.00 142.00
117.50 141.50
117.00 141.50
116.50 141.00
116.00 140.50
115.50 140.00
115.00 140.00
114.50 139.50
114.00 139.00
113.50 138.50
113.00 138.00
112.50 137.50
112.00 137.00
111.50 136.50
111.00 136.00
111.00 135.50
110.50 135.00
110.50 134.50
110.00 134.00
110.00 133.50
110.00 133.00
110.00 132.50
109.50 132.00
109.50 131.50
109.00 131.00
109.00 130.50
109.00 130.00
109.00 129.50
108.50 129.00
108.50 128.50
108.50 128.00
108.50 127.50
108.50 127.00
108.00 126.50
107.50 126.50
107.00 126.00
107.00 125.50
107.00 125.00
107.00 124.50
107.00 124.00
107.00 123.50
106.50 123.00
106.50 122.50
106.50 122.00
106.50 121.50
106.50 121.00
106.50 120.50
106.50 120.00
106.50 119.50
106.50 119.00
106.50 118.50
106.50 118.00
106.50 117.50
106.50 117.00
106.50 116.50
106.50 116.00
106.50 115.50
106.50 115.00
106.50 114.50
107.00 114.00
107.00 113.50
107.00 113.00
107.00 112.50
107.00 112.00
107.50 111.50
107.50 111.00
107.50 110.50
108.00 110.00
108.00 109.50
108.50 109.00
108.50 108.50
109.00 108.00
109.50 107.50
109.50 107.00
110.00 106.50
110.00 106.00
110.50 105.50
111.00 105.00
111.50 104.50
112.00 104.00
112.00 103.50
112.50 103.00
113.00 102.50
113.00 102.00
113.50 101.50
114.00 101.00
114.50 100.50
115.00 100.00
115.50 99.50
116.00 99.00
116.50 99.00
117.00 98.50
117.50 98.00
118.00 98.00
118.50 97.50
119.00 97.50
119.50 97.00
120.00 97.00
120.50 96.50
121.00 96.50
121.50 96.50
122.00 96.00
122.50 96.00
123.00 96.00
123.50 95.50
124.00 95.50
124.50 95.00
125.00 95.00
125.50 95.00
126.00 94.50
126.50 94.50
127.00 94.50
127.50 94.00
128.00 94.00
128.50 94.00
129.00 94.00
129.50 93.50
130.00 94.00
130.50 94.00
131.00 94.00
131.50 94.00
132.00 94.00
132.50 94.00
133.00 94.00
133.50 94.00
134.00 94.00
134.50 94.00
135.00 94.00
135.50 94.00
136.00 94.00
136.50 94.00
137.00 94.00
137.50 94.50
138.00 94.50
138.50 94.50
139.00 95.00
139.50 95.00
140.00 95.50
140.50 95.50
141.00 95.50
141.50 96.00
142.00 95.50
142.50 96.00
143.00 96.50
143.50 97.00
144.00 97.50
144.50 98.00
145.00 98.50
145.50 99.00
146.00 99.50
146.50 100.00
147.00 100.50
147.50 101.00
148.00 101.50
148.50 102.00
148.50 102.50
148.50 103.00
149.00 103.50
149.50 104.00
150.00 104.50
150.00 105.00
150.50 105.50
150.50 106.00
151.00 106.50
151.00 107.00
151.50 107.50
152.00 108.00
152.50 108.50
152.50 109.00
153.00 109.50
153.00 110.00
153.50 110.50
153.50 111.00
154.00 111.50
154.50 112.00
154.50 112.50
155.00 113.00
155.00 113.50
155.50 114.00
156.00 114.50
156.00 115.00
155.50 115.50
155.50 116.00
155.50 116.50
155.50 117.00
155.50 117.50
155.50 118.00
156.00 118.50
156.00 119.00
156.00 119.50
156.00 120.00
156.00 120.50
156.00 121.00
156.00 121.50
156.00 122.00
156.00 122.50
156.00 123.00
156.00 123.50
156.00 124.00
156.00 124.50
156.00 125.00
156.00 125.50
156.00 126.00
156.00 126.50
156.00 127.00
156.00 127.50
155.50 128.00
155.50 128.50
155.50 129.00
155.00 129.50
155.00 130.00
155.00 130.50
154.50 131.00
154.00 131.50
153.50 132.00
153.50 132.50
153.00 133.00
153.00 133.50
152.50 134.00
152.00 134.50
151.50 135.00
151.00 135.50
150.50 136.00
150.50 136.50
150.00 137.00
149.50 137.50
149.00 138.00
149.00 138.50
148.50 139.00
148.00 139.50
147.50 140.00
147.00 140.50
146.50 140.50
146.00 141.00
145.50 141.50
145.00 141.50
144.50 142.00
144.00 142.50
143.50 142.50
143.00 142.50
142.50 143.00
142.00 143.00
141.50 143.00
141.00 143.50
140.50 143.50
140.00 143.50
139.50 143.50
139.00 144.00
138.50 144.00
138.00 144.00
137.50 144.00
137.00 144.00
136.50 144.00
136.00 144.00
135.50 144.00
135.00 144.00
134.50 144.00
