156.00 111.00
156.50 111.00
156.50 111.50
156.50 112.00
157.00 112.50
157.00 113.00
157.00 113.50
157.50 114.00
157.50 114.50
157.50 115.00
158.00 115.50
158.00 116.00
158.00 116.50
158.00 117.00
158.50 117.50
158.50 118.00
158.50 118.50
158.50 119.00
158.50 119.50
159.00 120.00
159.00 120.50
159.00 121.00
159.00 121.50
159.00 122.00
159.00 122.50
159.00 123.00
159.00 123.50
159.00 124.00
159.00 124.50
159.00 125.00
159.00 125.50
159.00 126.00
159.00 126.50
159.00 127.00
159.00 127.50
158.50 128.00
158.50 128.50
158.50 129.00
158.50 129.50
158.50 130.00
159.00 130.50
159.00 131.00
158.50 131.50
158.50 132.00
158.00 132.50
158.00 133.00
158.00 133.50
157.50 134.00
157.50 134.50
157.50 135.00
157.00 135.50
157.00 136.00
157.00 136.50
156.50 137.00
156.50 137.50
156.50 138.00
156.00 138.50
156.00 139.00
156.00 139.50
155.50 140.00
155.50 140.50
155.50 141.00
155.00 141.50
155.00 142.00
155.00 142.50
154.50 143.00
154.50 143.50
154.00 144.00
154.00 144.50
153.50 145.00
153.50 145.50
153.00 146.00
153.00 146.50
152.50 147.00
152.50 147.50
152.00 148.00
151.50 148.50
151.00 149.00
151.00 149.50
150.50 150.00
150.00 150.50
149.50 150.50
149.00 151.00
148.50 151.00
148.00 151.50
147.50 151.50
147.00 152.00
146.50 152.00
146.00 152.50
145.50 152.50
145.00 153.00
144.50 153.00
144.00 153.50
143.50 153.50
143.00 153.50
142.50 154.00
142.00 154.50
141.50 154.50
141.00 155.00
140.50 155.00
140.00 155.00
139.50 155.50
139.00 155.50
138.50 156.00
138.00 156.00
137.50 156.00
137.00 156.50
136.50 156.50
136.00 156.50
135.50 156.50
135.00 157.00
134.50 157.00
134.00 157.00
133.50 157.00
133.00 157.00
132.50 157.00
132.00 157.00
131.50 157.00
131.00 157.00
130.50 156.50
130.00 156.50
129.50 156.50
129.00 156.50
128.50 156.50
128.00 156.50
127.50 156.00
127.00 156.00
126.50 156.00
126.00 156.00
125.50 155.50
125.00 155.50
124.50 155.50
124.00 155.00
123.50 155.00
123.00 155.00
122.50 155.00
122.00 155.00
121.50 154.50
121.00 154.50
120.50 154.50
120.00 154.50
119.50 154.50
119.00 154.50
118.50 154.00
118.00 154.00
117.50 154.00
117.00 154.00
116.50 153.50
116.00 153.50
115.50 153.50
115.00 153.00
114.50 152.50
114.00 152.50
113.50 152.50
113.00 152.00
112.50 151.50
112.00 151.50
111.50 151.00
111.00 150.50
110.50 150.50
110.00 150.00
109.50 149.50
109.00 149.00
108.50 148.50
108.00 148.00
107.50 147.50
107.50 147.00
107.00 146.50
107.00 146.00
107.00 145.50
106.50 145.00
106.50 144.50
106.00 144.00
106.00 143.50
106.00 143.00
106.00 142.50
105.50 142.00
105.50 141.50
105.50 141.00
105.50 140.50
105.00 140.00
105.00 139.50
104.50 139.00
104.50 138.50
104.00 138.00
104.00 137.50
104.00 137.00
103.50 136.50
103.50 136.00
103.50 135.50
103.50 135.00
103.50 134.50
103.00 134.00
103.00 133.50
103.00 133.00
103.00 132.50
103.00 132.00
103.00 131.50
103.00 131.00
103.00 130.50
103.00 130.00
103.00 129.50
103.00 129.00
103.00 128.50
103.00 128.00
103.00 127.50
103.50 127.00
103.50 126.50
103.50 126.00
103.50 125.50
103.50 125.00
103.50 124.50
104.00 124.00
104.00 123.50
104.00 123.00
104.00 122.50
104.00 122.00
104.50 121.50
104.50 121.00
104.50 120.50
104.50 120.00
104.50 119.50
105.00 119.00
105.00 118.50
105.00 118.00
105.50 117.50
105.50 117.00
105.50 116.50
105.50 116.00
105.50 115.50
106.00 115.00
106.00 114.50
106.00 114.00
106.50 113.50
106.50 113.00
106.50 112.50
107.00 112.00
107.00 111.50
107.00 111.00
107.50 110.50
108.00 110.00
108.00 109.50
108.50 109.00
108.50 108.50
109.00 108.00
109.50 107.50
110.00 107.00
110.00 106.50
110.50 106.00
111.00 105.50
111.50 105.00
112.00 104.50
112.50 104.00
113.00 103.50
113.50 103.50
114.00 103.00
114.50 102.50
115.00 102.00
115.50 101.50
116.00 101.50
116.50 101.00
117.00 100.50
117.50 100.50
118.00 100.00
118.50 99.50
119.00 99.00
119.50 99.00
120.00 98.50
120.50 98.00
121.00 97.50
121.50 97.00
122.00 97.00
122.50 97.00
123.00 97.00
123.50 96.50
124.00 96.50
124.50 96.50
125.00 96.50
125.50 96.50
126.00 96.00
126.50 96.00
127.00 96.00
127.50 96.00
128.00 96.00
128.50 96.00
129.00 95.50
129.50 95.50
130.00 95.50
130.50 95.50
131.00 95.50
131.50 95.50
132.00 95.50
132.50 95.50
133.00 95.50
133.50 95.50
134.00 95.50
134.50 95.50
135.00 95.50
135.50 95.50
136.00 95.50
136.50 95.50
137.00 95.50
137.50 95.50
138.00 95.50
138.50 96.00
139.00 96.00
139.50 96.00
140.00 96.00
140.50 96.00
141.00 96.50
141.50 96.50
142.00 96.50
142.50 97.00
143.00 97.00
143.50 97.00
144.00 97.50
144.50 97.50
145.00 98.00
145.50 98.50
146.00 98.50
146.50 99.00
147.00 99.50
147.50 100.00
148.00 100.00
148.50 100.50
149.00 101.00
149.50 101.50
150.00 102.00
150.50 102.50
151.00 103.00
151.50 103.50
151.50 104.00
152.00 104.50
152.50 105.00
152.50 105.50
153.00 106.00
153.00 106.50
153.50 107.00
153.50 107.50
154.00 108.00
154.50 108.50
154.50 109.00
155.00 109.50
155.00 110.00
155.00 110.50
155.50 111.00
