150.50 128.50
150.00 128.50
149.50 128.50
149.00 128.50
148.50 128.50
148.00 128.00
147.50 128.00
147.00 128.00
146.50 127.50
146.00 127.00
145.50 126.50
145.00 126.00
144.50 125.50
144.00 125.00
143.50 124.50
143.50 124.00
143.50 123.50
143.50 123.00
144.00 122.50
144.50 122.00
145.00 121.50
145.50 121.50
146.00 121.00
146.50 121.00
147.00 121.00
147.50 121.00
148.00 121.00
148.50 121.00
149.00 121.00
149.50 121.00
150.00 121.50
150.50 121.50
151.00 122.00
151.00 122.50
151.50 123.00
152.00 123.50
152.00 124.00
152.00 124.50
152.00 125.00
152.00 125.50
152.00 126.00
152.00 126.50
151.50 127.00
151.50 127.50
151.00 128.00
