121.50 135.00
121.00 134.50
120.50 134.00
120.00 134.00
119.50 133.50
119.00 133.00
118.50 132.50
118.00 132.00
117.50 131.50
117.00 131.00
116.50 130.50
116.00 130.00
116.00 129.50
115.50 129.00
115.00 128.50
115.00 128.00
115.00 127.50
114.50 127.00
114.50 126.50
114.50 126.00
114.50 125.50
114.50 125.00
114.50 124.50
114.50 124.00
114.50 123.50
114.50 123.00
114.50 122.50
114.50 122.00
114.50 121.50
114.50 121.00
114.50 120.50
114.50 120.00
115.00 119.50
115.00 119.00
115.00 118.50
115.50 118.00
115.50 117.50
115.50 117.00
116.00 116.50
116.00 116.00
116.50 115.50
116.50 115.00
117.00 114.50
117.00 114.00
117.50 113.50
118.00 113.00
118.00 112.50
118.50 112.00
119.00 111.50
119.50 111.00
120.00 110.50
120.50 110.00
121.00 109.50
121.50 109.00
122.00 109.00
122.50 108.50
123.00 108.50
123.50 108.00
124.00 107.50
124.50 107.50
125.00 107.50
125.50 107.00
126.00 107.00
126.50 107.00
127.00 106.50
127.50 106.50
128.00 106.50
128.50 106.50
129.00 106.50
129.50 106.50
130.00 106.50
130.50 106.50
131.00 106.50
131.50 106.50
132.00 106.50
132.50 106.50
133.00 106.50
133.50 106.50
134.00 107.00
134.50 107.00
135.00 107.00
135.50 107.00
136.00 107.50
136.50 107.50
137.00 108.00
137.50 108.00
138.00 108.50
138.50 109.00
139.00 109.00
139.50 109.50
140.00 110.00
140.50 110.50
141.00 111.00
141.50 111.50
142.00 112.00
142.50 112.50
142.50 113.00
143.00 113.50
143.00 114.00
143.50 114.50
143.50 115.00
144.00 115.50
144.00 116.00
144.50 116.50
144.50 117.00
144.50 117.50
144.50 118.00
144.50 118.50
145.00 119.00
145.00 119.50
145.00 120.00
145.00 120.50
145.00 121.00
145.00 121.50
145.00 122.00
145.00 122.50
145.00 123.00
145.00 123.50
145.00 124.00
144.50 124.50
144.50 125.00
144.50 125.50
144.50 126.00
144.50 126.50
144.00 127.00
144.00 127.50
143.50 128.00
143.50 128.50
143.50 129.00
143.00 129.50
143.00 130.00
142.50 130.50
142.50 131.00
142.00 131.50
141.50 132.00
141.50 132.50
141.00 133.00
140.50 133.50
140.00 134.00
139.50 134.50
139.00 135.00
138.50 135.50
138.00 136.00
137.50 136.50
137.00 136.50
136.50 137.00
136.00 137.50
135.50 137.50
135.00 138.00
134.50 138.00
134.00 138.00
133.50 138.50
133.00 138.50
132.50 138.50
132.00 138.50
131.50 139.00
131.00 139.00
130.50 139.00
130.00 139.00
129.50 139.00
129.00 139.00
128.50 139.00
128.00 139.00
127.50 139.00
127.00 138.50
126.50 138.50
126.00 138.00
125.50 138.00
125.00 138.00
124.50 137.50
124.00 137.00
123.50 136.50
123.00 136.50
122.50 136.00
122.00 135.50
