112.50 101.00
113.00 100.50
113.00 100.00
113.50 99.50
114.00 99.00
114.50 98.50
115.00 98.00
115.50 97.50
116.00 97.00
116.50 96.50
117.00 96.00
117.50 95.50
118.00 95.00
118.50 95.00
119.00 94.50
119.50 94.00
120.00 94.00
120.50 93.50
121.00 93.50
121.50 93.00
122.00 93.00
122.50 92.50
123.00 92.50
123.50 92.50
124.00 92.00
124.50 92.00
125.00 91.50
125.50 91.50
126.00 91.50
126.50 91.50
127.00 91.50
127.50 91.00
128.00 91.00
128.50 91.00
129.00 91.00
129.50 91.00
130.00 90.50
130.50 90.50
131.00 90.50
131.50 90.50
132.00 90.50
132.50 90.50
133.00 90.50
133.50 90.50
134.00 90.50
134.50 90.50
135.00 90.50
135.50 90.50
136.00 90.50
136.50 90.50
137.00 90.50
137.50 91.00
138.00 91.00
138.50 91.00
139.00 91.00
139.50 91.50
140.00 91.50
140.50 92.00
141.00 92.00
141.50 92.00
142.00 92.50
142.50 93.00
143.00 93.00
143.50 93.50
144.00 94.00
144.50 94.00
145.00 94.50
145.50 95.00
146.00 95.50
146.50 95.50
147.00 96.00
147.50 96.50
148.00 97.00
148.50 97.50
149.00 98.00
149.50 98.50
150.00 98.50
150.50 99.00
151.00 99.50
151.50 100.00
152.00 100.50
152.50 101.00
153.00 101.50
153.50 102.00
154.00 102.50
154.50 103.00
154.50 103.50
155.00 104.00
155.50 104.50
156.00 105.00
156.50 105.50
156.50 106.00
157.00 106.50
157.50 107.00
158.00 107.50
158.00 108.00
158.50 108.50
159.00 109.00
159.00 109.50
159.00 110.00
159.50 110.50
159.50 111.00
160.00 111.50
160.00 112.00
160.00 112.50
160.00 113.00
160.50 113.50
160.50 114.00
160.50 114.50
160.50 115.00
160.50 115.50
161.00 116.00
161.00 116.50
161.00 117.00
161.00 117.50
161.00 118.00
161.00 118.50
161.00 119.00
161.00 119.50
161.00 120.00
161.00 120.50
161.00 121.00
161.00 121.50
161.00 122.00
161.00 122.50
161.00 123.00
161.00 123.50
161.00 124.00
161.00 124.50
161.00 125.00
161.00 125.50
161.00 126.00
161.00 126.50
161.00 127.00
161.00 127.50
161.00 128.00
161.00 128.50
161.00 129.00
161.00 129.50
161.00 130.00
160.50 130.50
160.50 131.00
160.50 131.50
160.50 132.00
160.50 132.50
160.00 133.00
160.00 133.50
159.50 134.00
159.50 134.50
159.00 135.00
159.00 135.50
159.00 136.00
158.50 136.50
158.00 137.00
158.00 137.50
157.50 138.00
157.00 138.50
156.50 139.00
156.50 139.50
156.00 140.00
155.50 140.50
155.00 141.00
154.50 141.50
154.00 142.00
153.50 142.50
153.00 143.00
152.50 143.50
152.00 144.00
151.50 144.00
151.00 144.50
150.50 144.50
150.00 145.00
149.50 145.00
149.00 145.50
148.50 146.00
148.00 146.00
147.50 146.00
147.00 146.50
146.50 146.50
146.00 146.50
145.50 147.00
145.00 147.00
144.50 147.00
144.00 147.50
143.50 147.50
143.00 147.50
142.50 147.50
142.00 148.00
141.50 148.00
141.00 148.00
140.50 148.00
140.00 148.00
139.50 148.50
139.00 148.50
138.50 148.50
138.00 148.50
137.50 148.50
137.00 148.50
136.50 149.00
136.00 149.00
135.50 149.00
135.00 149.00
134.50 149.00
134.00 149.00
133.50 149.00
133.00 149.00
132.50 149.00
132.00 149.00
131.50 149.00
131.00 149.00
130.50 149.00
130.00 149.00
129.50 149.00
129.00 149.00
128.50 149.00
128.00 149.00
127.50 149.00
127.00 148.50
126.50 148.50
126.00 148.50
125.50 148.50
125.00 148.50
124.50 148.50
124.00 148.00
123.50 148.00
123.00 148.00
122.50 148.00
122.00 148.00
121.50 147.50
121.00 147.50
120.50 147.50
120.00 147.00
119.50 147.00
119.00 147.00
118.50 146.50
118.00 146.50
117.50 146.00
117.00 145.50
116.50 145.00
116.00 145.00
115.50 144.50
115.00 144.00
115.00 143.50
114.50 143.00
114.00 142.50
113.50 142.00
113.00 141.50
112.50 141.00
112.00 140.50
111.50 140.00
111.00 139.50
110.50 139.00
110.00 138.50
109.50 138.00
109.00 137.50
108.50 137.00
108.00 136.50
108.00 136.00
107.50 135.50
107.00 135.00
107.00 134.50
106.50 134.00
106.50 133.50
106.00 133.00
105.50 132.50
105.50 132.00
105.00 131.50
105.00 131.00
104.50 130.50
104.50 130.00
104.00 129.50
104.00 129.00
104.00 128.50
103.50 128.00
103.50 127.50
103.00 127.00
103.00 126.50
103.00 126.00
102.50 125.50
102.50 125.00
102.50 124.50
102.50 124.00
102.50 123.50
102.50 123.00
102.50 122.50
103.00 122.00
103.00 121.50
103.00 121.00
103.00 120.50
103.50 120.00
103.50 119.50
103.50 119.00
103.50 118.50
103.50 118.00
103.50 117.50
103.50 117.00
103.50 116.50
103.50 116.00
103.50 115.50
103.50 115.00
103.50 114.50
103.50 114.00
103.50 113.50
104.00 113.00
104.00 112.50
104.00 112.00
104.00 111.50
104.50 111.00
104.50 110.50
105.00 110.00
105.00 109.50
105.50 109.00
106.00 108.50
106.50 108.00
107.00 107.50
107.50 107.00
108.00 106.50
108.50 106.00
108.50 105.50
109.00 105.00
109.50 104.50
110.00 104.00
110.50 103.50
111.00 103.00
111.50 102.50
111.50 102.00
112.00 101.50
