107.00 106.00
107.50 105.50
108.00 105.00
108.50 104.50
108.50 104.00
109.00 103.50
109.50 103.00
109.50 102.50
110.00 102.00
110.50 101.50
111.00 101.00
111.50 100.50
112.00 100.00
112.50 99.50
113.00 99.00
113.50 98.50
114.00 98.50
114.50 98.00
115.00 97.50
115.50 97.00
116.00 96.50
116.50 96.00
117.00 95.50
117.50 95.00
118.00 95.00
118.50 94.50
119.00 94.00
119.50 93.50
120.00 93.00
120.50 93.00
121.00 92.50
121.50 92.50
122.00 92.00
122.50 92.00
123.00 92.00
123.50 91.50
124.00 91.50
124.50 91.50
125.00 91.50
125.50 91.50
126.00 91.50
126.50 91.50
127.00 91.50
127.50 91.50
128.00 91.50
128.50 91.50
129.00 91.50
129.50 91.50
130.00 91.50
130.50 91.50
131.00 91.50
131.50 91.50
132.00 91.50
132.50 91.50
133.00 91.50
133.50 91.50
134.00 91.50
134.50 91.50
135.00 91.50
135.50 92.00
136.00 92.00
136.50 92.00
137.00 92.00
137.50 92.00
138.00 92.00
138.50 92.00
139.00 92.50
139.50 92.50
140.00 92.50
140.50 92.50
141.00 93.00
141.50 93.00
142.00 93.00
142.50 93.00
143.00 93.50
143.50 94.00
144.00 94.00
144.50 94.00
145.00 94.50
145.50 95.00
146.00 95.00
146.50 95.50
147.00 96.00
147.50 96.50
148.00 97.00
148.50 97.50
149.00 97.50
149.50 98.00
150.00 98.50
150.50 99.00
151.00 99.50
151.00 100.00
151.50 100.50
152.00 101.00
152.50 101.50
153.00 102.00
153.50 102.50
153.50 103.00
154.00 103.50
154.00 104.00
154.50 104.50
155.00 105.00
155.00 105.50
155.50 106.00
156.00 106.50
156.00 107.00
156.50 107.50
157.00 108.00
157.00 108.50
157.50 109.00
157.50 109.50
158.00 110.00
158.00 110.50
158.00 111.00
158.50 111.50
158.50 112.00
159.00 112.50
159.00 113.00
159.00 113.50
159.50 114.00
159.50 114.50
159.50 115.00
160.00 115.50
160.00 116.00
160.00 116.50
160.00 117.00
160.50 117.50
160.50 118.00
160.50 118.50
160.50 119.00
160.50 119.50
160.50 120.00
160.50 120.50
160.50 121.00
161.00 121.50
161.00 122.00
161.00 122.50
161.00 123.00
161.00 123.50
161.00 124.00
161.00 124.50
160.50 125.00
160.50 125.50
160.50 126.00
160.50 126.50
160.50 127.00
160.50 127.50
160.00 128.00
160.00 128.50
160.00 129.00
160.00 129.50
159.50 130.00
159.50 130.50
159.50 131.00
159.00 131.50
159.00 132.00
158.50 132.50
158.50 133.00
158.00 133.50
158.00 134.00
157.50 134.50
157.00 135.00
157.00 135.50
156.50 136.00
156.00 136.50
156.00 137.00
155.50 137.50
155.00 138.00
154.50 138.50
154.00 139.00
153.50 139.50
153.00 140.00
152.50 140.50
152.00 141.00
151.50 141.50
151.00 142.00
150.50 142.00
150.00 142.50
149.50 143.00
149.00 143.00
148.50 143.50
148.00 143.50
147.50 144.00
147.00 144.00
146.50 144.00
146.00 144.50
145.50 144.50
145.00 144.50
144.50 145.00
144.00 145.00
143.50 145.00
143.00 145.00
142.50 145.50
142.00 145.50
141.50 145.50
141.00 145.50
140.50 145.50
140.00 146.00
139.50 146.00
139.00 146.00
138.50 146.00
138.00 146.00
137.50 146.00
137.00 146.00
136.50 146.50
136.00 146.50
135.50 146.50
135.00 146.50
134.50 146.50
134.00 146.50
133.50 146.50
133.00 146.50
132.50 146.50
132.00 147.00
131.50 147.00
131.00 147.00
130.50 147.00
130.00 147.00
129.50 147.00
129.00 147.00
128.50 147.00
128.00 147.00
127.50 147.00
127.00 146.50
126.50 146.50
126.00 146.50
125.50 146.50
125.00 146.50
124.50 146.00
124.00 146.00
123.50 145.50
123.00 145.50
122.50 145.50
122.00 145.00
121.50 145.00
121.00 144.50
120.50 144.50
120.00 144.50
119.50 144.00
119.00 144.00
118.50 144.00
118.00 143.50
117.50 143.50
117.00 143.50
116.50 143.50
116.00 143.00
115.50 143.00
115.00 143.00
114.50 142.50
114.00 142.00
113.50 142.00
113.00 141.50
112.50 141.00
112.00 140.50
111.50 140.00
111.50 139.50
111.00 139.00
110.50 138.50
110.50 138.00
110.00 137.50
109.50 137.00
109.50 136.50
109.00 136.00
109.00 135.50
108.50 135.00
108.00 134.50
107.50 134.00
107.50 133.50
107.50 133.00
107.00 132.50
106.50 132.00
106.50 131.50
106.50 131.00
106.00 130.50
105.50 130.00
105.50 129.50
105.00 129.00
105.00 128.50
105.00 128.00
104.50 127.50
104.50 127.00
104.50 126.50
104.50 126.00
104.00 125.50
104.00 125.00
104.00 124.50
104.00 124.00
104.00 123.50
104.00 123.00
104.00 122.50
104.00 122.00
104.00 121.50
104.00 121.00
104.00 120.50
104.00 120.00
104.00 119.50
104.00 119.00
104.00 118.50
104.00 118.00
104.00 117.50
104.00 117.00
104.00 116.50
104.00 116.00
104.50 115.50
104.50 115.00
104.50 114.50
104.50 114.00
104.50 113.50
104.50 113.00
105.00 112.50
105.00 112.00
105.00 111.50
105.00 111.00
105.50 110.50
105.50 110.00
105.50 109.50
106.00 109.00
106.00 108.50
106.50 108.00
106.50 107.50
107.00 107.00
107.00 106.50
