142.00 138.00
142.50 138.50
142.50 139.00
142.00 139.50
141.50 140.00
141.50 140.50
141.00 141.00
140.50 141.50
140.00 141.50
139.50 141.50
139.00 141.50
138.50 141.50
138.00 141.00
137.50 140.50
137.00 140.00
136.50 140.00
136.00 140.00
135.50 140.00
135.00 140.00
134.50 140.50
134.00 140.50
133.50 140.50
133.00 141.00
132.50 141.00
132.00 141.00
131.50 141.00
131.00 141.00
130.50 140.50
130.00 140.00
130.00 139.50
130.00 139.00
130.00 138.50
130.00 138.00
130.00 137.50
130.50 137.00
131.00 136.50
131.50 136.00
132.00 136.00
132.50 136.00
133.00 136.00
133.50 136.00
134.00 136.00
134.50 136.50
135.00 136.50
135.50 137.00
136.00 137.00
136.50 137.00
137.00 137.50
137.50 137.50
138.00 137.50
138.50 137.50
139.00 138.00
139.50 138.00
140.00 138.00
140.50 138.00
141.00 138.00
141.50 138.00
