127.00 94.00
127.50 94.00
128.00 94.00
128.50 94.00
129.00 93.50
129.50 93.50
130.00 93.50
130.50 93.50
131.00 93.50
131.50 93.50
132.00 93.50
132.50 93.50
133.00 93.50
133.50 93.50
134.00 93.50
134.50 93.50
135.00 93.50
135.50 93.50
136.00 93.50
136.50 93.50
137.00 94.00
137.50 94.00
138.00 94.00
138.50 94.00
139.00 94.50
139.50 94.50
140.00 94.50
140.50 95.00
141.00 95.00
141.50 95.50
142.00 95.50
142.50 96.00
143.00 96.00
143.50 96.50
144.00 96.50
144.50 96.50
145.00 96.50
145.50 96.50
146.00 97.00
146.00 97.50
146.50 98.00
147.00 98.00
147.50 98.50
148.00 99.00
148.50 99.50
149.00 100.00
149.50 100.50
150.00 100.50
150.50 101.00
151.00 101.50
151.50 102.00
152.00 102.50
152.50 103.00
153.00 103.50
153.50 104.00
154.00 104.50
154.50 105.00
155.00 105.50
155.00 106.00
155.50 106.50
156.00 107.00
156.50 107.50
157.00 108.00
157.00 108.50
157.50 109.00
158.00 109.50
158.00 110.00
158.50 110.50
158.50 111.00
159.00 111.50
159.50 112.00
159.50 112.50
159.50 113.00
160.00 113.50
160.00 114.00
160.50 114.50
160.50 115.00
160.50 115.50
160.50 116.00
161.00 116.50
161.00 117.00
161.00 117.50
161.00 118.00
161.00 118.50
161.00 119.00
161.50 119.50
161.50 120.00
161.50 120.50
161.50 121.00
161.50 121.50
161.50 122.00
161.50 122.50
161.50 123.00
161.50 123.50
161.50 124.00
161.50 124.50
161.50 125.00
161.50 125.50
161.50 126.00
161.50 126.50
161.50 127.00
161.50 127.50
161.50 128.00
161.50 128.50
161.50 129.00
161.00 129.50
161.00 130.00
161.00 130.50
161.00 131.00
161.00 131.50
160.50 132.00
160.50 132.50
160.00 133.00
160.00 133.50
160.00 134.00
160.00 134.50
159.50 135.00
159.50 135.50
159.50 136.00
159.00 136.50
158.50 137.00
158.50 137.50
158.00 138.00
158.00 138.50
158.00 139.00
157.50 139.50
157.50 140.00
157.00 140.50
156.50 141.00
156.50 141.50
156.00 142.00
156.00 142.50
155.50 143.00
155.00 143.50
155.00 144.00
154.50 144.50
154.00 145.00
154.00 145.50
153.50 146.00
153.00 146.50
152.50 147.00
152.00 147.50
151.50 147.50
151.00 148.00
150.50 148.50
150.00 148.50
149.50 148.50
149.00 148.50
148.50 149.00
148.00 149.00
147.50 149.00
147.00 149.50
146.50 149.50
146.00 149.50
145.50 149.50
145.00 150.00
144.50 150.00
144.00 150.00
143.50 150.50
143.00 150.50
142.50 150.50
142.00 151.00
141.50 151.00
141.00 151.00
140.50 151.50
140.00 151.50
139.50 152.00
139.00 152.00
138.50 152.00
138.00 152.50
137.50 152.50
137.00 152.50
136.50 152.50
136.00 152.50
135.50 153.00
135.00 153.00
134.50 153.00
134.00 153.00
133.50 153.00
133.00 153.00
132.50 153.00
132.00 153.00
131.50 153.00
131.00 153.00
130.50 153.00
130.00 153.00
129.50 153.00
129.00 153.00
128.50 153.00
128.00 152.50
127.50 152.50
127.00 152.50
126.50 152.50
126.00 152.50
125.50 152.50
125.00 152.50
124.50 152.00
124.00 152.00
123.50 152.00
123.00 152.00
122.50 152.00
122.00 151.50
121.50 151.50
121.00 151.50
120.50 151.50
120.00 151.00
119.50 151.00
119.00 151.00
118.50 151.00
118.00 150.50
117.50 150.50
117.00 150.50
116.50 150.00
116.00 150.00
115.50 150.00
115.00 149.50
114.50 149.50
114.00 149.00
113.50 149.00
113.00 148.50
112.50 148.00
112.00 147.50
111.50 147.50
111.00 147.00
110.50 146.50
110.00 146.00
109.50 145.50
109.00 145.00
109.00 144.50
108.50 144.00
108.00 143.50
108.00 143.00
107.50 142.50
107.50 142.00
107.50 141.50
107.00 141.00
107.00 140.50
106.50 140.00
106.50 139.50
106.50 139.00
106.50 138.50
106.00 138.00
106.00 137.50
106.00 137.00
106.00 136.50
106.00 136.00
105.50 135.50
105.50 135.00
105.50 134.50
105.50 134.00
105.50 133.50
105.50 133.00
105.50 132.50
105.00 132.00
104.50 131.50
104.50 131.00
104.00 130.50
104.00 130.00
104.00 129.50
103.50 129.00
103.50 128.50
103.50 128.00
103.00 127.50
103.00 127.00
103.00 126.50
103.00 126.00
103.00 125.50
103.00 125.00
103.00 124.50
103.00 124.00
103.00 123.50
103.00 123.00
103.00 122.50
103.00 122.00
103.00 121.50
103.00 121.00
103.00 120.50
103.00 120.00
103.00 119.50
103.00 119.00
103.00 118.50
103.50 118.00
103.50 117.50
103.50 117.00
103.50 116.50
104.00 116.00
104.00 115.50
104.50 115.00
104.50 114.50
104.50 114.00
105.00 113.50
105.00 113.00
105.00 112.50
105.50 112.00
105.50 111.50
105.50 111.00
106.00 110.50
106.00 110.00
106.50 109.50
106.50 109.00
106.50 108.50
107.00 108.00
107.00 107.50
107.50 107.00
108.00 106.50
108.50 106.00
109.00 105.50
109.50 105.00
110.00 105.00
110.50 104.50
111.00 104.00
111.50 103.50
112.00 103.00
112.50 103.00
113.00 102.50
113.50 102.00
114.00 101.50
114.50 101.00
115.00 100.50
115.50 100.50
116.00 100.00
116.00 99.50
116.50 99.00
117.00 99.00
117.50 99.00
118.00 98.50
118.50 98.50
119.00 98.00
119.50 97.50
120.00 97.50
120.50 97.00
121.00 97.00
121.50 96.50
122.00 96.50
122.50 96.00
123.00 95.50
123.50 95.00
124.00 95.00
124.50 95.00
125.00 94.50
125.50 94.50
126.00 94.00
126.50 94.00
