145.00 127.00
144.50 126.50
144.50 126.00
144.50 125.50
144.50 125.00
144.50 124.50
144.50 124.00
144.50 123.50
144.50 123.00
144.00 122.50
144.00 122.00
143.50 121.50
143.00 121.50
142.50 122.00
142.50 122.50
142.00 123.00
141.50 123.50
141.00 123.50
140.50 124.00
140.00 124.50
139.50 124.50
139.00 124.50
138.50 124.50
138.00 124.50
137.50 124.00
137.00 124.00
136.50 123.50
136.00 123.00
135.50 122.50
135.50 122.00
135.50 121.50
136.00 121.00
136.00 120.50
136.00 120.00
136.50 119.50
137.00 119.00
137.50 118.50
138.00 118.00
138.50 117.50
139.00 117.00
139.50 117.00
140.00 117.00
140.50 116.50
141.00 116.50
141.50 116.50
142.00 116.50
142.50 116.50
143.00 117.00
143.50 117.00
144.00 117.00
144.50 117.50
145.00 117.50
145.50 118.00
146.00 118.50
146.50 119.00
147.00 119.50
147.00 120.00
147.00 120.50
147.00 121.00
147.50 121.50
147.50 122.00
147.00 122.50
147.00 123.00
147.00 123.50
147.00 124.00
147.00 124.50
147.00 125.00
146.50 125.50
146.50 126.00
146.50 126.50
146.50 127.00
146.50 127.50
146.50 128.00
146.50 128.50
146.50 129.00
146.50 129.50
146.50 130.00
146.00 130.50
145.50 130.00
145.50 129.50
145.00 129.00
145.00 128.50
145.00 128.00
144.50 127.50
