144.50 120.50
145.00 121.00
145.00 121.50
145.50 122.00
145.50 122.50
146.00 123.00
146.00 123.50
146.00 124.00
146.50 124.50
146.50 125.00
146.50 125.50
146.50 126.00
146.50 126.50
146.50 127.00
146.50 127.50
146.50 128.00
146.00 128.50
146.00 129.00
145.50 129.50
145.50 130.00
145.00 130.50
144.50 130.50
144.00 130.50
143.50 130.50
143.00 130.50
142.50 130.00
142.00 129.50
141.50 129.00
141.00 128.50
140.50 128.00
140.00 127.50
139.50 127.00
139.50 126.50
139.00 126.00
138.50 125.50
138.50 125.00
138.00 124.50
138.00 124.00
137.50 123.50
137.50 123.00
137.00 122.50
136.50 122.00
136.50 121.50
136.50 121.00
136.50 120.50
137.00 120.00
137.50 119.50
138.00 119.50
138.50 119.00
139.00 119.00
139.50 119.00
140.00 119.00
140.50 119.00
141.00 119.00
141.50 119.00
142.00 119.00
142.50 119.00
143.00 119.50
143.50 119.50
144.00 120.00
