142.50 121.00
143.00 121.50
143.00 122.00
143.00 122.50
143.00 123.00
143.00 123.50
143.00 124.00
143.00 124.50
143.00 125.00
143.00 125.50
142.50 126.00
142.50 126.50
142.50 127.00
142.00 127.50
142.00 128.00
142.00 128.50
141.50 129.00
141.00 129.50
140.50 129.50
140.00 129.00
139.50 128.50
139.00 128.00
139.00 127.50
138.50 127.00
138.00 126.50
138.00 126.00
137.50 125.50
137.00 125.00
136.50 124.50
136.00 124.00
135.50 124.00
135.00 123.50
134.50 123.50
134.00 123.00
133.50 122.50
133.00 122.00
133.00 121.50
133.00 121.00
133.00 120.50
132.50 120.00
133.00 119.50
133.00 119.00
133.50 118.50
134.00 118.50
134.50 118.00
135.00 118.00
135.50 118.00
136.00 118.00
136.50 118.00
137.00 118.00
137.50 118.00
138.00 118.00
138.50 118.00
139.00 118.00
139.50 118.00
140.00 118.00
140.50 118.50
141.00 119.00
141.50 119.00
142.00 119.50
142.00 120.00
142.50 120.50
