117.50 148.00
117.00 148.00
116.50 148.00
116.00 148.00
115.50 148.00
115.00 148.00
114.50 148.00
114.00 148.00
113.50 148.00
113.00 147.50
112.50 147.50
112.00 147.00
111.50 147.00
111.00 147.00
110.50 146.50
110.00 146.00
109.50 145.50
109.00 145.50
108.50 145.00
108.00 144.50
107.50 144.00
108.00 143.50
108.50 143.00
109.00 142.50
109.50 142.00
110.00 142.00
110.50 141.50
111.00 141.00
111.50 140.50
112.00 140.00
112.50 139.50
113.00 139.00
113.00 138.50
113.50 138.00
113.50 137.50
114.00 137.00
114.00 136.50
114.50 136.00
115.00 136.00
115.50 135.50
116.00 135.50
116.50 135.50
117.00 135.50
117.50 135.50
118.00 136.00
118.50 136.00
119.00 136.50
119.50 137.00
120.00 137.50
120.00 138.00
120.00 138.50
119.50 139.00
119.50 139.50
119.00 140.00
119.00 140.50
118.50 141.00
118.50 141.50
118.50 142.00
119.00 142.50
119.50 143.00
120.00 143.00
120.50 143.00
121.00 143.00
121.50 143.00
122.00 142.50
122.50 142.50
123.00 142.00
123.50 141.50
124.00 141.00
124.50 141.00
125.00 141.00
125.50 141.50
125.50 142.00
126.00 142.50
126.00 143.00
126.50 143.50
126.50 144.00
126.50 144.50
126.50 145.00
126.50 145.50
126.50 146.00
126.00 146.50
126.00 147.00
125.50 147.50
125.00 148.00
124.50 148.00
124.00 148.50
123.50 148.50
123.00 148.50
122.50 148.50
122.00 148.50
121.50 148.50
121.00 148.50
120.50 148.50
120.00 148.50
119.50 148.50
119.00 148.50
118.50 148.00
118.00 148.00
