146.50 121.50
147.00 122.00
147.00 122.50
147.00 123.00
147.00 123.50
146.50 124.00
146.00 124.50
145.50 124.50
145.00 124.50
144.50 124.50
144.00 124.50
143.50 124.50
143.00 124.50
142.50 124.00
142.00 124.00
141.50 123.50
141.00 123.00
140.50 122.50
140.00 122.00
139.50 121.50
139.00 121.00
139.00 120.50
138.50 120.00
138.50 119.50
138.50 119.00
138.50 118.50
139.00 118.00
139.50 117.50
140.00 117.50
140.50 117.50
141.00 117.50
141.50 117.50
142.00 117.50
142.50 117.50
143.00 117.50
143.50 118.00
144.00 118.00
144.50 118.00
145.00 118.50
145.50 119.00
146.00 119.50
146.00 120.00
146.00 120.50
146.50 121.00
