122.50 143.00
123.00 143.50
123.50 144.00
123.50 144.50
124.00 145.00
124.00 145.50
123.50 146.00
123.00 146.50
122.50 146.50
122.00 147.00
121.50 147.00
121.00 147.00
120.50 147.00
120.00 147.00
119.50 147.00
119.00 147.00
118.50 147.00
118.00 147.00
117.50 147.00
117.00 147.00
116.50 147.00
116.00 146.50
115.50 146.50
115.00 146.50
114.50 146.50
114.00 146.50
113.50 146.50
113.00 146.50
112.50 146.00
112.00 146.00
111.50 146.00
111.00 146.00
110.50 145.50
110.00 145.00
109.50 144.50
109.00 144.00
108.50 143.50
108.50 143.00
108.50 142.50
109.00 142.00
109.50 141.50
110.00 141.50
110.50 141.50
111.00 141.00
111.50 140.50
111.50 140.00
111.50 139.50
111.50 139.00
112.00 138.50
112.00 138.00
112.00 137.50
112.00 137.00
112.50 136.50
113.00 136.50
113.50 136.50
114.00 136.50
114.50 136.50
115.00 136.50
115.50 137.00
116.00 137.00
116.50 137.50
116.00 138.00
115.50 138.50
115.00 139.00
114.50 139.50
114.00 140.00
113.50 140.50
113.50 141.00
113.50 141.50
114.00 142.00
114.00 142.50
114.50 143.00
114.50 143.50
115.00 144.00
115.50 144.50
116.00 144.50
116.50 144.50
117.00 144.50
117.50 144.50
118.00 144.50
118.50 144.00
119.00 144.00
119.50 143.50
120.00 143.00
120.50 143.00
121.00 143.00
121.50 143.00
122.00 143.00
