139.50 116.50
140.00 117.00
140.50 117.00
141.00 117.50
141.50 118.00
141.50 118.50
141.50 119.00
141.50 119.50
141.50 120.00
141.00 120.50
140.50 121.00
140.00 121.50
139.50 122.00
139.00 122.00
138.50 122.00
138.00 122.00
137.50 122.00
137.00 122.00
136.50 122.00
136.00 121.50
135.50 121.00
135.00 120.50
135.00 120.00
134.50 119.50
134.50 119.00
134.50 118.50
134.50 118.00
134.50 117.50
134.50 117.00
134.50 116.50
135.00 116.00
135.50 115.50
136.00 115.50
136.50 115.50
137.00 115.50
137.50 116.00
138.00 116.00
138.50 116.50
139.00 116.50
