130.50 144.00
130.00 144.50
129.50 145.00
129.00 145.00
128.50 145.00
128.00 145.50
127.50 145.50
127.00 146.00
126.50 146.00
126.00 146.00
125.50 146.00
125.00 146.50
124.50 146.50
124.00 146.50
123.50 146.50
123.00 146.50
122.50 146.50
122.00 146.50
121.50 146.50
121.00 146.50
120.50 146.50
120.00 146.50
119.50 146.50
119.00 146.50
118.50 146.50
118.00 146.50
117.50 146.00
117.50 145.50
117.50 145.00
118.00 144.50
118.00 144.00
118.50 143.50
118.50 143.00
118.50 142.50
118.50 142.00
118.00 141.50
118.00 141.00
118.00 140.50
118.00 140.00
118.50 139.50
119.00 139.00
119.50 139.00
120.00 138.50
120.50 138.50
121.00 138.50
121.50 138.50
122.00 139.00
122.50 139.00
123.00 139.50
123.50 140.00
124.00 140.00
124.50 140.50
125.00 141.00
125.50 141.00
126.00 141.50
126.50 141.50
127.00 142.00
127.50 142.00
128.00 142.00
128.50 142.00
129.00 142.50
129.50 142.50
130.00 142.50
130.50 143.00
131.00 143.50
