165.00 137.00
165.00 137.50
164.50 138.00
164.00 138.50
164.00 139.00
163.50 139.50
163.50 140.00
163.50 140.50
163.00 141.00
162.50 141.50
162.50 142.00
162.00 142.50
162.00 143.00
161.50 143.50
161.00 144.00
161.00 144.50
160.50 145.00
160.00 145.50
160.00 146.00
159.50 146.50
159.00 147.00
159.00 147.50
158.50 148.00
158.00 148.50
157.50 149.00
157.00 149.50
156.50 150.00
156.00 150.50
155.50 151.00
155.00 151.50
154.50 152.00
154.00 152.00
153.50 152.50
153.00 153.00
152.50 153.00
152.00 153.50
151.50 154.00
151.00 154.00
150.50 154.50
150.00 154.50
149.50 155.00
149.00 155.00
148.50 155.00
148.00 155.50
147.50 155.50
147.00 156.00
146.50 156.00
146.00 156.00
145.50 156.00
145.00 156.00
144.50 156.50
144.00 156.50
143.50 156.50
143.00 156.50
142.50 156.50
142.00 156.50
141.50 156.50
141.00 156.50
140.50 156.50
140.00 156.00
139.50 156.00
139.00 156.00
138.50 156.00
138.00 156.00
137.50 156.00
137.00 156.00
136.50 155.50
136.00 155.50
135.50 155.50
135.00 155.50
134.50 155.00
134.00 155.00
133.50 155.00
133.00 155.00
132.50 154.50
132.00 154.50
131.50 154.50
131.00 154.50
130.50 154.00
130.00 154.00
129.50 154.00
129.00 153.50
128.50 154.00
128.00 154.00
127.50 154.00
127.00 153.50
126.50 153.50
126.00 153.00
125.50 153.00
125.00 152.50
124.50 152.50
124.00 152.00
123.50 151.50
123.00 151.50
122.50 151.00
122.00 150.50
121.50 150.00
121.00 149.50
121.00 149.00
120.50 148.50
120.00 148.00
119.50 147.50
119.50 147.00
119.00 146.50
119.00 146.00
118.50 145.50
118.00 145.00
118.00 144.50
118.00 144.00
117.50 143.50
117.50 143.00
117.00 142.50
117.00 142.00
117.00 141.50
117.00 141.00
117.00 140.50
117.00 140.00
117.00 139.50
117.00 139.00
117.00 138.50
117.00 138.00
117.00 137.50
117.00 137.00
117.50 136.50
117.50 136.00
117.50 135.50
117.50 135.00
117.50 134.50
118.00 134.00
118.00 133.50
118.00 133.00
118.50 132.50
118.50 132.00
118.50 131.50
119.00 131.00
118.50 130.50
119.00 130.00
119.00 129.50
119.00 129.00
119.00 128.50
119.50 128.00
119.50 127.50
119.50 127.00
119.50 126.50
119.50 126.00
119.50 125.50
119.50 125.00
119.50 124.50
119.50 124.00
119.50 123.50
119.50 123.00
119.50 122.50
120.00 122.00
120.00 121.50
120.00 121.00
120.00 120.50
120.00 120.00
120.00 119.50
120.50 119.00
120.50 118.50
120.50 118.00
121.00 117.50
121.50 117.00
121.50 116.50
122.00 116.00
122.00 115.50
122.50 115.00
123.00 114.50
123.00 114.00
123.50 113.50
124.00 113.50
124.50 113.00
125.00 112.50
125.50 112.00
126.00 112.00
126.50 111.50
127.00 111.00
127.50 110.50
128.00 110.00
128.50 110.00
129.00 109.50
129.50 109.50
130.00 109.50
130.50 109.50
131.00 109.00
131.50 109.00
132.00 109.00
132.50 109.00
133.00 109.00
133.50 108.50
134.00 108.50
134.50 108.50
135.00 108.50
135.50 108.00
136.00 108.00
136.50 108.00
137.00 108.00
137.50 107.50
138.00 107.50
138.50 107.50
139.00 107.50
139.50 107.00
140.00 107.00
140.50 107.00
141.00 107.00
141.50 107.00
142.00 106.50
142.50 106.50
143.00 106.50
143.50 106.50
144.00 106.50
144.50 106.50
145.00 106.50
145.50 106.50
146.00 106.50
146.50 106.50
147.00 106.50
147.50 106.50
148.00 106.50
148.50 106.50
149.00 107.00
149.50 107.00
150.00 107.00
150.50 107.00
151.00 107.50
151.50 107.50
152.00 108.00
152.50 108.00
153.00 108.50
153.50 108.50
154.00 109.00
154.50 109.50
155.00 110.00
155.50 110.50
156.00 110.50
156.50 111.00
157.00 111.50
157.50 112.00
158.00 112.50
158.50 113.00
159.00 113.50
159.50 114.00
160.00 114.50
160.50 115.00
161.00 115.50
161.50 116.00
161.50 116.50
162.00 117.00
162.50 117.50
163.00 118.00
163.50 118.50
163.50 119.00
163.50 119.50
164.00 120.00
164.50 120.50
165.00 121.00
165.00 121.50
165.50 122.00
165.50 122.50
165.50 123.00
166.00 123.50
166.00 124.00
166.50 124.50
166.50 125.00
166.50 125.50
166.50 126.00
166.50 126.50
167.00 127.00
167.00 127.50
167.00 128.00
166.50 128.50
166.50 129.00
166.50 129.50
166.50 130.00
166.50 130.50
166.50 131.00
166.50 131.50
166.50 132.00
166.00 132.50
166.00 133.00
166.00 133.50
165.50 134.00
165.50 134.50
165.50 135.00
165.50 135.50
165.00 136.00
165.00 136.50
