146.00 139.00
146.50 139.00
147.00 139.00
147.50 138.50
148.00 138.50
148.50 138.50
149.00 139.00
149.50 139.50
149.50 140.00
149.50 140.50
149.00 141.00
148.50 141.00
148.00 141.50
147.50 141.50
147.00 141.50
146.50 141.50
146.00 141.50
145.50 141.50
145.00 141.50
144.50 142.00
144.00 142.50
143.50 143.00
143.00 143.00
142.50 143.50
142.00 143.00
141.50 143.00
141.00 142.50
140.50 142.00
140.00 141.50
140.00 141.00
140.00 140.50
140.00 140.00
140.00 139.50
140.00 139.00
140.00 138.50
140.50 138.00
141.00 137.50
141.50 137.00
142.00 137.00
142.50 137.00
143.00 137.00
143.50 137.50
144.00 138.00
144.50 138.50
145.00 139.00
145.50 139.00
