121.50 127.50
122.00 127.00
122.00 126.50
122.50 126.00
123.00 125.50
123.50 125.00
123.50 124.50
124.00 124.00
124.50 123.50
125.00 123.00
125.50 122.50
125.50 122.00
126.00 121.50
126.50 121.00
127.00 121.00
127.50 120.50
128.00 120.00
128.50 119.50
129.00 119.50
129.50 119.00
130.00 118.50
130.50 118.00
131.00 118.00
131.50 118.00
132.00 117.50
132.50 117.50
133.00 117.00
133.50 117.00
134.00 117.00
134.50 116.50
135.00 116.50
135.50 116.50
136.00 116.00
136.50 116.00
137.00 116.00
137.50 116.00
138.00 116.00
138.50 115.50
139.00 115.50
139.50 115.50
140.00 115.50
140.50 115.50
141.00 115.50
141.50 115.50
142.00 115.50
142.50 115.50
143.00 115.50
143.50 115.50
144.00 115.50
144.50 115.50
145.00 115.50
145.50 115.50
146.00 115.50
146.50 116.00
147.00 116.00
147.50 116.00
148.00 116.00
148.50 116.00
149.00 116.50
149.50 116.50
150.00 116.50
150.50 117.00
151.00 117.00
151.50 117.00
152.00 117.50
152.50 118.00
153.00 118.00
153.50 118.00
154.00 118.50
154.50 118.50
155.00 119.00
155.50 119.50
156.00 119.50
156.50 120.00
157.00 120.00
157.50 120.50
158.00 121.00
158.50 121.50
158.50 122.00
159.00 122.50
159.50 123.00
160.00 123.50
160.50 124.00
160.50 124.50
161.00 125.00
161.00 125.50
161.50 126.00
161.50 126.50
162.00 127.00
162.00 127.50
162.00 128.00
162.00 128.50
162.50 129.00
162.50 129.50
162.50 130.00
162.50 130.50
162.50 131.00
162.50 131.50
162.50 132.00
162.50 132.50
162.50 133.00
162.00 133.50
162.00 134.00
162.00 134.50
162.00 135.00
161.50 135.50
161.50 136.00
161.00 136.50
161.00 137.00
161.00 137.50
160.50 138.00
160.50 138.50
160.00 139.00
160.00 139.50
159.50 140.00
159.00 140.50
159.00 141.00
158.50 141.50
158.00 142.00
158.00 142.50
157.50 143.00
157.00 143.50
156.50 144.00
156.50 144.50
156.00 145.00
155.50 145.50
155.00 146.00
154.50 146.50
154.00 147.00
153.50 147.50
153.00 147.50
152.50 148.00
152.00 148.50
151.50 149.00
151.00 149.00
150.50 149.50
150.00 150.00
149.50 150.00
149.00 150.50
148.50 151.00
148.00 151.00
147.50 151.50
147.00 151.50
146.50 151.50
146.00 151.50
145.50 152.00
145.00 152.00
144.50 152.50
144.00 152.50
143.50 152.50
143.00 152.50
142.50 152.50
142.00 153.00
141.50 153.00
141.00 153.00
140.50 153.00
140.00 153.00
139.50 153.00
139.00 153.00
138.50 153.00
138.00 153.00
137.50 153.00
137.00 153.00
136.50 153.00
136.00 153.00
135.50 153.00
135.00 153.00
134.50 152.50
134.00 152.50
133.50 152.50
133.00 152.50
132.50 152.00
132.00 152.00
131.50 152.00
131.00 151.50
130.50 151.50
130.00 151.50
129.50 151.00
129.00 150.50
128.50 150.50
128.00 150.00
127.50 149.50
127.00 149.00
126.50 148.50
126.00 148.00
126.00 147.50
125.50 147.00
125.00 146.50
124.50 146.00
124.50 145.50
124.00 145.00
124.00 144.50
124.00 144.00
123.50 143.50
123.50 143.00
123.00 142.50
123.00 142.00
123.00 141.50
122.50 141.00
122.50 140.50
122.50 140.00
122.50 139.50
122.00 139.00
122.00 138.50
122.00 138.00
122.00 137.50
122.00 137.00
122.00 136.50
121.50 136.00
121.50 135.50
121.50 135.00
121.50 134.50
121.50 134.00
121.50 133.50
121.50 133.00
121.50 132.50
121.50 132.00
121.50 131.50
121.50 131.00
121.50 130.50
121.50 130.00
121.50 129.50
121.50 129.00
121.50 128.50
121.50 128.00
