164.50 111.00
165.00 111.50
165.00 112.00
165.50 112.50
166.00 113.00
166.50 113.50
166.50 114.00
167.00 114.50
167.00 115.00
167.50 115.50
167.50 116.00
168.00 116.50
168.00 117.00
168.50 117.50
168.50 118.00
168.50 118.50
169.00 119.00
169.00 119.50
169.00 120.00
169.00 120.50
169.00 121.00
169.50 121.50
169.50 122.00
169.50 122.50
169.50 123.00
169.50 123.50
169.50 124.00
169.50 124.50
169.50 125.00
169.50 125.50
169.50 126.00
169.50 126.50
169.50 127.00
169.50 127.50
169.50 128.00
169.50 128.50
169.50 129.00
169.50 129.50
169.00 130.00
169.00 130.50
169.00 131.00
169.00 131.50
168.50 132.00
168.50 132.50
168.50 133.00
168.50 133.50
168.00 134.00
168.00 134.50
167.50 135.00
167.50 135.50
167.50 136.00
167.00 136.50
167.00 137.00
166.50 137.50
166.50 138.00
166.00 138.50
165.50 139.00
165.50 139.50
165.00 140.00
164.50 140.50
164.50 141.00
164.00 141.50
163.50 142.00
163.00 142.50
162.50 143.00
162.00 143.50
162.00 144.00
161.50 144.50
161.00 145.00
160.50 145.00
160.00 145.50
159.50 146.00
159.00 146.50
158.50 146.50
158.00 147.00
157.50 147.00
157.00 147.50
156.50 148.00
156.00 148.00
155.50 148.50
155.00 148.50
154.50 149.00
154.00 149.00
153.50 149.50
153.00 149.50
152.50 149.50
152.00 149.50
151.50 150.00
151.00 150.00
150.50 150.00
150.00 150.00
149.50 150.50
149.00 150.50
148.50 150.50
148.00 150.50
147.50 150.50
147.00 151.00
146.50 151.00
146.00 151.00
145.50 151.00
145.00 151.00
144.50 151.00
144.00 151.00
143.50 151.00
143.00 151.00
142.50 151.00
142.00 151.00
141.50 151.00
141.00 151.00
140.50 151.00
140.00 151.00
139.50 151.00
139.00 151.00
138.50 150.50
138.00 150.50
137.50 150.50
137.00 150.50
136.50 150.50
136.00 150.00
135.50 150.00
135.00 150.00
134.50 150.00
134.00 149.50
133.50 149.50
133.00 149.00
132.50 149.00
132.00 149.00
131.50 148.50
131.00 148.50
130.50 148.00
130.00 148.00
129.50 147.50
129.00 147.50
128.50 147.00
128.00 146.50
127.50 146.00
127.00 145.50
126.50 145.00
126.00 144.50
125.50 144.00
125.50 143.50
125.00 143.00
124.50 142.50
124.50 142.00
124.00 141.50
123.50 141.00
123.50 140.50
123.00 140.00
123.00 139.50
123.00 139.00
122.50 138.50
122.50 138.00
122.50 137.50
122.00 137.00
122.00 136.50
122.00 136.00
121.50 135.50
121.50 135.00
121.50 134.50
121.50 134.00
121.00 133.50
121.00 133.00
121.00 132.50
121.00 132.00
121.00 131.50
121.00 131.00
120.50 130.50
120.50 130.00
120.50 129.50
120.50 129.00
120.50 128.50
120.50 128.00
120.50 127.50
120.50 127.00
120.50 126.50
120.50 126.00
120.50 125.50
120.50 125.00
120.50 124.50
120.50 124.00
120.50 123.50
120.50 123.00
120.50 122.50
120.50 122.00
121.00 121.50
121.00 121.00
121.00 120.50
121.00 120.00
121.50 119.50
121.50 119.00
121.50 118.50
121.50 118.00
122.00 117.50
122.00 117.00
122.00 116.50
122.50 116.00
122.50 115.50
122.50 115.00
123.00 114.50
123.50 114.00
123.50 113.50
124.00 113.00
124.00 112.50
124.50 112.00
125.00 111.50
125.00 111.00
125.00 110.50
125.50 110.00
126.00 109.50
126.50 109.00
127.00 108.50
127.50 108.00
127.50 107.50
128.00 107.00
128.50 106.50
129.00 106.00
129.50 105.50
130.00 105.00
130.50 104.50
131.00 104.00
131.50 103.50
132.00 103.00
132.50 103.00
133.00 102.50
133.50 102.00
134.00 102.00
134.50 101.50
135.00 101.50
135.50 101.00
136.00 100.50
136.50 100.50
137.00 100.50
137.50 100.00
138.00 100.00
138.50 99.50
139.00 99.50
139.50 99.50
140.00 99.50
140.50 99.00
141.00 99.00
141.50 99.00
142.00 99.00
142.50 99.00
143.00 98.50
143.50 98.50
144.00 98.50
144.50 98.50
145.00 98.50
145.50 99.00
146.00 99.00
146.50 99.00
147.00 99.50
147.50 99.50
148.00 100.00
148.50 100.00
149.00 100.00
149.50 100.50
150.00 100.50
150.50 101.00
151.00 101.00
151.50 101.50
152.00 101.50
152.50 102.00
153.00 102.00
153.50 102.50
154.00 103.00
154.50 103.00
155.00 103.00
155.50 103.50
156.00 104.00
156.50 104.50
157.00 104.50
157.50 104.50
158.00 105.00
158.50 105.50
159.00 106.00
159.50 106.00
160.00 106.50
160.50 107.00
161.00 107.50
161.50 107.50
162.00 108.00
162.50 108.50
163.00 109.00
163.50 109.00
164.00 109.50
164.50 110.00
165.00 110.50
