128.50 141.00
128.00 140.50
127.50 140.00
127.00 139.50
126.50 139.00
126.00 138.50
126.00 138.00
125.50 137.50
125.00 137.00
125.00 136.50
125.00 136.00
124.50 135.50
124.50 135.00
124.50 134.50
124.00 134.00
124.00 133.50
124.00 133.00
123.50 132.50
123.50 132.00
123.50 131.50
123.50 131.00
123.50 130.50
123.50 130.00
123.50 129.50
123.50 129.00
123.50 128.50
123.50 128.00
123.50 127.50
124.00 127.00
124.00 126.50
124.00 126.00
124.00 125.50
124.50 125.00
124.50 124.50
124.50 124.00
125.00 123.50
125.00 123.00
125.50 122.50
125.50 122.00
125.50 121.50
126.00 121.00
126.00 120.50
126.50 120.00
126.50 119.50
127.00 119.00
127.00 118.50
127.50 118.00
127.50 117.50
128.00 117.00
128.50 116.50
128.50 116.00
129.00 115.50
129.50 115.00
129.50 114.50
130.00 114.00
130.00 113.50
130.50 113.00
131.00 112.50
131.00 112.00
131.50 111.50
132.00 111.00
132.50 110.50
133.00 110.00
133.00 109.50
133.50 109.00
134.00 109.00
134.50 108.50
135.00 108.00
135.50 107.50
136.00 107.00
136.50 107.00
137.00 107.00
137.50 106.50
138.00 106.00
138.50 106.00
139.00 106.00
139.50 106.00
140.00 105.50
140.50 105.50
141.00 105.50
141.50 105.50
142.00 105.50
142.50 105.50
143.00 105.50
143.50 105.50
144.00 105.00
144.50 105.50
145.00 105.50
145.50 105.50
146.00 105.50
146.50 105.50
147.00 105.50
147.50 105.50
148.00 105.50
148.50 106.00
149.00 106.00
149.50 106.00
150.00 106.50
150.50 106.50
151.00 107.00
151.50 107.00
152.00 107.50
152.50 107.50
153.00 108.00
153.50 108.00
154.00 108.50
154.50 109.00
155.00 109.50
155.50 110.00
156.00 110.50
156.50 111.00
157.00 111.50
157.00 112.00
157.50 112.50
158.00 113.00
158.00 113.50
158.50 114.00
158.50 114.50
159.00 115.00
159.50 115.50
159.50 116.00
160.00 116.50
160.00 117.00
160.00 117.50
160.50 118.00
160.50 118.50
161.00 119.00
161.00 119.50
161.00 120.00
161.50 120.50
161.50 121.00
161.50 121.50
161.50 122.00
162.00 122.50
162.00 123.00
162.00 123.50
162.00 124.00
162.50 124.50
162.50 125.00
162.50 125.50
162.50 126.00
162.50 126.50
162.50 127.00
162.50 127.50
162.50 128.00
162.50 128.50
162.50 129.00
162.50 129.50
162.50 130.00
162.50 130.50
162.50 131.00
162.50 131.50
162.50 132.00
162.00 132.50
162.00 133.00
162.00 133.50
162.00 134.00
161.50 134.50
161.50 135.00
161.50 135.50
161.00 136.00
161.00 136.50
160.50 137.00
160.50 137.50
160.50 138.00
160.00 138.50
159.50 139.00
159.50 139.50
159.00 140.00
158.50 140.50
158.00 141.00
157.50 141.50
157.00 142.00
156.50 142.50
156.00 143.00
155.50 143.50
155.00 144.00
154.50 144.00
154.00 144.50
153.50 144.50
153.00 144.50
152.50 145.00
152.00 145.00
151.50 145.00
151.00 145.00
150.50 145.00
150.00 145.50
149.50 145.50
149.00 145.50
148.50 145.50
148.00 145.50
147.50 145.50
147.00 145.50
146.50 145.50
146.00 145.50
145.50 145.50
145.00 145.50
144.50 145.50
144.00 145.00
143.50 145.00
143.00 145.00
142.50 145.00
142.00 145.00
141.50 145.00
141.00 145.00
140.50 145.00
140.00 145.00
139.50 145.00
139.00 144.50
138.50 144.50
138.00 144.50
137.50 144.50
137.00 144.50
136.50 144.50
136.00 144.50
135.50 144.00
135.00 144.00
134.50 144.00
134.00 144.00
133.50 143.50
133.00 143.50
132.50 143.50
132.00 143.00
131.50 143.00
131.00 142.50
130.50 142.50
130.00 142.00
129.50 142.00
129.00 141.50
