161.50 117.50
162.00 118.00
162.50 118.50
162.50 119.00
163.00 119.50
163.50 120.00
163.50 120.50
164.00 121.00
164.50 121.50
164.50 122.00
164.50 122.50
165.00 123.00
165.00 123.50
165.50 124.00
165.50 124.50
165.50 125.00
165.50 125.50
166.00 126.00
166.00 126.50
166.00 127.00
166.00 127.50
166.00 128.00
166.00 128.50
166.00 129.00
166.00 129.50
166.00 130.00
165.50 130.50
165.50 131.00
165.50 131.50
165.50 132.00
165.00 132.50
165.00 133.00
165.00 133.50
165.00 134.00
165.00 134.50
165.00 135.00
164.50 135.50
164.50 136.00
164.50 136.50
164.50 137.00
164.50 137.50
164.50 138.00
164.00 138.50
164.00 139.00
164.00 139.50
164.00 140.00
164.00 140.50
163.50 141.00
163.50 141.50
163.50 142.00
163.50 142.50
163.00 143.00
163.00 143.50
163.00 144.00
162.50 144.50
162.50 145.00
162.50 145.50
162.00 146.00
162.00 146.50
161.50 147.00
161.00 147.50
161.00 148.00
161.00 148.50
160.50 149.00
160.00 149.50
160.00 150.00
159.50 150.50
159.00 151.00
158.50 151.50
158.00 152.00
157.50 152.50
157.00 153.00
156.50 153.50
156.00 153.50
155.50 154.00
155.00 154.00
154.50 154.50
154.00 154.50
153.50 155.00
153.00 155.00
152.50 155.50
152.00 155.50
151.50 155.50
151.00 156.00
150.50 156.00
150.00 156.00
149.50 156.50
149.00 156.50
148.50 156.50
148.00 156.50
147.50 156.50
147.00 156.50
146.50 156.50
146.00 157.00
145.50 157.00
145.00 157.00
144.50 157.00
144.00 157.00
143.50 157.00
143.00 157.00
142.50 157.00
142.00 157.00
141.50 157.00
141.00 157.00
140.50 157.00
140.00 157.00
139.50 157.00
139.00 157.00
138.50 157.00
138.00 157.00
137.50 157.00
137.00 157.00
136.50 157.00
136.00 157.00
135.50 157.00
135.00 157.00
134.50 157.00
134.00 157.00
133.50 157.00
133.00 157.00
132.50 157.00
132.00 157.00
131.50 157.00
131.00 157.00
130.50 157.00
130.00 156.50
129.50 156.50
129.00 156.50
128.50 156.50
128.00 156.00
127.50 156.00
127.00 156.00
126.50 156.00
126.00 155.50
125.50 155.50
125.00 155.00
124.50 154.50
124.00 154.50
123.50 154.00
123.00 154.00
122.50 153.50
122.50 153.00
122.00 152.50
121.50 152.50
121.00 152.00
121.00 151.50
120.50 151.00
120.00 150.50
120.00 150.00
119.50 149.50
119.50 149.00
119.00 148.50
119.00 148.00
118.50 147.50
118.50 147.00
118.00 146.50
118.00 146.00
118.00 145.50
118.00 145.00
118.00 144.50
118.00 144.00
118.00 143.50
118.00 143.00
118.00 142.50
118.00 142.00
118.00 141.50
117.50 141.00
117.50 140.50
117.50 140.00
117.50 139.50
117.50 139.00
117.50 138.50
117.00 138.00
117.00 137.50
117.00 137.00
117.00 136.50
117.50 136.00
118.00 136.00
118.50 135.50
119.00 136.00
119.50 136.00
120.00 135.50
120.00 135.00
120.00 134.50
120.00 134.00
120.00 133.50
120.00 133.00
120.00 132.50
120.00 132.00
120.00 131.50
120.00 131.00
120.00 130.50
120.00 130.00
120.00 129.50
120.00 129.00
120.00 128.50
120.50 128.00
120.50 127.50
120.50 127.00
121.00 126.50
121.00 126.00
121.00 125.50
121.50 125.00
122.00 124.50
122.00 124.00
122.50 123.50
123.00 123.00
123.50 122.50
124.00 122.00
124.50 121.50
125.00 121.00
125.50 120.50
126.00 120.00
126.50 120.00
127.00 119.50
127.50 119.00
128.00 118.50
128.50 118.50
129.00 118.00
129.50 117.50
130.00 117.00
130.50 116.50
131.00 116.50
131.50 116.50
132.00 116.00
132.50 116.00
133.00 116.00
133.50 116.00
134.00 116.00
134.50 115.50
135.00 115.50
135.50 115.00
136.00 115.00
136.50 114.50
137.00 114.50
137.50 114.50
138.00 114.00
138.50 114.50
139.00 114.00
139.00 113.50
138.50 113.00
138.50 112.50
138.00 112.00
138.00 111.50
138.00 111.00
138.00 110.50
138.00 110.00
138.50 109.50
139.00 109.00
139.50 109.00
140.00 108.50
140.50 108.50
141.00 108.50
141.50 108.50
142.00 108.50
142.50 108.50
143.00 108.50
143.50 109.00
144.00 109.00
144.50 109.00
145.00 109.00
145.50 109.00
146.00 109.50
146.50 109.50
147.00 109.50
147.50 109.50
148.00 110.00
148.50 110.00
149.00 110.00
149.50 110.50
150.00 110.50
150.50 110.50
151.00 111.00
151.50 111.00
152.00 111.50
152.50 111.50
153.00 112.00
153.50 112.00
154.00 112.50
154.50 113.00
155.00 113.50
155.50 113.50
156.00 114.00
156.50 114.50
157.00 114.50
157.50 115.00
158.00 115.50
158.50 115.50
159.00 116.00
159.50 116.50
160.00 117.00
160.50 117.00
161.00 117.00
