144.50 140.50
145.00 140.00
145.50 140.00
146.00 140.00
146.50 139.50
147.00 139.00
147.50 139.00
148.00 139.00
148.50 138.50
149.00 138.50
149.50 139.00
149.50 139.50
150.00 140.00
149.50 140.50
149.50 141.00
149.50 141.50
149.00 142.00
148.50 142.50
148.00 143.00
147.50 143.00
147.00 143.00
146.50 143.00
146.00 143.00
145.50 143.50
145.00 143.50
144.50 143.50
144.00 143.50
143.50 143.50
143.00 143.50
142.50 143.50
142.00 143.50
141.50 143.00
141.00 142.50
140.50 142.00
140.00 142.00
139.50 142.00
139.00 142.00
138.50 142.00
138.00 142.00
137.50 141.50
137.00 141.00
137.00 140.50
137.00 140.00
137.50 139.50
138.00 139.00
138.50 138.50
139.00 138.00
139.50 137.50
139.50 137.00
140.00 136.50
140.00 136.00
140.00 135.50
140.00 135.00
140.00 134.50
140.00 134.00
140.00 133.50
140.50 133.00
141.00 133.50
141.00 134.00
141.50 134.50
142.00 135.00
142.00 135.50
142.50 136.00
142.50 136.50
143.00 137.00
143.00 137.50
143.00 138.00
143.00 138.50
143.00 139.00
143.00 139.50
143.00 140.00
143.00 140.50
143.00 141.00
143.50 141.50
144.00 141.00
