153.00 117.50
153.00 118.00
153.00 118.50
153.00 119.00
153.50 119.50
153.50 120.00
153.50 120.50
153.50 121.00
153.50 121.50
153.50 122.00
153.50 122.50
153.50 123.00
153.50 123.50
153.50 124.00
153.50 124.50
153.50 125.00
153.50 125.50
153.50 126.00
153.50 126.50
153.50 127.00
153.50 127.50
153.50 128.00
153.00 128.50
153.00 129.00
153.00 129.50
152.50 130.00
152.50 130.50
152.50 131.00
152.50 131.50
152.00 132.00
152.00 132.50
151.50 133.00
151.50 133.50
151.00 134.00
151.00 134.50
150.50 135.00
151.00 135.50
150.50 136.00
150.00 136.50
149.50 137.00
149.00 137.50
148.50 138.00
148.00 138.50
147.50 138.50
147.00 139.00
146.50 139.50
146.00 139.50
145.50 139.50
145.00 140.00
144.50 140.00
144.00 140.50
143.50 140.50
143.00 141.00
142.50 141.00
142.00 141.00
141.50 141.00
141.00 141.50
140.50 141.50
140.00 141.50
139.50 141.50
139.00 141.50
138.50 141.50
138.00 141.50
137.50 141.50
137.00 141.50
136.50 141.50
136.00 141.50
135.50 141.50
135.00 141.50
134.50 141.00
134.00 141.00
133.50 141.00
133.00 141.00
132.50 140.50
132.00 140.50
131.50 140.00
131.00 140.00
130.50 140.00
130.00 139.50
129.50 139.50
129.00 139.00
128.50 138.50
128.00 138.00
127.50 138.00
127.00 137.50
126.50 137.00
126.00 136.50
125.50 136.00
125.00 135.50
125.00 135.00
124.50 134.50
124.50 134.00
124.50 133.50
124.00 133.00
124.00 132.50
124.00 132.00
124.00 131.50
124.00 131.00
124.00 130.50
124.00 130.00
124.00 129.50
124.00 129.00
124.00 128.50
124.00 128.00
124.50 127.50
124.50 127.00
124.50 126.50
124.50 126.00
125.00 125.50
125.00 125.00
125.00 124.50
125.50 124.00
125.50 123.50
126.00 123.00
126.00 122.50
126.00 122.00
126.50 121.50
127.00 121.00
127.00 120.50
127.50 120.00
127.50 119.50
128.00 119.00
128.50 118.50
128.50 118.00
129.00 117.50
129.50 117.00
129.50 116.50
129.50 116.00
130.00 115.50
130.50 115.00
130.50 114.50
131.00 114.00
131.50 113.50
132.00 113.00
132.00 112.50
132.50 112.00
133.00 112.00
133.50 111.50
134.00 111.00
134.50 110.50
135.00 110.50
135.50 110.50
136.00 110.00
136.50 110.00
137.00 110.00
137.50 110.00
138.00 110.00
138.50 109.50
139.00 109.50
139.50 109.50
140.00 109.50
140.50 109.50
141.00 109.50
141.50 109.50
142.00 109.50
142.50 109.50
143.00 109.50
143.50 109.50
144.00 110.00
144.50 110.00
145.00 110.00
145.50 110.50
146.00 110.50
146.50 111.00
147.00 111.00
147.50 111.50
148.00 111.50
148.50 112.00
149.00 112.50
149.50 113.00
150.00 113.50
150.50 114.00
151.00 114.50
151.50 115.00
151.50 115.50
152.00 116.00
152.00 116.50
152.50 117.00
