131.00 118.00
131.50 117.50
132.00 117.00
132.50 116.50
133.00 116.00
133.00 115.50
133.50 115.00
134.00 114.50
134.50 114.00
135.00 113.50
135.50 113.50
136.00 113.00
136.50 112.50
137.00 112.00
137.50 112.00
138.00 111.50
138.50 111.00
139.00 111.00
139.50 111.00
140.00 110.50
140.50 110.50
141.00 110.00
141.50 110.00
142.00 110.00
142.50 110.00
143.00 109.50
143.50 109.50
144.00 109.50
144.50 109.50
145.00 109.50
145.50 109.50
146.00 109.50
146.50 109.50
147.00 109.50
147.50 109.50
148.00 109.50
148.50 109.50
149.00 109.50
149.50 109.50
150.00 109.50
150.50 109.50
151.00 109.50
151.50 110.00
152.00 110.00
152.50 110.00
153.00 110.00
153.50 110.50
154.00 111.00
154.50 111.00
155.00 111.50
155.50 112.00
156.00 112.00
156.50 112.50
157.00 113.00
157.50 113.50
157.50 114.00
158.00 114.50
158.50 115.00
159.00 115.50
159.50 116.00
159.50 116.50
160.00 117.00
160.00 117.50
160.50 118.00
160.50 118.50
161.00 119.00
161.00 119.50
161.50 120.00
161.50 120.50
161.50 121.00
162.00 121.50
162.00 122.00
162.00 122.50
162.00 123.00
162.50 123.50
162.50 124.00
162.50 124.50
162.50 125.00
162.50 125.50
162.50 126.00
162.50 126.50
162.50 127.00
162.50 127.50
162.50 128.00
162.50 128.50
162.50 129.00
162.50 129.50
162.50 130.00
162.50 130.50
162.50 131.00
162.50 131.50
162.00 132.00
162.00 132.50
162.00 133.00
162.00 133.50
162.00 134.00
161.50 134.50
161.50 135.00
161.50 135.50
161.00 136.00
161.00 136.50
160.50 137.00
160.50 137.50
160.50 138.00
160.00 138.50
160.00 139.00
159.50 139.50
159.50 140.00
159.00 140.50
159.00 141.00
158.50 141.50
158.00 142.00
157.50 142.50
157.00 143.00
156.50 143.50
156.00 144.00
155.50 144.50
155.00 145.00
154.50 145.50
154.00 146.00
153.50 146.50
153.00 146.50
152.50 146.50
152.00 147.00
151.50 147.50
151.00 147.50
150.50 148.00
150.00 148.00
149.50 148.00
149.00 148.50
148.50 148.50
148.00 148.50
147.50 149.00
147.00 149.00
146.50 149.50
146.00 149.50
145.50 149.50
145.00 149.50
144.50 150.00
144.00 150.00
143.50 150.00
143.00 150.00
142.50 150.00
142.00 150.00
141.50 150.00
141.00 150.00
140.50 150.00
140.00 150.00
139.50 150.00
139.00 150.00
138.50 150.00
138.00 150.00
137.50 150.00
137.00 150.00
136.50 150.00
136.00 150.00
135.50 149.50
135.00 149.50
134.50 149.50
134.00 149.00
133.50 149.00
133.00 149.00
132.50 148.50
132.00 148.50
131.50 148.00
131.00 148.00
130.50 147.50
130.00 147.00
129.50 147.00
129.00 146.50
128.50 146.00
128.00 146.00
127.50 145.50
127.00 145.00
126.50 144.50
126.00 144.00
126.00 143.50
125.50 143.00
125.00 142.50
124.50 142.00
124.50 141.50
124.00 141.00
124.00 140.50
123.50 140.00
123.50 139.50
123.00 139.00
123.00 138.50
123.00 138.00
122.50 137.50
122.50 137.00
122.50 136.50
122.50 136.00
122.50 135.50
122.50 135.00
122.00 134.50
122.00 134.00
122.00 133.50
122.00 133.00
122.00 132.50
122.50 132.00
122.50 131.50
122.50 131.00
122.50 130.50
122.50 130.00
123.00 129.50
123.50 129.00
124.00 128.50
124.00 128.00
124.00 127.50
124.50 127.00
124.50 126.50
125.00 126.00
125.00 125.50
125.50 125.00
125.50 124.50
126.00 124.00
126.00 123.50
126.50 123.00
126.50 122.50
127.00 122.00
127.50 121.50
127.50 121.00
128.00 120.50
128.50 120.00
129.00 119.50
129.50 119.00
130.00 118.50
130.50 118.50
