144.00 103.00
144.50 103.00
145.00 103.00
145.50 103.50
146.00 103.50
146.50 103.50
147.00 104.00
147.50 104.00
148.00 104.00
148.50 104.50
149.00 105.00
149.50 105.00
150.00 105.00
150.50 105.50
151.00 106.00
151.50 106.00
152.00 106.50
152.50 107.00
153.00 107.50
153.50 108.00
154.00 108.00
154.50 108.50
155.00 109.00
155.00 109.50
155.50 110.00
156.00 110.50
156.50 111.00
156.50 111.50
157.00 112.00
157.50 112.50
157.50 113.00
158.00 113.50
158.00 114.00
158.50 114.50
158.50 115.00
158.50 115.50
159.00 116.00
159.00 116.50
159.00 117.00
159.50 117.50
159.50 118.00
159.50 118.50
160.00 119.00
160.00 119.50
160.00 120.00
160.00 120.50
160.00 121.00
160.50 121.50
160.50 122.00
160.50 122.50
160.50 123.00
160.50 123.50
160.50 124.00
161.00 124.50
161.00 125.00
161.00 125.50
161.00 126.00
161.00 126.50
161.00 127.00
161.00 127.50
161.00 128.00
161.00 128.50
161.00 129.00
161.00 129.50
161.00 130.00
161.00 130.50
161.00 131.00
161.00 131.50
161.00 132.00
161.00 132.50
161.00 133.00
160.50 133.50
160.50 134.00
160.50 134.50
160.00 135.00
160.00 135.50
160.00 136.00
159.50 136.50
159.50 137.00
159.00 137.50
158.50 138.00
158.00 138.50
158.00 139.00
157.50 139.50
157.00 139.50
156.50 140.00
156.00 140.50
155.50 140.50
155.00 141.00
154.50 141.50
154.00 141.50
153.50 141.50
153.00 142.00
152.50 142.00
152.00 142.50
151.50 142.50
151.00 142.50
150.50 143.00
150.00 143.00
149.50 143.00
149.00 143.50
148.50 143.50
148.00 143.50
147.50 144.00
147.00 144.00
146.50 144.00
146.00 144.00
145.50 144.00
145.00 144.50
144.50 144.50
144.00 144.50
143.50 144.50
143.00 144.50
142.50 145.00
142.00 145.00
141.50 145.00
141.00 145.00
140.50 145.00
140.00 145.00
139.50 145.00
139.00 145.00
138.50 145.00
138.00 145.00
137.50 145.00
137.00 145.00
136.50 145.00
136.00 145.00
135.50 145.00
135.00 145.00
134.50 145.00
134.00 144.50
133.50 144.50
133.00 144.50
132.50 144.50
132.00 144.00
131.50 144.00
131.00 144.00
130.50 143.50
130.00 143.50
129.50 143.50
129.00 143.00
128.50 143.00
128.00 142.50
127.50 142.00
127.00 142.00
126.50 141.50
126.00 141.00
125.50 140.50
125.00 140.00
124.50 139.50
124.00 139.00
124.00 138.50
123.50 138.00
123.50 137.50
123.00 137.00
123.00 136.50
122.50 136.00
122.50 135.50
122.50 135.00
122.50 134.50
122.00 134.00
122.00 133.50
122.00 133.00
122.00 132.50
122.00 132.00
121.50 131.50
121.50 131.00
121.50 130.50
121.50 130.00
121.50 129.50
121.50 129.00
121.50 128.50
121.50 128.00
121.50 127.50
121.50 127.00
121.50 126.50
121.50 126.00
121.50 125.50
121.50 125.00
121.50 124.50
121.50 124.00
121.50 123.50
121.50 123.00
121.50 122.50
122.00 122.00
122.00 121.50
122.00 121.00
122.00 120.50
122.50 120.00
122.50 119.50
122.50 119.00
122.50 118.50
123.00 118.00
123.00 117.50
123.50 117.00
123.50 116.50
124.00 116.00
124.00 115.50
124.50 115.00
124.50 114.50
125.00 114.00
125.00 113.50
125.50 113.00
126.00 112.50
126.50 112.00
127.00 111.50
127.00 111.00
127.50 110.50
128.00 110.00
128.50 109.50
129.00 109.00
129.50 108.50
130.00 108.00
130.50 107.50
131.00 107.00
131.50 106.50
132.00 106.50
132.50 106.00
133.00 105.50
133.50 105.00
134.00 104.50
134.50 104.50
135.00 104.00
135.50 104.00
136.00 103.50
136.50 103.50
137.00 103.50
137.50 103.00
138.00 103.00
138.50 103.00
139.00 103.00
139.50 103.00
140.00 103.00
140.50 102.50
141.00 102.50
141.50 102.50
142.00 103.00
142.50 103.00
143.00 103.00
143.50 103.00
