127.00 128.00
127.00 127.50
127.00 127.00
127.00 126.50
127.00 126.00
127.00 125.50
127.00 125.00
127.00 124.50
127.50 124.00
127.50 123.50
127.50 123.00
127.50 122.50
127.50 122.00
127.50 121.50
128.00 121.00
128.00 120.50
128.00 120.00
128.50 119.50
128.50 119.00
128.50 118.50
129.00 118.00
129.50 117.50
129.50 117.00
130.00 116.50
130.50 116.00
131.00 115.50
131.50 115.00
132.00 114.50
132.50 114.00
133.00 113.50
133.50 113.00
134.00 112.50
134.50 112.00
135.00 112.00
135.50 111.50
136.00 111.00
136.50 111.00
137.00 111.00
137.50 110.50
138.00 110.50
138.50 110.50
139.00 110.00
139.50 110.00
140.00 110.00
140.50 110.00
141.00 109.50
141.50 109.50
142.00 109.50
142.50 109.50
143.00 109.50
143.50 109.50
144.00 109.50
144.50 109.50
145.00 109.50
145.50 109.50
146.00 109.50
146.50 110.00
147.00 110.00
147.50 110.00
148.00 110.00
148.50 110.50
149.00 110.50
149.50 110.50
150.00 111.00
150.50 111.00
151.00 111.50
151.50 111.50
152.00 112.00
152.50 112.00
153.00 112.50
153.50 113.00
154.00 113.50
154.50 114.00
155.00 114.50
155.50 115.00
156.00 115.50
156.50 116.00
157.00 116.50
157.50 117.00
157.50 117.50
158.00 118.00
158.50 118.50
158.50 119.00
158.50 119.50
159.00 120.00
159.00 120.50
159.50 121.00
159.50 121.50
159.50 122.00
160.00 122.50
160.00 123.00
160.00 123.50
160.00 124.00
160.50 124.50
160.50 125.00
160.50 125.50
160.50 126.00
160.50 126.50
160.50 127.00
160.50 127.50
160.50 128.00
160.50 128.50
160.50 129.00
160.50 129.50
160.50 130.00
160.50 130.50
160.50 131.00
160.50 131.50
160.50 132.00
160.50 132.50
160.00 133.00
160.00 133.50
160.00 134.00
160.00 134.50
159.50 135.00
159.50 135.50
159.00 136.00
159.00 136.50
159.00 137.00
158.50 137.50
158.00 138.00
158.00 138.50
157.50 139.00
157.50 139.50
157.00 140.00
156.50 140.50
156.00 141.00
155.50 141.50
155.00 141.50
154.50 142.00
154.00 142.50
153.50 143.00
153.00 143.50
152.50 143.50
152.00 143.50
151.50 144.00
151.00 144.00
150.50 144.50
150.00 144.50
149.50 144.50
149.00 145.00
148.50 145.00
148.00 145.00
147.50 145.00
147.00 145.00
146.50 145.00
146.00 145.00
145.50 145.00
145.00 145.00
144.50 145.00
144.00 145.00
143.50 145.00
143.00 145.00
142.50 144.50
142.00 144.50
141.50 144.50
141.00 144.50
140.50 144.00
140.00 144.00
139.50 144.00
139.00 143.50
138.50 143.50
138.00 143.00
137.50 143.00
137.00 142.50
136.50 142.50
136.00 142.00
135.50 141.50
135.00 141.50
134.50 141.00
134.00 140.50
133.50 140.00
133.00 140.00
132.50 139.50
132.50 139.00
132.00 138.50
131.50 138.00
131.00 137.50
130.50 137.00
130.50 136.50
130.00 136.00
129.50 135.50
129.50 135.00
129.50 134.50
129.00 134.00
129.00 133.50
128.50 133.00
128.50 132.50
128.00 132.00
128.00 131.50
127.50 131.00
127.50 130.50
127.50 130.00
127.00 129.50
127.00 129.00
127.00 128.50
