158.00 126.00
158.00 126.50
158.00 127.00
158.00 127.50
158.00 128.00
157.50 128.50
157.50 129.00
157.00 129.50
156.50 130.00
156.00 130.00
155.50 130.50
155.00 130.50
154.50 130.00
154.50 129.50
154.00 129.00
154.00 128.50
154.00 128.00
154.00 127.50
154.00 127.00
154.00 126.50
154.00 126.00
153.50 125.50
153.00 125.00
152.50 125.00
152.00 125.00
151.50 125.00
151.00 124.50
151.00 124.00
151.00 123.50
151.00 123.00
151.00 122.50
151.50 122.00
151.50 121.50
151.50 121.00
151.50 120.50
152.00 120.00
152.50 120.00
153.00 120.50
153.50 120.50
154.00 121.00
154.50 121.50
155.00 122.00
155.50 122.50
156.00 123.00
156.50 123.50
157.00 124.00
157.50 124.00
158.00 124.50
158.50 125.00
158.50 125.50
