131.00 122.00
131.50 121.50
132.00 121.00
132.00 120.50
132.50 120.00
133.00 119.50
133.50 119.00
134.00 118.50
134.50 118.00
135.00 117.50
135.50 117.00
136.00 117.00
136.50 116.50
137.00 116.00
137.50 116.00
138.00 115.50
138.50 115.50
139.00 115.00
139.50 114.50
140.00 114.50
140.50 114.50
141.00 114.00
141.50 114.00
142.00 114.00
142.50 114.00
143.00 114.00
143.50 114.00
144.00 113.50
144.50 113.50
145.00 113.50
145.50 113.50
146.00 113.50
146.50 113.50
147.00 114.00
147.50 114.00
148.00 114.00
148.50 114.00
149.00 114.00
149.50 114.00
150.00 114.00
150.50 114.00
151.00 114.50
151.50 114.50
152.00 114.50
152.50 115.00
153.00 115.50
153.50 115.50
154.00 116.00
154.50 116.50
155.00 116.50
155.50 117.00
156.00 117.50
156.50 118.00
157.00 118.50
157.00 119.00
157.50 119.50
158.00 120.00
158.00 120.50
158.50 121.00
158.50 121.50
159.00 122.00
159.00 122.50
159.00 123.00
159.50 123.50
159.50 124.00
159.50 124.50
159.50 125.00
159.50 125.50
159.50 126.00
159.50 126.50
159.50 127.00
159.50 127.50
159.50 128.00
159.50 128.50
159.50 129.00
159.50 129.50
159.00 130.00
159.00 130.50
159.00 131.00
158.50 131.50
158.50 132.00
158.00 132.50
158.00 133.00
157.50 133.50
157.50 134.00
157.00 134.50
157.00 135.00
156.50 135.50
156.00 136.00
155.50 136.50
155.00 137.00
154.50 137.50
154.50 138.00
154.00 138.50
153.50 139.00
153.00 139.50
152.50 140.00
152.00 140.50
151.50 140.50
151.00 140.50
150.50 141.00
150.00 141.00
149.50 141.00
149.00 141.50
148.50 141.50
148.00 142.00
147.50 142.00
147.00 142.00
146.50 142.50
146.00 142.50
145.50 142.50
145.00 143.00
144.50 143.00
144.00 143.00
143.50 143.00
143.00 143.00
142.50 143.50
142.00 143.50
141.50 143.50
141.00 143.50
140.50 143.50
140.00 143.50
139.50 143.50
139.00 143.50
138.50 143.50
138.00 143.50
137.50 143.50
137.00 143.00
136.50 143.00
136.00 143.00
135.50 143.00
135.00 143.00
134.50 142.50
134.00 142.50
133.50 142.00
133.00 142.00
132.50 141.50
132.00 141.00
131.50 141.00
131.00 140.50
130.50 140.00
130.00 139.50
129.50 139.00
129.50 138.50
129.00 138.00
129.00 137.50
128.50 137.00
128.50 136.50
128.00 136.00
128.00 135.50
128.00 135.00
127.50 134.50
127.50 134.00
127.00 133.50
127.50 133.00
127.50 132.50
127.50 132.00
127.50 131.50
127.50 131.00
127.50 130.50
127.50 130.00
127.50 129.50
127.50 129.00
128.00 128.50
128.00 128.00
128.00 127.50
128.00 127.00
128.50 126.50
128.50 126.00
129.00 125.50
129.00 125.00
129.50 124.50
129.50 124.00
130.00 123.50
130.00 123.00
130.50 122.50
