150.50 104.00
151.00 104.50
151.50 104.50
152.00 105.00
152.50 105.50
153.00 105.50
153.50 106.00
154.00 106.00
154.50 106.50
155.00 107.00
155.50 107.50
156.00 108.00
156.50 108.00
157.00 108.50
157.50 109.00
158.00 109.50
158.50 110.00
159.00 110.50
159.50 111.00
160.00 111.50
160.00 112.00
160.50 112.50
160.50 113.00
161.00 113.50
161.50 114.00
161.50 114.50
162.00 115.00
162.00 115.50
162.50 116.00
163.00 116.50
163.00 117.00
163.00 117.50
163.50 118.00
163.50 118.50
163.50 119.00
164.00 119.50
164.00 120.00
164.00 120.50
164.50 121.00
164.50 121.50
164.50 122.00
164.50 122.50
165.00 123.00
165.00 123.50
165.00 124.00
165.00 124.50
165.00 125.00
165.00 125.50
165.00 126.00
165.00 126.50
165.00 127.00
165.00 127.50
165.00 128.00
165.00 128.50
165.00 129.00
165.00 129.50
165.00 130.00
164.50 130.50
164.50 131.00
164.50 131.50
164.50 132.00
164.00 132.50
164.00 133.00
164.00 133.50
163.50 134.00
163.50 134.50
163.00 135.00
163.00 135.50
163.00 136.00
162.50 136.50
162.00 137.00
162.00 137.50
161.50 138.00
161.00 138.50
160.50 139.00
160.00 139.50
160.00 140.00
159.50 140.50
159.00 141.00
158.50 141.50
158.00 142.00
157.50 142.00
157.00 142.50
156.50 143.00
156.00 143.50
155.50 143.50
155.00 144.00
154.50 144.00
154.00 144.50
153.50 144.50
153.00 145.00
152.50 145.00
152.00 145.50
151.50 145.50
151.00 146.00
150.50 146.00
150.00 146.00
149.50 146.50
149.00 146.50
148.50 146.50
148.00 147.00
147.50 147.00
147.00 147.00
146.50 147.00
146.00 147.50
145.50 147.50
145.00 147.50
144.50 147.50
144.00 147.50
143.50 148.00
143.00 148.00
142.50 148.00
142.00 148.00
141.50 148.00
141.00 148.00
140.50 148.00
140.00 148.00
139.50 148.00
139.00 148.00
138.50 148.00
138.00 148.00
137.50 148.00
137.00 148.00
136.50 148.00
136.00 148.00
135.50 148.00
135.00 148.00
134.50 147.50
134.00 147.50
133.50 147.50
133.00 147.50
132.50 147.50
132.00 147.50
131.50 147.00
131.00 147.00
130.50 147.00
130.00 146.50
129.50 146.50
129.00 146.50
128.50 146.00
128.00 146.00
127.50 145.50
127.00 145.50
126.50 145.00
126.00 144.50
125.50 144.50
125.00 144.00
124.50 143.50
124.00 143.00
123.50 142.50
123.00 142.00
122.50 141.50
122.00 141.00
121.50 140.50
121.50 140.00
121.00 139.50
120.50 139.00
120.50 138.50
120.50 138.00
120.00 137.50
119.50 137.00
119.50 136.50
119.50 136.00
119.50 135.50
119.00 135.00
119.00 134.50
119.00 134.00
119.00 133.50
119.00 133.00
119.00 132.50
119.00 132.00
119.00 131.50
119.00 131.00
119.00 130.50
119.00 130.00
119.00 129.50
119.50 129.00
119.50 128.50
119.50 128.00
119.50 127.50
120.00 127.00
120.00 126.50
120.00 126.00
120.50 125.50
120.50 125.00
121.00 124.50
121.00 124.00
121.00 123.50
121.50 123.00
121.50 122.50
121.50 122.00
122.00 121.50
122.00 121.00
122.00 120.50
122.50 120.00
122.50 119.50
122.50 119.00
123.00 118.50
123.00 118.00
123.00 117.50
123.50 117.00
123.50 116.50
123.50 116.00
124.00 115.50
124.00 115.00
124.00 114.50
124.50 114.00
124.50 113.50
124.50 113.00
125.00 112.50
125.50 112.00
125.50 111.50
125.50 111.00
126.00 110.50
126.50 110.00
126.50 109.50
127.00 109.00
127.50 108.50
127.50 108.00
128.00 107.50
128.50 107.00
129.00 106.50
129.50 106.00
130.00 106.00
130.50 105.50
131.00 105.00
131.50 104.50
132.00 104.50
132.50 104.00
133.00 103.50
133.50 103.50
134.00 103.50
134.50 103.00
135.00 103.00
135.50 103.00
136.00 102.50
136.50 102.50
137.00 102.50
137.50 102.50
138.00 102.00
138.50 102.00
139.00 102.00
139.50 102.00
140.00 102.00
140.50 102.00
141.00 102.00
141.50 102.00
142.00 102.00
142.50 102.00
143.00 102.00
143.50 102.00
144.00 102.00
144.50 102.00
145.00 102.50
145.50 102.50
146.00 102.50
146.50 102.50
147.00 102.50
147.50 103.00
148.00 103.00
148.50 103.00
149.00 103.00
149.50 103.50
150.00 103.50
