128.00 139.00
127.50 138.50
127.50 138.00
127.00 137.50
127.00 137.00
127.00 136.50
126.50 136.00
126.50 135.50
126.00 135.00
126.00 134.50
126.00 134.00
126.00 133.50
126.00 133.00
125.50 132.50
125.50 132.00
125.50 131.50
125.50 131.00
125.50 130.50
125.50 130.00
125.50 129.50
125.50 129.00
125.50 128.50
125.50 128.00
125.50 127.50
125.50 127.00
125.50 126.50
125.50 126.00
126.00 125.50
126.00 125.00
126.00 124.50
126.00 124.00
126.00 123.50
126.50 123.00
126.50 122.50
126.50 122.00
126.50 121.50
127.00 121.00
127.00 120.50
127.00 120.00
127.50 119.50
127.50 119.00
128.00 118.50
128.00 118.00
128.00 117.50
128.50 117.00
128.50 116.50
129.00 116.00
129.00 115.50
129.50 115.00
129.50 114.50
130.00 114.00
130.00 113.50
130.50 113.00
131.00 112.50
131.00 112.00
131.50 111.50
132.00 111.00
132.00 110.50
132.50 110.00
133.00 109.50
133.00 109.00
133.50 108.50
134.00 108.00
134.50 107.50
135.00 107.00
135.50 106.50
136.00 106.00
136.50 105.50
137.00 105.00
137.50 104.50
138.00 104.00
138.50 104.00
139.00 103.50
139.50 103.00
140.00 103.00
140.50 103.00
141.00 102.50
141.50 102.50
142.00 102.50
142.50 102.50
143.00 102.50
143.50 102.50
144.00 102.50
144.50 102.50
145.00 102.50
145.50 102.50
146.00 102.50
146.50 103.00
147.00 103.00
147.50 103.00
148.00 103.50
148.50 103.50
149.00 103.50
149.50 104.00
150.00 104.00
150.50 104.00
151.00 104.50
151.50 104.50
152.00 105.00
152.50 105.00
153.00 105.50
153.50 106.00
154.00 106.00
154.50 106.50
155.00 106.50
155.50 107.00
156.00 107.00
156.50 107.50
157.00 108.00
157.50 108.00
158.00 108.50
158.50 109.00
159.00 109.50
159.50 110.00
160.00 110.00
160.50 110.50
161.00 111.00
161.50 111.50
162.00 112.00
162.00 112.50
162.50 113.00
163.00 113.50
163.50 114.00
163.50 114.50
164.00 115.00
164.00 115.50
164.00 116.00
164.50 116.50
164.50 117.00
165.00 117.50
165.00 118.00
165.00 118.50
165.00 119.00
165.50 119.50
165.50 120.00
165.50 120.50
165.50 121.00
165.50 121.50
165.50 122.00
165.50 122.50
165.50 123.00
165.50 123.50
165.50 124.00
165.50 124.50
165.50 125.00
165.50 125.50
165.50 126.00
165.50 126.50
165.50 127.00
165.00 127.50
165.00 128.00
165.00 128.50
165.00 129.00
165.00 129.50
164.50 130.00
164.50 130.50
164.50 131.00
164.00 131.50
164.00 132.00
164.00 132.50
163.50 133.00
163.50 133.50
163.00 134.00
163.00 134.50
162.50 135.00
162.00 135.50
162.00 136.00
161.50 136.50
161.50 137.00
161.00 137.50
160.50 138.00
160.50 138.50
160.00 139.00
159.50 139.50
159.00 140.00
158.50 140.50
158.00 141.00
157.50 141.50
157.00 141.50
156.50 142.00
156.00 142.50
155.50 143.00
155.00 143.00
154.50 143.50
154.00 143.50
153.50 144.00
153.00 144.00
152.50 144.50
152.00 144.50
151.50 145.00
151.00 145.00
150.50 145.00
150.00 145.00
149.50 145.50
149.00 145.50
148.50 145.50
148.00 145.50
147.50 146.00
147.00 146.00
146.50 146.00
146.00 146.00
145.50 146.00
145.00 146.00
144.50 146.00
144.00 146.00
143.50 146.00
143.00 146.00
142.50 146.00
142.00 146.00
141.50 146.00
141.00 146.00
140.50 146.00
140.00 146.00
139.50 146.00
139.00 146.00
138.50 146.00
138.00 145.50
137.50 145.50
137.00 145.50
136.50 145.50
136.00 145.00
135.50 145.00
135.00 144.50
134.50 144.50
134.00 144.50
133.50 144.00
133.00 144.00
132.50 143.50
132.00 143.00
131.50 143.00
131.00 142.50
130.50 142.00
130.00 141.50
129.50 141.00
129.00 140.50
128.50 140.00
128.50 139.50
