136.50 113.50
137.00 113.50
137.50 113.50
138.00 113.50
138.50 113.50
139.00 113.50
139.50 113.00
140.00 113.00
140.50 113.00
141.00 113.00
141.50 113.00
142.00 113.00
142.50 113.00
143.00 113.00
143.50 113.00
144.00 113.00
144.50 113.00
145.00 113.00
145.50 113.00
146.00 113.00
146.50 113.50
147.00 113.50
147.50 113.50
148.00 113.50
148.50 113.50
149.00 113.50
149.50 114.00
150.00 114.00
150.50 114.00
151.00 114.00
151.50 114.50
152.00 114.50
152.50 115.00
153.00 115.00
153.50 115.50
154.00 115.50
154.50 116.00
155.00 116.50
155.50 117.00
156.00 117.00
156.50 117.50
157.00 118.00
157.00 118.50
157.50 119.00
158.00 119.50
158.00 120.00
158.50 120.50
159.00 121.00
159.00 121.50
159.00 122.00
159.50 122.50
160.00 123.00
160.00 123.50
160.00 124.00
160.00 124.50
160.50 125.00
160.50 125.50
160.50 126.00
161.00 126.50
161.00 127.00
161.00 127.50
161.00 128.00
161.00 128.50
161.00 129.00
161.00 129.50
161.00 130.00
161.00 130.50
161.00 131.00
161.00 131.50
161.00 132.00
161.00 132.50
160.50 133.00
160.50 133.50
160.50 134.00
160.50 134.50
160.00 135.00
160.00 135.50
160.00 136.00
159.50 136.50
159.50 137.00
159.50 137.50
159.00 138.00
159.00 138.50
158.50 139.00
158.50 139.50
158.00 140.00
157.50 140.50
157.50 141.00
157.00 141.50
157.00 142.00
156.50 142.50
156.00 143.00
155.50 143.50
155.00 144.00
154.50 144.50
154.00 145.00
153.50 145.50
153.00 146.00
152.50 146.50
152.00 146.50
151.50 147.00
151.00 147.50
150.50 147.50
150.00 148.00
149.50 148.50
149.00 148.50
148.50 149.00
148.00 149.00
147.50 149.50
147.00 149.50
146.50 149.50
146.00 150.00
145.50 150.00
145.00 150.00
144.50 150.50
144.00 150.50
143.50 150.50
143.00 150.50
142.50 150.50
142.00 151.00
141.50 151.00
141.00 151.00
140.50 151.00
140.00 151.00
139.50 151.00
139.00 151.00
138.50 151.00
138.00 151.00
137.50 151.00
137.00 151.00
136.50 151.00
136.00 151.00
135.50 151.00
135.00 151.00
134.50 151.00
134.00 150.50
133.50 150.50
133.00 150.50
132.50 150.50
132.00 150.50
131.50 150.00
131.00 150.00
130.50 150.00
130.00 149.50
129.50 149.50
129.00 149.50
128.50 149.00
128.00 149.00
127.50 148.50
127.00 148.50
126.50 148.00
126.00 148.00
125.50 147.50
125.00 147.00
124.50 146.50
124.00 146.00
123.50 145.50
123.00 145.00
123.00 144.50
122.50 144.00
122.00 143.50
122.00 143.00
122.00 142.50
121.50 142.00
121.50 141.50
121.50 141.00
121.50 140.50
121.50 140.00
121.50 139.50
121.00 139.00
121.00 138.50
121.00 138.00
121.00 137.50
121.00 137.00
121.00 136.50
121.00 136.00
121.00 135.50
121.00 135.00
121.00 134.50
121.00 134.00
121.00 133.50
121.00 133.00
121.00 132.50
121.00 132.00
121.00 131.50
121.00 131.00
121.00 130.50
121.00 130.00
121.00 129.50
121.00 129.00
121.00 128.50
121.00 128.00
121.00 127.50
121.00 127.00
121.00 126.50
121.00 126.00
121.00 125.50
121.00 125.00
121.00 124.50
121.00 124.00
121.50 123.50
121.50 123.00
121.50 122.50
121.50 122.00
122.00 121.50
122.50 121.00
122.50 120.50
123.00 120.00
123.00 119.50
123.50 119.00
124.00 118.50
124.50 118.00
125.00 117.50
125.50 117.00
126.00 117.00
126.50 117.00
127.00 116.50
127.50 116.00
128.00 116.00
128.50 115.50
129.00 115.50
129.50 115.00
130.00 115.00
130.50 114.50
131.00 114.50
131.50 114.50
132.00 114.00
132.50 114.00
133.00 114.00
133.50 114.00
134.00 114.00
134.50 114.00
135.00 113.50
135.50 113.50
136.00 113.50
