157.00 105.50
157.50 106.00
158.00 106.00
158.50 106.50
159.00 107.00
159.50 107.50
160.00 107.50
160.50 108.00
161.00 108.50
161.50 109.00
162.00 109.50
162.50 109.50
163.00 110.00
163.50 110.50
163.50 111.00
164.00 111.50
164.50 112.00
165.00 112.50
165.50 113.00
165.50 113.50
165.50 114.00
166.00 114.50
166.50 115.00
166.50 115.50
166.50 116.00
167.00 116.50
167.00 117.00
167.50 117.50
167.50 118.00
167.50 118.50
168.00 119.00
168.00 119.50
168.00 120.00
168.00 120.50
168.00 121.00
168.00 121.50
168.50 122.00
168.50 122.50
168.50 123.00
168.50 123.50
168.50 124.00
168.50 124.50
168.50 125.00
168.50 125.50
168.50 126.00
168.50 126.50
168.50 127.00
168.50 127.50
168.50 128.00
168.50 128.50
168.00 129.00
168.00 129.50
168.00 130.00
168.00 130.50
168.00 131.00
168.00 131.50
167.50 132.00
167.50 132.50
167.50 133.00
167.00 133.50
167.00 134.00
167.00 134.50
166.50 135.00
166.50 135.50
166.50 136.00
166.00 136.50
166.00 137.00
165.50 137.50
165.50 138.00
165.00 138.50
165.00 139.00
164.50 139.50
164.50 140.00
164.00 140.50
164.00 141.00
163.50 141.50
163.50 142.00
163.00 142.50
162.50 143.00
162.50 143.50
162.00 144.00
161.50 144.50
161.50 145.00
161.00 145.50
160.50 146.00
160.00 146.50
160.00 147.00
159.50 147.50
159.00 148.00
158.50 148.50
158.00 149.00
157.50 149.50
157.00 150.00
156.50 150.50
156.00 150.50
155.50 151.00
155.00 151.50
154.50 151.50
154.00 151.50
153.50 152.00
153.00 152.00
152.50 152.50
152.00 152.50
151.50 152.50
151.00 153.00
150.50 153.00
150.00 153.00
149.50 153.00
149.00 153.00
148.50 153.00
148.00 153.00
147.50 153.00
147.00 153.00
146.50 153.00
146.00 153.00
145.50 153.00
145.00 153.00
144.50 153.00
144.00 153.00
143.50 153.00
143.00 153.00
142.50 153.00
142.00 152.50
141.50 152.50
141.00 152.50
140.50 152.50
140.00 152.50
139.50 152.00
139.00 152.00
138.50 152.00
138.00 152.00
137.50 151.50
137.00 151.50
136.50 151.50
136.00 151.00
135.50 151.00
135.00 151.00
134.50 150.50
134.00 150.50
133.50 150.50
133.00 150.00
132.50 150.00
132.00 150.00
131.50 149.50
131.00 149.50
130.50 149.00
130.00 149.00
129.50 148.50
129.00 148.50
128.50 148.00
128.00 148.00
127.50 147.50
127.00 147.00
126.50 146.50
126.00 146.50
125.50 146.00
125.00 145.50
124.50 145.00
124.00 144.50
123.50 144.00
123.00 143.50
123.00 143.00
122.50 142.50
122.00 142.00
122.00 141.50
121.50 141.00
121.50 140.50
121.50 140.00
121.00 139.50
121.00 139.00
121.00 138.50
120.50 138.00
120.50 137.50
120.50 137.00
120.50 136.50
120.00 136.00
120.00 135.50
120.00 135.00
120.00 134.50
120.00 134.00
120.00 133.50
120.00 133.00
120.00 132.50
120.00 132.00
120.00 131.50
120.00 131.00
120.00 130.50
120.00 130.00
120.00 129.50
120.00 129.00
120.00 128.50
120.00 128.00
120.00 127.50
120.00 127.00
120.00 126.50
120.50 126.00
120.50 125.50
120.50 125.00
120.50 124.50
120.50 124.00
121.00 123.50
121.00 123.00
121.00 122.50
121.00 122.00
121.00 121.50
121.50 121.00
121.50 120.50
121.50 120.00
122.00 119.50
122.00 119.00
122.00 118.50
122.50 118.00
122.50 117.50
123.00 117.00
123.00 116.50
123.00 116.00
123.50 115.50
124.00 115.00
124.00 114.50
124.50 114.00
124.50 113.50
125.00 113.00
125.00 112.50
125.50 112.00
125.50 111.50
126.00 111.00
126.50 110.50
127.00 110.00
127.00 109.50
127.50 109.00
128.00 108.50
128.50 108.00
129.00 107.50
129.50 107.00
130.00 106.50
130.50 106.00
131.00 105.50
131.50 105.00
132.00 105.00
132.50 104.50
133.00 104.00
133.50 104.00
134.00 103.50
134.50 103.50
135.00 103.00
135.50 103.00
136.00 102.50
136.50 102.00
137.00 102.00
137.50 102.00
138.00 101.50
138.50 101.50
139.00 101.50
139.50 101.50
140.00 101.00
140.50 101.00
141.00 101.00
141.50 101.00
142.00 100.50
142.50 100.50
143.00 100.50
143.50 100.50
144.00 100.50
144.50 100.50
145.00 100.50
145.50 100.50
146.00 100.50
146.50 100.50
147.00 100.50
147.50 101.00
148.00 101.00
148.50 101.00
149.00 101.00
149.50 101.50
150.00 101.50
150.50 102.00
151.00 102.00
151.50 102.00
152.00 102.50
152.50 102.50
153.00 103.00
153.50 103.00
154.00 103.50
154.50 104.00
155.00 104.00
155.50 104.50
156.00 105.00
156.50 105.00
