156.50 131.00
156.00 130.50
155.50 130.00
155.00 129.50
154.50 129.00
154.50 128.50
154.50 128.00
154.00 127.50
154.00 127.00
153.50 126.50
153.50 126.00
153.50 125.50
153.50 125.00
153.50 124.50
153.50 124.00
153.50 123.50
153.50 123.00
153.50 122.50
153.50 122.00
153.50 121.50
153.00 121.00
153.00 120.50
153.00 120.00
153.50 119.50
154.00 119.50
154.50 119.50
155.00 119.50
155.50 119.50
156.00 119.50
156.50 119.50
157.00 119.50
157.50 120.00
157.50 120.50
157.50 121.00
157.50 121.50
157.50 122.00
157.50 122.50
157.50 123.00
157.50 123.50
157.50 124.00
157.50 124.50
157.50 125.00
157.50 125.50
158.00 126.00
158.00 126.50
158.00 127.00
158.50 127.50
158.50 128.00
158.50 128.50
158.50 129.00
158.50 129.50
158.50 130.00
158.00 130.50
157.50 131.00
157.00 131.00
