163.00 124.50
163.00 125.00
163.00 125.50
163.00 126.00
163.00 126.50
163.00 127.00
162.50 127.50
162.50 128.00
162.50 128.50
163.00 129.00
163.00 129.50
162.50 130.00
162.50 130.50
162.50 131.00
162.00 131.50
162.00 132.00
161.50 132.50
161.50 133.00
161.50 133.50
161.00 134.00
161.00 134.50
160.50 135.00
160.00 135.50
160.00 136.00
159.50 136.50
159.00 137.00
158.50 137.50
158.00 138.00
157.50 138.50
157.00 139.00
156.50 139.50
156.00 139.50
155.50 140.00
155.00 140.00
154.50 140.50
154.00 140.50
153.50 141.00
153.00 141.50
152.50 141.50
152.00 142.00
151.50 142.00
151.00 142.00
150.50 142.50
150.00 142.50
149.50 142.50
149.00 143.00
148.50 143.00
148.00 143.50
147.50 144.00
147.00 144.00
146.50 144.00
146.00 144.00
145.50 144.00
145.00 144.00
144.50 144.00
144.00 144.00
143.50 144.00
143.00 144.00
142.50 143.50
142.00 143.50
141.50 143.50
141.00 143.50
140.50 143.50
140.00 143.00
139.50 143.00
139.00 143.00
138.50 142.50
138.00 142.50
137.50 142.50
137.00 142.00
136.50 142.00
136.00 141.50
135.50 141.00
135.00 140.50
134.50 140.50
134.00 140.00
133.50 140.00
133.00 139.50
132.50 139.00
132.00 138.50
131.50 138.00
131.00 137.50
131.00 137.00
130.50 136.50
130.00 136.00
130.00 135.50
130.00 135.00
129.50 134.50
129.50 134.00
129.50 133.50
129.00 133.00
129.00 132.50
129.00 132.00
129.00 131.50
129.00 131.00
129.00 130.50
129.00 130.00
128.50 129.50
128.50 129.00
128.50 128.50
128.50 128.00
128.50 127.50
128.50 127.00
128.50 126.50
128.50 126.00
128.50 125.50
128.50 125.00
129.00 124.50
129.00 124.00
129.00 123.50
129.00 123.00
129.50 122.50
129.50 122.00
129.50 121.50
130.00 121.00
130.00 120.50
130.50 120.00
130.50 119.50
131.00 119.00
131.50 118.50
131.50 118.00
132.00 117.50
132.50 117.00
133.00 116.50
133.50 116.00
134.00 115.50
134.00 115.00
134.50 114.50
135.00 114.00
135.50 113.50
136.00 113.50
136.50 113.00
137.00 113.00
137.50 112.50
138.00 112.50
138.50 112.00
139.00 111.50
139.50 111.50
140.00 111.50
140.50 111.50
141.00 111.00
141.50 111.00
142.00 111.00
142.50 111.00
143.00 111.00
143.50 111.00
144.00 111.00
144.50 111.00
145.00 111.00
145.50 111.00
146.00 111.00
146.50 111.00
147.00 111.00
147.50 111.00
148.00 111.00
148.50 111.00
149.00 111.00
149.50 111.00
150.00 111.00
150.50 111.00
151.00 111.00
151.50 111.50
152.00 111.50
152.50 111.50
153.00 112.00
153.50 112.00
154.00 112.50
154.50 112.50
155.00 113.00
155.50 113.50
156.00 113.50
156.50 113.00
157.00 113.50
157.50 114.00
158.00 114.50
158.50 115.00
159.00 115.50
159.50 116.00
160.00 116.50
160.50 117.00
161.00 117.50
161.50 118.00
161.50 118.50
162.00 119.00
162.00 119.50
162.00 120.00
162.50 120.50
162.50 121.00
163.00 121.50
163.00 122.00
163.00 122.50
163.00 123.00
163.50 123.50
163.50 124.00
