131.00 140.00
130.50 139.50
130.00 139.00
129.50 138.50
129.00 138.00
128.50 137.50
128.50 137.00
128.00 136.50
128.00 136.00
127.50 135.50
127.50 135.00
127.50 134.50
127.00 134.00
127.00 133.50
126.50 133.00
126.50 132.50
126.50 132.00
126.50 131.50
126.50 131.00
126.00 130.50
126.00 130.00
126.00 129.50
126.00 129.00
126.00 128.50
126.00 128.00
126.00 127.50
126.00 127.00
126.00 126.50
126.00 126.00
126.00 125.50
126.00 125.00
126.00 124.50
126.50 124.00
126.50 123.50
126.50 123.00
126.50 122.50
126.50 122.00
127.00 121.50
127.00 121.00
127.00 120.50
127.50 120.00
127.50 119.50
128.00 119.00
128.00 118.50
128.50 118.00
129.00 117.50
129.00 117.00
129.50 116.50
130.00 116.00
130.50 115.50
131.00 115.00
131.50 114.50
132.00 114.00
132.50 113.50
133.00 113.00
133.50 112.50
134.00 112.00
134.50 112.00
135.00 111.50
135.50 111.00
136.00 111.00
136.50 111.00
137.00 110.50
137.50 110.50
138.00 110.00
138.50 110.00
139.00 110.00
139.50 110.00
140.00 109.50
140.50 109.50
141.00 109.50
141.50 109.50
142.00 109.50
142.50 109.50
143.00 109.50
143.50 109.50
144.00 109.50
144.50 110.00
145.00 110.00
145.50 110.00
146.00 110.00
146.50 110.50
147.00 110.50
147.50 110.50
148.00 111.00
148.50 111.00
149.00 111.50
149.50 111.50
150.00 112.00
150.50 112.00
151.00 112.50
151.50 113.00
152.00 113.00
152.50 113.50
153.00 114.00
153.50 114.50
154.00 115.00
154.50 115.50
155.00 115.50
155.50 116.00
156.00 116.50
156.50 117.00
157.00 117.50
157.00 118.00
157.50 118.50
157.50 119.00
158.00 119.50
158.50 120.00
158.50 120.50
158.50 121.00
159.00 121.50
159.00 122.00
159.50 122.50
159.50 123.00
159.50 123.50
160.00 124.00
160.00 124.50
160.00 125.00
160.00 125.50
160.00 126.00
160.00 126.50
160.00 127.00
160.00 127.50
160.00 128.00
160.00 128.50
160.00 129.00
160.00 129.50
160.00 130.00
159.50 130.50
159.50 131.00
159.50 131.50
159.50 132.00
159.00 132.50
159.00 133.00
159.00 133.50
158.50 134.00
158.50 134.50
158.00 135.00
158.00 135.50
157.50 136.00
157.00 136.50
156.50 137.00
156.00 137.50
155.50 138.00
155.00 138.50
154.50 139.00
154.00 139.00
153.50 139.50
153.00 140.00
152.50 140.00
152.00 140.50
151.50 140.50
151.00 141.00
150.50 141.00
150.00 141.00
149.50 141.50
149.00 141.50
148.50 141.50
148.00 142.00
147.50 142.00
147.00 142.00
146.50 142.00
146.00 142.00
145.50 142.50
145.00 142.50
144.50 142.50
144.00 142.50
143.50 142.50
143.00 142.50
142.50 142.50
142.00 142.50
141.50 142.50
141.00 142.50
140.50 142.50
140.00 142.50
139.50 142.50
139.00 142.50
138.50 142.50
138.00 142.50
137.50 142.50
137.00 142.50
136.50 142.50
136.00 142.50
135.50 142.00
135.00 142.00
134.50 142.00
134.00 141.50
133.50 141.50
133.00 141.50
132.50 141.00
132.00 140.50
131.50 140.50
