126.00 121.50
126.00 121.00
126.50 120.50
126.50 120.00
126.50 119.50
127.00 119.00
127.00 118.50
127.50 118.00
127.50 117.50
127.50 117.00
128.00 116.50
128.50 116.00
128.50 115.50
129.00 115.00
129.00 114.50
129.50 114.00
130.00 113.50
130.50 113.00
131.00 112.50
131.50 112.00
132.00 112.00
132.50 112.00
133.00 111.50
133.50 111.50
134.00 111.50
134.50 111.00
135.00 111.00
135.50 111.00
136.00 111.00
136.50 111.00
137.00 111.00
137.50 111.00
138.00 111.00
138.50 111.00
139.00 111.00
139.50 111.00
140.00 111.50
140.50 111.50
141.00 111.50
141.50 111.50
142.00 112.00
142.50 112.00
143.00 112.50
143.50 112.50
144.00 112.50
144.50 113.00
145.00 113.50
145.50 114.00
146.00 114.50
146.50 115.00
146.50 115.50
147.00 116.00
147.00 116.50
147.50 117.00
147.50 117.50
147.50 118.00
148.00 118.50
148.00 119.00
148.00 119.50
148.00 120.00
148.50 120.50
148.50 121.00
148.50 121.50
148.50 122.00
148.50 122.50
148.50 123.00
148.50 123.50
149.00 124.00
149.00 124.50
149.00 125.00
149.00 125.50
149.00 126.00
149.00 126.50
149.00 127.00
149.00 127.50
149.00 128.00
149.00 128.50
149.00 129.00
149.00 129.50
149.00 130.00
148.50 130.50
148.50 131.00
148.50 131.50
148.50 132.00
148.00 132.50
148.00 133.00
147.50 133.50
147.00 134.00
146.50 134.50
146.00 135.00
145.50 135.50
145.00 136.00
144.50 136.00
144.00 136.50
143.50 136.50
143.00 137.00
142.50 137.00
142.00 137.50
141.50 137.50
141.00 138.00
140.50 138.00
140.00 138.00
139.50 138.50
139.00 138.50
138.50 138.50
138.00 139.00
137.50 139.00
137.00 139.00
136.50 139.00
136.00 139.50
135.50 139.50
135.00 139.50
134.50 139.50
134.00 139.50
133.50 139.50
133.00 139.50
132.50 139.50
132.00 139.00
131.50 139.00
131.00 139.00
130.50 138.50
130.00 138.00
129.50 137.50
129.00 137.50
128.50 137.00
128.50 136.50
128.00 136.00
127.50 135.50
127.00 135.00
127.00 134.50
126.50 134.00
126.00 133.50
126.00 133.00
126.00 132.50
125.50 132.00
125.00 131.50
125.00 131.00
125.00 130.50
125.00 130.00
124.50 129.50
124.50 129.00
124.50 128.50
124.50 128.00
124.50 127.50
124.50 127.00
124.50 126.50
124.50 126.00
124.50 125.50
124.50 125.00
125.00 124.50
125.00 124.00
125.00 123.50
125.50 123.00
125.50 122.50
126.00 122.00
