157.00 128.50
156.50 128.00
156.50 127.50
156.00 127.00
156.00 126.50
155.50 126.00
155.00 125.50
154.50 125.00
154.50 124.50
154.00 124.00
153.50 123.50
153.50 123.00
153.50 122.50
153.50 122.00
153.50 121.50
153.50 121.00
153.50 120.50
154.00 120.00
154.50 119.50
155.00 119.00
155.50 119.00
156.00 118.50
156.50 118.50
157.00 118.50
157.50 119.00
158.00 119.50
158.50 120.00
159.00 120.50
159.50 121.00
160.00 121.50
160.50 122.00
161.00 122.50
161.50 123.00
162.00 123.50
162.00 124.00
162.00 124.50
162.00 125.00
162.00 125.50
161.50 126.00
161.00 126.50
160.50 127.00
160.00 127.00
159.50 127.50
159.00 128.00
158.50 128.00
158.00 128.50
157.50 128.50
