127.00 130.00
127.00 129.50
127.00 129.00
127.00 128.50
127.00 128.00
126.50 127.50
126.50 127.00
126.50 126.50
126.50 126.00
126.50 125.50
126.50 125.00
127.00 124.50
127.00 124.00
127.00 123.50
127.00 123.00
127.50 122.50
127.50 122.00
128.00 121.50
128.50 121.00
129.00 120.50
129.00 120.00
129.50 119.50
130.00 119.50
130.50 119.00
131.00 119.00
131.50 118.50
132.00 118.50
132.50 118.00
133.00 118.00
133.50 117.50
134.00 117.50
134.50 117.00
135.00 116.50
135.50 116.50
136.00 116.50
136.50 116.50
137.00 116.50
137.50 116.50
138.00 116.50
138.50 116.50
139.00 116.50
139.50 117.00
140.00 117.50
140.50 118.00
141.00 118.50
141.50 119.00
141.50 119.50
142.00 120.00
142.00 120.50
142.00 121.00
142.50 121.50
142.50 122.00
142.50 122.50
142.50 123.00
142.50 123.50
142.50 124.00
142.50 124.50
142.50 125.00
142.50 125.50
142.50 126.00
142.50 126.50
142.00 127.00
142.00 127.50
142.00 128.00
141.50 128.50
141.50 129.00
141.00 129.50
140.50 130.00
140.50 130.50
140.00 131.00
139.50 131.50
139.00 132.00
138.50 132.50
138.00 133.00
137.50 133.00
137.00 133.50
136.50 134.00
136.00 134.00
135.50 134.00
135.00 134.50
134.50 134.50
134.00 134.50
133.50 134.50
133.00 134.50
132.50 134.50
132.00 134.50
131.50 134.50
131.00 134.50
130.50 134.50
130.00 134.00
129.50 134.00
129.00 133.50
128.50 133.50
128.00 133.00
127.50 132.50
127.00 132.00
127.00 131.50
127.00 131.00
126.50 130.50
