159.00 124.00
159.00 124.50
159.00 125.00
159.00 125.50
159.00 126.00
159.00 126.50
159.00 127.00
159.00 127.50
159.00 128.00
159.00 128.50
159.00 129.00
159.00 129.50
159.00 130.00
159.00 130.50
159.00 131.00
158.50 131.50
158.50 132.00
158.50 132.50
158.00 133.00
158.00 133.50
158.00 134.00
157.50 134.50
157.00 135.00
156.50 135.50
156.00 136.00
156.00 136.50
155.50 137.00
155.00 137.50
154.50 137.50
154.00 138.00
154.00 138.50
153.50 139.00
153.00 139.50
152.50 139.50
152.00 140.00
151.50 140.50
151.00 140.50
150.50 140.50
150.00 141.00
149.50 141.00
149.00 141.00
148.50 141.50
148.00 141.50
147.50 141.50
147.00 141.50
146.50 142.00
146.00 142.00
145.50 142.00
145.00 142.00
144.50 142.00
144.00 142.00
143.50 142.00
143.00 142.50
142.50 142.50
142.00 142.50
141.50 142.50
141.00 142.50
140.50 142.50
140.00 142.50
139.50 142.50
139.00 142.50
138.50 142.50
138.00 142.50
137.50 142.50
137.00 142.50
136.50 142.50
136.00 142.50
135.50 142.50
135.00 142.50
134.50 142.50
134.00 142.50
133.50 142.50
133.00 142.50
132.50 142.00
132.00 142.00
131.50 142.00
131.00 142.00
130.50 141.50
130.00 141.50
129.50 141.00
129.00 141.00
128.50 140.50
128.00 140.00
127.50 139.50
127.00 139.00
126.50 138.50
126.00 138.00
126.00 137.50
125.50 137.00
125.50 136.50
125.00 136.00
125.00 135.50
124.50 135.00
124.50 134.50
124.50 134.00
124.50 133.50
124.00 133.00
124.00 132.50
124.00 132.00
124.00 131.50
124.00 131.00
123.50 130.50
123.50 130.00
123.50 129.50
123.50 129.00
123.50 128.50
123.50 128.00
123.50 127.50
123.50 127.00
124.00 126.50
124.00 126.00
124.00 125.50
124.00 125.00
124.00 124.50
124.00 124.00
124.50 123.50
124.50 123.00
124.50 122.50
124.50 122.00
125.00 121.50
125.00 121.00
125.00 120.50
125.50 120.00
125.50 119.50
126.00 119.00
126.00 118.50
126.50 118.00
126.50 117.50
126.50 117.00
127.00 116.50
127.50 116.00
127.50 115.50
127.50 115.00
128.00 114.50
128.50 114.00
128.50 113.50
129.00 113.00
129.00 112.50
129.50 112.00
130.00 111.50
130.50 111.00
131.00 110.50
131.50 110.00
132.00 109.50
132.50 109.00
133.00 108.50
133.50 108.50
134.00 108.00
134.50 107.50
135.00 107.50
135.50 107.00
136.00 107.00
136.50 106.50
137.00 106.50
137.50 106.50
138.00 106.00
138.50 106.00
139.00 106.00
139.50 106.00
140.00 106.00
140.50 106.00
141.00 106.00
141.50 106.00
142.00 106.00
142.50 106.00
143.00 106.00
143.50 106.00
144.00 106.00
144.50 106.00
145.00 106.50
145.50 106.50
146.00 106.50
146.50 106.50
147.00 107.00
147.50 107.00
148.00 107.00
148.50 107.50
149.00 108.00
149.50 108.00
150.00 108.50
150.50 108.50
151.00 109.00
151.50 109.00
152.00 109.50
152.50 109.50
153.00 110.00
153.50 110.50
154.00 111.00
154.50 111.50
155.00 112.00
155.50 112.50
155.50 113.00
156.00 113.50
156.50 114.00
157.00 114.50
157.00 115.00
157.50 115.50
157.50 116.00
158.00 116.50
158.00 117.00
158.00 117.50
158.50 118.00
158.50 118.50
158.50 119.00
158.50 119.50
158.50 120.00
158.50 120.50
158.50 121.00
158.50 121.50
158.50 122.00
158.50 122.50
158.50 123.00
158.50 123.50
