151.50 137.00
151.50 137.50
151.50 138.00
151.50 138.50
151.00 139.00
150.50 139.50
150.00 139.50
149.50 140.00
149.00 140.00
148.50 140.00
148.00 140.00
147.50 139.50
147.00 139.50
146.50 140.00
146.00 140.00
145.50 140.50
145.00 141.00
144.50 141.50
144.00 142.00
143.50 142.00
143.00 142.00
142.50 142.00
142.00 142.00
141.50 141.50
141.00 141.00
140.50 141.00
140.00 140.50
140.00 140.00
139.50 139.50
139.50 139.00
140.00 138.50
140.50 138.00
141.00 138.00
141.50 138.00
142.00 138.00
142.50 138.00
143.00 138.00
143.50 138.00
144.00 138.00
144.50 138.00
145.00 138.00
145.50 138.00
146.00 137.50
146.50 137.00
146.50 136.50
147.00 136.00
147.50 135.50
148.00 135.50
148.50 135.50
149.00 135.50
149.50 135.50
150.00 135.50
150.50 135.50
151.00 136.00
151.50 136.50
