145.50 128.00
145.50 128.50
145.50 129.00
145.50 129.50
145.00 130.00
145.00 130.50
145.00 131.00
144.50 131.50
144.50 132.00
144.50 132.50
144.00 133.00
144.00 133.50
144.00 134.00
143.50 134.50
143.00 135.00
142.50 135.00
142.00 135.00
141.50 135.50
141.00 136.00
140.50 136.00
140.00 136.50
139.50 136.50
139.00 136.50
138.50 137.00
138.00 137.00
137.50 137.00
137.00 137.00
136.50 137.00
136.00 137.00
135.50 137.00
135.00 137.00
134.50 137.00
134.00 137.00
133.50 137.00
133.00 137.00
132.50 136.50
132.00 136.50
131.50 136.50
131.00 136.00
130.50 135.50
130.00 135.50
129.50 135.50
129.00 135.00
129.00 134.50
128.50 134.00
128.00 133.50
128.00 133.00
128.00 132.50
127.50 132.00
127.50 131.50
127.00 131.00
127.00 130.50
126.50 130.00
126.50 129.50
126.00 129.00
126.00 128.50
126.00 128.00
126.00 127.50
126.00 127.00
126.00 126.50
126.00 126.00
126.00 125.50
126.50 125.00
126.50 124.50
126.50 124.00
127.00 123.50
127.00 123.00
127.00 122.50
127.50 122.00
127.50 121.50
128.00 121.00
128.50 120.50
128.00 120.00
128.50 119.50
129.00 119.00
129.50 118.50
130.00 118.00
130.50 117.50
131.00 117.00
131.50 116.50
132.00 116.50
132.50 116.00
133.00 116.00
133.50 115.50
134.00 115.50
134.50 115.50
135.00 115.00
135.50 115.00
136.00 115.00
136.50 115.00
137.00 115.00
137.50 115.00
138.00 115.00
138.50 115.00
139.00 115.00
139.50 115.50
140.00 115.50
140.50 115.50
141.00 116.00
141.50 115.50
142.00 116.00
142.50 116.50
142.50 117.00
143.00 117.50
143.50 118.00
144.00 118.50
144.00 119.00
144.50 119.50
144.50 120.00
144.50 120.50
145.00 121.00
145.00 121.50
145.00 122.00
145.50 122.50
145.50 123.00
145.50 123.50
145.50 124.00
145.50 124.50
145.50 125.00
145.50 125.50
145.50 126.00
145.50 126.50
145.50 127.00
145.50 127.50
