141.50 101.50
142.00 101.50
142.50 101.50
143.00 101.50
143.50 101.50
144.00 101.50
144.50 102.00
145.00 102.00
145.50 102.00
146.00 102.00
146.50 102.50
147.00 102.50
147.50 102.50
148.00 103.00
148.50 103.00
149.00 103.00
149.50 103.50
150.00 103.50
150.50 103.50
151.00 104.00
151.50 104.50
152.00 104.50
152.50 104.50
153.00 105.00
153.50 105.50
154.00 105.50
154.50 106.00
155.00 106.00
155.50 106.50
156.00 107.00
156.50 107.00
157.00 107.50
157.50 108.00
158.00 108.50
158.50 108.50
159.00 109.00
159.50 109.50
160.00 110.00
160.50 110.50
161.00 111.00
161.50 111.50
161.50 112.00
162.00 112.50
162.50 113.00
163.00 113.50
163.00 114.00
163.50 114.50
164.00 115.00
164.00 115.50
164.00 116.00
164.50 116.50
164.50 117.00
165.00 117.50
165.00 118.00
165.00 118.50
165.50 119.00
165.50 119.50
165.50 120.00
165.50 120.50
166.00 121.00
166.00 121.50
166.00 122.00
166.00 122.50
166.00 123.00
166.00 123.50
166.50 124.00
166.50 124.50
166.50 125.00
166.50 125.50
166.50 126.00
166.50 126.50
166.50 127.00
166.50 127.50
166.50 128.00
166.50 128.50
166.50 129.00
166.50 129.50
166.50 130.00
166.50 130.50
166.50 131.00
166.50 131.50
166.50 132.00
166.00 132.50
166.00 133.00
166.00 133.50
166.00 134.00
166.00 134.50
165.50 135.00
165.50 135.50
165.50 136.00
165.50 136.50
165.00 137.00
165.00 137.50
165.00 138.00
164.50 138.50
164.50 139.00
164.00 139.50
163.50 140.00
163.50 140.50
163.00 141.00
162.50 141.50
162.00 142.00
161.50 142.50
161.00 143.00
160.50 143.50
160.00 144.00
159.50 144.50
159.00 144.50
158.50 145.00
158.00 145.50
157.50 145.50
157.00 145.50
156.50 146.00
156.00 146.50
155.50 146.50
155.00 146.50
154.50 147.00
154.00 147.00
153.50 147.50
153.00 147.50
152.50 147.50
152.00 148.00
151.50 148.00
151.00 148.00
150.50 148.00
150.00 148.50
149.50 148.50
149.00 148.50
148.50 148.50
148.00 148.50
147.50 148.50
147.00 148.50
146.50 149.00
146.00 149.00
145.50 149.00
145.00 149.00
144.50 149.00
144.00 149.00
143.50 149.00
143.00 149.00
142.50 149.00
142.00 149.00
141.50 148.50
141.00 148.50
140.50 148.50
140.00 148.50
139.50 148.50
139.00 148.50
138.50 148.50
138.00 148.50
137.50 148.00
137.00 148.00
136.50 148.00
136.00 148.00
135.50 147.50
135.00 147.50
134.50 147.50
134.00 147.50
133.50 147.50
133.00 147.00
132.50 147.00
132.00 146.50
131.50 146.50
131.00 146.50
130.50 146.00
130.00 146.00
129.50 145.50
129.00 145.50
128.50 145.50
128.00 145.00
127.50 145.00
127.00 144.50
126.50 144.00
126.00 143.50
125.50 143.50
125.00 143.00
124.50 142.50
124.00 142.50
123.50 142.00
123.50 141.50
123.00 141.00
122.50 140.50
122.00 140.00
122.00 139.50
121.50 139.00
121.50 138.50
121.00 138.00
121.00 137.50
120.50 137.00
120.50 136.50
120.50 136.00
120.50 135.50
120.00 135.00
120.00 134.50
120.00 134.00
120.00 133.50
120.00 133.00
120.00 132.50
120.00 132.00
120.00 131.50
120.00 131.00
120.00 130.50
120.00 130.00
120.00 129.50
120.00 129.00
120.00 128.50
120.50 128.00
120.50 127.50
120.50 127.00
120.50 126.50
120.50 126.00
121.00 125.50
121.00 125.00
121.00 124.50
121.00 124.00
121.50 123.50
121.50 123.00
121.50 122.50
121.50 122.00
122.00 121.50
122.00 121.00
122.00 120.50
122.50 120.00
122.50 119.50
123.00 119.00
123.00 118.50
123.50 118.00
123.50 117.50
124.00 117.00
124.00 116.50
124.50 116.00
124.50 115.50
125.00 115.00
125.50 114.50
125.50 114.00
126.00 113.50
126.00 113.00
126.50 112.50
126.50 112.00
127.00 111.50
127.50 111.00
127.50 110.50
128.00 110.00
128.50 109.50
129.00 109.00
129.50 108.50
129.50 108.00
129.50 107.50
130.00 107.00
130.50 106.50
131.00 106.00
131.50 105.50
132.00 105.00
132.50 104.50
133.00 104.00
133.50 104.00
134.00 103.50
134.50 103.50
135.00 103.00
135.50 103.00
136.00 102.50
136.50 102.50
137.00 102.00
137.50 102.00
138.00 102.00
138.50 101.50
139.00 101.50
139.50 101.50
140.00 101.50
140.50 101.50
141.00 101.50
