127.50 136.00
127.00 135.50
127.00 135.00
127.00 134.50
126.50 134.00
126.50 133.50
126.00 133.00
126.00 132.50
126.00 132.00
125.50 131.50
125.50 131.00
125.50 130.50
125.50 130.00
125.50 129.50
125.50 129.00
125.50 128.50
125.50 128.00
125.50 127.50
125.50 127.00
125.50 126.50
125.50 126.00
126.00 125.50
126.00 125.00
126.00 124.50
126.50 124.00
126.50 123.50
127.00 123.00
127.00 122.50
127.50 122.00
127.50 121.50
128.00 121.00
128.50 120.50
129.00 120.00
129.00 119.50
129.50 119.00
130.00 118.50
130.50 118.50
131.00 118.00
131.50 117.50
132.00 117.50
132.50 117.00
133.00 116.50
133.50 116.50
134.00 116.00
134.50 116.00
135.00 115.50
135.50 115.50
136.00 115.50
136.50 115.00
137.00 115.00
137.50 115.00
138.00 115.00
138.50 115.00
139.00 115.00
139.50 114.50
140.00 114.50
140.50 115.00
141.00 115.00
141.50 115.00
142.00 115.00
142.50 115.00
143.00 115.50
143.50 115.50
144.00 115.50
144.50 116.00
145.00 116.50
145.50 117.00
146.00 117.50
146.50 118.00
147.00 118.50
147.00 119.00
147.50 119.50
148.00 120.00
148.00 120.50
148.50 121.00
148.50 121.50
148.50 122.00
149.00 122.50
149.00 123.00
149.00 123.50
149.00 124.00
149.00 124.50
149.00 125.00
149.00 125.50
149.00 126.00
149.00 126.50
149.00 127.00
149.00 127.50
149.00 128.00
149.00 128.50
149.00 129.00
148.50 129.50
148.50 130.00
148.50 130.50
148.00 131.00
148.00 131.50
148.00 132.00
147.50 132.50
147.00 133.00
147.00 133.50
147.00 134.00
146.50 134.50
146.00 135.00
146.00 135.50
145.50 136.00
145.00 136.50
144.50 136.50
144.00 137.00
143.50 137.50
143.00 138.00
142.50 138.50
142.00 138.50
141.50 139.00
141.00 139.50
140.50 139.50
140.00 139.50
139.50 140.00
139.00 140.00
138.50 140.00
138.00 140.00
137.50 140.50
137.00 140.50
136.50 140.50
136.00 140.50
135.50 140.50
135.00 140.50
134.50 140.50
134.00 140.50
133.50 140.50
133.00 140.00
132.50 140.00
132.00 140.00
131.50 140.00
131.00 139.50
130.50 139.00
130.00 139.00
129.50 138.50
129.00 138.00
128.50 137.50
128.00 137.00
128.00 136.50
