162.00 113.50
162.00 114.00
162.50 114.50
162.50 115.00
162.50 115.50
163.00 116.00
163.00 116.50
163.00 117.00
163.00 117.50
163.50 118.00
163.50 118.50
163.50 119.00
164.00 119.50
164.00 120.00
164.00 120.50
164.00 121.00
164.50 121.50
164.50 122.00
164.50 122.50
164.50 123.00
164.50 123.50
164.50 124.00
164.50 124.50
164.50 125.00
164.50 125.50
164.50 126.00
164.50 126.50
164.50 127.00
164.50 127.50
164.50 128.00
164.50 128.50
164.00 129.00
164.00 129.50
164.00 130.00
163.50 130.50
163.50 131.00
163.50 131.50
163.00 132.00
163.00 132.50
162.50 133.00
162.50 133.50
162.50 134.00
162.00 134.50
162.00 135.00
161.50 135.50
161.50 136.00
161.50 136.50
161.00 137.00
161.00 137.50
160.50 138.00
160.50 138.50
160.00 139.00
160.00 139.50
159.50 140.00
159.50 140.50
159.50 141.00
159.00 141.50
159.00 142.00
158.50 142.50
158.00 143.00
158.00 143.50
157.50 144.00
157.00 144.50
156.50 145.00
156.00 145.50
155.50 146.00
155.00 146.50
154.50 146.50
154.00 147.00
153.50 147.00
153.00 147.50
152.50 147.50
152.00 148.00
151.50 148.00
151.00 148.00
150.50 148.50
150.00 148.50
149.50 148.50
149.00 148.50
148.50 149.00
148.00 149.00
147.50 149.00
147.00 149.00
146.50 149.50
146.00 149.50
145.50 149.50
145.00 149.50
144.50 149.50
144.00 149.50
143.50 149.50
143.00 149.50
142.50 149.50
142.00 149.50
141.50 149.50
141.00 149.50
140.50 149.50
140.00 149.50
139.50 149.50
139.00 149.50
138.50 149.50
138.00 149.00
137.50 149.00
137.00 149.00
136.50 148.50
136.00 148.50
135.50 148.50
135.00 148.00
134.50 148.00
134.00 147.50
133.50 147.00
133.00 147.00
132.50 146.50
132.00 146.00
131.50 145.50
131.00 145.50
130.50 145.00
130.50 144.50
130.00 144.00
129.50 143.50
129.00 143.00
129.00 142.50
128.50 142.00
128.50 141.50
128.00 141.00
128.00 140.50
127.50 140.00
127.50 139.50
127.00 139.00
127.00 138.50
127.00 138.00
126.50 137.50
126.50 137.00
126.50 136.50
126.00 136.00
126.00 135.50
126.00 135.00
126.00 134.50
126.00 134.00
126.00 133.50
125.50 133.00
125.50 132.50
125.50 132.00
125.50 131.50
125.50 131.00
125.50 130.50
125.50 130.00
125.50 129.50
125.50 129.00
125.50 128.50
126.00 128.00
126.00 127.50
126.00 127.00
126.00 126.50
126.50 126.00
126.50 125.50
126.50 125.00
127.00 124.50
127.00 124.00
127.50 123.50
127.50 123.00
127.50 122.50
128.00 122.00
128.00 121.50
128.50 121.00
129.00 120.50
129.00 120.00
129.50 119.50
129.50 119.00
130.00 118.50
130.00 118.00
130.50 117.50
131.00 117.00
131.00 116.50
131.50 116.00
131.50 115.50
132.00 115.00
132.50 114.50
132.50 114.00
133.00 113.50
133.50 113.00
133.50 112.50
134.00 112.00
134.50 111.50
134.50 111.00
135.00 110.50
135.50 110.00
136.00 109.50
136.50 109.50
137.00 109.00
137.50 108.50
138.00 108.00
138.50 107.50
139.00 107.50
139.50 107.00
140.00 107.00
140.50 106.50
141.00 106.50
141.50 106.50
142.00 106.50
142.50 106.00
143.00 106.00
143.50 106.00
144.00 106.00
144.50 106.00
145.00 106.00
145.50 105.50
146.00 105.50
146.50 105.50
147.00 106.00
147.50 106.00
148.00 106.00
148.50 106.00
149.00 106.00
149.50 106.00
150.00 106.00
150.50 106.00
151.00 106.50
151.50 106.50
152.00 106.50
152.50 107.00
153.00 107.00
153.50 107.00
154.00 107.50
154.50 107.50
155.00 108.00
155.50 108.00
156.00 108.50
156.50 109.00
157.00 109.00
157.50 109.50
158.00 110.00
158.50 110.00
159.00 110.50
159.50 111.00
160.00 111.50
160.00 112.00
160.50 112.50
161.00 113.00
161.50 113.00
