158.00 133.00
158.00 133.50
157.50 134.00
157.50 134.50
157.50 135.00
157.00 135.50
157.00 136.00
156.50 136.50
156.50 137.00
156.00 137.50
156.00 138.00
155.50 138.50
155.00 138.50
154.50 138.50
154.00 138.00
153.50 137.50
153.00 137.00
153.00 136.50
152.50 136.00
152.00 135.50
152.00 135.00
151.50 134.50
151.00 134.00
150.50 133.50
150.00 133.00
149.50 132.50
149.00 132.00
148.50 131.50
148.00 131.00
147.50 130.50
147.00 130.00
146.50 130.00
146.00 129.50
145.50 129.00
145.00 128.50
144.50 128.00
144.00 127.50
144.00 127.00
143.50 126.50
143.00 126.00
142.50 125.50
142.50 125.00
142.00 124.50
141.50 124.00
141.50 123.50
141.50 123.00
141.00 122.50
141.00 122.00
141.00 121.50
141.00 121.00
141.00 120.50
141.00 120.00
141.50 119.50
142.00 119.00
142.50 118.50
143.00 118.50
143.50 118.00
144.00 118.00
144.50 117.50
145.00 117.50
145.50 117.50
146.00 117.50
146.50 117.00
147.00 117.00
147.50 117.00
148.00 117.00
148.50 117.00
149.00 117.00
149.50 117.00
150.00 117.00
150.50 117.00
151.00 117.00
151.50 117.00
152.00 117.50
152.50 117.50
153.00 118.00
153.50 118.50
153.50 119.00
154.00 119.50
154.00 120.00
154.00 120.50
154.00 121.00
154.00 121.50
154.00 122.00
154.50 122.50
154.50 123.00
155.00 123.50
155.50 124.00
156.00 124.50
156.50 125.00
157.00 125.50
157.50 126.00
158.00 126.50
158.00 127.00
158.50 127.50
158.50 128.00
158.50 128.50
158.50 129.00
158.50 129.50
158.50 130.00
158.50 130.50
158.50 131.00
158.50 131.50
158.00 132.00
157.50 132.50
