148.50 119.50
149.00 119.50
149.50 119.50
150.00 119.50
150.50 119.50
151.00 119.50
151.50 120.00
152.00 120.00
152.50 120.50
153.00 121.00
153.00 121.50
153.50 122.00
153.50 122.50
153.50 123.00
153.00 123.50
153.00 124.00
153.00 124.50
152.50 125.00
152.50 125.50
152.00 126.00
151.50 126.50
151.00 127.00
150.50 127.00
150.00 127.50
149.50 127.50
149.00 127.50
148.50 127.50
148.00 127.50
147.50 127.00
147.00 126.50
147.00 126.00
147.00 125.50
147.00 125.00
147.00 124.50
147.00 124.00
147.00 123.50
147.00 123.00
147.00 122.50
147.00 122.00
147.00 121.50
147.50 121.00
147.50 120.50
148.00 120.00
