111.00 107.50
111.50 107.00
111.50 106.50
112.00 106.00
112.00 105.50
112.50 105.00
112.50 104.50
112.50 104.00
113.00 103.50
113.50 103.00
114.00 102.50
114.50 102.00
115.00 101.50
115.50 101.00
116.00 100.50
116.50 100.50
117.00 100.50
117.50 100.00
118.00 100.00
118.50 100.00
119.00 100.00
119.50 100.00
120.00 100.00
120.50 100.00
121.00 100.50
121.50 100.50
122.00 100.00
122.50 99.50
123.00 99.50
123.50 99.50
124.00 99.00
124.50 99.00
125.00 99.00
125.50 99.00
126.00 99.00
126.50 98.50
127.00 98.50
127.50 98.50
128.00 98.50
128.50 98.50
129.00 98.50
129.50 98.50
130.00 98.50
130.50 98.50
131.00 98.50
131.50 98.50
132.00 98.50
132.50 99.00
133.00 99.00
133.50 99.00
134.00 99.00
134.50 99.50
135.00 99.50
135.50 99.50
136.00 100.00
136.50 100.00
137.00 100.00
137.50 100.50
138.00 100.50
138.50 101.00
139.00 101.00
139.50 101.50
140.00 101.50
140.50 102.00
141.00 102.50
141.50 103.00
142.00 103.00
142.50 103.50
143.00 104.00
143.50 104.50
144.00 105.00
144.50 105.50
145.00 106.00
145.50 106.50
145.50 107.00
146.00 107.50
146.50 108.00
146.50 108.50
147.00 109.00
147.50 109.50
147.50 110.00
148.00 110.50
148.00 111.00
148.50 111.50
148.50 112.00
148.50 112.50
149.00 113.00
149.00 113.50
149.50 114.00
149.50 114.50
149.50 115.00
150.00 115.50
150.00 116.00
150.00 116.50
150.50 117.00
150.50 117.50
150.50 118.00
150.50 118.50
151.00 119.00
151.00 119.50
151.00 120.00
151.00 120.50
151.00 121.00
151.50 121.50
151.50 122.00
151.50 122.50
151.50 123.00
151.50 123.50
151.50 124.00
151.50 124.50
151.50 125.00
152.00 125.50
152.00 126.00
152.00 126.50
152.00 127.00
152.00 127.50
152.00 128.00
152.00 128.50
152.00 129.00
152.00 129.50
152.00 130.00
152.00 130.50
152.00 131.00
152.00 131.50
152.00 132.00
152.00 132.50
152.00 133.00
152.00 133.50
152.00 134.00
152.00 134.50
152.00 135.00
152.00 135.50
152.00 136.00
152.00 136.50
152.00 137.00
152.00 137.50
151.50 138.00
151.50 138.50
151.50 139.00
151.50 139.50
151.00 140.00
151.00 140.50
151.00 141.00
151.00 141.50
150.50 142.00
150.50 142.50
150.50 143.00
150.00 143.50
150.00 144.00
149.50 144.50
149.50 145.00
149.00 145.50
149.00 146.00
149.00 146.50
148.50 147.00
148.00 147.50
148.00 148.00
147.50 148.50
147.00 149.00
146.50 149.50
146.50 150.00
146.00 150.50
145.50 151.00
145.00 151.50
144.50 152.00
144.00 152.50
143.50 153.00
143.00 153.00
142.50 153.50
142.00 153.50
141.50 154.00
141.00 154.50
140.50 154.50
140.00 155.00
139.50 155.00
139.00 155.50
138.50 155.50
138.00 155.50
137.50 156.00
137.00 156.00
136.50 156.00
136.00 156.50
135.50 156.50
135.00 156.50
134.50 156.50
134.00 157.00
133.50 157.00
133.00 157.00
132.50 157.00
132.00 157.00
131.50 157.00
131.00 157.50
130.50 157.50
130.00 157.50
129.50 157.50
129.00 157.50
128.50 157.50
128.00 157.50
127.50 157.50
127.00 157.50
126.50 157.50
126.00 157.50
125.50 157.50
125.00 157.50
124.50 157.50
124.00 157.50
123.50 157.50
123.00 157.50
122.50 157.50
122.00 157.50
121.50 157.50
121.00 157.50
120.50 157.50
120.00 157.50
119.50 157.50
119.00 157.50
118.50 157.00
118.00 157.00
117.50 157.00
117.00 157.00
116.50 156.50
116.00 156.50
115.50 156.50
115.00 156.50
114.50 156.00
114.00 156.00
113.50 156.00
113.00 155.50
112.50 155.50
112.00 155.50
111.50 155.00
111.00 154.50
110.50 154.50
110.00 154.50
109.50 154.00
109.00 153.50
108.50 153.50
108.00 153.00
107.50 152.50
107.00 152.00
106.50 151.50
106.00 151.00
105.50 150.50
105.50 150.00
105.00 149.50
104.50 149.00
104.50 148.50
104.00 148.00
104.00 147.50
104.00 147.00
103.50 146.50
103.50 146.00
103.50 145.50
103.00 145.00
103.00 144.50
103.00 144.00
103.00 143.50
102.50 143.00
102.50 142.50
102.50 142.00
102.50 141.50
102.50 141.00
102.50 140.50
102.50 140.00
102.50 139.50
102.50 139.00
102.50 138.50
102.50 138.00
102.50 137.50
102.50 137.00
102.50 136.50
102.50 136.00
102.50 135.50
102.50 135.00
102.50 134.50
102.50 134.00
102.50 133.50
102.50 133.00
102.50 132.50
102.50 132.00
102.50 131.50
102.50 131.00
102.50 130.50
102.50 130.00
102.50 129.50
102.00 129.00
102.00 128.50
102.00 128.00
102.00 127.50
102.00 127.00
102.00 126.50
102.00 126.00
102.00 125.50
102.00 125.00
102.00 124.50
102.00 124.00
102.00 123.50
102.00 123.00
102.00 122.50
102.00 122.00
102.50 121.50
102.50 121.00
102.50 120.50
102.50 120.00
103.00 119.50
103.00 119.00
103.00 118.50
103.50 118.00
103.50 117.50
103.50 117.00
104.00 116.50
104.00 116.00
104.50 115.50
105.00 115.00
105.00 114.50
105.00 114.00
105.50 113.50
106.00 113.00
106.50 112.50
106.50 112.00
106.50 111.50
107.00 111.00
107.50 110.50
108.00 111.00
108.50 110.50
109.00 110.00
109.50 109.50
110.00 109.00
110.00 108.50
110.50 108.00
