104.50 112.00
105.00 111.50
105.00 111.00
105.50 110.50
106.00 110.00
106.00 109.50
106.50 109.00
107.00 108.50
107.50 108.00
108.00 107.50
108.00 107.00
108.50 106.50
109.00 106.50
109.50 106.00
110.00 105.50
110.50 105.00
111.00 104.50
111.50 104.00
112.00 103.50
112.50 103.50
113.00 103.00
113.50 102.50
114.00 102.00
114.50 101.50
115.00 101.50
115.50 101.00
116.00 101.00
116.50 100.50
117.00 100.00
117.50 100.00
118.00 99.50
118.50 99.00
119.00 99.00
119.50 99.00
120.00 98.50
120.50 98.50
121.00 98.00
121.50 98.00
122.00 98.00
122.50 97.50
123.00 97.50
123.50 97.50
124.00 97.50
124.50 97.50
125.00 97.50
125.50 97.50
126.00 97.50
126.50 97.50
127.00 98.00
127.50 98.00
128.00 98.00
128.50 98.50
129.00 98.50
129.50 98.50
130.00 99.00
130.50 99.00
131.00 99.50
131.50 100.00
132.00 100.00
132.50 100.50
133.00 100.50
133.50 101.00
134.00 101.50
134.50 101.50
135.00 102.00
135.50 102.50
136.00 103.00
136.50 103.00
137.00 103.50
137.50 104.00
138.00 104.50
138.50 104.50
139.00 105.00
139.50 105.00
140.00 105.50
140.50 106.00
141.00 106.50
141.50 107.00
142.00 107.50
142.50 108.00
143.00 108.50
143.50 109.00
144.00 109.50
144.50 110.00
144.50 110.50
145.00 111.00
145.50 111.50
145.50 112.00
145.50 112.50
146.00 113.00
146.00 113.50
146.00 114.00
146.00 114.50
146.50 115.00
146.50 115.50
146.50 116.00
146.50 116.50
146.50 117.00
147.00 117.50
147.00 118.00
147.00 118.50
147.00 119.00
147.00 119.50
147.00 120.00
147.00 120.50
147.00 121.00
147.50 121.50
147.50 122.00
147.50 122.50
147.50 123.00
147.50 123.50
147.50 124.00
148.00 124.50
148.00 125.00
148.00 125.50
148.00 126.00
148.50 126.50
148.50 127.00
148.50 127.50
148.50 128.00
148.50 128.50
148.50 129.00
149.00 129.50
149.00 130.00
149.00 130.50
149.00 131.00
149.00 131.50
149.00 132.00
149.00 132.50
149.00 133.00
149.00 133.50
149.00 134.00
149.00 134.50
149.00 135.00
149.00 135.50
148.50 136.00
148.50 136.50
148.50 137.00
148.00 137.50
148.00 138.00
147.50 138.50
147.50 139.00
147.00 139.50
147.00 140.00
146.50 140.50
146.00 141.00
146.00 141.50
145.50 142.00
145.00 142.50
144.50 143.00
144.00 143.50
143.50 144.00
143.00 144.50
142.50 145.00
142.00 145.50
141.50 146.00
141.00 146.50
140.50 147.00
140.00 147.00
139.50 147.50
139.00 148.00
138.50 148.50
138.00 148.50
137.50 149.00
137.00 149.50
136.50 149.50
136.00 150.00
135.50 150.50
135.00 150.50
134.50 151.00
134.00 151.00
133.50 151.50
133.00 151.50
132.50 152.00
132.00 152.00
131.50 152.50
131.00 152.50
130.50 153.00
130.00 153.00
129.50 153.00
129.00 153.50
128.50 153.50
128.00 153.50
127.50 153.50
127.00 153.50
126.50 154.00
126.00 154.00
125.50 154.00
125.00 154.00
124.50 154.00
124.00 154.00
123.50 154.00
123.00 154.00
122.50 154.00
122.00 154.00
121.50 154.00
121.00 154.00
120.50 154.00
120.00 154.00
119.50 153.50
119.00 153.50
118.50 153.50
118.00 153.50
117.50 153.00
117.00 153.00
116.50 153.00
116.00 153.00
115.50 152.50
115.00 152.50
114.50 152.50
114.00 152.00
113.50 151.50
113.00 151.50
112.50 151.50
112.00 151.00
111.50 150.50
111.00 150.50
110.50 150.00
110.00 149.50
109.50 149.50
109.00 149.00
108.50 148.50
108.00 148.00
107.50 147.50
107.00 147.00
106.50 146.50
106.00 146.00
105.50 145.50
105.00 145.00
105.00 144.50
104.50 144.00
104.50 143.50
104.00 143.00
103.50 142.50
103.00 142.00
103.00 141.50
102.50 141.00
102.50 140.50
102.00 140.00
102.00 139.50
102.00 139.00
101.50 138.50
101.50 138.00
101.50 137.50
101.00 137.00
101.00 136.50
101.00 136.00
101.00 135.50
100.50 135.00
100.50 134.50
100.50 134.00
100.50 133.50
100.50 133.00
100.50 132.50
100.00 132.00
100.00 131.50
100.00 131.00
100.00 130.50
100.00 130.00
100.00 129.50
100.00 129.00
100.00 128.50
100.00 128.00
100.00 127.50
100.00 127.00
100.00 126.50
100.50 126.00
100.50 125.50
100.50 125.00
100.50 124.50
100.50 124.00
100.50 123.50
100.50 123.00
101.00 122.50
101.00 122.00
101.00 121.50
101.00 121.00
101.00 120.50
101.50 120.00
101.50 119.50
101.50 119.00
101.50 118.50
102.00 118.00
102.00 117.50
102.00 117.00
102.50 116.50
102.50 116.00
103.00 115.50
103.00 115.00
103.00 114.50
103.50 114.00
103.50 113.50
104.00 113.00
104.00 112.50
