111.50 156.00
111.00 156.00
110.50 155.50
110.00 155.50
109.50 155.00
109.00 155.00
108.50 154.50
108.00 154.50
107.50 154.00
107.00 154.00
106.50 153.50
106.00 153.00
105.50 153.00
105.00 152.50
104.50 152.00
104.00 151.50
103.50 151.00
103.00 150.50
102.50 150.00
102.00 149.50
101.50 149.00
101.00 148.50
101.00 148.00
101.00 147.50
100.50 147.00
100.50 146.50
100.50 146.00
100.50 145.50
100.50 145.00
100.00 144.50
100.00 144.00
100.00 143.50
100.00 143.00
100.00 142.50
100.00 142.00
100.00 141.50
100.00 141.00
100.00 140.50
100.00 140.00
100.00 139.50
100.00 139.00
100.00 138.50
100.00 138.00
100.00 137.50
100.00 137.00
100.00 136.50
100.00 136.00
100.00 135.50
100.00 135.00
100.00 134.50
100.00 134.00
100.00 133.50
99.50 133.00
99.50 132.50
99.50 132.00
99.50 131.50
99.50 131.00
99.50 130.50
99.50 130.00
99.50 129.50
99.50 129.00
99.50 128.50
99.50 128.00
99.50 127.50
99.50 127.00
99.50 126.50
100.00 126.00
100.00 125.50
100.00 125.00
100.00 124.50
100.50 124.00
100.50 123.50
100.50 123.00
101.00 122.50
101.00 122.00
101.50 121.50
101.50 121.00
102.00 120.50
102.00 120.00
102.50 119.50
103.00 119.00
103.00 118.50
103.50 118.00
103.50 117.50
104.00 117.00
104.50 116.50
105.00 116.00
105.50 115.50
105.50 115.00
105.50 114.50
105.50 114.00
106.00 113.50
106.50 113.00
106.50 112.50
106.50 112.00
107.00 111.50
107.50 111.00
107.50 110.50
108.00 110.00
108.50 109.50
109.00 109.00
109.50 108.50
110.00 108.00
110.50 107.50
111.00 107.00
111.50 106.50
111.50 106.00
112.00 105.50
112.50 105.50
113.00 105.00
113.50 104.50
114.00 104.00
114.50 104.00
115.00 103.50
115.50 103.00
116.00 102.50
116.50 102.50
117.00 102.00
117.50 101.50
118.00 101.50
118.50 101.00
119.00 101.00
119.50 100.50
120.00 100.50
120.50 100.50
121.00 100.00
121.50 100.00
122.00 100.00
122.50 99.50
123.00 99.50
123.50 99.50
124.00 99.00
124.50 99.00
125.00 99.00
125.50 99.00
126.00 99.00
126.50 99.00
127.00 99.00
127.50 99.00
128.00 99.00
128.50 99.00
129.00 99.00
129.50 99.00
130.00 99.50
130.50 99.50
131.00 99.50
131.50 99.50
132.00 100.00
132.50 100.00
133.00 100.00
133.50 100.50
134.00 100.50
134.50 101.00
135.00 101.00
135.50 101.50
136.00 102.00
136.50 102.00
137.00 102.50
137.50 103.00
138.00 103.00
138.50 103.50
138.50 104.00
139.00 104.50
139.50 104.50
140.00 105.00
140.50 105.50
141.00 106.00
141.50 106.50
142.00 106.50
142.50 107.00
142.50 107.50
143.00 108.00
143.50 108.50
144.00 109.00
144.50 109.50
144.50 110.00
145.00 110.50
145.50 111.00
146.00 111.50
146.50 112.00
146.50 112.50
147.00 113.00
147.50 113.50
148.00 114.00
148.00 114.50
148.00 115.00
148.50 115.50
149.00 116.00
149.00 116.50
149.50 117.00
149.50 117.50
150.00 118.00
150.00 118.50
150.50 119.00
150.50 119.50
150.50 120.00
151.00 120.50
151.00 121.00
151.00 121.50
151.50 122.00
151.50 122.50
151.50 123.00
151.50 123.50
151.50 124.00
152.00 124.50
152.00 125.00
152.00 125.50
152.00 126.00
152.00 126.50
152.00 127.00
152.00 127.50
152.00 128.00
152.00 128.50
152.00 129.00
152.00 129.50
152.00 130.00
152.00 130.50
152.00 131.00
152.00 131.50
152.00 132.00
152.00 132.50
152.00 133.00
152.00 133.50
152.00 134.00
152.00 134.50
151.50 135.00
151.50 135.50
151.50 136.00
151.50 136.50
151.50 137.00
151.00 137.50
151.00 138.00
151.00 138.50
151.00 139.00
150.50 139.50
150.50 140.00
150.50 140.50
150.00 141.00
150.00 141.50
150.00 142.00
150.00 142.50
149.50 143.00
149.50 143.50
149.00 144.00
149.00 144.50
148.50 145.00
148.50 145.50
148.00 146.00
148.00 146.50
147.50 147.00
147.50 147.50
147.00 148.00
146.50 148.50
146.50 149.00
146.00 149.50
145.50 150.00
145.50 150.50
145.00 151.00
144.50 151.50
144.00 152.00
143.50 152.50
143.50 153.00
143.00 153.50
142.50 153.50
142.00 154.00
141.50 154.50
141.00 155.00
140.50 155.50
140.00 155.50
139.50 156.00
139.00 156.00
138.50 156.50
138.00 156.50
137.50 157.00
137.00 157.00
136.50 157.00
136.00 157.50
135.50 157.50
135.00 158.00
134.50 158.00
134.00 158.00
133.50 158.50
133.00 158.50
132.50 158.50
132.00 158.50
131.50 158.50
131.00 159.00
130.50 159.00
130.00 159.00
129.50 159.00
129.00 159.00
128.50 159.00
128.00 159.00
127.50 159.00
127.00 159.00
126.50 159.00
126.00 159.00
125.50 159.00
125.00 159.00
124.50 159.00
124.00 159.00
123.50 159.00
123.00 159.00
122.50 159.00
122.00 159.00
121.50 159.00
121.00 159.00
120.50 158.50
120.00 158.50
119.50 158.50
119.00 158.50
118.50 158.50
118.00 158.00
117.50 158.00
117.00 158.00
116.50 157.50
116.00 157.50
115.50 157.50
115.00 157.00
114.50 157.00
114.00 157.00
113.50 156.50
113.00 156.50
112.50 156.00
112.00 156.00
