109.50 105.00
110.00 104.50
110.50 104.00
111.00 103.50
111.50 103.00
111.50 102.50
112.00 102.00
112.50 102.00
113.00 101.50
113.50 101.00
114.00 100.50
114.50 100.00
115.00 99.50
115.50 99.00
116.00 99.00
116.50 98.50
117.00 98.00
117.50 97.50
118.00 97.00
118.50 97.00
119.00 96.50
119.50 96.50
120.00 96.00
120.50 96.00
121.00 95.50
121.50 95.50
122.00 95.00
122.50 95.00
123.00 94.50
123.50 94.50
124.00 94.00
124.50 94.00
125.00 94.00
125.50 94.00
126.00 93.50
126.50 93.50
127.00 93.50
127.50 93.50
128.00 93.50
128.50 93.50
129.00 93.50
129.50 93.50
130.00 93.50
130.50 93.50
131.00 93.50
131.50 93.50
132.00 93.50
132.50 93.50
133.00 93.50
133.50 93.50
134.00 93.50
134.50 93.50
135.00 94.00
135.50 94.00
136.00 94.00
136.50 94.00
137.00 94.00
137.50 94.50
138.00 94.50
138.50 94.50
139.00 94.50
139.50 95.00
140.00 95.00
140.50 95.00
141.00 95.50
141.50 95.50
142.00 96.00
142.50 96.00
143.00 96.50
143.50 96.50
144.00 97.00
144.50 97.00
145.00 97.50
145.50 97.50
146.00 98.00
146.50 98.00
147.00 98.50
147.50 98.50
148.00 99.00
148.50 99.50
149.00 99.50
149.50 100.00
150.00 100.50
150.50 101.00
151.00 101.00
151.50 101.50
152.00 102.00
152.50 102.50
153.00 103.00
153.50 103.50
154.00 104.00
154.50 104.50
155.00 105.00
155.50 105.50
156.00 106.00
156.50 106.50
156.50 107.00
157.00 107.50
157.00 108.00
157.50 108.50
158.00 109.00
158.00 109.50
158.00 110.00
158.50 110.50
158.50 111.00
158.50 111.50
159.00 112.00
159.00 112.50
159.00 113.00
159.00 113.50
159.50 114.00
159.50 114.50
159.50 115.00
159.50 115.50
159.50 116.00
159.50 116.50
159.50 117.00
159.50 117.50
160.00 118.00
160.00 118.50
160.00 119.00
160.00 119.50
160.00 120.00
160.00 120.50
159.50 121.00
159.00 121.50
159.50 122.00
159.50 122.50
159.50 123.00
159.50 123.50
159.50 124.00
159.50 124.50
159.50 125.00
159.50 125.50
159.50 126.00
159.50 126.50
159.00 127.00
159.00 127.50
159.00 128.00
159.00 128.50
159.00 129.00
159.00 129.50
159.00 130.00
159.00 130.50
158.50 131.00
158.50 131.50
158.50 132.00
158.50 132.50
158.00 133.00
158.00 133.50
158.00 134.00
158.00 134.50
157.50 135.00
157.50 135.50
157.50 136.00
157.50 136.50
157.00 137.00
157.00 137.50
157.00 138.00
156.50 138.50
156.50 139.00
156.00 139.50
156.00 140.00
156.00 140.50
155.50 141.00
155.50 141.50
155.00 142.00
154.50 142.50
154.50 143.00
154.00 143.50
154.00 144.00
154.00 144.50
153.50 145.00
153.50 145.50
153.00 146.00
152.50 146.50
152.50 147.00
152.00 147.50
151.50 148.00
151.50 148.50
151.00 149.00
150.50 149.50
150.50 150.00
150.00 150.50
149.50 151.00
149.00 151.50
148.50 152.00
148.00 152.50
147.50 153.00
147.00 153.50
146.50 154.00
146.00 154.50
145.50 155.00
145.00 155.50
144.50 155.50
144.00 156.00
143.50 156.50
143.00 156.50
142.50 157.00
142.00 157.50
141.50 157.50
141.00 158.00
140.50 158.00
140.00 158.50
139.50 158.50
139.00 159.00
138.50 159.00
138.00 159.00
137.50 159.50
137.00 159.50
136.50 160.00
136.00 160.00
135.50 160.00
135.00 160.00
134.50 160.50
134.00 160.50
133.50 160.50
133.00 160.50
132.50 161.00
132.00 161.00
131.50 161.00
131.00 161.00
130.50 161.00
130.00 161.00
129.50 161.50
129.00 161.50
128.50 161.50
128.00 161.50
127.50 161.50
127.00 161.50
126.50 161.50
126.00 161.50
125.50 161.50
125.00 161.50
124.50 161.50
124.00 161.50
123.50 161.50
123.00 161.50
122.50 161.50
122.00 161.50
121.50 161.50
121.00 161.00
120.50 161.00
120.00 161.00
119.50 161.00
119.00 161.00
118.50 161.00
118.00 161.00
117.50 160.50
117.00 160.50
116.50 160.50
116.00 160.50
115.50 160.00
115.00 160.00
114.50 160.00
114.00 160.00
113.50 159.50
113.00 159.50
112.50 159.00
112.00 159.00
111.50 159.00
111.00 158.50
110.50 158.50
110.00 158.00
109.50 158.00
109.00 158.00
108.50 157.50
108.00 157.00
107.50 157.00
107.00 156.50
106.50 156.50
106.00 156.00
105.50 156.00
105.00 155.50
104.50 155.00
104.00 155.00
103.50 154.50
103.00 154.00
102.50 154.00
102.00 153.50
101.50 153.00
101.00 152.50
100.50 152.00
100.00 151.50
99.50 151.00
99.00 150.50
98.50 150.00
98.00 149.50
97.50 149.00
97.00 148.50
97.00 148.00
96.50 147.50
96.00 147.00
96.50 146.50
96.50 146.00
96.00 145.50
96.00 145.00
96.00 144.50
95.50 144.00
95.50 143.50
95.50 143.00
95.00 142.50
95.00 142.00
95.00 141.50
95.00 141.00
94.50 140.50
94.50 140.00
94.50 139.50
94.50 139.00
94.50 138.50
94.00 138.00
94.00 137.50
94.00 137.00
94.00 136.50
94.00 136.00
94.00 135.50
94.00 135.00
94.00 134.50
94.00 134.00
94.00 133.50
94.00 133.00
94.00 132.50
94.00 132.00
94.50 131.50
94.50 131.00
94.50 130.50
94.50 130.00
95.00 129.50
95.00 129.00
95.00 128.50
95.50 128.00
95.50 127.50
95.50 127.00
96.00 126.50
96.00 126.00
96.50 125.50
96.50 125.00
97.00 124.50
97.00 124.00
97.50 123.50
97.50 123.00
98.00 122.50
98.00 122.00
98.50 121.50
98.50 121.00
98.50 120.50
99.00 120.00
99.00 119.50
99.00 119.00
99.50 118.50
99.50 118.00
100.00 117.50
100.00 117.00
100.50 116.50
100.50 116.00
100.50 115.50
101.00 115.00
101.00 114.50
101.50 114.00
102.00 113.50
102.00 113.00
102.00 112.50
102.50 112.00
103.00 111.50
103.50 111.00
103.50 110.50
103.50 110.00
104.00 109.50
104.50 109.00
105.00 108.50
105.50 108.00
106.00 107.50
106.50 107.00
107.00 106.50
107.50 106.00
108.00 105.50
108.50 105.00
109.00 105.00
