95.50 126.50
95.50 126.00
95.50 125.50
95.50 125.00
95.50 124.50
95.50 124.00
95.50 123.50
95.50 123.00
95.50 122.50
96.00 122.00
96.00 121.50
96.00 121.00
96.00 120.50
96.00 120.00
96.00 119.50
96.00 119.00
96.00 118.50
96.50 118.00
96.50 117.50
96.50 117.00
96.50 116.50
97.00 116.00
97.00 115.50
97.00 115.00
97.50 114.50
97.50 114.00
98.00 113.50
98.00 113.00
98.00 112.50
98.50 112.00
99.00 111.50
99.00 111.00
99.50 110.50
100.00 110.00
100.00 109.50
100.50 109.00
101.00 108.50
101.00 108.00
101.50 107.50
102.00 107.00
102.50 106.50
103.00 106.00
103.00 105.50
103.50 105.00
104.00 104.50
104.50 104.00
105.00 103.50
105.50 103.00
106.00 102.50
106.50 102.00
107.00 101.50
107.50 101.00
108.00 100.50
108.50 100.00
109.00 100.00
109.50 99.50
110.00 99.50
110.50 99.00
111.00 99.00
111.50 98.50
112.00 98.50
112.50 98.00
113.00 98.00
113.50 97.50
114.00 97.50
114.50 97.50
115.00 97.00
115.50 97.00
116.00 97.00
116.50 96.50
117.00 96.50
117.50 96.50
118.00 96.50
118.50 96.00
119.00 96.00
119.50 96.00
120.00 96.00
120.50 96.00
121.00 96.00
121.50 96.00
122.00 95.50
122.50 95.50
123.00 95.50
123.50 95.50
124.00 95.50
124.50 95.50
125.00 95.50
125.50 95.50
126.00 95.50
126.50 95.50
127.00 96.00
127.50 96.00
128.00 96.00
128.50 96.00
129.00 96.00
129.50 96.00
130.00 96.50
130.50 96.50
131.00 96.50
131.50 96.50
132.00 96.50
132.50 97.00
133.00 97.00
133.50 97.00
134.00 97.50
134.50 97.50
135.00 98.00
135.50 98.00
136.00 98.00
136.50 98.50
137.00 98.50
137.50 98.50
138.00 99.00
138.50 99.00
139.00 99.50
139.50 100.00
140.00 100.00
140.50 100.50
141.00 100.50
141.50 101.00
142.00 101.50
142.50 101.50
143.00 102.00
143.50 102.50
144.00 102.50
144.50 103.00
145.00 103.50
145.50 104.00
146.00 104.50
146.50 105.00
147.00 105.00
147.50 105.50
147.50 106.00
148.00 106.50
148.50 107.00
149.00 107.50
149.50 108.00
149.50 108.50
150.00 109.00
150.50 109.50
150.50 110.00
151.00 110.50
151.00 111.00
151.50 111.50
152.00 112.00
152.00 112.50
152.00 113.00
152.50 113.50
152.50 114.00
153.00 114.50
153.00 115.00
153.00 115.50
153.50 116.00
153.50 116.50
154.00 117.00
154.00 117.50
154.00 118.00
154.00 118.50
154.50 119.00
154.50 119.50
154.50 120.00
154.50 120.50
155.00 121.00
155.00 121.50
155.00 122.00
155.00 122.50
155.00 123.00
155.00 123.50
155.00 124.00
155.50 124.50
155.50 125.00
155.50 125.50
155.50 126.00
155.50 126.50
155.50 127.00
155.50 127.50
155.50 128.00
155.50 128.50
155.50 129.00
155.50 129.50
155.50 130.00
155.50 130.50
155.50 131.00
155.50 131.50
155.50 132.00
155.50 132.50
155.50 133.00
155.50 133.50
155.50 134.00
155.00 134.50
155.00 135.00
155.00 135.50
155.00 136.00
155.00 136.50
154.50 137.00
154.50 137.50
154.50 138.00
154.00 138.50
154.00 139.00
153.50 139.50
153.50 140.00
153.50 140.50
153.50 141.00
153.00 141.50
153.00 142.00
152.50 142.50
152.00 143.00
152.00 143.50
151.50 144.00
151.50 144.50
151.00 145.00
150.50 145.50
150.50 146.00
150.00 146.50
149.50 147.00
149.00 147.50
148.50 148.00
148.00 148.50
147.50 149.00
147.00 149.50
146.50 150.00
146.00 150.50
145.50 151.00
145.00 151.00
144.50 151.50
144.00 151.50
143.50 152.00
143.00 152.00
142.50 152.50
142.00 152.50
141.50 153.00
141.00 153.00
140.50 153.00
140.00 153.50
139.50 153.50
139.00 153.50
138.50 154.00
138.00 154.00
137.50 154.00
137.00 154.00
136.50 154.00
136.00 154.50
135.50 154.50
135.00 154.50
134.50 154.50
134.00 154.50
133.50 154.50
133.00 155.00
132.50 155.00
132.00 155.00
131.50 155.00
131.00 155.00
130.50 155.00
130.00 155.00
129.50 155.00
129.00 155.00
128.50 155.50
128.00 155.50
127.50 155.50
127.00 155.50
126.50 155.50
126.00 155.50
125.50 155.50
125.00 156.00
124.50 156.00
124.00 156.00
123.50 156.00
123.00 156.00
122.50 156.00
122.00 156.50
121.50 156.50
121.00 156.50
120.50 156.50
120.00 156.50
119.50 156.50
119.00 156.50
118.50 156.50
118.00 156.50
117.50 156.50
117.00 156.50
116.50 156.50
116.00 156.50
115.50 156.50
115.00 156.00
114.50 156.00
114.00 156.00
113.50 156.00
113.00 155.50
112.50 155.50
112.00 155.50
111.50 155.00
111.00 155.00
110.50 154.50
110.00 154.50
109.50 154.00
109.00 154.00
108.50 153.50
108.00 153.00
107.50 153.00
107.00 153.00
106.50 152.50
106.00 152.00
105.50 152.00
105.00 151.50
104.50 151.00
104.00 151.00
103.50 150.50
103.00 150.00
102.50 149.50
102.00 149.00
101.50 148.50
101.00 148.00
100.50 147.50
100.00 147.00
99.50 146.50
99.50 146.00
99.00 145.50
98.50 145.00
98.00 144.50
97.50 144.00
97.50 143.50
97.00 143.00
97.00 142.50
96.50 142.00
96.50 141.50
96.50 141.00
96.00 140.50
96.00 140.00
96.00 139.50
95.50 139.00
95.50 138.50
95.50 138.00
95.00 137.50
95.00 137.00
95.00 136.50
95.00 136.00
94.50 135.50
94.50 135.00
94.50 134.50
94.50 134.00
94.50 133.50
94.50 133.00
94.50 132.50
94.50 132.00
94.50 131.50
94.50 131.00
94.50 130.50
94.50 130.00
94.50 129.50
94.50 129.00
94.50 128.50
94.50 128.00
95.00 127.50
95.00 127.00
