96.50 121.00
96.50 120.50
97.00 120.00
97.00 119.50
97.00 119.00
97.50 118.50
97.50 118.00
97.50 117.50
98.00 117.00
98.00 116.50
98.50 116.00
98.50 115.50
98.50 115.00
99.00 114.50
99.00 114.00
99.00 113.50
99.50 113.00
99.50 112.50
100.00 112.00
100.50 111.50
100.50 111.00
101.00 110.50
101.00 110.00
101.50 109.50
101.50 109.00
102.00 108.50
102.50 108.00
102.50 107.50
103.00 107.00
103.50 106.50
104.00 106.00
104.50 105.50
104.50 105.00
105.00 104.50
105.50 104.00
106.00 103.50
106.50 103.00
107.00 102.50
107.50 102.00
108.00 102.00
108.50 101.50
109.00 101.00
109.50 100.50
110.00 100.00
110.50 100.00
111.00 99.50
111.50 99.00
112.00 99.00
112.50 98.50
113.00 98.00
113.50 98.00
114.00 97.50
114.50 97.50
115.00 97.00
115.50 96.50
116.00 96.50
116.50 96.50
117.00 96.00
117.50 96.00
118.00 95.50
118.50 95.50
119.00 95.50
119.50 95.00
120.00 95.00
120.50 95.00
121.00 94.50
121.50 94.50
122.00 94.50
122.50 94.50
123.00 94.50
123.50 94.00
124.00 94.00
124.50 94.00
125.00 94.00
125.50 94.00
126.00 94.00
126.50 94.00
127.00 94.00
127.50 94.00
128.00 94.00
128.50 94.00
129.00 94.00
129.50 94.00
130.00 94.00
130.50 94.00
131.00 94.50
131.50 94.50
132.00 94.50
132.50 94.50
133.00 95.00
133.50 95.00
134.00 95.00
134.50 95.00
135.00 95.50
135.50 95.50
136.00 96.00
136.50 96.00
137.00 96.00
137.50 96.50
138.00 97.00
138.50 97.00
139.00 97.50
139.50 97.50
140.00 98.00
140.50 98.50
141.00 99.00
141.50 99.00
142.00 99.50
142.50 100.00
143.00 100.00
143.50 100.50
144.00 101.00
144.50 101.50
145.00 102.00
145.50 102.50
146.00 102.50
146.50 103.00
147.00 103.50
147.00 104.00
147.50 104.50
148.00 105.00
148.50 105.50
149.00 106.00
149.50 106.00
150.00 106.50
150.00 107.00
150.50 107.50
151.00 108.00
151.50 108.50
152.00 109.00
152.50 109.50
152.50 110.00
153.00 110.50
153.50 111.00
154.00 111.50
154.50 112.00
154.50 112.50
154.50 113.00
155.00 113.50
155.50 114.00
155.50 114.50
155.50 115.00
156.00 115.50
156.00 116.00
156.00 116.50
156.00 117.00
156.50 117.50
156.50 118.00
156.50 118.50
156.50 119.00
156.50 119.50
156.50 120.00
156.50 120.50
156.50 121.00
156.50 121.50
156.50 122.00
156.50 122.50
156.50 123.00
156.50 123.50
156.50 124.00
156.50 124.50
156.50 125.00
156.50 125.50
156.50 126.00
156.50 126.50
156.50 127.00
156.50 127.50
157.00 128.00
157.00 128.50
157.00 129.00
157.00 129.50
157.00 130.00
157.00 130.50
157.00 131.00
157.00 131.50
157.00 132.00
157.00 132.50
156.50 133.00
156.50 133.50
156.50 134.00
156.50 134.50
156.50 135.00
156.50 135.50
156.50 136.00
156.50 136.50
156.00 137.00
156.00 137.50
156.00 138.00
156.00 138.50
155.50 139.00
155.50 139.50
155.50 140.00
155.00 140.50
155.00 141.00
155.00 141.50
154.50 142.00
154.50 142.50
154.50 143.00
154.00 143.50
154.00 144.00
153.50 144.50
153.00 145.00
153.00 145.50
152.50 146.00
152.00 146.50
152.00 147.00
151.50 147.50
151.00 148.00
151.00 148.50
150.50 149.00
150.00 149.50
149.50 149.50
149.00 150.00
148.50 150.50
148.00 151.00
147.50 151.50
147.00 152.00
146.50 152.50
146.00 153.00
145.50 153.00
145.00 153.50
144.50 154.00
144.00 154.00
143.50 154.50
143.00 154.50
142.50 155.00
142.00 155.00
141.50 155.50
141.00 155.50
140.50 156.00
140.00 156.00
139.50 156.50
139.00 156.50
138.50 156.50
138.00 157.00
137.50 157.00
137.00 157.00
136.50 157.50
136.00 157.50
135.50 157.50
135.00 157.50
134.50 158.00
134.00 158.00
133.50 158.00
133.00 158.00
132.50 158.00
132.00 158.50
131.50 158.50
131.00 158.50
130.50 158.50
130.00 158.50
129.50 158.50
129.00 158.50
128.50 158.50
128.00 158.50
127.50 158.50
127.00 158.50
126.50 158.50
126.00 158.50
125.50 158.50
125.00 158.50
124.50 158.50
124.00 158.50
123.50 158.50
123.00 158.50
122.50 158.50
122.00 158.50
121.50 158.00
121.00 158.00
120.50 158.00
120.00 158.00
119.50 158.00
119.00 158.00
118.50 158.00
118.00 158.00
117.50 157.50
117.00 157.50
116.50 157.50
116.00 157.50
115.50 157.00
115.00 157.00
114.50 157.00
114.00 157.00
113.50 157.00
113.00 156.50
112.50 156.50
112.00 156.50
111.50 156.00
111.00 156.00
110.50 155.50
110.00 155.50
109.50 155.50
109.00 155.50
108.50 155.00
108.00 155.00
107.50 154.50
107.00 154.50
106.50 154.00
106.00 153.50
105.50 153.50
105.00 153.00
104.50 153.00
104.00 152.50
103.50 152.00
103.00 151.50
102.50 151.00
102.00 150.50
101.50 150.00
101.00 149.50
100.50 149.00
100.00 148.50
100.00 148.00
99.50 147.50
99.50 147.00
99.00 146.50
98.50 146.00
98.50 145.50
98.00 145.00
98.00 144.50
97.50 144.00
97.50 143.50
97.50 143.00
97.00 142.50
97.00 142.00
97.00 141.50
96.50 141.00
96.50 140.50
96.50 140.00
96.00 139.50
96.00 139.00
96.00 138.50
96.00 138.00
95.50 137.50
95.50 137.00
95.50 136.50
95.50 136.00
95.50 135.50
95.50 135.00
95.00 134.50
95.00 134.00
95.00 133.50
95.00 133.00
95.00 132.50
95.00 132.00
95.00 131.50
95.00 131.00
95.00 130.50
95.00 130.00
95.00 129.50
95.00 129.00
95.00 128.50
95.00 128.00
95.00 127.50
95.00 127.00
95.00 126.50
95.50 126.00
95.50 125.50
95.50 125.00
95.50 124.50
95.50 124.00
96.00 123.50
96.00 123.00
96.00 122.50
96.50 122.00
96.50 121.50
