117.00 115.50
117.50 115.50
118.00 115.00
118.50 115.00
119.00 114.50
119.50 114.50
120.00 114.00
120.50 113.50
121.00 113.50
121.50 113.00
122.00 112.50
122.50 112.00
123.00 112.00
123.50 111.50
124.00 111.50
124.50 111.00
125.00 111.00
125.50 111.00
126.00 111.00
126.50 111.00
127.00 111.00
127.50 111.00
128.00 111.00
128.50 111.00
129.00 111.00
129.50 111.00
130.00 111.50
130.50 111.50
131.00 112.00
131.50 112.00
132.00 112.50
132.50 112.50
133.00 113.00
133.50 113.00
134.00 113.50
134.50 114.00
135.00 114.50
135.50 115.00
136.00 115.50
136.50 116.00
137.00 116.50
137.50 117.00
137.50 117.50
138.00 118.00
138.00 118.50
138.50 119.00
139.00 119.50
139.00 120.00
139.00 120.50
139.50 121.00
139.50 121.50
139.50 122.00
140.00 122.50
140.00 123.00
140.00 123.50
140.00 124.00
140.00 124.50
140.00 125.00
140.00 125.50
140.00 126.00
140.00 126.50
140.00 127.00
140.00 127.50
140.00 128.00
140.00 128.50
140.00 129.00
139.50 129.50
139.50 130.00
139.50 130.50
139.50 131.00
139.00 131.50
139.00 132.00
139.00 132.50
138.50 133.00
138.50 133.50
138.00 134.00
138.00 134.50
138.00 135.00
137.50 135.50
137.00 136.00
137.00 136.50
137.00 137.00
136.50 137.50
136.00 138.00
136.00 138.50
135.50 139.00
135.00 139.50
135.00 140.00
134.50 140.50
134.00 141.00
134.00 141.50
133.50 142.00
133.00 142.50
132.50 143.00
132.00 143.50
131.50 143.50
131.00 144.00
130.50 144.50
130.00 145.00
129.50 145.00
129.00 145.50
128.50 145.50
128.00 146.00
127.50 146.00
127.00 146.00
126.50 146.00
126.00 146.50
125.50 146.50
125.00 146.50
124.50 146.50
124.00 146.50
123.50 146.50
123.00 146.00
122.50 146.00
122.00 146.00
121.50 146.00
121.00 146.00
120.50 145.50
120.00 145.50
119.50 145.50
119.00 145.00
118.50 145.00
118.00 144.50
117.50 144.50
117.00 144.00
116.50 144.00
116.00 143.50
115.50 143.00
115.00 142.50
114.50 142.50
114.00 142.00
113.50 141.50
113.00 141.00
112.50 140.50
112.00 140.00
111.50 139.50
111.50 139.00
111.00 138.50
111.00 138.00
110.50 137.50
110.00 137.00
110.00 136.50
110.00 136.00
109.50 135.50
109.50 135.00
109.00 134.50
109.00 134.00
109.00 133.50
109.00 133.00
108.50 132.50
108.50 132.00
108.50 131.50
108.50 131.00
108.50 130.50
108.50 130.00
108.50 129.50
108.50 129.00
108.50 128.50
108.50 128.00
108.50 127.50
108.50 127.00
108.50 126.50
108.50 126.00
108.50 125.50
108.50 125.00
108.50 124.50
108.50 124.00
109.00 123.50
109.00 123.00
109.00 122.50
109.50 122.00
109.50 121.50
109.50 121.00
109.50 120.50
110.00 120.00
110.00 119.50
110.50 119.00
110.50 118.50
111.00 118.00
111.50 117.50
112.00 117.00
112.50 116.50
113.00 116.50
113.50 116.00
114.00 116.00
114.50 116.00
115.00 116.00
115.50 116.00
116.00 115.50
116.50 115.50
