99.00 113.00
99.50 112.50
99.50 112.00
100.00 111.50
100.50 111.00
101.00 110.50
101.50 110.00
102.00 109.50
102.00 109.00
102.50 108.50
103.00 108.00
103.50 107.50
104.00 107.00
104.50 107.00
105.00 106.50
105.50 106.00
106.00 105.50
106.50 105.00
107.00 105.00
107.50 104.50
108.00 104.00
108.50 103.50
109.00 103.00
109.50 102.50
110.00 102.50
110.50 102.00
111.00 101.50
111.50 101.00
112.00 101.00
112.50 100.50
113.00 100.00
113.50 99.50
114.00 99.50
114.50 99.00
115.00 99.00
115.50 98.50
116.00 98.00
116.50 98.00
117.00 97.50
117.50 97.50
118.00 97.00
118.50 97.00
119.00 96.50
119.50 96.50
120.00 96.50
120.50 96.00
121.00 96.00
121.50 96.00
122.00 96.00
122.50 96.00
123.00 96.00
123.50 95.50
124.00 95.50
124.50 95.50
125.00 95.50
125.50 95.50
126.00 95.50
126.50 96.00
127.00 96.00
127.50 96.00
128.00 96.00
128.50 96.00
129.00 96.00
129.50 96.50
130.00 96.50
130.50 96.50
131.00 97.00
131.50 97.00
132.00 97.00
132.50 97.50
133.00 98.00
133.50 98.00
134.00 98.00
134.50 98.50
135.00 98.50
135.50 99.00
136.00 99.50
136.50 99.50
137.00 100.00
137.50 100.50
138.00 101.00
138.50 101.50
139.00 102.00
139.50 102.00
140.00 102.50
140.50 103.00
141.00 103.50
141.50 104.00
142.00 104.50
142.50 105.00
143.00 105.50
143.50 106.00
144.00 106.50
144.50 107.00
145.00 107.50
145.50 108.00
146.00 108.50
146.50 109.00
147.00 109.50
147.50 110.00
147.50 110.50
148.00 111.00
148.50 111.50
149.00 112.00
149.00 112.50
149.50 113.00
150.00 113.50
150.00 114.00
150.50 114.50
150.50 115.00
150.50 115.50
151.00 116.00
151.00 116.50
151.00 117.00
151.50 117.50
151.50 118.00
151.50 118.50
151.50 119.00
152.00 119.50
152.00 120.00
152.00 120.50
152.00 121.00
152.00 121.50
152.00 122.00
152.50 122.50
152.50 123.00
152.50 123.50
152.50 124.00
152.50 124.50
152.50 125.00
152.50 125.50
152.50 126.00
152.50 126.50
152.00 127.00
152.00 127.50
152.00 128.00
152.00 128.50
152.00 129.00
152.00 129.50
152.00 130.00
151.50 130.50
151.50 131.00
151.50 131.50
151.00 132.00
151.00 132.50
151.00 133.00
150.50 133.50
150.50 134.00
150.00 134.50
150.00 135.00
150.00 135.50
149.50 136.00
149.50 136.50
149.00 137.00
148.50 137.50
148.00 138.00
148.00 138.50
147.50 139.00
147.50 139.50
147.00 140.00
146.50 140.50
146.00 141.00
145.50 141.50
145.00 142.00
144.50 142.50
144.00 143.00
143.50 143.00
143.00 143.50
142.50 144.00
142.00 144.50
141.50 145.00
141.00 145.00
140.50 145.50
140.00 146.00
139.50 146.00
139.00 146.50
138.50 147.00
138.00 147.00
137.50 147.00
137.00 147.50
136.50 147.50
136.00 148.00
135.50 148.00
135.00 148.00
134.50 148.50
134.00 148.50
133.50 148.50
133.00 149.00
132.50 149.00
132.00 149.00
131.50 149.50
131.00 149.50
130.50 149.50
130.00 149.50
129.50 149.50
129.00 149.50
128.50 150.00
128.00 150.00
127.50 150.00
127.00 150.00
126.50 150.00
126.00 150.00
125.50 150.00
125.00 150.00
124.50 150.00
124.00 150.00
123.50 150.00
123.00 150.00
122.50 150.00
122.00 150.00
121.50 150.00
121.00 150.00
120.50 149.50
120.00 149.50
119.50 149.50
119.00 149.50
118.50 149.50
118.00 149.50
117.50 149.00
117.00 149.00
116.50 149.00
116.00 148.50
115.50 148.50
115.00 148.50
114.50 148.00
114.00 148.00
113.50 148.00
113.00 147.50
112.50 147.50
112.00 147.00
111.50 147.00
111.00 146.50
110.50 146.50
110.00 146.00
109.50 145.50
109.00 145.50
108.50 145.00
108.00 145.00
107.50 144.50
107.00 144.00
106.50 144.00
106.00 143.50
105.50 143.00
105.00 142.50
104.50 142.00
104.00 141.50
103.50 141.00
103.00 140.50
102.50 140.00
102.00 139.50
101.50 139.00
101.50 138.50
101.00 138.00
100.50 137.50
100.00 137.00
100.00 136.50
99.50 136.00
99.50 135.50
99.00 135.00
99.00 134.50
98.50 134.00
98.50 133.50
98.00 133.00
98.00 132.50
98.00 132.00
97.50 131.50
97.50 131.00
97.50 130.50
97.00 130.00
97.00 129.50
97.00 129.00
97.00 128.50
97.00 128.00
96.50 127.50
96.50 127.00
96.50 126.50
96.50 126.00
96.50 125.50
96.50 125.00
96.50 124.50
96.50 124.00
96.50 123.50
96.50 123.00
96.50 122.50
96.50 122.00
96.50 121.50
96.50 121.00
96.50 120.50
96.50 120.00
96.50 119.50
97.00 119.00
97.00 118.50
97.00 118.00
97.00 117.50
97.00 117.00
97.50 116.50
97.50 116.00
98.00 115.50
98.00 115.00
98.00 114.50
98.50 114.00
98.50 113.50
