106.00 102.00
106.50 101.50
107.00 101.00
107.50 100.50
108.00 100.50
108.50 100.00
109.00 99.50
109.50 99.50
110.00 99.00
110.50 98.50
111.00 98.50
111.50 98.00
112.00 97.50
112.50 97.50
113.00 97.50
113.50 97.00
114.00 96.50
114.50 96.50
115.00 96.50
115.50 96.00
116.00 96.00
116.50 95.50
117.00 95.50
117.50 95.50
118.00 95.00
118.50 95.00
119.00 95.00
119.50 95.00
120.00 94.50
120.50 94.50
121.00 94.50
121.50 94.50
122.00 94.50
122.50 94.00
123.00 94.00
123.50 94.00
124.00 94.00
124.50 94.00
125.00 94.00
125.50 94.00
126.00 94.00
126.50 94.00
127.00 94.00
127.50 94.00
128.00 94.00
128.50 94.00
129.00 94.00
129.50 94.50
130.00 94.50
130.50 94.50
131.00 94.50
131.50 94.50
132.00 95.00
132.50 95.00
133.00 95.00
133.50 95.00
134.00 95.50
134.50 95.50
135.00 96.00
135.50 96.00
136.00 96.00
136.50 96.50
137.00 96.50
137.50 97.00
138.00 97.00
138.50 97.50
139.00 97.50
139.50 98.00
140.00 98.00
140.50 98.50
141.00 99.00
141.50 99.00
142.00 99.50
142.50 100.00
143.00 100.50
143.50 100.50
144.00 101.00
144.50 101.50
145.00 102.00
145.50 102.50
146.00 103.00
146.50 103.50
147.00 104.00
147.50 104.50
148.00 105.00
148.50 105.50
149.00 106.00
149.00 106.50
149.50 107.00
150.00 107.50
150.50 108.00
150.50 108.50
151.00 109.00
151.50 109.50
151.50 110.00
152.00 110.50
152.00 111.00
152.50 111.50
152.50 112.00
153.00 112.50
153.00 113.00
153.50 113.50
153.50 114.00
153.50 114.50
154.00 115.00
154.00 115.50
154.00 116.00
154.50 116.50
154.50 117.00
154.50 117.50
155.00 118.00
155.00 118.50
155.00 119.00
155.00 119.50
155.50 120.00
155.50 120.50
155.50 121.00
155.50 121.50
155.50 122.00
155.50 122.50
155.50 123.00
155.50 123.50
155.50 124.00
155.50 124.50
155.50 125.00
155.50 125.50
155.50 126.00
155.50 126.50
155.50 127.00
155.50 127.50
155.50 128.00
155.50 128.50
155.50 129.00
155.50 129.50
155.50 130.00
155.50 130.50
155.00 131.00
155.00 131.50
155.00 132.00
155.00 132.50
154.50 133.00
154.50 133.50
154.50 134.00
154.50 134.50
154.00 135.00
154.00 135.50
153.50 136.00
153.50 136.50
153.00 137.00
153.00 137.50
153.00 138.00
152.50 138.50
152.50 139.00
152.00 139.50
151.50 140.00
151.50 140.50
151.00 141.00
150.50 141.50
150.00 142.00
149.50 142.50
149.50 143.00
149.00 143.50
148.50 144.00
148.00 144.50
147.50 145.00
147.00 145.00
146.50 145.50
146.00 146.00
145.50 146.50
145.00 146.50
144.50 147.00
144.00 147.50
143.50 148.00
143.00 148.00
142.50 148.00
142.00 148.50
141.50 149.00
141.00 149.00
140.50 149.00
140.00 149.50
139.50 149.50
139.00 150.00
138.50 150.00
138.00 150.00
137.50 150.50
137.00 150.50
136.50 151.00
136.00 151.00
135.50 151.00
135.00 151.50
134.50 151.50
134.00 151.50
133.50 151.50
133.00 152.00
132.50 152.00
132.00 152.00
131.50 152.00
131.00 152.00
130.50 152.50
130.00 152.50
129.50 152.50
129.00 152.50
128.50 152.50
128.00 152.50
127.50 152.50
127.00 153.00
126.50 153.00
126.00 153.00
125.50 153.00
125.00 153.00
124.50 153.00
124.00 153.00
123.50 153.00
123.00 153.00
122.50 153.00
122.00 153.00
121.50 153.00
121.00 153.00
120.50 153.00
120.00 152.50
119.50 152.50
119.00 152.50
118.50 152.50
118.00 152.50
117.50 152.50
117.00 152.50
116.50 152.00
116.00 152.00
115.50 152.00
115.00 152.00
114.50 152.00
114.00 151.50
113.50 151.50
113.00 151.50
112.50 151.00
112.00 151.00
111.50 151.00
111.00 150.50
110.50 150.50
110.00 150.50
109.50 150.00
109.00 149.50
108.50 149.50
108.00 149.00
107.50 149.00
107.00 148.50
106.50 148.50
106.00 148.00
105.50 148.00
105.00 147.50
104.50 147.00
104.00 147.00
103.50 146.50
103.00 146.00
102.50 145.50
102.00 145.50
101.50 145.00
101.00 144.50
100.50 144.00
100.00 143.50
100.00 143.00
99.50 142.50
99.00 142.00
98.50 141.50
98.00 141.00
98.00 140.50
97.50 140.00
97.00 139.50
97.00 139.00
96.50 138.50
96.50 138.00
96.00 137.50
95.50 137.00
95.50 136.50
95.50 136.00
95.00 135.50
95.00 135.00
95.00 134.50
94.50 134.00
94.50 133.50
94.50 133.00
94.50 132.50
94.00 132.00
94.00 131.50
94.00 131.00
94.00 130.50
94.00 130.00
94.00 129.50
94.00 129.00
94.00 128.50
94.00 128.00
94.00 127.50
94.00 127.00
94.00 126.50
94.00 126.00
94.00 125.50
94.00 125.00
94.00 124.50
94.50 124.00
94.50 123.50
94.50 123.00
94.50 122.50
94.50 122.00
95.00 121.50
95.00 121.00
95.00 120.50
95.00 120.00
95.00 119.50
95.50 119.00
95.50 118.50
95.50 118.00
96.00 117.50
96.00 117.00
96.00 116.50
96.50 116.00
96.50 115.50
97.00 115.00
97.00 114.50
97.50 114.00
97.50 113.50
98.00 113.00
98.00 112.50
98.00 112.00
98.50 111.50
98.50 111.00
99.00 110.50
99.50 110.00
99.50 109.50
100.00 109.00
100.50 108.50
100.50 108.00
101.00 107.50
101.50 107.00
101.50 106.50
102.00 106.00
102.50 105.50
103.00 105.00
103.50 104.50
104.00 104.00
104.50 103.50
105.00 103.00
105.50 102.50
