126.50 146.00
126.00 146.00
125.50 146.50
125.00 146.50
124.50 146.50
124.00 146.50
123.50 146.50
123.00 146.50
122.50 146.50
122.00 146.50
121.50 146.50
121.00 146.50
120.50 146.50
120.00 146.50
119.50 146.50
119.00 146.50
118.50 146.00
118.00 146.00
117.50 146.00
117.00 146.00
116.50 146.00
116.00 145.50
115.50 145.50
115.00 145.50
114.50 145.00
114.00 145.00
113.50 145.00
113.00 144.50
112.50 144.00
112.00 144.00
111.50 144.00
111.00 143.50
110.50 143.00
110.00 143.00
109.50 142.50
109.00 142.00
108.50 142.00
108.00 141.50
107.50 141.00
107.00 140.50
106.50 140.00
106.00 139.50
105.50 139.00
105.50 138.50
105.00 138.00
104.50 137.50
104.00 137.00
104.00 136.50
103.50 136.00
103.00 135.50
103.00 135.00
102.50 134.50
102.50 134.00
102.00 133.50
101.50 133.00
101.50 132.50
101.50 132.00
101.50 131.50
101.50 131.00
101.50 130.50
102.00 130.00
102.00 129.50
102.00 129.00
102.00 128.50
102.00 128.00
102.00 127.50
102.00 127.00
102.00 126.50
102.50 126.00
102.50 125.50
102.50 125.00
102.50 124.50
102.50 124.00
103.00 123.50
103.00 123.00
103.00 122.50
103.00 122.00
103.50 121.50
103.50 121.00
103.50 120.50
103.50 120.00
104.00 119.50
104.00 119.00
104.50 118.50
104.50 118.00
104.50 117.50
105.00 117.00
105.50 116.50
105.50 116.00
105.50 115.50
106.00 115.00
106.50 114.50
107.00 114.00
107.50 113.50
108.00 113.00
108.50 112.50
109.00 112.00
109.50 112.00
110.00 111.50
110.50 111.50
111.00 111.00
111.50 110.50
112.00 110.50
112.50 110.00
113.00 110.00
113.50 110.00
114.00 110.00
114.50 109.50
115.00 109.50
115.50 109.50
116.00 109.00
116.50 108.50
117.00 108.50
117.50 108.00
118.00 108.00
118.50 107.50
119.00 107.50
119.50 107.00
120.00 107.00
120.50 107.00
121.00 106.50
121.50 106.50
122.00 106.50
122.50 106.00
123.00 106.00
123.50 106.00
124.00 106.00
124.50 106.00
125.00 106.00
125.50 106.00
126.00 106.00
126.50 106.00
127.00 106.00
127.50 106.00
128.00 106.00
128.50 106.00
129.00 106.00
129.50 106.00
130.00 106.50
130.50 106.50
131.00 107.00
131.50 107.00
132.00 107.00
132.50 107.50
133.00 108.00
133.50 108.50
134.00 109.00
134.00 109.50
134.50 110.00
135.00 110.50
135.50 111.00
136.00 111.50
136.00 112.00
136.50 112.50
137.00 113.00
137.00 113.50
137.50 114.00
137.50 114.50
138.00 115.00
138.00 115.50
138.50 116.00
138.50 116.50
139.00 117.00
139.00 117.50
139.00 118.00
139.50 118.50
139.50 119.00
139.50 119.50
140.00 120.00
140.00 120.50
140.50 121.00
140.50 121.50
140.50 122.00
141.00 122.50
141.50 123.00
142.00 123.50
142.00 124.00
142.00 124.50
142.00 125.00
142.00 125.50
142.50 126.00
142.50 126.50
142.50 127.00
142.50 127.50
142.50 128.00
143.00 128.50
143.00 129.00
143.00 129.50
143.00 130.00
143.00 130.50
143.00 131.00
143.00 131.50
143.00 132.00
143.00 132.50
143.00 133.00
143.00 133.50
143.00 134.00
143.00 134.50
143.00 135.00
143.00 135.50
142.50 136.00
142.50 136.50
142.50 137.00
142.00 137.50
141.50 138.00
141.00 138.50
140.50 139.00
140.00 139.50
139.50 140.00
139.00 140.50
138.50 140.50
138.00 141.00
137.50 141.50
137.00 142.00
136.50 142.50
136.00 142.50
135.50 143.00
135.00 143.50
134.50 143.50
134.00 143.50
133.50 144.00
133.00 144.00
132.50 144.00
132.00 144.50
131.50 144.50
131.00 144.50
130.50 145.00
130.00 145.00
129.50 145.00
129.00 145.00
128.50 145.00
128.00 145.50
127.50 145.50
127.00 145.50
