157.50 128.00
157.00 128.00
156.50 128.00
156.00 128.00
155.50 128.00
155.00 128.00
154.50 127.50
154.00 127.50
153.50 127.50
153.00 127.50
152.50 127.50
152.00 127.50
151.50 127.50
151.00 127.50
150.50 127.50
150.00 127.50
149.50 127.50
149.00 127.50
148.50 127.50
148.00 127.00
147.50 127.00
147.00 127.00
146.50 127.00
146.00 127.00
145.50 127.50
145.00 128.00
144.50 128.00
144.00 127.50
144.00 127.00
144.00 126.50
143.50 126.00
143.50 125.50
143.50 125.00
143.00 124.50
143.00 124.00
143.00 123.50
142.50 123.00
142.50 122.50
142.50 122.00
142.50 121.50
142.50 121.00
142.50 120.50
142.50 120.00
142.50 119.50
142.50 119.00
142.50 118.50
143.00 118.00
143.00 117.50
143.50 117.00
144.00 116.50
144.50 116.50
145.00 116.00
145.50 116.00
146.00 116.00
146.50 116.00
147.00 116.00
147.50 116.00
148.00 116.00
148.50 116.00
149.00 116.00
149.50 116.00
150.00 116.00
150.50 116.00
151.00 116.00
151.50 116.50
152.00 116.50
152.50 116.50
153.00 117.00
153.50 117.00
154.00 117.00
154.50 117.50
155.00 118.00
155.50 118.50
156.00 119.00
156.50 119.50
157.00 120.00
157.50 120.50
157.50 121.00
157.50 121.50
158.00 122.00
158.00 122.50
158.00 123.00
158.00 123.50
158.00 124.00
158.50 124.50
158.50 125.00
158.50 125.50
158.00 126.00
158.00 126.50
158.00 127.00
158.00 127.50
157.50 128.00
