110.50 94.00
111.00 93.50
111.50 93.50
112.00 93.00
112.50 93.00
113.00 93.00
113.50 92.50
114.00 92.50
114.50 92.00
115.00 92.00
115.50 92.00
116.00 91.50
116.50 91.50
117.00 91.50
117.50 91.00
118.00 91.00
118.50 91.00
119.00 91.00
119.50 90.50
120.00 90.50
120.50 90.50
121.00 90.50
121.50 90.50
122.00 90.50
122.50 90.50
123.00 90.50
123.50 90.00
124.00 90.00
124.50 90.00
125.00 90.00
125.50 90.00
126.00 90.00
126.50 90.00
127.00 90.00
127.50 90.50
128.00 90.50
128.50 90.50
129.00 90.50
129.50 90.50
130.00 90.50
130.50 90.50
131.00 91.00
131.50 91.00
132.00 91.00
132.50 91.00
133.00 91.50
133.50 91.50
134.00 91.50
134.50 92.00
135.00 92.00
135.50 92.50
136.00 92.50
136.50 92.50
137.00 93.00
137.50 93.00
138.00 93.50
138.50 93.50
139.00 94.00
139.50 94.00
140.00 94.50
140.50 95.00
141.00 95.00
141.50 95.50
142.00 95.50
142.50 96.00
143.00 96.50
143.50 97.00
144.00 97.50
144.50 97.50
145.00 98.00
145.50 98.50
146.00 99.00
146.50 99.00
147.00 99.50
147.50 100.00
148.00 100.50
148.50 101.00
149.00 101.50
149.50 102.00
150.00 102.50
150.50 103.00
151.00 103.50
151.00 104.00
151.50 104.50
152.00 105.00
152.50 105.50
152.50 106.00
153.00 106.50
153.50 107.00
154.00 107.50
154.00 108.00
154.50 108.50
154.50 109.00
155.00 109.50
155.00 110.00
155.50 110.50
155.50 111.00
156.00 111.50
156.00 112.00
156.50 112.50
156.50 113.00
156.50 113.50
157.00 114.00
157.00 114.50
157.00 115.00
157.00 115.50
157.50 116.00
157.50 116.50
157.50 117.00
157.50 117.50
157.50 118.00
157.50 118.50
157.50 119.00
158.00 119.50
158.00 120.00
158.00 120.50
158.00 121.00
158.00 121.50
158.00 122.00
158.00 122.50
158.00 123.00
158.00 123.50
158.00 124.00
158.00 124.50
158.00 125.00
158.00 125.50
158.00 126.00
158.00 126.50
158.00 127.00
158.00 127.50
158.00 128.00
158.00 128.50
158.00 129.00
158.00 129.50
158.00 130.00
158.00 130.50
158.00 131.00
158.00 131.50
158.00 132.00
158.00 132.50
158.00 133.00
157.50 133.50
157.50 134.00
157.50 134.50
157.50 135.00
157.50 135.50
157.50 136.00
157.50 136.50
157.00 137.00
157.00 137.50
157.00 138.00
157.00 138.50
156.50 139.00
156.50 139.50
156.00 140.00
156.00 140.50
155.50 141.00
155.50 141.50
155.00 142.00
155.00 142.50
154.50 143.00
154.50 143.50
154.00 144.00
153.50 144.50
153.00 145.00
152.50 145.50
152.00 146.00
151.50 146.50
151.00 147.00
150.50 147.50
150.00 148.00
149.50 148.00
149.00 148.00
148.50 148.50
148.00 149.00
147.50 149.50
147.00 149.50
146.50 150.00
146.00 150.00
145.50 150.50
145.00 150.50
144.50 151.00
144.00 151.00
143.50 151.50
143.00 151.50
142.50 152.00
142.00 152.00
141.50 152.00
141.00 152.50
140.50 152.50
140.00 152.50
139.50 153.00
139.00 153.00
138.50 153.00
138.00 153.50
137.50 153.50
137.00 153.50
136.50 154.00
136.00 154.00
135.50 154.00
135.00 154.00
134.50 154.00
134.00 154.50
133.50 154.50
133.00 154.50
132.50 154.50
132.00 154.50
131.50 155.00
131.00 155.00
130.50 155.00
130.00 155.00
129.50 155.00
129.00 155.00
128.50 155.50
128.00 155.50
127.50 155.50
127.00 155.50
126.50 155.50
126.00 155.50
125.50 155.50
125.00 155.50
124.50 155.50
124.00 155.50
123.50 155.50
123.00 155.50
122.50 155.50
122.00 155.50
121.50 155.50
121.00 155.50
120.50 155.50
120.00 155.50
119.50 155.00
119.00 155.00
118.50 155.00
118.00 155.00
117.50 155.00
117.00 154.50
116.50 154.50
116.00 154.50
115.50 154.50
115.00 154.00
114.50 154.00
114.00 154.00
113.50 153.50
113.00 153.50
112.50 153.00
112.00 153.00
111.50 153.00
111.00 152.50
110.50 152.50
110.00 152.00
109.50 152.00
109.00 151.50
108.50 151.00
108.00 150.50
107.50 150.50
107.00 150.00
106.50 150.00
106.00 149.50
105.50 149.00
105.00 148.50
104.50 148.00
104.00 148.00
103.50 147.50
103.00 147.00
102.50 146.50
102.00 146.00
101.50 145.50
101.00 145.00
100.50 144.50
100.00 144.00
99.50 143.50
99.00 143.00
99.00 142.50
98.50 142.00
98.00 141.50
97.50 141.00
97.00 140.50
97.00 140.00
96.50 139.50
96.00 139.00
96.00 138.50
95.50 138.00
95.00 137.50
95.00 137.00
94.50 136.50
94.50 136.00
94.00 135.50
94.00 135.00
94.00 134.50
93.50 134.00
93.00 133.50
93.00 133.00
93.00 132.50
93.00 132.00
92.50 131.50
92.50 131.00
92.50 130.50
92.50 130.00
92.50 129.50
92.50 129.00
92.50 128.50
92.00 128.00
92.00 127.50
92.00 127.00
92.00 126.50
92.00 126.00
92.00 125.50
92.00 125.00
92.00 124.50
92.00 124.00
92.00 123.50
92.50 123.00
92.50 122.50
92.50 122.00
92.50 121.50
92.50 121.00
92.50 120.50
92.50 120.00
93.00 119.50
93.00 119.00
93.00 118.50
93.00 118.00
93.50 117.50
93.50 117.00
93.50 116.50
93.50 116.00
94.00 115.50
94.00 115.00
94.00 114.50
94.50 114.00
94.50 113.50
95.00 113.00
95.00 112.50
95.00 112.00
95.50 111.50
95.50 111.00
96.00 110.50
96.00 110.00
96.00 109.50
96.50 109.00
97.00 108.50
97.00 108.00
97.50 107.50
97.50 107.00
98.00 106.50
98.00 106.00
98.50 105.50
99.00 105.00
99.00 104.50
99.50 104.00
100.00 103.50
100.50 103.00
101.00 102.50
101.00 102.00
101.50 101.50
102.00 101.00
102.50 100.50
103.00 100.00
103.50 99.50
104.00 99.00
104.50 98.50
104.50 98.00
105.00 97.50
105.50 97.50
106.00 97.00
106.50 96.50
107.00 96.00
107.50 96.00
108.00 95.50
108.50 95.50
109.00 95.00
109.50 94.50
110.00 94.50
