109.00 94.50
109.50 94.00
110.00 93.50
110.50 93.50
111.00 93.00
111.50 92.50
112.00 92.00
112.50 91.50
113.00 91.50
113.50 91.00
114.00 90.50
114.50 90.50
115.00 90.00
115.50 89.50
116.00 89.50
116.50 89.00
117.00 89.00
117.50 89.00
118.00 88.50
118.50 88.00
119.00 88.00
119.50 88.00
120.00 87.50
120.50 87.50
121.00 87.00
121.50 87.00
122.00 87.00
122.50 86.50
123.00 86.50
123.50 86.50
124.00 86.50
124.50 86.00
125.00 86.00
125.50 86.00
126.00 86.00
126.50 86.00
127.00 86.00
127.50 86.00
128.00 85.50
128.50 85.50
129.00 85.50
129.50 85.50
130.00 85.50
130.50 85.50
131.00 85.50
131.50 85.50
132.00 85.50
132.50 85.50
133.00 86.00
133.50 86.00
134.00 86.00
134.50 86.00
135.00 86.00
135.50 86.00
136.00 86.00
136.50 86.50
137.00 86.50
137.50 86.50
138.00 86.50
138.50 87.00
139.00 87.00
139.50 87.00
140.00 87.00
140.50 87.50
141.00 87.50
141.50 87.50
142.00 88.00
142.50 88.00
143.00 88.00
143.50 88.50
144.00 88.50
144.50 89.00
145.00 89.00
145.50 89.50
146.00 89.50
146.50 90.00
147.00 90.50
147.50 90.50
148.00 90.50
148.50 91.00
149.00 91.50
149.50 91.50
150.00 92.00
150.50 92.50
151.00 93.00
151.50 93.50
152.00 93.50
152.50 94.00
153.00 94.00
153.50 94.50
153.50 95.00
154.00 95.50
154.50 96.00
155.00 96.50
155.50 97.00
156.00 97.50
156.50 98.00
157.00 98.50
157.50 99.00
157.50 99.50
158.00 100.00
158.50 100.50
158.50 101.00
159.00 101.50
159.00 102.00
159.50 102.50
159.50 103.00
160.00 103.50
160.50 104.00
160.50 104.50
160.50 105.00
161.00 105.50
161.00 106.00
161.00 106.50
161.50 107.00
161.50 107.50
161.50 108.00
162.00 108.50
162.00 109.00
162.50 109.50
162.50 110.00
162.50 110.50
162.50 111.00
163.00 111.50
163.00 112.00
163.00 112.50
163.00 113.00
163.50 113.50
163.50 114.00
163.50 114.50
163.50 115.00
163.50 115.50
164.00 116.00
164.00 116.50
164.00 117.00
164.00 117.50
164.00 118.00
164.50 118.50
164.50 119.00
164.50 119.50
164.50 120.00
164.50 120.50
164.50 121.00
164.50 121.50
164.50 122.00
165.00 122.50
165.00 123.00
165.00 123.50
165.00 124.00
165.00 124.50
165.00 125.00
165.00 125.50
165.00 126.00
165.00 126.50
165.00 127.00
165.00 127.50
165.00 128.00
165.00 128.50
165.00 129.00
165.00 129.50
165.00 130.00
165.00 130.50
165.00 131.00
165.00 131.50
165.00 132.00
165.00 132.50
165.00 133.00
165.00 133.50
164.50 134.00
164.50 134.50
164.50 135.00
164.50 135.50
164.50 136.00
164.50 136.50
164.00 137.00
164.00 137.50
164.00 138.00
163.50 138.50
163.50 139.00
163.50 139.50
163.50 140.00
163.00 140.50
163.00 141.00
162.50 141.50
162.50 142.00
162.50 142.50
162.00 143.00
161.50 143.50
161.50 144.00
161.00 144.50
161.00 145.00
161.00 145.50
160.50 146.00
160.50 146.50
160.00 147.00
159.50 147.50
159.00 148.00
159.00 148.50
158.50 149.00
158.50 149.50
158.00 150.00
157.50 150.50
157.00 151.00
157.00 151.50
156.50 152.00
156.00 152.50
155.50 153.00
155.50 153.50
155.00 154.00
154.50 154.50
154.00 155.00
153.50 155.50
153.00 156.00
152.50 156.50
152.00 157.00
151.50 157.50
151.00 158.00
150.50 158.50
150.00 159.00
149.50 159.00
149.00 159.50
148.50 160.00
148.00 160.00
147.50 160.50
147.00 161.00
146.50 161.00
146.00 161.50
145.50 161.50
145.00 162.00
144.50 162.00
144.00 162.50
143.50 162.50
143.00 162.50
142.50 163.00
142.00 163.00
141.50 163.00
141.00 163.00
140.50 163.50
140.00 163.50
139.50 163.50
139.00 163.50
138.50 164.00
138.00 164.00
137.50 164.00
137.00 164.00
136.50 164.00
136.00 164.00
135.50 164.00
135.00 164.50
134.50 164.50
134.00 164.50
133.50 164.50
133.00 164.50
132.50 164.50
132.00 164.50
131.50 164.50
131.00 164.50
130.50 164.50
130.00 164.50
129.50 164.50
129.00 164.50
128.50 164.50
128.00 164.50
127.50 164.50
127.00 164.50
126.50 164.50
126.00 164.50
125.50 164.50
125.00 164.50
124.50 164.50
124.00 164.50
123.50 164.50
123.00 164.50
122.50 164.50
122.00 164.50
121.50 164.00
121.00 164.00
120.50 164.00
120.00 164.00
119.50 164.00
119.00 164.00
118.50 164.00
118.00 164.00
117.50 164.00
117.00 163.50
116.50 163.50
116.00 163.50
115.50 163.50
115.00 163.50
114.50 163.50
114.00 163.00
113.50 163.00
113.00 163.00
112.50 163.00
112.00 163.00
111.50 162.50
111.00 162.50
110.50 162.50
110.00 162.00
109.50 162.00
109.00 162.00
108.50 162.00
108.00 161.50
107.50 161.50
107.00 161.50
106.50 161.00
106.00 161.00
105.50 161.00
105.00 160.50
104.50 160.50
104.00 160.50
103.50 160.00
103.00 160.00
102.50 160.00
102.00 159.50
101.50 159.00
101.00 159.00
100.50 159.00
100.00 158.50
99.50 158.00
99.00 158.00
98.50 157.50
98.00 157.50
97.50 157.50
97.00 157.00
96.50 156.50
96.00 156.00
95.50 155.50
95.00 155.50
94.50 155.00
94.00 154.50
93.50 154.00
93.00 153.50
92.50 153.00
92.00 152.50
91.50 152.00
91.00 151.50
91.00 151.00
90.50 150.50
90.50 150.00
90.00 149.50
90.00 149.00
89.50 148.50
89.50 148.00
89.00 147.50
89.00 147.00
89.00 146.50
88.50 146.00
88.50 145.50
88.00 145.00
88.00 144.50
88.00 144.00
88.00 143.50
88.00 143.00
87.50 142.50
87.50 142.00
87.50 141.50
87.50 141.00
87.00 140.50
87.00 140.00
87.00 139.50
87.00 139.00
87.00 138.50
87.00 138.00
86.50 137.50
86.50 137.00
86.50 136.50
86.50 136.00
86.50 135.50
86.50 135.00
86.50 134.50
86.50 134.00
86.50 133.50
86.50 133.00
86.50 132.50
86.50 132.00
86.50 131.50
86.50 131.00
86.50 130.50
86.50 130.00
86.50 129.50
86.50 129.00
86.50 128.50
87.00 128.00
87.00 127.50
87.00 127.00
87.00 126.50
87.00 126.00
87.00 125.50
87.00 125.00
87.50 124.50
87.50 124.00
87.50 123.50
88.00 123.00
88.00 122.50
88.00 122.00
88.00 121.50
88.50 121.00
88.50 120.50
89.00 120.00
89.00 119.50
89.00 119.00
89.50 118.50
89.50 118.00
90.00 117.50
90.00 117.00
90.00 116.50
90.50 116.00
91.00 115.50
91.00 115.00
91.50 114.50
91.50 114.00
92.00 113.50
92.50 113.00
92.50 112.50
93.00 112.00
93.50 111.50
93.50 111.00
94.00 110.50
94.50 110.00
94.50 109.50
95.00 109.00
95.50 108.50
96.00 108.00
96.00 107.50
96.50 107.00
97.00 106.50
97.00 106.00
97.50 105.50
98.00 105.50
98.50 105.00
98.50 104.50
99.00 104.00
99.50 103.50
100.00 103.00
100.50 102.50
101.00 102.00
101.00 101.50
101.50 101.00
102.00 101.00
102.50 100.50
103.00 100.00
103.50 99.50
104.00 99.00
104.50 98.50
105.00 98.00
105.50 97.50
106.00 97.00
106.50 96.50
107.00 96.50
107.50 96.00
107.50 95.50
108.00 95.00
108.50 95.00
