155.50 126.00
155.00 126.50
154.50 126.50
154.00 127.00
153.50 127.00
153.00 127.00
152.50 127.00
152.00 127.00
151.50 127.00
151.00 127.00
150.50 127.00
150.00 126.50
149.50 126.50
149.00 126.00
148.50 125.50
148.50 125.00
148.00 124.50
148.00 124.00
147.50 123.50
147.50 123.00
147.50 122.50
147.50 122.00
147.00 121.50
147.00 121.00
147.00 120.50
147.00 120.00
147.00 119.50
147.00 119.00
147.00 118.50
147.00 118.00
147.00 117.50
147.00 117.00
147.00 116.50
147.00 116.00
147.00 115.50
147.50 115.00
148.00 114.50
148.50 114.50
149.00 114.50
149.50 114.50
150.00 115.00
150.50 115.00
151.00 115.50
151.50 115.50
152.00 116.00
152.50 116.50
153.00 117.00
153.50 117.50
153.50 118.00
154.00 118.50
154.50 119.00
155.00 119.50
155.00 120.00
155.50 120.50
155.50 121.00
156.00 121.50
156.00 122.00
156.00 122.50
156.00 123.00
156.50 123.50
156.50 124.00
156.00 124.50
156.00 125.00
156.00 125.50
