114.00 108.50
114.50 108.00
115.00 108.00
115.50 107.50
116.00 107.50
116.50 107.00
117.00 107.00
117.50 106.50
118.00 106.50
118.50 106.00
119.00 106.00
119.50 106.00
120.00 105.50
120.50 105.50
121.00 105.50
121.50 105.00
122.00 105.00
122.50 105.00
123.00 105.00
123.50 105.00
124.00 104.50
124.50 104.50
125.00 104.50
125.50 104.50
126.00 104.50
126.50 105.00
127.00 105.00
127.50 105.00
128.00 105.00
128.50 105.00
129.00 105.00
129.50 105.00
130.00 105.50
130.50 105.50
131.00 105.50
131.50 105.50
132.00 105.50
132.50 106.00
133.00 106.00
133.50 106.00
134.00 106.50
134.50 106.50
135.00 106.50
135.50 107.00
136.00 107.00
136.50 107.50
137.00 107.50
137.50 107.50
138.00 108.00
138.50 108.00
139.00 108.50
139.50 109.00
140.00 109.00
140.50 109.50
141.00 110.00
141.50 110.00
142.00 110.50
142.00 111.00
142.50 111.50
143.00 112.00
143.50 112.50
144.00 113.00
144.50 113.50
145.00 114.00
145.00 114.50
145.50 115.00
146.00 115.50
146.00 116.00
146.50 116.50
147.00 117.00
147.00 117.50
147.50 118.00
148.00 118.50
148.00 119.00
148.50 119.50
148.50 120.00
149.00 120.50
149.00 121.00
149.50 121.50
149.50 122.00
149.50 122.50
150.00 123.00
150.00 123.50
150.00 124.00
150.00 124.50
150.50 125.00
150.50 125.50
150.50 126.00
150.50 126.50
150.50 127.00
150.50 127.50
150.00 128.00
150.00 128.50
150.00 129.00
150.00 129.50
150.00 130.00
150.00 130.50
150.00 131.00
150.00 131.50
149.50 132.00
149.50 132.50
149.00 133.00
148.50 133.50
148.50 134.00
148.50 134.50
148.50 135.00
148.50 135.50
148.50 136.00
148.50 136.50
148.50 137.00
148.50 137.50
148.50 138.00
148.50 138.50
148.50 139.00
148.50 139.50
148.00 140.00
148.00 140.50
148.00 141.00
148.00 141.50
148.00 142.00
147.50 142.50
147.50 143.00
147.50 143.50
147.50 144.00
147.00 144.50
147.00 145.00
147.00 145.50
146.50 146.00
146.50 146.50
146.00 147.00
146.00 147.50
145.50 148.00
145.50 148.50
145.00 149.00
144.50 149.50
144.50 150.00
144.50 150.50
144.00 151.00
143.50 151.50
143.50 152.00
143.00 152.50
142.50 153.00
142.00 153.50
141.50 154.00
141.00 154.50
140.50 155.00
140.00 155.50
139.50 156.00
139.00 156.50
138.50 157.00
138.00 157.50
137.50 157.50
137.00 158.00
136.50 158.50
136.00 159.00
135.50 159.00
135.00 159.00
134.50 159.50
134.00 159.50
133.50 160.00
133.00 160.50
132.50 160.50
132.00 161.00
131.50 161.00
131.00 161.00
130.50 161.00
130.00 161.50
129.50 161.50
129.00 161.50
128.50 162.00
128.00 162.00
127.50 162.00
127.00 162.50
126.50 162.50
126.00 162.50
125.50 162.50
125.00 162.50
124.50 162.50
124.00 162.50
123.50 163.00
123.00 163.00
122.50 163.00
122.00 163.00
121.50 163.00
121.00 163.00
120.50 163.00
120.00 163.00
119.50 163.00
119.00 163.00
118.50 163.00
118.00 163.00
117.50 163.00
117.00 163.00
116.50 163.00
116.00 163.00
115.50 163.00
115.00 162.50
114.50 162.50
114.00 162.50
113.50 162.50
113.00 162.50
112.50 162.50
112.00 162.50
111.50 162.00
111.00 162.00
110.50 162.00
110.00 162.00
109.50 161.50
109.00 161.50
108.50 161.50
108.00 161.00
107.50 161.00
107.00 160.50
106.50 160.50
106.00 160.50
105.50 160.00
105.00 160.00
104.50 159.50
104.00 159.00
103.50 159.00
103.00 158.50
102.50 158.00
102.00 157.50
101.50 157.50
101.00 157.00
100.50 156.50
100.00 156.00
99.50 155.50
99.50 155.00
99.00 154.50
98.50 154.00
98.50 153.50
98.00 153.00
97.50 152.50
97.50 152.00
97.00 151.50
97.00 151.00
96.50 150.50
96.50 150.00
96.00 149.50
96.00 149.00
95.50 148.50
95.50 148.00
95.50 147.50
95.50 147.00
95.00 146.50
95.00 146.00
95.00 145.50
95.00 145.00
94.50 144.50
94.50 144.00
94.50 143.50
94.50 143.00
94.50 142.50
94.50 142.00
94.00 141.50
94.00 141.00
94.00 140.50
94.00 140.00
94.00 139.50
94.00 139.00
94.00 138.50
94.00 138.00
94.00 137.50
94.00 137.00
94.00 136.50
94.00 136.00
94.00 135.50
94.00 135.00
94.00 134.50
94.00 134.00
94.00 133.50
94.00 133.00
94.00 132.50
94.50 132.00
94.50 131.50
94.50 131.00
94.50 130.50
94.50 130.00
94.50 129.50
95.00 129.00
95.00 128.50
95.00 128.00
95.00 127.50
95.50 127.00
95.50 126.50
95.50 126.00
95.50 125.50
96.00 125.00
96.00 124.50
96.00 124.00
96.50 123.50
96.50 123.00
96.50 122.50
97.00 122.00
97.00 121.50
97.50 121.00
97.50 120.50
98.00 120.00
98.00 119.50
98.50 119.00
98.50 118.50
99.00 118.00
99.00 117.50
99.50 117.00
100.00 116.50
100.50 116.00
101.00 115.50
101.50 115.00
102.00 114.50
102.50 114.50
103.00 114.00
103.50 113.50
104.00 113.00
104.50 112.50
105.00 112.50
105.50 112.00
106.00 112.00
106.50 111.50
107.00 111.00
107.50 111.00
108.00 111.00
108.50 110.50
109.00 110.50
109.50 110.00
110.00 110.00
110.50 110.00
111.00 109.50
111.50 109.50
112.00 109.50
112.50 109.50
113.00 109.50
113.50 109.00
