116.00 116.50
116.50 116.50
117.00 116.00
117.50 116.00
118.00 115.50
118.50 115.50
119.00 115.00
119.50 115.00
120.00 115.00
120.50 114.50
121.00 114.00
121.50 114.00
122.00 114.00
122.50 113.50
123.00 113.50
123.50 113.50
124.00 113.50
124.50 113.50
125.00 113.50
125.50 113.50
126.00 113.50
126.50 113.50
127.00 113.50
127.50 113.50
128.00 113.50
128.50 114.00
129.00 114.00
129.50 114.00
130.00 114.50
130.50 114.50
131.00 115.00
131.50 115.00
132.00 115.50
132.50 116.00
133.00 116.00
133.50 116.50
134.00 117.00
134.50 117.50
135.00 118.00
135.50 118.50
135.50 119.00
136.00 119.50
136.50 120.00
136.50 120.50
136.50 121.00
137.00 121.50
137.50 122.00
137.50 122.50
137.50 123.00
137.50 123.50
138.00 124.00
138.00 124.50
138.00 125.00
138.00 125.50
138.00 126.00
138.00 126.50
138.00 127.00
138.00 127.50
138.00 128.00
138.00 128.50
137.50 129.00
137.50 129.50
137.50 130.00
137.00 130.50
137.00 131.00
137.00 131.50
136.50 132.00
136.50 132.50
136.00 133.00
135.50 133.50
135.50 134.00
135.00 134.50
134.50 135.00
134.00 135.50
133.50 136.00
133.00 136.50
132.50 136.50
132.00 137.00
131.50 137.00
131.00 137.50
130.50 137.50
130.00 138.00
129.50 138.00
129.00 138.50
128.50 138.50
128.00 138.50
127.50 138.50
127.00 139.00
126.50 139.00
126.00 139.00
125.50 139.00
125.00 139.00
124.50 139.00
124.00 139.00
123.50 139.00
123.00 139.00
122.50 139.00
122.00 139.00
121.50 139.00
121.00 139.00
120.50 139.00
120.00 139.00
119.50 138.50
119.00 138.50
118.50 138.50
118.00 138.50
117.50 138.50
117.00 138.00
116.50 138.00
116.00 138.00
115.50 137.50
115.00 137.50
114.50 137.00
114.00 137.00
113.50 137.00
113.00 136.50
112.50 136.00
112.00 136.00
111.50 135.50
111.00 135.00
110.50 134.50
110.00 134.00
110.00 133.50
109.50 133.00
109.50 132.50
109.00 132.00
109.00 131.50
108.50 131.00
108.50 130.50
108.50 130.00
108.50 129.50
108.50 129.00
108.50 128.50
108.50 128.00
108.50 127.50
108.50 127.00
108.50 126.50
108.50 126.00
108.50 125.50
109.00 125.00
109.00 124.50
109.00 124.00
109.00 123.50
109.00 123.00
109.00 122.50
109.50 122.00
109.50 121.50
109.50 121.00
110.00 120.50
110.50 120.00
110.50 119.50
111.00 119.00
111.50 118.50
112.00 118.00
112.50 118.00
113.00 117.50
113.50 117.50
114.00 117.50
114.50 117.00
115.00 117.00
115.50 117.00
