115.50 112.00
116.00 112.00
116.50 111.50
117.00 111.50
117.50 111.50
118.00 111.00
118.50 111.00
119.00 110.50
119.50 110.50
120.00 110.50
120.50 110.00
121.00 110.00
121.50 109.50
122.00 109.50
122.50 109.00
123.00 109.00
123.50 109.00
124.00 108.50
124.50 108.50
125.00 108.50
125.50 108.50
126.00 108.00
126.50 108.00
127.00 108.00
127.50 108.00
128.00 108.00
128.50 108.00
129.00 108.00
129.50 108.00
130.00 108.00
130.50 108.00
131.00 108.50
131.50 108.50
132.00 109.00
132.50 109.00
133.00 109.50
133.50 109.50
134.00 110.00
134.50 110.50
135.00 110.50
135.50 111.00
136.00 111.50
136.50 112.00
137.00 112.50
137.00 113.00
137.50 113.50
138.00 114.00
138.50 114.50
139.00 115.00
139.50 115.50
139.50 116.00
140.00 116.50
140.50 117.00
140.50 117.50
140.50 118.00
141.00 118.50
141.00 119.00
141.50 119.50
141.50 120.00
142.00 120.50
142.00 121.00
142.00 121.50
142.00 122.00
142.50 122.50
142.50 123.00
142.50 123.50
142.50 124.00
142.50 124.50
142.50 125.00
142.50 125.50
142.50 126.00
142.50 126.50
142.50 127.00
142.50 127.50
142.50 128.00
142.50 128.50
142.50 129.00
142.00 129.50
142.00 130.00
142.00 130.50
142.00 131.00
141.50 131.50
141.50 132.00
141.50 132.50
141.00 133.00
140.50 133.50
140.50 134.00
140.50 134.50
140.00 135.00
139.50 135.50
139.50 136.00
139.00 136.50
138.50 137.00
138.00 137.50
137.50 138.00
137.00 138.50
136.50 139.00
136.00 139.50
135.50 140.00
135.00 140.50
134.50 141.00
134.00 141.00
133.50 141.50
133.00 141.50
132.50 142.00
132.00 142.00
131.50 142.00
131.00 142.50
130.50 142.50
130.00 143.00
129.50 143.00
129.00 143.00
128.50 143.00
128.00 143.50
127.50 143.50
127.00 143.50
126.50 143.50
126.00 143.50
125.50 143.50
125.00 143.50
124.50 143.50
124.00 143.50
123.50 143.50
123.00 143.50
122.50 143.50
122.00 143.00
121.50 143.00
121.00 143.00
120.50 143.00
120.00 143.00
119.50 142.50
119.00 142.50
118.50 142.50
118.00 142.00
117.50 142.00
117.00 142.00
116.50 141.50
116.00 141.50
115.50 141.50
115.00 141.00
114.50 141.00
114.00 140.50
113.50 140.50
113.00 140.00
112.50 139.50
112.00 139.50
111.50 139.00
111.00 138.50
110.50 138.50
110.00 138.00
109.50 137.50
109.00 137.00
108.50 137.00
108.00 136.50
107.50 136.00
107.00 135.50
106.50 135.00
106.00 134.50
106.00 134.00
105.50 133.50
105.00 133.00
105.00 132.50
104.50 132.00
104.50 131.50
104.50 131.00
104.00 130.50
104.00 130.00
104.00 129.50
104.00 129.00
104.00 128.50
104.00 128.00
104.00 127.50
104.00 127.00
104.00 126.50
104.50 126.00
104.50 125.50
104.50 125.00
105.00 124.50
105.00 124.00
105.00 123.50
105.50 123.00
105.50 122.50
105.50 122.00
106.00 121.50
106.00 121.00
106.50 120.50
106.50 120.00
106.50 119.50
107.00 119.00
107.50 118.50
107.50 118.00
107.50 117.50
108.00 117.00
108.00 116.50
108.50 116.00
108.50 115.50
109.00 115.00
109.50 114.50
110.00 114.00
110.50 113.50
111.00 113.50
111.50 113.00
112.00 113.00
112.50 113.00
113.00 112.50
113.50 112.50
114.00 112.50
114.50 112.00
115.00 112.00
