110.00 105.50
110.50 105.00
111.00 105.00
111.50 104.50
112.00 104.00
112.50 104.00
113.00 103.50
113.50 103.00
114.00 103.00
114.50 102.50
115.00 102.50
115.50 102.00
116.00 102.00
116.50 101.50
117.00 101.50
117.50 101.50
118.00 101.00
118.50 101.00
119.00 101.00
119.50 100.50
120.00 100.50
120.50 100.50
121.00 100.50
121.50 100.00
122.00 100.00
122.50 100.00
123.00 100.00
123.50 100.00
124.00 100.00
124.50 100.00
125.00 100.00
125.50 100.00
126.00 100.00
126.50 100.00
127.00 100.00
127.50 100.00
128.00 100.50
128.50 100.50
129.00 100.50
129.50 100.50
130.00 100.50
130.50 101.00
131.00 101.00
131.50 101.50
132.00 101.50
132.50 101.50
133.00 101.50
133.50 102.00
134.00 102.00
134.50 102.50
135.00 103.00
135.50 103.00
136.00 103.50
136.50 103.50
137.00 104.00
137.50 104.00
138.00 104.50
138.50 104.50
139.00 105.00
139.00 105.50
139.50 106.00
140.00 106.00
140.50 106.50
141.00 107.00
141.50 107.50
142.00 108.00
142.50 108.50
143.00 109.00
143.50 109.50
143.50 110.00
144.00 110.50
144.50 111.00
145.00 111.50
145.00 112.00
145.50 112.50
145.50 113.00
146.00 113.50
146.00 114.00
146.50 114.50
146.50 115.00
147.00 115.50
147.00 116.00
147.00 116.50
147.50 117.00
147.50 117.50
148.00 118.00
148.00 118.50
148.00 119.00
148.00 119.50
148.50 120.00
148.50 120.50
148.50 121.00
148.50 121.50
148.50 122.00
149.00 122.50
149.00 123.00
149.00 123.50
149.00 124.00
149.00 124.50
149.00 125.00
149.00 125.50
149.00 126.00
149.00 126.50
149.00 127.00
149.00 127.50
149.00 128.00
149.00 128.50
149.00 129.00
149.00 129.50
149.00 130.00
149.00 130.50
149.00 131.00
148.50 131.50
148.50 132.00
148.50 132.50
148.50 133.00
148.50 133.50
148.00 134.00
148.00 134.50
148.00 135.00
147.50 135.50
147.00 136.00
147.00 136.50
146.50 137.00
146.50 137.50
146.00 138.00
145.50 138.50
145.00 139.00
144.50 139.50
144.00 140.00
143.50 140.50
143.00 141.00
142.50 141.50
142.00 142.00
141.50 142.00
141.00 142.50
140.50 142.50
140.00 143.00
139.50 143.00
139.00 143.50
138.50 143.50
138.00 144.00
137.50 144.00
137.00 144.50
136.50 144.50
136.00 144.50
135.50 145.00
135.00 145.00
134.50 145.00
134.00 145.00
133.50 145.50
133.00 145.50
132.50 145.50
132.00 145.50
131.50 146.00
131.00 146.00
130.50 146.00
130.00 146.00
129.50 146.00
129.00 146.50
128.50 146.50
128.00 146.50
127.50 146.50
127.00 146.50
126.50 146.50
126.00 146.50
125.50 146.50
125.00 146.50
124.50 146.50
124.00 146.50
123.50 146.50
123.00 146.50
122.50 146.50
122.00 146.50
121.50 146.50
121.00 146.50
120.50 146.50
120.00 146.50
119.50 146.50
119.00 146.50
118.50 146.50
118.00 146.00
117.50 146.00
117.00 146.00
116.50 146.00
116.00 146.00
115.50 145.50
115.00 145.50
114.50 145.50
114.00 145.50
113.50 145.00
113.00 145.00
112.50 145.00
112.00 144.50
111.50 144.50
111.00 144.50
110.50 144.00
110.00 144.00
109.50 143.50
109.00 143.50
108.50 143.00
108.00 143.00
107.50 142.50
107.00 142.50
106.50 142.00
106.00 142.00
105.50 141.50
105.00 141.00
104.50 140.50
104.00 140.50
103.50 140.00
103.00 139.50
102.50 139.00
102.00 138.50
101.50 138.00
101.50 137.50
101.00 137.00
100.50 136.50
100.00 136.00
100.00 135.50
100.00 135.00
99.50 134.50
99.50 134.00
99.00 133.50
99.00 133.00
99.00 132.50
99.00 132.00
99.00 131.50
99.00 131.00
98.50 130.50
98.50 130.00
98.50 129.50
98.50 129.00
98.50 128.50
98.50 128.00
98.50 127.50
99.00 127.00
99.00 126.50
99.00 126.00
99.00 125.50
99.00 125.00
99.00 124.50
99.50 124.00
99.50 123.50
99.50 123.00
99.50 122.50
99.50 122.00
100.00 121.50
100.00 121.00
100.00 120.50
100.50 120.00
100.50 119.50
100.50 119.00
101.00 118.50
101.00 118.00
101.00 117.50
101.50 117.00
101.50 116.50
102.00 116.00
102.00 115.50
102.50 115.00
102.50 114.50
103.00 114.00
103.50 113.50
103.50 113.00
104.00 112.50
104.00 112.00
104.50 111.50
105.00 111.00
105.00 110.50
105.50 110.00
106.00 109.50
106.50 109.00
107.00 108.50
107.50 108.00
108.00 107.50
108.50 107.00
108.50 106.50
109.00 106.00
109.50 106.00
