141.00 142.50
140.50 143.00
140.00 143.00
139.50 143.50
139.00 144.00
138.50 144.50
138.00 144.50
137.50 144.50
137.00 145.00
136.50 145.50
136.00 145.50
135.50 146.00
135.00 146.50
134.50 146.50
134.00 147.00
133.50 147.50
133.00 148.00
132.50 148.00
132.00 148.00
131.50 148.50
131.00 149.00
130.50 149.00
130.50 149.50
130.00 150.00
129.50 150.00
129.00 150.00
128.50 150.50
128.00 150.50
127.50 150.50
127.00 150.50
126.50 151.00
126.00 151.00
125.50 151.00
125.00 151.00
124.50 151.00
124.00 151.00
123.50 151.00
123.00 151.00
122.50 151.00
122.00 151.00
121.50 151.00
121.00 150.50
120.50 150.50
120.00 150.50
119.50 150.50
119.00 150.50
118.50 150.00
118.00 150.00
117.50 150.00
117.00 149.50
116.50 149.00
116.00 149.00
115.50 148.50
115.00 148.50
114.50 148.00
114.00 147.50
113.50 147.50
113.00 147.00
112.50 146.50
112.00 146.00
111.50 145.50
111.00 145.00
110.50 144.50
110.50 144.00
110.00 143.50
109.50 143.00
109.00 142.50
109.00 142.00
108.50 141.50
108.00 141.00
108.00 140.50
107.50 140.00
107.50 139.50
107.00 139.00
107.00 138.50
106.50 138.00
106.50 137.50
106.50 137.00
106.00 136.50
106.00 136.00
105.50 135.50
105.50 135.00
105.00 134.50
105.00 134.00
105.00 133.50
104.50 133.00
104.50 132.50
104.50 132.00
104.00 131.50
104.00 131.00
104.00 130.50
103.50 130.00
103.50 129.50
103.50 129.00
103.50 128.50
103.50 128.00
103.50 127.50
103.50 127.00
103.50 126.50
103.50 126.00
103.50 125.50
103.50 125.00
104.00 124.50
104.00 124.00
104.00 123.50
104.00 123.00
104.50 122.50
104.50 122.00
104.50 121.50
105.00 121.00
105.00 120.50
105.00 120.00
105.50 119.50
106.00 119.00
106.00 118.50
106.50 118.00
107.00 117.50
107.00 117.00
107.50 116.50
107.50 116.00
108.00 115.50
108.50 115.00
109.00 114.50
109.50 114.00
110.00 113.50
110.50 113.00
111.00 112.50
111.50 112.00
112.00 112.00
112.50 111.50
113.00 111.00
113.50 110.50
114.00 110.00
114.50 110.00
115.00 109.50
115.50 109.50
116.00 109.00
116.50 109.00
117.00 108.50
117.50 108.50
118.00 108.00
118.50 108.00
119.00 108.00
119.50 107.50
120.00 107.50
120.50 107.50
121.00 107.50
121.50 107.00
122.00 107.00
122.50 107.00
123.00 107.00
123.50 107.00
124.00 107.00
124.50 107.00
125.00 107.00
125.50 107.00
126.00 107.00
126.50 107.00
127.00 107.00
127.50 107.00
128.00 107.00
128.50 107.00
129.00 107.50
129.50 107.50
130.00 107.50
130.50 107.50
131.00 107.50
131.50 108.00
132.00 108.00
132.50 108.50
133.00 108.50
133.50 108.50
134.00 109.00
134.50 109.50
135.00 109.50
135.50 110.00
136.00 110.50
136.50 111.00
137.00 111.50
137.50 112.00
138.00 112.50
138.50 113.00
139.00 113.50
139.00 114.00
139.50 114.50
140.00 115.00
140.50 115.50
141.00 116.00
141.00 116.50
141.50 117.00
142.00 117.50
142.00 118.00
142.50 118.50
142.50 119.00
142.50 119.50
143.00 120.00
143.50 120.50
143.50 121.00
143.50 121.50
144.00 122.00
144.00 122.50
144.00 123.00
144.00 123.50
144.50 124.00
144.50 124.50
144.50 125.00
144.50 125.50
144.50 126.00
144.50 126.50
144.50 127.00
144.50 127.50
144.50 128.00
144.50 128.50
144.50 129.00
144.50 129.50
144.50 130.00
144.50 130.50
144.50 131.00
144.50 131.50
144.00 132.00
144.00 132.50
144.00 133.00
144.00 133.50
143.50 134.00
143.50 134.50
143.50 135.00
143.50 135.50
143.00 136.00
143.00 136.50
143.00 137.00
142.50 137.50
142.50 138.00
142.50 138.50
142.00 139.00
142.00 139.50
141.50 140.00
141.00 140.50
141.00 141.00
141.00 141.50
140.50 142.00
