114.50 102.50
115.00 102.50
115.50 102.50
116.00 102.50
116.50 102.50
117.00 102.50
117.50 102.50
118.00 102.50
118.50 102.50
119.00 102.50
119.50 102.50
120.00 102.50
120.50 102.50
121.00 102.50
121.50 102.50
122.00 102.50
122.50 102.50
123.00 102.50
123.50 102.00
124.00 102.00
124.50 102.00
125.00 102.00
125.50 102.00
126.00 102.00
126.50 102.00
127.00 102.00
127.50 102.00
128.00 101.50
128.50 101.50
129.00 101.50
129.50 101.50
130.00 101.50
130.50 101.50
131.00 101.50
131.50 101.50
132.00 101.50
132.50 101.50
133.00 101.50
133.50 101.50
134.00 101.50
134.50 101.50
135.00 101.50
135.50 101.50
136.00 101.50
136.50 102.00
137.00 102.00
137.50 102.00
138.00 102.50
138.50 102.50
139.00 103.00
139.50 103.00
140.00 103.50
140.50 103.50
141.00 104.00
141.50 104.50
142.00 105.00
142.50 105.00
143.00 105.50
143.50 106.00
144.00 106.50
144.50 107.00
144.50 107.50
145.00 108.00
145.50 108.50
146.00 109.00
146.00 109.50
146.50 110.00
146.50 110.50
147.00 111.00
147.00 111.50
147.50 112.00
147.50 112.50
147.50 113.00
148.00 113.50
148.00 114.00
148.50 114.50
148.50 115.00
148.50 115.50
148.50 116.00
149.00 116.50
149.00 117.00
149.00 117.50
149.00 118.00
149.50 118.50
149.50 119.00
149.50 119.50
149.50 120.00
149.50 120.50
149.50 121.00
149.50 121.50
149.50 122.00
149.50 122.50
149.50 123.00
149.50 123.50
149.50 124.00
149.50 124.50
149.50 125.00
149.00 125.50
149.00 126.00
149.00 126.50
149.00 127.00
149.00 127.50
148.50 128.00
148.50 128.50
148.00 129.00
148.00 129.50
148.00 130.00
148.00 130.50
148.00 131.00
147.50 131.50
147.50 132.00
147.50 132.50
147.50 133.00
147.50 133.50
147.50 134.00
147.50 134.50
147.50 135.00
147.00 135.50
147.00 136.00
147.00 136.50
147.00 137.00
147.00 137.50
146.50 138.00
146.50 138.50
146.50 139.00
146.50 139.50
146.50 140.00
146.00 140.50
146.00 141.00
145.50 141.50
145.50 142.00
145.50 142.50
145.50 143.00
145.00 143.50
145.00 144.00
144.50 144.50
144.50 145.00
144.00 145.50
144.00 146.00
143.50 146.50
143.50 147.00
143.00 147.50
142.50 148.00
142.00 148.50
141.50 149.00
141.50 149.50
141.00 150.00
140.50 150.50
140.00 151.00
139.50 151.50
139.00 151.50
138.50 152.00
138.00 152.50
137.50 153.00
137.00 153.50
136.50 153.50
136.00 154.00
135.50 154.50
135.00 154.50
134.50 155.00
134.00 155.00
133.50 155.50
133.00 156.00
132.50 156.00
132.00 156.00
131.50 156.50
131.00 156.50
130.50 157.00
130.00 157.00
129.50 157.00
129.00 157.50
128.50 157.50
128.00 157.50
127.50 157.50
127.00 158.00
126.50 158.00
126.00 158.00
125.50 158.00
125.00 158.00
124.50 158.50
124.00 158.50
123.50 158.50
123.00 158.50
122.50 158.50
122.00 158.50
121.50 158.50
121.00 158.50
120.50 158.50
120.00 158.50
119.50 158.50
119.00 158.50
118.50 158.50
118.00 158.50
117.50 158.50
117.00 158.50
116.50 158.50
116.00 158.50
115.50 158.50
115.00 158.00
114.50 158.00
114.00 158.00
113.50 158.00
113.00 158.00
112.50 157.50
112.00 157.50
111.50 157.50
111.00 157.50
110.50 157.00
110.00 157.00
109.50 156.50
109.00 156.50
108.50 156.50
108.00 156.00
107.50 156.00
107.00 156.00
106.50 155.50
106.00 155.00
105.50 155.00
105.00 154.50
104.50 154.50
104.00 154.00
103.50 153.50
103.00 153.50
102.50 153.00
102.00 152.50
101.50 152.00
101.00 151.50
100.50 151.00
100.00 150.50
99.50 150.00
99.00 149.50
99.00 149.00
98.50 148.50
98.00 148.00
97.50 147.50
97.50 147.00
97.00 146.50
97.00 146.00
96.50 145.50
96.50 145.00
96.50 144.50
96.00 144.00
96.00 143.50
96.00 143.00
95.50 142.50
95.50 142.00
95.50 141.50
95.00 141.00
95.00 140.50
95.00 140.00
95.00 139.50
95.00 139.00
94.50 138.50
94.50 138.00
94.50 137.50
94.50 137.00
94.50 136.50
94.50 136.00
94.50 135.50
94.50 135.00
94.50 134.50
94.50 134.00
94.50 133.50
94.50 133.00
94.50 132.50
95.00 132.00
95.00 131.50
95.00 131.00
95.00 130.50
95.00 130.00
95.50 129.50
95.50 129.00
95.50 128.50
96.00 128.00
96.00 127.50
96.00 127.00
96.50 126.50
97.00 126.00
97.00 125.50
97.50 125.00
97.50 124.50
97.50 124.00
97.50 123.50
97.50 123.00
97.50 122.50
97.50 122.00
97.50 121.50
97.50 121.00
97.50 120.50
97.50 120.00
97.50 119.50
97.50 119.00
97.00 118.50
97.00 118.00
97.00 117.50
97.50 117.00
97.50 116.50
97.50 116.00
97.50 115.50
98.00 115.00
98.00 114.50
98.00 114.00
98.00 113.50
98.50 113.00
98.50 112.50
99.00 112.00
99.00 111.50
99.00 111.00
99.50 110.50
100.00 110.00
100.00 109.50
100.50 109.00
101.00 109.00
101.50 108.50
101.50 108.00
102.00 107.50
102.50 107.00
103.00 107.00
103.50 106.50
104.00 106.00
104.50 106.00
105.00 105.50
105.50 105.00
106.00 105.00
106.50 105.00
107.00 105.00
107.50 104.50
108.00 104.50
108.50 104.00
109.00 104.00
109.50 104.00
110.00 104.00
110.50 103.50
111.00 103.50
111.50 103.50
112.00 103.50
112.50 104.00
113.00 104.00
113.50 103.50
114.00 103.00
114.50 102.50
