142.50 94.50
143.00 94.50
143.50 95.00
144.00 95.50
144.50 95.50
145.00 96.00
145.50 96.50
146.00 96.50
146.50 97.00
147.00 97.00
147.50 97.50
148.00 98.00
148.50 98.00
149.00 98.50
149.50 99.00
150.00 99.50
150.50 100.00
151.00 100.50
151.50 101.00
152.00 101.50
152.50 102.00
153.00 102.50
153.50 103.00
154.00 103.50
154.50 104.00
154.50 104.50
155.00 105.00
155.50 105.50
156.00 106.00
156.00 106.50
156.50 107.00
157.00 107.50
157.00 108.00
157.50 108.50
157.50 109.00
158.00 109.50
158.00 110.00
158.50 110.50
158.50 111.00
159.00 111.50
159.00 112.00
159.50 112.50
159.50 113.00
159.50 113.50
160.00 114.00
160.00 114.50
160.00 115.00
160.50 115.50
160.50 116.00
160.50 116.50
160.50 117.00
161.00 117.50
161.00 118.00
161.00 118.50
161.00 119.00
161.50 119.50
161.50 120.00
161.50 120.50
161.50 121.00
161.50 121.50
162.00 122.00
162.00 122.50
162.00 123.00
162.00 123.50
162.00 124.00
162.00 124.50
162.00 125.00
162.00 125.50
162.00 126.00
162.00 126.50
162.00 127.00
162.00 127.50
162.00 128.00
162.00 128.50
162.00 129.00
162.00 129.50
162.00 130.00
162.00 130.50
162.00 131.00
162.00 131.50
162.00 132.00
162.00 132.50
162.00 133.00
161.50 133.50
161.50 134.00
161.50 134.50
161.50 135.00
161.50 135.50
161.00 136.00
161.00 136.50
161.00 137.00
160.50 137.50
160.50 138.00
160.50 138.50
160.00 139.00
160.00 139.50
160.00 140.00
159.50 140.50
159.50 141.00
159.00 141.50
159.00 142.00
158.50 142.50
158.50 143.00
158.00 143.50
157.50 144.00
157.00 144.50
157.00 145.00
156.50 145.50
156.50 146.00
156.00 146.50
155.50 147.00
155.00 147.50
154.50 148.00
154.00 148.50
154.00 149.00
153.50 149.50
153.00 149.50
152.50 150.00
152.50 150.50
152.00 151.00
151.50 151.00
151.00 151.50
150.50 152.00
150.00 152.50
149.50 153.00
149.00 153.50
148.50 154.00
148.00 154.00
147.50 154.50
147.00 155.00
146.50 155.50
146.00 155.50
145.50 156.00
145.00 156.50
144.50 156.50
144.00 157.00
143.50 157.50
143.00 157.50
142.50 158.00
142.00 158.00
141.50 158.00
141.00 158.50
140.50 159.00
140.00 159.00
139.50 159.50
139.00 159.50
138.50 160.00
138.00 160.00
137.50 160.00
137.00 160.50
136.50 160.50
136.00 160.50
135.50 161.00
135.00 161.00
134.50 161.00
134.00 161.00
133.50 161.50
133.00 161.50
132.50 161.50
132.00 162.00
131.50 162.00
131.00 162.00
130.50 162.00
130.00 162.00
129.50 162.50
129.00 162.50
128.50 162.50
128.00 162.50
127.50 162.50
127.00 162.50
126.50 162.50
126.00 162.50
125.50 162.50
125.00 162.50
124.50 162.50
124.00 162.50
123.50 162.50
123.00 162.50
122.50 162.50
122.00 162.50
121.50 162.50
121.00 162.50
120.50 162.50
120.00 162.50
119.50 162.50
119.00 162.50
118.50 162.50
118.00 162.00
117.50 162.00
117.00 162.00
116.50 162.00
116.00 161.50
115.50 161.50
115.00 161.50
114.50 161.50
114.00 161.50
113.50 161.00
113.00 161.00
112.50 160.50
112.00 160.50
111.50 160.50
111.00 160.00
110.50 160.00
110.00 159.50
109.50 159.50
109.00 159.50
108.50 159.00
108.00 159.00
107.50 158.50
107.00 158.00
106.50 158.00
106.00 157.50
105.50 157.50
105.00 157.00
104.50 156.50
104.00 156.50
103.50 156.00
103.00 155.50
102.50 155.50
102.00 155.00
101.50 154.50
101.00 154.50
100.50 154.00
100.00 153.50
99.50 153.00
99.00 152.50
98.50 152.50
98.00 152.00
97.50 151.50
97.00 151.00
96.50 150.50
96.00 150.00
95.50 149.50
95.00 149.00
94.50 148.50
94.00 148.00
93.50 147.50
93.00 147.00
92.50 146.50
92.00 146.00
92.00 145.50
91.50 145.00
91.00 144.50
91.00 144.00
90.50 143.50
90.50 143.00
90.00 142.50
90.00 142.00
89.50 141.50
89.50 141.00
89.00 140.50
89.00 140.00
88.50 139.50
88.50 139.00
88.50 138.50
88.00 138.00
88.00 137.50
88.00 137.00
88.00 136.50
88.00 136.00
88.00 135.50
88.00 135.00
87.50 134.50
87.50 134.00
87.50 133.50
87.50 133.00
87.50 132.50
87.50 132.00
88.00 131.50
88.00 131.00
88.00 130.50
88.00 130.00
88.00 129.50
88.00 129.00
88.00 128.50
88.00 128.00
88.00 127.50
88.50 127.00
88.50 126.50
88.50 126.00
88.50 125.50
88.50 125.00
89.00 124.50
89.00 124.00
89.00 123.50
89.00 123.00
89.00 122.50
89.50 122.00
89.50 121.50
89.50 121.00
90.00 120.50
90.00 120.00
90.00 119.50
90.00 119.00
90.50 118.50
90.50 118.00
90.50 117.50
91.00 117.00
91.00 116.50
91.00 116.00
91.00 115.50
91.50 115.00
91.50 114.50
92.00 114.00
92.00 113.50
92.00 113.00
92.50 112.50
92.50 112.00
92.50 111.50
93.00 111.00
93.00 110.50
93.50 110.00
93.50 109.50
94.00 109.00
94.00 108.50
94.50 108.00
95.00 107.50
95.00 107.00
95.50 106.50
95.50 106.00
96.00 105.50
96.50 105.00
96.50 104.50
97.00 104.00
97.50 103.50
98.00 103.00
98.50 102.50
98.50 102.00
99.00 101.50
99.50 101.00
100.00 100.50
100.50 100.00
101.00 99.50
101.50 99.00
102.00 98.50
102.50 98.00
103.00 98.00
103.50 97.50
104.00 97.00
104.50 96.50
105.00 96.50
105.50 96.00
106.00 95.50
106.50 95.00
107.00 95.00
107.50 95.00
108.00 94.50
108.50 94.00
109.00 94.00
109.50 93.50
110.00 93.50
110.50 93.00
111.00 93.00
111.50 92.50
112.00 92.50
112.50 92.50
113.00 92.00
113.50 92.00
114.00 92.00
114.50 91.50
115.00 91.50
115.50 91.50
116.00 91.50
116.50 91.00
117.00 91.00
117.50 91.00
118.00 91.00
118.50 90.50
119.00 90.50
119.50 90.50
120.00 90.50
120.50 90.50
121.00 90.50
121.50 90.50
122.00 90.50
122.50 90.00
123.00 90.00
123.50 90.00
124.00 90.00
124.50 90.00
125.00 90.00
125.50 90.00
126.00 90.00
126.50 90.00
127.00 90.50
127.50 90.50
128.00 90.50
128.50 90.50
129.00 90.50
129.50 90.50
130.00 90.50
130.50 90.50
131.00 91.00
131.50 91.00
132.00 91.00
132.50 91.00
133.00 91.00
133.50 91.00
134.00 91.50
134.50 91.50
135.00 91.50
135.50 92.00
136.00 92.00
136.50 92.00
137.00 92.00
137.50 92.50
138.00 92.50
138.50 92.50
139.00 93.00
139.50 93.00
140.00 93.50
140.50 93.50
141.00 93.50
141.50 94.00
142.00 94.50
