115.50 102.50
116.00 102.00
116.50 102.00
117.00 101.50
117.50 101.00
118.00 101.00
118.50 100.50
119.00 100.50
119.50 100.00
120.00 100.00
120.50 99.50
121.00 99.50
121.50 99.50
122.00 99.50
122.50 99.00
123.00 99.00
123.50 99.00
124.00 99.00
124.50 99.00
125.00 99.00
125.50 99.00
126.00 99.00
126.50 99.00
127.00 99.50
127.50 99.50
128.00 99.50
128.50 99.50
129.00 100.00
129.50 100.00
130.00 100.00
130.50 100.00
131.00 100.00
131.50 100.50
132.00 100.50
132.50 100.50
133.00 100.50
133.50 100.50
134.00 100.50
134.50 100.50
135.00 100.50
135.50 100.50
136.00 101.00
136.50 101.00
137.00 101.50
137.50 101.50
138.00 102.00
138.50 102.00
139.00 102.50
139.50 103.00
140.00 103.50
140.50 104.00
141.00 104.50
141.50 104.50
142.00 105.00
142.50 105.50
143.00 106.00
143.00 106.50
143.50 107.00
144.00 107.50
144.00 108.00
144.50 108.50
145.00 109.00
145.00 109.50
145.50 110.00
145.50 110.50
145.50 111.00
146.00 111.50
146.00 112.00
146.50 112.50
146.50 113.00
146.50 113.50
146.50 114.00
147.00 114.50
147.00 115.00
147.00 115.50
147.00 116.00
147.50 116.50
147.50 117.00
147.50 117.50
147.50 118.00
147.50 118.50
148.00 119.00
148.00 119.50
148.00 120.00
148.00 120.50
148.00 121.00
148.50 121.50
148.50 122.00
148.50 122.50
148.50 123.00
149.00 123.50
149.00 124.00
149.00 124.50
149.00 125.00
149.00 125.50
149.00 126.00
149.50 126.50
149.50 127.00
149.50 127.50
149.50 128.00
149.50 128.50
149.50 129.00
149.50 129.50
149.50 130.00
149.50 130.50
149.50 131.00
149.50 131.50
149.50 132.00
149.50 132.50
149.50 133.00
149.50 133.50
149.50 134.00
149.50 134.50
149.50 135.00
149.50 135.50
149.50 136.00
149.00 136.50
149.00 137.00
149.00 137.50
149.00 138.00
149.00 138.50
149.00 139.00
149.00 139.50
148.50 140.00
148.50 140.50
148.50 141.00
148.50 141.50
148.50 142.00
148.50 142.50
148.50 143.00
148.00 143.50
148.00 144.00
148.00 144.50
148.00 145.00
148.00 145.50
147.50 146.00
147.50 146.50
147.50 147.00
147.00 147.50
147.00 148.00
147.00 148.50
146.50 149.00
146.50 149.50
146.00 150.00
145.50 150.50
145.00 151.00
144.50 151.50
144.00 152.00
143.50 152.00
143.00 152.00
142.50 152.50
142.00 152.50
141.50 153.00
141.00 153.00
140.50 153.00
140.00 153.00
139.50 153.50
139.00 153.50
138.50 153.50
138.00 153.50
137.50 154.00
137.00 154.00
136.50 154.00
136.00 154.00
135.50 154.00
135.00 154.50
134.50 154.50
134.00 154.50
133.50 154.50
133.00 155.00
132.50 155.00
132.00 155.00
131.50 155.00
131.00 155.00
130.50 155.50
130.00 155.50
129.50 155.50
129.00 156.00
128.50 156.00
128.00 156.00
127.50 156.00
127.00 156.50
126.50 156.50
126.00 156.50
125.50 156.50
125.00 157.00
124.50 157.00
124.00 157.00
123.50 157.00
123.00 157.50
122.50 157.50
122.00 157.50
121.50 157.50
121.00 157.50
120.50 157.50
120.00 157.50
119.50 157.50
119.00 157.50
118.50 157.50
118.00 157.50
117.50 157.50
117.00 157.50
116.50 157.50
116.00 157.50
115.50 157.50
115.00 157.00
114.50 157.00
114.00 157.00
113.50 156.50
113.00 156.50
112.50 156.50
112.00 156.00
111.50 156.00
111.00 155.50
110.50 155.50
110.00 155.00
109.50 154.50
109.00 154.50
108.50 154.00
108.00 153.50
107.50 153.50
107.00 153.00
106.50 152.50
106.00 152.00
105.50 151.50
105.00 151.00
104.50 150.50
104.00 150.00
103.50 149.50
103.00 149.00
103.00 148.50
102.50 148.00
102.00 147.50
102.00 147.00
101.50 146.50
101.50 146.00
101.00 145.50
101.00 145.00
100.50 144.50
100.00 144.00
100.00 143.50
100.00 143.00
99.50 142.50
99.50 142.00
99.50 141.50
99.00 141.00
99.00 140.50
99.00 140.00
99.00 139.50
98.50 139.00
98.50 138.50
98.50 138.00
98.50 137.50
98.50 137.00
98.00 136.50
98.00 136.00
98.00 135.50
98.00 135.00
98.00 134.50
98.00 134.00
98.00 133.50
98.00 133.00
98.00 132.50
98.00 132.00
98.00 131.50
98.00 131.00
98.00 130.50
98.00 130.00
98.00 129.50
98.00 129.00
98.00 128.50
98.00 128.00
98.00 127.50
98.00 127.00
98.00 126.50
98.50 126.00
98.50 125.50
98.50 125.00
98.50 124.50
98.50 124.00
99.00 123.50
99.00 123.00
99.00 122.50
99.00 122.00
99.50 121.50
99.50 121.00
100.00 120.50
100.00 120.00
100.50 119.50
100.50 119.00
101.00 118.50
101.00 118.00
101.50 117.50
101.50 117.00
102.00 116.50
102.50 116.00
103.00 115.50
103.00 115.00
103.50 114.50
104.00 114.00
104.50 113.50
105.00 113.00
105.50 112.50
105.50 112.00
106.00 111.50
106.50 111.00
107.00 110.50
107.00 110.00
107.50 109.50
107.50 109.00
108.00 108.50
108.50 108.00
108.50 107.50
109.00 107.00
109.50 106.50
109.50 106.00
110.00 105.50
110.50 105.00
111.00 104.50
111.50 104.00
112.00 104.00
112.50 103.50
113.00 103.50
113.50 103.00
114.00 103.00
114.50 103.00
115.00 102.50
