134.50 167.00
134.00 167.00
133.50 167.00
133.00 167.00
132.50 167.00
132.00 167.00
131.50 167.00
131.00 167.00
130.50 167.00
130.00 167.00
129.50 167.00
129.00 167.00
128.50 167.00
128.00 167.00
127.50 167.00
127.00 167.00
126.50 167.00
126.00 167.00
125.50 167.00
125.00 167.00
124.50 167.00
124.00 167.00
123.50 167.00
123.00 167.00
122.50 167.00
122.00 167.00
121.50 167.00
121.00 167.00
120.50 167.00
120.00 167.00
119.50 167.00
119.00 167.00
118.50 167.00
118.00 167.00
117.50 167.00
117.00 167.00
116.50 167.00
116.00 167.00
115.50 167.00
115.00 167.00
114.50 167.00
114.00 167.00
113.50 167.00
113.00 167.00
112.50 167.00
112.00 167.00
111.50 167.00
111.00 167.00
110.50 167.00
110.00 167.00
109.50 167.00
109.00 166.50
108.50 166.50
108.00 166.50
107.50 166.00
107.00 166.00
106.50 165.50
106.00 165.50
105.50 165.50
105.00 165.00
104.50 165.00
104.00 164.50
103.50 164.50
103.00 164.00
102.50 164.00
102.00 163.50
101.50 163.00
101.00 163.00
100.50 162.50
100.00 162.50
99.50 162.00
99.00 161.50
98.50 161.00
98.00 160.50
97.50 160.50
97.00 160.00
96.50 159.50
96.00 159.00
95.50 158.50
95.00 158.00
94.50 157.50
94.00 157.00
93.50 156.50
93.00 156.00
93.00 155.50
92.50 155.00
92.00 154.50
92.00 154.00
91.50 153.50
91.50 153.00
91.00 152.50
91.00 152.00
90.50 151.50
90.00 151.00
90.00 150.50
89.50 150.00
89.50 149.50
89.00 149.00
89.00 148.50
89.00 148.00
89.00 147.50
88.50 147.00
88.50 146.50
88.50 146.00
88.00 145.50
88.00 145.00
88.00 144.50
88.00 144.00
87.50 143.50
87.50 143.00
87.50 142.50
87.50 142.00
87.50 141.50
87.50 141.00
87.50 140.50
87.50 140.00
87.50 139.50
87.50 139.00
87.50 138.50
87.50 138.00
87.50 137.50
87.50 137.00
87.50 136.50
87.50 136.00
87.50 135.50
87.50 135.00
87.50 134.50
87.50 134.00
88.00 133.50
88.00 133.00
88.00 132.50
88.00 132.00
88.00 131.50
88.00 131.00
88.50 130.50
88.50 130.00
88.50 129.50
88.50 129.00
89.00 128.50
89.00 128.00
89.00 127.50
89.00 127.00
89.50 126.50
89.50 126.00
89.50 125.50
90.00 125.00
90.00 124.50
90.00 124.00
90.00 123.50
90.50 123.00
90.50 122.50
90.50 122.00
91.00 121.50
91.00 121.00
91.50 120.50
91.50 120.00
91.50 119.50
92.00 119.00
92.00 118.50
92.50 118.00
93.00 117.50
93.00 117.00
93.00 116.50
93.50 116.00
93.50 115.50
94.00 115.00
94.00 114.50
94.50 114.00
94.50 113.50
95.00 113.00
95.00 112.50
95.50 112.00
96.00 111.50
96.00 111.00
96.50 110.50
97.00 110.00
97.00 109.50
97.50 109.00
98.00 108.50
98.00 108.00
98.50 107.50
99.00 107.00
99.00 106.50
99.50 106.00
100.00 105.50
100.50 105.00
101.00 104.50
101.50 104.00
102.00 103.50
102.50 103.00
103.00 102.50
103.50 102.00
104.00 101.50
104.50 101.50
105.00 101.00
105.50 100.50
106.00 100.00
106.50 100.00
107.00 99.50
107.50 99.00
108.00 99.00
108.50 98.50
109.00 98.00
109.50 98.00
110.00 97.50
110.50 97.00
111.00 96.50
111.50 96.50
112.00 96.00
112.50 96.00
113.00 96.00
113.50 95.50
114.00 95.50
114.50 95.50
115.00 95.00
115.50 95.00
116.00 95.00
116.50 94.50
117.00 94.50
117.50 94.50
118.00 94.50
118.50 94.00
119.00 94.00
119.50 94.00
120.00 94.00
120.50 94.00
121.00 93.50
121.50 93.50
122.00 93.50
122.50 93.50
123.00 93.00
123.50 93.00
124.00 93.00
124.50 93.00
125.00 92.50
125.50 92.50
126.00 92.50
126.50 92.50
127.00 92.50
127.50 92.00
128.00 92.00
128.50 92.00
129.00 92.00
129.50 91.50
130.00 91.50
130.50 91.50
131.00 91.50
131.50 91.50
132.00 91.50
132.50 91.50
133.00 91.00
133.50 91.00
134.00 91.00
134.50 91.00
135.00 91.00
135.50 91.00
136.00 91.00
136.50 91.00
137.00 91.00
137.50 91.00
138.00 91.00
138.50 91.00
139.00 91.00
139.50 91.00
140.00 91.00
140.50 91.00
141.00 91.50
141.50 91.50
142.00 91.50
142.50 91.50
143.00 92.00
143.50 92.00
144.00 92.00
144.50 92.50
145.00 92.50
145.50 93.00
146.00 93.00
146.50 93.50
147.00 93.50
147.50 94.00
148.00 94.00
148.50 94.50
149.00 95.00
149.50 95.50
150.00 96.00
150.50 96.00
151.00 96.50
151.50 97.00
152.00 97.50
152.50 98.00
153.00 98.50
153.50 99.00
154.00 99.50
154.50 100.00
155.00 100.50
155.50 101.00
156.00 101.50
156.50 102.00
156.50 102.50
157.00 103.00
157.50 103.50
158.00 104.00
158.50 104.50
159.00 105.00
159.00 105.50
159.50 106.00
159.50 106.50
160.00 107.00
160.50 107.50
160.50 108.00
161.00 108.50
161.50 109.00
161.50 109.50
161.50 110.00
162.00 110.50
162.00 111.00
162.50 111.50
162.50 112.00
163.00 112.50
163.00 113.00
163.50 113.50
163.50 114.00
163.50 114.50
164.00 115.00
164.00 115.50
164.00 116.00
164.00 116.50
164.50 117.00
164.50 117.50
164.50 118.00
164.50 118.50
164.50 119.00
164.50 119.50
165.00 120.00
165.00 120.50
165.00 121.00
165.00 121.50
165.00 122.00
165.00 122.50
165.00 123.00
165.00 123.50
165.00 124.00
165.00 124.50
165.00 125.00
164.50 125.50
164.50 126.00
164.50 126.50
164.50 127.00
164.50 127.50
164.50 128.00
164.50 128.50
164.50 129.00
164.00 129.50
164.00 130.00
164.00 130.50
164.00 131.00
164.00 131.50
163.50 132.00
163.50 132.50
163.50 133.00
163.50 133.50
163.50 134.00
163.00 134.50
163.00 135.00
163.00 135.50
163.00 136.00
162.50 136.50
162.00 137.00
162.00 137.50
162.00 138.00
161.50 138.50
161.50 139.00
161.00 139.50
161.00 140.00
160.50 140.50
160.50 141.00
160.50 141.50
160.00 142.00
160.00 142.50
159.50 143.00
159.50 143.50
159.00 144.00
159.00 144.50
159.00 145.00
158.50 145.50
158.50 146.00
158.00 146.50
157.50 147.00
157.50 147.50
157.50 148.00
157.00 148.50
157.00 149.00
156.50 149.50
156.50 150.00
156.50 150.50
156.00 151.00
156.00 151.50
155.50 152.00
155.50 152.50
155.00 153.00
155.00 153.50
154.50 154.00
155.00 154.50
155.00 155.00
154.50 155.50
154.50 156.00
154.00 156.50
153.50 157.00
153.50 157.50
153.00 158.00
153.00 158.50
152.50 159.00
152.50 159.50
152.00 160.00
151.50 160.50
151.00 161.00
150.50 161.50
150.00 162.00
149.50 162.50
149.00 162.50
148.50 163.00
148.00 163.50
147.50 163.50
147.00 164.00
146.50 164.00
146.00 164.00
145.50 164.50
145.00 164.50
144.50 165.00
144.00 165.00
143.50 165.00
143.00 165.50
142.50 165.50
142.00 165.50
141.50 166.00
141.00 166.00
140.50 166.00
140.00 166.00
139.50 166.00
139.00 166.50
138.50 166.50
138.00 166.50
137.50 167.00
137.00 167.00
136.50 167.00
136.00 167.00
135.50 167.00
135.00 167.50
