114.00 101.00
114.50 100.50
115.00 100.50
115.50 100.00
116.00 100.00
116.50 99.50
117.00 99.00
117.50 99.00
118.00 98.50
118.50 98.50
119.00 98.00
119.50 98.00
120.00 97.50
120.50 97.50
121.00 97.00
121.50 97.00
122.00 96.50
122.50 96.00
123.00 96.00
123.50 96.00
124.00 95.50
124.50 95.50
125.00 95.00
125.50 95.00
126.00 94.50
126.50 94.50
127.00 94.00
127.50 94.00
128.00 93.50
128.50 93.50
129.00 93.50
129.50 93.00
130.00 93.00
130.50 92.50
131.00 92.50
131.50 92.00
132.00 91.50
132.50 91.50
133.00 91.50
133.50 91.50
134.00 91.50
134.50 91.50
135.00 91.50
135.50 91.50
136.00 91.50
136.50 91.50
137.00 91.50
137.50 91.50
138.00 91.50
138.50 92.00
139.00 92.00
139.50 92.00
140.00 92.50
140.50 92.50
141.00 92.50
141.50 93.00
142.00 93.00
142.50 93.00
143.00 93.50
143.50 94.00
144.00 94.00
144.50 94.50
145.00 94.50
145.50 95.00
146.00 95.50
146.50 95.50
147.00 96.00
147.50 96.50
148.00 97.00
148.50 97.50
149.00 97.50
149.50 98.00
149.50 98.50
150.00 99.00
150.50 99.50
151.00 100.00
151.50 100.50
151.50 101.00
152.00 101.50
152.50 102.00
152.50 102.50
153.00 103.00
153.00 103.50
153.50 104.00
154.00 104.50
154.00 105.00
154.00 105.50
154.50 106.00
154.50 106.50
154.50 107.00
155.00 107.50
155.00 108.00
155.50 108.50
155.50 109.00
155.50 109.50
155.50 110.00
156.00 110.50
156.00 111.00
156.00 111.50
156.00 112.00
156.00 112.50
156.50 113.00
156.50 113.50
156.50 114.00
156.50 114.50
156.50 115.00
156.50 115.50
156.50 116.00
156.50 116.50
156.50 117.00
156.50 117.50
156.50 118.00
156.50 118.50
156.50 119.00
156.50 119.50
156.50 120.00
156.50 120.50
156.50 121.00
156.50 121.50
156.00 122.00
156.00 122.50
156.00 123.00
156.00 123.50
156.00 124.00
156.00 124.50
155.50 125.00
155.50 125.50
155.50 126.00
155.50 126.50
155.50 127.00
155.00 127.50
155.00 128.00
155.00 128.50
155.00 129.00
154.50 129.50
154.50 130.00
154.50 130.50
154.50 131.00
154.00 131.50
154.00 132.00
154.00 132.50
153.50 133.00
153.50 133.50
153.50 134.00
153.00 134.50
153.00 135.00
153.00 135.50
152.50 136.00
152.50 136.50
152.50 137.00
152.00 137.50
152.00 138.00
152.00 138.50
151.50 139.00
151.50 139.50
151.00 140.00
151.00 140.50
151.00 141.00
151.00 141.50
150.50 142.00
150.50 142.50
150.00 143.00
150.00 143.50
150.00 144.00
149.50 144.50
149.50 145.00
149.00 145.50
149.00 146.00
148.50 146.50
148.50 147.00
148.00 147.50
147.50 148.00
147.00 148.50
147.00 149.00
146.50 149.50
146.50 150.00
146.00 150.50
145.50 151.00
145.00 151.50
144.50 152.00
144.00 152.50
143.50 153.00
143.00 153.50
142.50 154.00
142.00 154.50
141.50 154.50
141.00 155.00
140.50 155.50
140.00 155.50
139.50 156.00
139.00 156.00
138.50 156.50
138.00 156.50
137.50 157.00
137.00 157.00
136.50 157.00
136.00 157.50
135.50 157.50
135.00 158.00
134.50 158.00
134.00 158.00
133.50 158.50
133.00 158.50
132.50 158.50
132.00 158.50
131.50 159.00
131.00 159.00
130.50 159.00
130.00 159.00
129.50 159.50
129.00 159.50
128.50 159.50
128.00 159.50
127.50 159.50
127.00 159.50
126.50 159.50
126.00 159.50
125.50 159.50
125.00 159.50
124.50 159.50
124.00 159.50
123.50 159.50
123.00 159.50
122.50 159.50
122.00 159.50
121.50 159.50
121.00 159.50
120.50 159.50
120.00 159.50
119.50 159.00
119.00 159.00
118.50 159.00
118.00 159.00
117.50 159.00
117.00 159.00
116.50 158.50
116.00 158.50
115.50 158.50
115.00 158.50
114.50 158.00
114.00 158.00
113.50 158.00
113.00 157.50
112.50 157.50
112.00 157.50
111.50 157.00
111.00 157.00
110.50 157.00
110.00 156.50
109.50 156.50
109.00 156.50
108.50 156.00
108.00 156.00
107.50 155.50
107.00 155.50
106.50 155.00
106.00 155.00
105.50 155.00
105.00 154.50
104.50 154.50
104.00 154.00
103.50 154.00
103.00 153.50
102.50 153.00
102.00 152.50
101.50 152.50
101.00 152.00
100.50 151.50
100.00 151.00
99.50 150.50
99.00 150.00
98.50 149.50
98.00 149.00
98.00 148.50
97.50 148.00
97.00 147.50
97.00 147.00
97.00 146.50
96.50 146.00
96.50 145.50
96.00 145.00
96.00 144.50
96.00 144.00
96.00 143.50
96.00 143.00
95.50 142.50
95.50 142.00
95.50 141.50
95.50 141.00
95.50 140.50
95.50 140.00
95.50 139.50
95.50 139.00
95.50 138.50
95.50 138.00
95.50 137.50
95.50 137.00
95.50 136.50
95.50 136.00
95.50 135.50
95.50 135.00
95.50 134.50
95.50 134.00
95.50 133.50
96.00 133.00
96.00 132.50
96.00 132.00
96.00 131.50
96.00 131.00
96.00 130.50
96.00 130.00
96.50 129.50
96.50 129.00
96.50 128.50
96.50 128.00
96.50 127.50
97.00 127.00
97.00 126.50
97.00 126.00
97.00 125.50
97.50 125.00
97.50 124.50
97.50 124.00
98.00 123.50
98.00 123.00
98.00 122.50
98.00 122.00
98.00 121.50
98.50 121.00
98.50 120.50
99.00 120.00
99.00 119.50
99.00 119.00
99.50 118.50
99.50 118.00
100.00 117.50
100.00 117.00
100.50 116.50
100.50 116.00
100.50 115.50
101.00 115.00
101.00 114.50
101.50 114.00
102.00 113.50
102.00 113.00
102.00 112.50
102.50 112.00
103.00 111.50
103.00 111.00
103.50 110.50
104.00 110.00
104.50 109.50
104.50 109.00
105.00 108.50
105.00 108.00
105.50 107.50
106.00 107.00
106.50 106.50
107.00 106.00
107.50 105.50
108.00 105.50
108.50 105.00
109.00 104.50
109.50 104.00
110.00 103.50
110.50 103.00
111.00 103.00
111.50 103.00
112.00 102.50
112.50 102.50
113.00 102.00
113.50 102.00
114.00 101.50
