117.00 105.50
117.50 105.00
118.00 105.00
118.50 104.50
119.00 104.50
119.50 104.00
120.00 104.00
120.50 103.50
121.00 103.50
121.50 103.00
122.00 103.00
122.50 102.50
123.00 102.50
123.50 102.00
124.00 102.00
124.50 102.00
125.00 102.00
125.50 101.50
126.00 101.50
126.50 101.50
127.00 101.50
127.50 101.50
128.00 101.00
128.50 101.00
129.00 101.00
129.50 101.00
130.00 101.00
130.50 101.00
131.00 101.00
131.50 101.50
132.00 101.50
132.50 101.50
133.00 101.50
133.50 101.50
134.00 101.50
134.50 101.50
135.00 102.00
135.50 102.00
136.00 102.00
136.50 102.00
137.00 102.50
137.50 102.50
138.00 102.50
138.50 103.00
139.00 103.00
139.50 103.00
140.00 103.50
140.50 103.50
141.00 104.00
141.50 104.50
142.00 104.50
142.50 104.50
143.00 105.00
143.50 105.50
144.00 106.00
144.50 106.50
145.00 107.00
145.50 107.50
146.00 108.00
146.50 108.50
146.50 109.00
147.00 109.50
147.50 110.00
148.00 110.50
148.50 111.00
148.50 111.50
149.00 112.00
149.00 112.50
149.50 113.00
150.00 113.50
150.00 114.00
150.50 114.50
150.00 115.00
150.00 115.50
150.50 116.00
150.50 116.50
150.50 117.00
151.00 117.50
151.00 118.00
151.00 118.50
151.50 119.00
151.50 119.50
151.50 120.00
152.00 120.50
152.00 121.00
152.00 121.50
152.00 122.00
152.00 122.50
152.00 123.00
152.50 123.50
152.50 124.00
152.50 124.50
152.50 125.00
152.50 125.50
152.50 126.00
152.50 126.50
152.50 127.00
152.50 127.50
152.50 128.00
152.50 128.50
152.00 129.00
152.00 129.50
152.00 130.00
152.00 130.50
152.00 131.00
152.00 131.50
152.00 132.00
152.00 132.50
151.50 133.00
151.50 133.50
151.50 134.00
151.50 134.50
151.50 135.00
151.50 135.50
151.00 136.00
151.00 136.50
151.00 137.00
151.00 137.50
151.00 138.00
150.50 138.50
150.50 139.00
150.50 139.50
150.50 140.00
150.50 140.50
150.00 141.00
150.00 141.50
150.00 142.00
149.50 142.50
149.50 143.00
149.50 143.50
149.50 144.00
149.50 144.50
149.00 145.00
149.00 145.50
149.00 146.00
148.50 146.50
148.50 147.00
148.00 147.50
148.00 148.00
147.50 148.50
147.50 149.00
147.00 149.50
147.00 150.00
146.50 150.50
146.50 151.00
146.00 151.50
146.00 152.00
145.50 152.50
145.00 153.00
144.50 153.50
144.00 154.00
143.50 154.50
143.00 155.00
142.50 155.50
142.00 156.00
141.50 156.00
141.00 156.00
140.50 156.50
140.00 157.00
139.50 157.00
139.00 157.50
138.50 157.50
138.00 158.00
137.50 158.00
137.00 158.50
136.50 158.50
136.00 159.00
135.50 159.00
135.00 159.00
134.50 159.00
134.00 159.50
133.50 159.50
133.00 160.00
132.50 160.00
132.00 160.00
131.50 160.00
131.00 160.00
130.50 160.50
130.00 160.50
129.50 160.50
129.00 160.50
128.50 160.50
128.00 161.00
127.50 161.00
127.00 161.00
126.50 161.00
126.00 161.00
125.50 161.00
125.00 161.00
124.50 161.00
124.00 161.00
123.50 161.00
123.00 161.00
122.50 161.00
122.00 161.00
121.50 161.00
121.00 161.00
120.50 161.00
120.00 161.00
119.50 161.00
119.00 161.00
118.50 161.00
118.00 161.00
117.50 161.00
117.00 160.50
116.50 160.50
116.00 160.50
115.50 160.50
115.00 160.50
114.50 160.00
114.00 160.00
113.50 160.00
113.00 159.50
112.50 159.50
112.00 159.50
111.50 159.00
111.00 159.00
110.50 158.50
110.00 158.50
109.50 158.50
109.00 158.00
108.50 158.00
108.00 157.50
107.50 157.00
107.00 157.00
106.50 156.50
106.00 156.50
105.50 156.00
105.00 155.50
104.50 155.50
104.00 155.00
103.50 154.50
103.00 154.00
102.50 153.50
102.00 153.50
101.50 153.00
101.00 152.50
100.50 152.00
100.00 151.50
99.50 151.00
99.50 150.50
99.00 150.00
98.50 149.50
98.50 149.00
98.00 148.50
97.50 148.00
97.50 147.50
97.00 147.00
97.00 146.50
97.00 146.00
96.50 145.50
96.50 145.00
96.50 144.50
96.50 144.00
96.00 143.50
96.00 143.00
96.00 142.50
96.00 142.00
96.00 141.50
96.00 141.00
96.00 140.50
96.50 140.00
96.50 139.50
96.50 139.00
96.50 138.50
96.50 138.00
96.50 137.50
97.00 137.00
97.00 136.50
97.00 136.00
97.50 135.50
97.50 135.00
97.50 134.50
98.00 134.00
98.00 133.50
98.00 133.00
98.50 132.50
98.50 132.00
99.00 131.50
99.00 131.00
99.50 130.50
99.50 130.00
99.50 129.50
100.00 129.00
100.00 128.50
100.50 128.00
100.50 127.50
100.50 127.00
101.00 126.50
101.00 126.00
101.50 125.50
101.50 125.00
102.00 124.50
102.00 124.00
102.50 123.50
102.50 123.00
103.00 122.50
103.00 122.00
103.00 121.50
103.50 121.00
103.50 120.50
103.50 120.00
104.00 119.50
104.00 119.00
104.50 118.50
104.50 118.00
104.50 117.50
105.00 117.00
105.00 116.50
105.50 116.00
106.00 115.50
106.00 115.00
106.00 114.50
106.50 114.00
107.00 113.50
107.00 113.00
107.50 112.50
108.00 112.00
108.50 111.50
109.00 111.00
109.50 110.50
110.00 110.00
110.50 109.50
111.00 109.50
111.50 109.00
112.00 108.50
112.50 108.50
113.00 108.00
113.50 108.00
114.00 107.50
114.50 107.00
115.00 107.00
115.50 107.00
116.00 106.50
116.50 106.50
117.00 106.00
