154.00 123.00
153.50 123.00
153.50 123.50
153.00 124.00
152.50 124.00
152.00 124.50
151.50 124.50
151.00 124.50
150.50 124.50
150.00 124.00
149.50 123.50
149.00 123.00
148.50 122.50
148.50 122.00
148.50 121.50
148.50 121.00
148.50 120.50
148.00 120.00
148.00 119.50
148.00 119.00
148.00 118.50
148.00 118.00
148.00 117.50
148.00 117.00
148.00 116.50
148.00 116.00
148.00 115.50
148.00 115.00
148.00 114.50
148.00 114.00
148.00 113.50
148.00 113.00
148.50 112.50
148.50 112.00
149.00 111.50
149.50 111.00
150.00 111.00
150.50 110.50
151.00 110.50
151.50 110.50
152.00 110.50
152.50 110.50
153.00 111.00
153.50 111.00
154.00 111.00
154.50 111.50
155.00 112.00
155.50 112.50
156.00 113.00
156.00 113.50
156.00 114.00
156.00 114.50
156.00 115.00
156.00 115.50
156.50 116.00
156.50 116.50
156.50 117.00
156.50 117.50
156.50 118.00
156.50 118.50
156.50 119.00
157.00 119.50
157.00 120.00
157.00 120.50
157.50 121.00
157.50 121.50
157.50 122.00
157.50 122.50
158.00 123.00
158.00 123.50
158.00 124.00
158.00 124.50
157.50 125.00
157.00 125.00
156.50 124.50
156.00 124.50
155.50 124.00
155.00 123.50
154.50 123.00
154.00 123.00
