105.00 113.00
105.50 112.50
106.00 112.00
106.00 111.50
106.50 111.00
107.00 110.50
107.50 110.00
108.00 109.50
108.50 109.00
109.00 108.50
109.50 108.00
109.50 107.50
110.00 107.00
110.50 107.00
111.00 106.50
111.50 106.00
112.00 105.50
112.50 105.50
113.00 105.00
113.50 104.50
114.00 104.00
114.50 104.00
115.00 103.50
115.50 103.50
116.00 103.00
116.50 102.50
117.00 102.50
117.50 102.00
118.00 102.00
118.50 101.50
119.00 101.00
119.50 101.00
120.00 100.50
120.50 100.50
121.00 100.00
121.50 100.00
122.00 99.50
122.50 99.00
123.00 98.50
123.50 98.50
124.00 98.00
124.50 98.00
125.00 97.50
125.50 97.50
126.00 98.00
126.50 98.00
127.00 97.50
127.50 97.50
128.00 97.00
128.50 97.00
129.00 97.00
129.50 96.50
130.00 96.50
130.50 96.50
131.00 96.50
131.50 96.00
132.00 96.00
132.50 96.00
133.00 96.00
133.50 96.00
134.00 96.00
134.50 96.00
135.00 96.00
135.50 96.00
136.00 96.00
136.50 96.00
137.00 96.00
137.50 96.50
138.00 96.50
138.50 96.50
139.00 96.50
139.50 97.00
140.00 97.00
140.50 97.00
141.00 97.50
141.50 97.50
142.00 98.00
142.50 98.50
143.00 98.50
143.50 99.00
144.00 99.50
144.50 99.50
145.00 100.00
145.50 100.50
146.00 101.00
146.50 101.50
147.00 102.00
147.50 102.50
148.00 103.00
148.50 103.50
149.00 104.00
149.00 104.50
149.50 105.00
150.00 105.50
150.50 106.00
151.00 106.50
151.00 107.00
151.50 107.50
152.00 108.00
152.50 108.50
152.50 109.00
153.00 109.50
153.50 110.00
153.50 110.50
154.00 111.00
154.00 111.50
154.50 112.00
154.50 112.50
155.00 113.00
155.00 113.50
155.50 114.00
155.50 114.50
156.00 115.00
156.00 115.50
156.00 116.00
156.50 116.50
156.50 117.00
156.50 117.50
157.00 118.00
157.00 118.50
157.00 119.00
157.00 119.50
157.50 120.00
157.50 120.50
157.50 121.00
157.50 121.50
157.50 122.00
157.50 122.50
157.50 123.00
157.50 123.50
157.50 124.00
157.50 124.50
157.50 125.00
158.00 125.50
158.00 126.00
157.50 126.50
157.50 127.00
157.50 127.50
157.50 128.00
157.50 128.50
157.50 129.00
157.50 129.50
157.50 130.00
157.50 130.50
157.50 131.00
157.50 131.50
157.50 132.00
157.00 132.50
157.00 133.00
157.00 133.50
157.00 134.00
157.00 134.50
157.00 135.00
156.50 135.50
156.50 136.00
156.50 136.50
156.50 137.00
156.00 137.50
156.00 138.00
156.00 138.50
156.00 139.00
155.50 139.50
155.50 140.00
155.50 140.50
155.00 141.00
155.00 141.50
154.50 142.00
154.50 142.50
154.50 143.00
154.00 143.50
154.00 144.00
153.50 144.50
153.50 145.00
153.00 145.50
153.00 146.00
152.50 146.50
152.50 147.00
152.00 147.50
151.50 148.00
151.50 148.50
151.00 149.00
151.00 149.50
150.50 150.00
150.00 150.50
149.50 151.00
149.00 151.50
149.00 152.00
148.50 152.50
148.00 153.00
147.50 153.50
147.00 154.00
147.00 154.50
146.50 155.00
146.00 155.50
145.50 155.50
145.00 156.00
145.00 156.50
144.50 157.00
144.00 157.00
143.50 157.50
143.00 158.00
142.50 158.50
142.00 159.00
141.50 159.00
141.00 159.50
140.50 159.50
140.00 160.00
139.50 160.50
139.00 160.50
138.50 161.00
138.00 161.00
137.50 161.50
137.00 161.50
136.50 161.50
136.00 162.00
135.50 162.00
135.00 162.50
134.50 162.50
134.00 162.50
133.50 163.00
133.00 163.00
132.50 163.00
132.00 163.50
131.50 163.50
131.00 163.50
130.50 163.50
130.00 163.50
129.50 164.00
129.00 164.00
128.50 164.00
128.00 164.00
127.50 164.00
127.00 164.00
126.50 164.50
126.00 164.50
125.50 164.50
125.00 164.50
124.50 164.50
124.00 164.50
123.50 164.50
123.00 164.50
122.50 164.50
122.00 164.50
121.50 164.50
121.00 164.50
120.50 164.50
120.00 164.50
119.50 164.50
119.00 164.50
118.50 164.50
118.00 164.50
117.50 164.50
117.00 164.00
116.50 164.00
116.00 164.00
115.50 164.00
115.00 164.00
114.50 164.00
114.00 163.50
113.50 163.50
113.00 163.50
112.50 163.50
112.00 163.00
111.50 163.00
111.00 163.00
110.50 163.00
110.00 162.50
109.50 162.50
109.00 162.00
108.50 162.00
108.00 161.50
107.50 161.50
107.00 161.50
106.50 161.00
106.00 161.00
105.50 160.50
105.00 160.00
104.50 160.00
104.00 159.50
103.50 159.00
103.00 158.50
102.50 158.50
102.00 158.00
102.00 157.50
101.50 157.00
101.00 156.50
100.50 156.00
100.00 155.50
99.50 155.00
99.00 154.50
99.00 154.00
98.50 153.50
98.00 153.00
98.00 152.50
97.50 152.00
97.50 151.50
97.00 151.00
97.00 150.50
96.50 150.00
96.50 149.50
96.50 149.00
96.00 148.50
96.00 148.00
95.50 147.50
95.50 147.00
95.50 146.50
95.00 146.00
95.00 145.50
95.00 145.00
95.00 144.50
94.50 144.00
94.50 143.50
94.50 143.00
94.50 142.50
94.50 142.00
94.50 141.50
94.00 141.00
94.00 140.50
94.00 140.00
94.00 139.50
94.00 139.00
94.00 138.50
94.00 138.00
94.00 137.50
94.00 137.00
94.00 136.50
94.00 136.00
94.00 135.50
94.50 135.00
94.50 134.50
94.50 134.00
94.50 133.50
94.50 133.00
94.50 132.50
94.50 132.00
94.50 131.50
95.00 131.00
95.00 130.50
95.00 130.00
95.50 129.50
95.50 129.00
95.50 128.50
95.50 128.00
96.00 127.50
96.00 127.00
96.00 126.50
96.50 126.00
96.50 125.50
96.50 125.00
97.00 124.50
97.00 124.00
97.00 123.50
97.50 123.00
97.50 122.50
98.00 122.00
98.50 121.50
98.50 121.00
99.00 120.50
99.00 120.00
99.50 119.50
99.50 119.00
100.00 118.50
100.50 118.00
101.00 117.50
101.00 117.00
101.50 116.50
102.00 116.00
102.50 115.50
103.00 115.00
103.50 114.50
104.00 114.00
104.50 113.50
