106.00 108.50
106.50 108.00
106.50 107.50
107.00 107.00
107.50 106.50
107.50 106.00
108.00 105.50
108.50 105.00
109.00 104.50
109.50 104.00
109.50 103.50
110.00 103.00
110.50 102.50
111.00 102.00
111.50 101.50
112.00 101.00
112.50 100.50
113.00 100.50
113.50 100.00
114.00 99.50
114.50 99.00
115.00 99.00
115.50 99.00
116.00 98.50
116.50 98.00
117.00 98.00
117.50 97.50
118.00 97.50
118.50 97.50
119.00 97.00
119.50 97.00
120.00 96.50
120.50 96.50
121.00 96.00
121.50 96.00
122.00 96.00
122.50 95.50
123.00 95.50
123.50 95.50
124.00 95.00
124.50 95.00
125.00 95.00
125.50 94.50
126.00 94.50
126.50 94.50
127.00 94.50
127.50 94.50
128.00 94.50
128.50 94.50
129.00 94.50
129.50 94.50
130.00 94.50
130.50 94.50
131.00 94.50
131.50 94.50
132.00 94.50
132.50 94.50
133.00 94.50
133.50 94.50
134.00 95.00
134.50 95.00
135.00 95.00
135.50 95.50
136.00 95.50
136.50 95.50
137.00 96.00
137.50 96.00
138.00 96.00
138.50 96.50
139.00 96.50
139.50 97.00
140.00 97.00
140.50 97.00
141.00 97.50
141.50 98.00
142.00 98.00
142.50 98.00
143.00 98.50
143.50 98.50
144.00 99.00
144.50 99.50
145.00 99.50
145.50 100.00
146.00 100.50
146.50 100.50
147.00 101.00
147.50 101.50
148.00 102.00
148.50 102.50
149.00 103.00
149.50 103.50
150.00 104.00
150.50 104.50
151.00 105.00
151.50 105.50
152.00 106.00
152.50 106.50
152.50 107.00
153.00 107.50
153.50 108.00
153.50 108.50
154.00 109.00
154.00 109.50
154.50 110.00
154.50 110.50
155.00 111.00
155.00 111.50
155.50 112.00
155.50 112.50
156.00 113.00
156.00 113.50
156.00 114.00
156.50 114.50
156.50 115.00
156.50 115.50
156.50 116.00
157.00 116.50
157.00 117.00
157.00 117.50
157.50 118.00
157.50 118.50
157.50 119.00
157.50 119.50
157.50 120.00
158.00 120.50
158.00 121.00
158.00 121.50
158.00 122.00
158.00 122.50
158.00 123.00
158.00 123.50
158.00 124.00
158.00 124.50
158.50 125.00
158.50 125.50
158.50 126.00
158.50 126.50
158.50 127.00
158.50 127.50
158.50 128.00
158.50 128.50
158.50 129.00
158.50 129.50
158.00 130.00
158.00 130.50
158.00 131.00
158.00 131.50
158.00 132.00
158.00 132.50
158.00 133.00
158.00 133.50
158.00 134.00
157.50 134.50
157.50 135.00
157.50 135.50
157.50 136.00
157.50 136.50
157.00 137.00
157.00 137.50
157.00 138.00
157.00 138.50
156.50 139.00
156.50 139.50
156.50 140.00
156.00 140.50
156.00 141.00
156.00 141.50
156.00 142.00
155.50 142.50
155.50 143.00
155.00 143.50
155.00 144.00
154.50 144.50
154.50 145.00
154.00 145.50
154.00 146.00
153.50 146.50
153.50 147.00
153.00 147.50
152.50 148.00
152.50 148.50
152.00 149.00
152.00 149.50
151.50 150.00
151.00 150.50
150.50 151.00
150.00 151.50
149.50 152.00
149.00 152.50
148.50 153.00
148.00 153.50
147.50 154.00
147.00 154.50
146.50 154.50
146.00 155.00
145.50 155.50
145.00 155.50
144.50 156.00
144.00 156.50
143.50 156.50
143.00 157.00
142.50 157.00
142.00 157.50
141.50 157.50
141.00 158.00
140.50 158.00
140.00 158.50
139.50 158.50
139.00 159.00
138.50 159.00
138.00 159.00
137.50 159.50
137.00 159.50
136.50 159.50
136.00 160.00
135.50 160.00
135.00 160.00
134.50 160.50
134.00 160.50
133.50 160.50
133.00 160.50
132.50 160.50
132.00 161.00
131.50 161.00
131.00 161.00
130.50 161.00
130.00 161.00
129.50 161.00
129.00 161.00
128.50 161.00
128.00 161.50
127.50 161.50
127.00 161.50
126.50 161.50
126.00 161.50
125.50 161.50
125.00 161.50
124.50 161.50
124.00 161.50
123.50 161.50
123.00 161.50
122.50 161.00
122.00 161.00
121.50 161.00
121.00 161.00
120.50 161.00
120.00 161.00
119.50 161.00
119.00 161.00
118.50 160.50
118.00 160.50
117.50 160.50
117.00 160.50
116.50 160.00
116.00 160.00
115.50 160.00
115.00 160.00
114.50 159.50
114.00 159.50
113.50 159.50
113.00 159.50
112.50 159.00
112.00 159.00
111.50 158.50
111.00 158.50
110.50 158.50
110.00 158.00
109.50 158.00
109.00 157.50
108.50 157.50
108.00 157.00
107.50 157.00
107.00 156.50
106.50 156.00
106.00 156.00
105.50 155.50
105.00 155.50
104.50 155.00
104.00 154.50
103.50 154.00
103.00 153.50
102.50 153.00
102.00 153.00
101.50 153.00
101.00 152.50
101.00 152.00
100.50 151.50
100.50 151.00
100.00 150.50
100.00 150.00
99.50 149.50
99.50 149.00
99.00 148.50
99.00 148.00
98.50 147.50
98.50 147.00
98.00 146.50
98.00 146.00
98.00 145.50
97.50 145.00
97.50 144.50
97.00 144.00
97.00 143.50
97.00 143.00
97.00 142.50
96.50 142.00
96.50 141.50
96.50 141.00
96.50 140.50
96.00 140.00
96.00 139.50
96.00 139.00
96.00 138.50
96.00 138.00
96.00 137.50
96.00 137.00
96.00 136.50
96.00 136.00
96.00 135.50
96.00 135.00
96.00 134.50
96.00 134.00
96.00 133.50
96.00 133.00
96.00 132.50
96.00 132.00
96.00 131.50
96.00 131.00
96.00 130.50
96.00 130.00
96.50 129.50
96.50 129.00
96.50 128.50
96.50 128.00
96.50 127.50
96.50 127.00
96.50 126.50
96.50 126.00
96.50 125.50
97.00 125.00
97.00 124.50
97.00 124.00
97.00 123.50
97.50 123.00
97.50 122.50
97.50 122.00
98.00 121.50
98.00 121.00
98.00 120.50
98.50 120.00
98.50 119.50
99.00 119.00
99.00 118.50
99.50 118.00
99.50 117.50
100.00 117.00
100.00 116.50
100.50 116.00
100.50 115.50
101.00 115.00
101.00 114.50
101.50 114.00
102.00 113.50
102.00 113.00
102.50 112.50
103.00 112.00
103.50 111.50
104.00 111.00
104.50 110.50
105.00 110.00
105.00 109.50
105.50 109.00
