128.00 150.50
128.50 150.50
129.00 150.50
129.50 151.00
130.00 151.00
130.50 151.00
131.00 151.00
131.50 151.00
132.00 151.50
132.50 151.50
133.00 151.50
133.50 151.50
134.00 152.00
134.50 152.00
135.00 152.00
135.50 152.50
136.00 152.50
136.50 153.00
136.00 153.50
135.50 153.50
135.00 153.50
134.50 153.50
134.00 153.50
133.50 153.50
133.00 153.50
132.50 153.50
132.00 154.00
131.50 154.00
131.00 154.00
130.50 154.00
130.00 154.00
129.50 154.00
129.00 154.50
128.50 154.50
128.00 154.50
127.50 155.00
127.00 155.00
126.50 155.00
126.00 155.00
125.50 155.50
125.00 155.50
124.50 155.50
124.00 155.50
123.50 155.50
123.00 155.50
122.50 155.00
122.50 154.50
122.50 154.00
122.50 153.50
123.00 153.00
123.50 152.50
124.00 152.00
124.50 151.50
125.00 151.00
125.50 151.00
126.00 150.50
126.50 150.50
127.00 150.50
127.50 150.50
