152.00 155.50
151.50 155.50
151.00 156.00
150.50 156.00
150.00 156.50
149.50 156.50
149.00 157.00
148.50 157.00
148.00 157.50
147.50 157.50
147.00 157.50
146.50 158.00
146.00 158.00
145.50 158.00
145.00 158.50
144.50 159.00
144.00 159.00
143.50 159.00
143.00 159.50
142.50 159.50
142.00 159.50
141.50 160.00
141.00 160.00
140.50 160.00
140.00 160.50
139.50 160.50
139.00 160.50
138.50 161.00
138.00 161.00
137.50 161.00
137.00 161.00
136.50 161.50
136.00 161.50
135.50 161.50
135.00 161.50
134.50 161.50
134.00 161.50
133.50 162.00
133.00 162.00
132.50 162.00
132.00 162.00
131.50 162.00
131.00 162.00
130.50 162.00
130.00 162.50
129.50 162.50
129.00 162.50
128.50 162.50
128.00 162.50
127.50 162.50
127.00 162.50
126.50 162.50
126.00 162.50
125.50 162.50
125.00 162.50
124.50 163.00
124.00 163.00
123.50 163.00
123.00 163.00
122.50 163.00
122.00 163.00
121.50 163.00
121.00 163.00
120.50 163.00
120.00 163.00
119.50 163.00
119.00 163.00
118.50 163.00
118.00 163.00
117.50 162.50
117.00 162.50
116.50 162.50
116.00 162.50
115.50 162.00
115.00 162.00
114.50 162.00
114.00 161.50
113.50 161.50
113.00 161.50
112.50 161.00
112.00 161.00
111.50 160.50
111.00 160.50
110.50 160.00
110.00 160.00
109.50 160.00
109.00 159.50
108.50 159.50
108.00 159.00
107.50 159.00
107.00 158.50
106.50 158.50
106.00 158.00
105.50 158.00
105.00 157.50
104.50 157.00
104.00 157.00
103.50 156.50
103.00 156.50
102.50 156.00
102.00 155.50
101.50 155.50
101.00 155.00
100.50 154.50
100.00 154.00
99.50 153.50
99.00 153.50
98.50 153.00
98.00 152.50
97.50 152.00
97.00 151.50
96.50 151.00
96.00 150.50
95.50 150.00
95.00 149.50
95.00 149.00
94.50 148.50
94.00 148.00
93.50 147.50
93.50 147.00
93.00 146.50
92.50 146.00
92.50 145.50
92.00 145.00
92.00 144.50
91.50 144.00
91.50 143.50
91.50 143.00
91.00 142.50
91.00 142.00
90.50 141.50
90.50 141.00
90.50 140.50
90.00 140.00
90.00 139.50
90.00 139.00
90.00 138.50
89.50 138.00
89.50 137.50
89.50 137.00
89.50 136.50
89.50 136.00
89.00 135.50
89.00 135.00
89.00 134.50
89.00 134.00
89.00 133.50
89.00 133.00
89.00 132.50
89.00 132.00
89.00 131.50
89.00 131.00
89.00 130.50
89.00 130.00
89.00 129.50
89.00 129.00
89.00 128.50
89.00 128.00
89.00 127.50
89.00 127.00
89.00 126.50
89.00 126.00
89.00 125.50
89.00 125.00
89.50 124.50
89.50 124.00
89.50 123.50
89.50 123.00
89.50 122.50
89.50 122.00
90.00 121.50
90.00 121.00
90.00 120.50
90.00 120.00
90.50 119.50
90.50 119.00
90.50 118.50
90.50 118.00
91.00 117.50
91.00 117.00
91.00 116.50
91.50 116.00
91.50 115.50
91.50 115.00
92.00 114.50
92.00 114.00
92.50 113.50
92.50 113.00
92.50 112.50
93.00 112.00
93.50 111.50
93.50 111.00
93.50 110.50
94.00 110.00
94.00 109.50
94.50 109.00
95.00 108.50
95.00 108.00
95.50 107.50
95.50 107.00
96.00 106.50
96.50 106.00
97.00 105.50
97.50 105.00
97.50 104.50
98.00 104.00
98.50 103.50
99.00 103.00
99.50 102.50
100.00 102.00
100.50 101.50
101.00 101.00
101.50 100.50
102.00 100.00
102.50 99.50
103.00 99.00
103.50 98.50
104.00 98.00
104.50 97.50
105.00 97.00
105.50 96.50
106.00 96.00
106.50 96.00
107.00 95.50
107.50 95.50
108.00 95.00
108.50 94.50
109.00 94.00
109.50 93.50
110.00 93.50
110.50 93.50
111.00 93.00
111.50 92.50
112.00 92.00
112.50 92.00
113.00 91.50
113.50 91.50
114.00 91.00
114.50 91.00
115.00 90.50
115.50 90.50
116.00 90.00
116.50 90.00
117.00 89.50
117.50 89.50
118.00 89.50
118.50 89.00
119.00 89.00
119.50 89.00
120.00 89.00
120.50 88.50
121.00 88.50
121.50 88.50
122.00 88.50
122.50 88.00
123.00 88.00
123.50 88.00
124.00 88.00
124.50 88.00
125.00 88.00
125.50 88.00
126.00 88.00
126.50 88.00
127.00 88.00
127.50 88.00
128.00 88.00
128.50 88.00
129.00 88.00
129.50 88.00
130.00 88.00
130.50 88.00
131.00 88.00
131.50 88.00
132.00 88.50
132.50 88.50
133.00 88.50
133.50 88.50
134.00 88.50
134.50 89.00
135.00 89.00
135.50 89.00
136.00 89.50
136.50 89.50
137.00 89.50
137.50 90.00
138.00 90.00
138.50 90.00
139.00 90.50
139.50 90.50
140.00 91.00
140.50 91.00
141.00 91.50
141.50 91.50
142.00 92.00
142.50 92.00
143.00 92.50
143.50 93.00
144.00 93.00
144.50 93.50
145.00 93.50
145.50 94.00
146.00 94.50
146.50 95.00
147.00 95.50
147.50 95.50
148.00 96.00
148.50 96.50
149.00 97.00
149.50 97.50
149.50 98.00
150.00 98.50
150.50 99.00
151.00 99.50
151.50 100.00
152.00 100.50
152.50 101.00
152.50 101.50
153.00 102.00
153.00 102.50
153.50 103.00
154.00 103.50
154.50 104.00
154.50 104.50
155.00 105.00
155.50 105.50
155.50 106.00
156.00 106.50
156.00 107.00
156.50 107.50
157.00 108.00
157.00 108.50
157.00 109.00
157.50 109.50
157.50 110.00
158.00 110.50
158.50 111.00
158.50 111.50
159.00 112.00
159.00 112.50
159.00 113.00
159.50 113.50
159.50 114.00
160.00 114.50
160.00 115.00
160.50 115.50
160.50 116.00
160.50 116.50
161.00 117.00
161.00 117.50
161.50 118.00
161.50 118.50
161.50 119.00
162.00 119.50
162.00 120.00
162.00 120.50
162.00 121.00
162.50 121.50
162.50 122.00
162.50 122.50
162.50 123.00
163.00 123.50
163.00 124.00
163.00 124.50
163.00 125.00
163.00 125.50
163.00 126.00
163.50 126.50
163.50 127.00
163.50 127.50
163.50 128.00
163.50 128.50
163.50 129.00
163.50 129.50
163.50 130.00
163.50 130.50
163.50 131.00
163.50 131.50
163.50 132.00
163.50 132.50
163.50 133.00
163.00 133.50
163.00 134.00
163.00 134.50
163.00 135.00
163.00 135.50
163.00 136.00
162.50 136.50
162.50 137.00
162.50 137.50
162.00 138.00
162.00 138.50
162.00 139.00
162.00 139.50
161.50 140.00
161.50 140.50
161.00 141.00
161.00 141.50
161.00 142.00
160.50 142.50
160.50 143.00
160.00 143.50
160.00 144.00
159.50 144.50
159.50 145.00
159.00 145.50
159.00 146.00
158.50 146.50
158.50 147.00
158.00 147.50
157.50 148.00
157.50 148.50
157.00 149.00
156.50 149.50
156.50 150.00
156.00 150.50
155.50 151.00
155.50 151.50
155.00 152.00
154.50 152.50
154.00 153.00
153.50 153.50
153.00 154.00
152.50 154.50
152.50 155.00
