139.50 130.50
139.00 130.50
138.50 131.00
138.00 131.00
137.50 131.00
137.00 131.00
136.50 131.00
136.00 131.50
135.50 131.50
135.00 131.50
134.50 131.50
134.00 131.50
133.50 131.50
133.00 131.00
132.50 131.00
132.00 131.00
131.50 130.50
131.00 130.50
130.50 130.50
130.00 130.00
129.50 129.50
129.00 129.00
128.50 129.00
128.00 128.50
128.00 128.00
127.50 127.50
127.00 127.00
126.50 126.50
126.50 126.00
126.00 125.50
126.00 125.00
125.50 124.50
125.50 124.00
125.00 123.50
125.00 123.00
124.50 122.50
124.50 122.00
124.50 121.50
124.50 121.00
124.00 120.50
124.00 120.00
124.00 119.50
124.00 119.00
124.00 118.50
124.00 118.00
124.00 117.50
124.00 117.00
124.00 116.50
124.00 116.00
124.00 115.50
124.50 115.00
124.50 114.50
124.50 114.00
124.50 113.50
125.00 113.00
125.00 112.50
125.50 112.00
126.00 111.50
126.00 111.00
126.50 110.50
127.00 110.00
127.00 109.50
127.50 109.00
128.00 108.50
128.50 108.50
129.00 108.00
129.50 107.50
130.00 107.50
130.50 107.00
131.00 107.00
131.50 107.00
132.00 107.00
132.50 107.00
133.00 107.00
133.50 107.00
134.00 107.00
134.50 107.00
135.00 107.00
135.50 107.00
136.00 107.00
136.50 107.00
137.00 107.00
137.50 107.00
138.00 107.00
138.50 107.00
139.00 107.00
139.50 107.50
140.00 107.50
140.50 107.50
141.00 107.50
141.50 107.50
142.00 107.50
142.50 107.50
143.00 108.00
143.50 108.00
144.00 108.00
144.50 108.50
145.00 108.50
145.50 109.00
146.00 109.00
146.50 109.50
147.00 110.00
147.50 110.50
148.00 111.00
148.00 111.50
148.00 112.00
148.50 112.50
148.50 113.00
148.50 113.50
148.50 114.00
148.50 114.50
149.00 115.00
149.00 115.50
149.00 116.00
149.00 116.50
148.50 117.00
148.50 117.50
148.50 118.00
148.50 118.50
148.50 119.00
148.50 119.50
148.50 120.00
148.00 120.50
148.00 121.00
148.00 121.50
148.00 122.00
148.00 122.50
147.50 123.00
147.50 123.50
147.50 124.00
147.00 124.50
147.00 125.00
147.00 125.50
146.50 126.00
146.00 126.50
145.50 126.00
145.00 126.00
144.50 126.50
144.00 127.00
143.50 127.50
143.00 128.00
142.50 128.00
142.00 128.50
141.50 129.00
141.00 129.00
140.50 129.50
140.00 130.00
139.50 130.50
