152.50 114.00
152.50 114.50
153.00 115.00
153.00 115.50
153.00 116.00
153.50 116.50
153.50 117.00
153.50 117.50
154.00 118.00
154.00 118.50
154.00 119.00
154.00 119.50
154.00 120.00
154.00 120.50
154.00 121.00
154.00 121.50
153.50 122.00
153.50 122.50
153.50 123.00
153.00 123.50
152.50 124.00
152.50 124.50
152.00 125.00
151.50 125.50
151.00 126.00
150.50 126.50
150.00 127.00
149.50 127.00
149.00 127.50
148.50 128.00
148.00 128.50
147.50 129.00
147.00 129.50
146.50 130.00
146.00 130.50
145.50 131.00
145.00 131.00
144.50 131.50
144.00 132.00
143.50 132.50
143.00 132.50
142.50 133.00
142.00 133.50
141.50 133.50
141.00 134.00
140.50 134.00
140.00 134.50
139.50 134.50
139.00 134.50
138.50 135.00
138.00 135.00
137.50 135.00
137.00 135.00
136.50 135.00
136.00 135.00
135.50 135.00
135.00 135.00
134.50 135.00
134.00 134.50
133.50 134.50
133.00 134.50
132.50 134.50
132.00 134.00
131.50 134.00
131.00 133.50
130.50 133.50
130.00 133.00
129.50 133.00
129.00 132.50
128.50 132.00
128.00 131.50
127.50 131.00
127.00 130.50
126.50 130.00
126.00 129.50
125.50 129.00
125.00 128.50
125.00 128.00
124.50 127.50
124.00 127.00
124.00 126.50
124.00 126.00
123.50 125.50
123.00 125.00
123.00 124.50
123.00 124.00
122.50 123.50
122.50 123.00
122.50 122.50
122.50 122.00
122.00 121.50
122.00 121.00
122.00 120.50
122.00 120.00
122.00 119.50
122.00 119.00
122.00 118.50
122.00 118.00
122.00 117.50
121.50 117.00
121.50 116.50
122.00 116.00
122.00 115.50
122.50 115.00
122.50 114.50
122.50 114.00
123.00 113.50
123.00 113.00
123.50 112.50
123.50 112.00
124.00 111.50
124.00 111.00
124.50 110.50
125.00 110.00
125.50 109.50
126.00 109.00
126.50 109.00
127.00 108.50
127.50 108.00
128.00 108.00
128.50 107.50
129.00 107.50
129.50 107.50
130.00 107.00
130.50 107.00
131.00 107.00
131.50 107.00
132.00 106.50
132.50 106.50
133.00 106.50
133.50 106.50
134.00 106.50
134.50 106.50
135.00 106.50
135.50 106.00
136.00 106.00
136.50 106.00
137.00 106.00
137.50 106.00
138.00 106.00
138.50 106.00
139.00 106.00
139.50 106.00
140.00 106.00
140.50 106.00
141.00 106.00
141.50 106.00
142.00 106.50
142.50 106.50
143.00 106.50
143.50 106.50
144.00 107.00
144.50 107.00
145.00 107.00
145.50 107.50
146.00 107.50
146.50 108.00
147.00 108.00
147.50 108.50
148.00 108.50
148.50 109.00
149.00 109.50
149.50 110.00
150.00 110.50
150.50 111.00
150.50 111.50
151.00 112.00
151.50 112.50
151.50 113.00
152.00 113.50
