157.00 117.00
156.50 117.00
156.00 117.00
155.50 117.00
155.00 116.50
154.50 116.50
154.00 116.00
153.50 116.00
153.00 115.50
152.50 115.50
152.00 115.50
151.50 115.50
151.00 116.00
150.50 116.00
150.00 116.00
149.50 116.50
149.00 116.50
148.50 116.50
148.00 116.50
147.50 116.50
147.00 116.00
146.50 115.50
146.00 115.00
145.50 114.50
145.50 114.00
145.50 113.50
145.50 113.00
145.50 112.50
145.50 112.00
145.50 111.50
146.00 111.00
146.00 110.50
146.50 110.00
147.00 109.50
147.50 109.00
148.00 109.00
148.50 108.50
149.00 108.50
149.50 108.50
150.00 108.50
150.50 108.50
151.00 108.50
151.50 108.50
152.00 109.00
152.50 109.50
153.00 110.00
153.00 110.50
153.50 111.00
153.50 111.50
153.50 112.00
153.50 112.50
154.00 113.00
154.50 113.50
155.00 113.50
155.50 113.50
156.00 114.00
156.50 114.00
157.00 114.00
157.50 114.50
158.00 115.00
158.00 115.50
158.00 116.00
157.50 116.50
