146.50 134.00
146.00 134.00
145.50 134.50
145.00 134.50
144.50 135.00
144.00 135.00
143.50 135.00
143.00 135.00
142.50 135.50
142.00 135.50
141.50 135.50
141.00 135.50
140.50 136.00
140.00 136.00
139.50 136.00
139.00 136.00
138.50 136.00
138.00 136.00
137.50 136.00
137.00 136.00
136.50 136.00
136.00 136.00
135.50 136.00
135.00 136.00
134.50 136.00
134.00 135.50
133.50 135.50
133.00 135.50
132.50 135.50
132.00 135.00
131.50 135.00
131.00 135.00
130.50 134.50
130.00 134.50
129.50 134.00
129.00 134.00
128.50 133.50
128.00 133.00
127.50 132.50
127.00 132.50
126.50 132.00
126.00 131.50
125.50 131.00
125.00 130.50
125.00 130.00
124.50 129.50
124.50 129.00
124.00 128.50
123.50 128.00
123.50 127.50
123.00 127.00
122.50 126.50
122.50 126.00
122.50 125.50
122.00 125.00
121.50 124.50
121.50 124.00
121.50 123.50
121.00 123.00
121.00 122.50
120.50 122.00
120.50 121.50
120.50 121.00
120.00 120.50
120.00 120.00
120.00 119.50
120.00 119.00
119.50 118.50
119.50 118.00
119.50 117.50
119.50 117.00
119.50 116.50
119.50 116.00
119.50 115.50
119.50 115.00
119.50 114.50
119.50 114.00
119.50 113.50
119.50 113.00
120.00 112.50
120.00 112.00
120.00 111.50
120.50 111.00
120.50 110.50
121.00 110.00
121.50 109.50
121.50 109.00
122.00 108.50
122.00 108.00
122.50 107.50
123.00 107.00
123.50 106.50
124.00 106.50
124.50 106.00
125.00 105.50
125.50 105.00
126.00 104.50
126.50 104.50
127.00 104.00
127.50 103.50
128.00 103.50
128.50 103.00
129.00 103.00
129.50 102.50
130.00 102.50
130.50 102.00
131.00 102.00
131.50 102.00
132.00 101.50
132.50 101.50
133.00 101.50
133.50 101.00
134.00 101.00
134.50 101.00
135.00 101.00
135.50 101.00
136.00 101.00
136.50 101.00
137.00 100.50
137.50 100.50
138.00 100.50
138.50 100.50
139.00 100.50
139.50 100.50
140.00 101.00
140.50 101.00
141.00 101.00
141.50 101.00
142.00 101.00
142.50 101.00
143.00 101.00
143.50 101.50
144.00 101.50
144.50 101.50
145.00 102.00
145.50 102.00
146.00 102.00
146.50 102.50
147.00 102.50
147.50 103.00
148.00 103.00
148.50 103.50
149.00 103.50
149.50 104.00
150.00 104.50
150.50 105.00
151.00 105.00
151.50 105.50
152.00 106.00
152.50 106.50
153.00 107.00
153.50 107.50
153.50 108.00
154.00 108.50
154.50 109.00
154.50 109.50
155.00 110.00
155.50 110.50
155.50 111.00
155.50 111.50
156.00 112.00
156.00 112.50
156.00 113.00
156.00 113.50
156.00 114.00
156.50 114.50
156.50 115.00
156.50 115.50
156.50 116.00
156.50 116.50
156.00 117.00
156.00 117.50
156.00 118.00
156.00 118.50
156.00 119.00
156.00 119.50
156.00 120.00
155.50 120.50
155.50 121.00
155.50 121.50
155.00 122.00
155.00 122.50
155.00 123.00
154.50 123.50
154.50 124.00
154.00 124.50
154.00 125.00
153.50 125.50
153.50 126.00
153.00 126.50
153.00 127.00
152.50 127.50
152.00 128.00
152.00 128.50
152.00 129.00
151.50 129.50
151.00 130.00
150.50 130.50
150.00 131.00
149.50 131.50
149.00 132.00
148.50 132.50
148.00 133.00
147.50 133.00
147.00 133.50
