140.50 131.00
140.50 130.50
140.00 130.00
140.00 129.50
140.00 129.00
140.50 128.50
140.50 128.00
141.00 127.50
141.50 127.00
142.00 127.00
142.50 126.50
143.00 126.50
143.50 126.00
144.00 126.00
144.50 126.00
145.00 126.00
145.50 126.50
146.00 127.00
146.00 127.50
146.00 128.00
146.00 128.50
145.50 129.00
145.50 129.50
145.00 130.00
145.50 130.50
146.00 130.50
146.50 130.00
147.00 130.00
147.50 129.50
148.00 129.00
148.50 128.50
149.00 128.50
149.50 128.00
150.00 127.50
150.50 127.00
151.00 126.50
151.50 126.50
152.00 126.00
152.50 125.50
153.00 125.00
153.50 125.00
154.00 124.50
154.50 124.00
155.00 124.00
155.50 124.50
155.50 125.00
155.50 125.50
155.00 126.00
155.00 126.50
155.00 127.00
154.50 127.50
154.50 128.00
154.00 128.50
153.50 129.00
153.50 129.50
153.00 130.00
152.50 130.50
152.00 131.00
151.50 131.00
151.00 131.50
150.50 131.50
150.00 132.00
149.50 132.00
149.00 132.00
148.50 132.00
148.00 132.00
147.50 132.00
147.00 132.00
146.50 132.00
146.00 132.00
145.50 132.00
145.00 132.00
144.50 132.00
144.00 132.00
143.50 132.00
143.00 132.00
142.50 132.00
142.00 132.00
141.50 131.50
141.00 131.50
