159.50 130.50
159.50 131.00
159.00 131.00
158.50 131.50
158.00 132.00
157.50 132.50
157.00 133.00
156.50 133.50
156.00 134.00
155.50 134.00
155.00 134.50
154.50 135.00
154.00 135.50
153.50 135.50
153.00 136.00
152.50 136.50
152.00 136.50
151.50 137.00
151.00 137.00
150.50 137.00
150.00 137.50
149.50 137.50
149.00 138.00
148.50 138.00
148.00 138.00
147.50 138.50
147.00 138.50
146.50 138.50
146.00 138.50
145.50 139.00
145.00 139.00
144.50 139.00
144.00 139.00
143.50 139.00
143.00 139.00
142.50 139.50
142.00 139.50
141.50 139.50
141.00 139.50
140.50 139.50
140.00 139.50
139.50 139.50
139.00 139.50
138.50 139.50
138.00 139.00
137.50 139.00
137.00 139.00
136.50 139.00
136.00 139.00
135.50 139.00
135.00 139.00
134.50 139.00
134.00 139.00
133.50 138.50
133.00 138.50
132.50 138.50
132.00 138.50
131.50 138.50
131.00 138.50
130.50 138.50
130.00 138.00
129.50 138.00
129.00 138.00
128.50 137.50
128.00 137.50
127.50 137.50
127.00 137.50
126.50 137.00
126.00 137.00
125.50 137.00
125.00 136.50
124.50 136.50
124.00 136.00
123.50 135.50
123.00 135.50
122.50 135.00
122.00 134.50
121.50 134.00
121.00 133.50
120.50 133.00
120.00 132.50
120.00 132.00
119.50 131.50
119.50 131.00
119.00 130.50
119.00 130.00
118.50 129.50
118.50 129.00
118.50 128.50
118.00 128.00
118.00 127.50
118.00 127.00
117.50 126.50
117.50 126.00
117.50 125.50
117.50 125.00
117.50 124.50
117.50 124.00
117.00 123.50
117.00 123.00
117.00 122.50
117.00 122.00
117.00 121.50
117.00 121.00
117.00 120.50
117.00 120.00
117.00 119.50
117.00 119.00
117.00 118.50
117.00 118.00
117.00 117.50
117.00 117.00
117.00 116.50
117.00 116.00
117.50 115.50
117.50 115.00
117.50 114.50
117.50 114.00
117.50 113.50
118.00 113.00
118.00 112.50
118.00 112.00
118.00 111.50
118.50 111.00
118.50 110.50
118.50 110.00
119.00 109.50
119.50 109.00
119.50 108.50
119.50 108.00
120.00 107.50
120.50 107.00
120.50 106.50
121.00 106.00
121.50 105.50
121.50 105.00
122.00 104.50
122.50 104.00
123.00 103.50
123.50 103.00
124.00 102.50
124.50 102.50
125.00 102.00
125.50 101.50
126.00 101.00
126.50 101.00
127.00 100.50
127.50 100.00
128.00 100.00
128.50 99.50
129.00 99.50
129.50 99.00
130.00 99.00
130.50 99.00
131.00 98.50
131.50 98.50
132.00 98.50
132.50 98.00
133.00 98.00
133.50 98.00
134.00 98.00
134.50 98.00
135.00 97.50
135.50 97.50
136.00 97.50
136.50 97.50
137.00 97.50
137.50 97.50
138.00 97.50
138.50 97.50
139.00 97.50
139.50 97.50
140.00 97.50
140.50 97.50
141.00 97.50
141.50 97.50
142.00 97.50
142.50 98.00
143.00 98.00
143.50 98.00
144.00 98.00
144.50 98.00
145.00 98.50
145.50 98.50
146.00 98.50
146.50 98.50
147.00 99.00
147.50 99.00
148.00 99.00
148.50 99.00
149.00 99.50
149.50 99.50
150.00 100.00
150.50 100.00
151.00 100.00
151.50 100.50
152.00 100.50
152.50 101.00
153.00 101.00
153.50 101.50
154.00 101.50
154.50 102.00
155.00 102.00
155.50 102.50
156.00 103.00
156.50 103.50
157.00 103.50
157.50 104.00
158.00 104.50
158.50 105.00
159.00 105.50
159.50 106.00
160.00 106.50
160.50 107.00
161.00 107.50
161.00 108.00
161.50 108.50
162.00 109.00
162.00 109.50
162.50 110.00
162.50 110.50
163.00 111.00
163.50 111.50
163.50 112.00
164.00 112.50
164.00 113.00
164.00 113.50
164.50 114.00
164.50 114.50
164.50 115.00
164.50 115.50
165.00 116.00
165.00 116.50
165.00 117.00
165.00 117.50
165.00 118.00
165.00 118.50
165.00 119.00
165.00 119.50
165.00 120.00
165.00 120.50
165.00 121.00
165.00 121.50
164.50 122.00
164.50 122.50
164.50 123.00
164.00 123.50
164.00 124.00
163.50 124.50
163.50 125.00
163.50 125.50
163.00 126.00
162.50 126.50
162.00 127.00
162.00 127.50
161.50 128.00
161.50 128.50
161.00 129.00
160.50 129.50
160.00 130.00
