167.50 124.00
167.50 124.50
167.00 125.00
167.00 125.50
167.00 126.00
166.50 126.50
166.50 127.00
166.00 127.50
166.00 128.00
165.50 128.50
165.50 129.00
165.00 129.50
165.00 130.00
164.50 130.50
164.00 131.00
163.50 131.50
163.50 132.00
163.00 132.50
162.50 133.00
162.00 133.50
161.50 134.00
161.00 134.50
160.50 135.00
160.00 135.50
159.50 136.00
159.00 136.00
158.50 136.50
158.00 137.00
157.50 137.00
157.00 137.50
156.50 137.50
156.00 138.00
155.50 138.50
155.00 138.50
154.50 139.00
154.00 139.00
153.50 139.50
153.00 139.50
152.50 140.00
152.00 140.00
151.50 140.50
151.00 141.00
150.50 141.00
150.00 141.00
149.50 141.50
149.00 142.00
148.50 142.00
148.00 142.00
147.50 142.50
147.00 142.50
146.50 143.00
146.00 143.00
145.50 143.00
145.00 143.50
144.50 143.50
144.00 143.50
143.50 144.00
143.00 144.00
142.50 144.00
142.00 144.00
141.50 144.00
141.00 144.50
140.50 144.50
140.00 144.50
139.50 144.50
139.00 144.50
138.50 144.50
138.00 144.50
137.50 144.50
137.00 144.50
136.50 144.50
136.00 144.50
135.50 144.50
135.00 144.00
134.50 144.00
134.00 144.00
133.50 144.00
133.00 144.00
132.50 143.50
132.00 143.50
131.50 143.00
131.00 143.00
130.50 143.00
130.00 142.50
129.50 142.50
129.00 142.00
128.50 142.00
128.00 141.50
127.50 141.00
127.00 141.00
126.50 140.50
126.00 140.00
125.50 139.50
125.00 139.00
124.50 138.50
124.00 138.00
124.00 137.50
123.50 137.00
123.00 136.50
123.00 136.00
122.50 135.50
122.50 135.00
122.50 134.50
122.00 134.00
122.00 133.50
121.50 133.00
121.50 132.50
121.50 132.00
121.50 131.50
121.00 131.00
121.00 130.50
121.00 130.00
121.00 129.50
121.00 129.00
121.00 128.50
120.50 128.00
120.50 127.50
120.50 127.00
120.50 126.50
120.50 126.00
120.50 125.50
120.50 125.00
120.50 124.50
120.50 124.00
120.50 123.50
120.50 123.00
120.50 122.50
120.50 122.00
120.50 121.50
120.50 121.00
120.50 120.50
120.50 120.00
120.50 119.50
120.50 119.00
121.00 118.50
121.00 118.00
121.00 117.50
121.00 117.00
121.00 116.50
121.00 116.00
121.50 115.50
121.50 115.00
121.50 114.50
122.00 114.00
122.00 113.50
122.00 113.00
122.00 112.50
122.50 112.00
122.50 111.50
122.50 111.00
123.00 110.50
123.00 110.00
123.00 109.50
123.50 109.00
123.50 108.50
124.00 108.00
124.00 107.50
124.50 107.00
124.50 106.50
124.50 106.00
125.00 105.50
125.50 105.00
125.50 104.50
126.00 104.00
126.50 103.50
126.50 103.00
127.00 102.50
127.50 102.00
128.00 101.50
128.50 101.00
129.00 100.50
129.50 100.00
130.00 100.00
130.50 99.50
131.00 99.00
131.50 99.00
132.00 99.00
132.50 98.50
133.00 98.50
133.50 98.00
134.00 98.00
134.50 98.00
135.00 98.00
135.50 98.00
136.00 97.50
136.50 97.50
137.00 97.50
137.50 97.50
138.00 97.50
138.50 97.50
139.00 97.50
139.50 97.50
140.00 97.50
140.50 97.50
141.00 97.50
141.50 97.50
142.00 97.50
142.50 97.50
143.00 97.50
143.50 97.50
144.00 97.50
144.50 97.50
145.00 97.50
145.50 98.00
146.00 98.00
146.50 98.00
147.00 98.00
147.50 98.00
148.00 98.00
148.50 98.50
149.00 98.50
149.50 98.50
150.00 98.50
150.50 98.50
151.00 99.00
151.50 99.00
152.00 99.00
152.50 99.50
153.00 99.50
153.50 100.00
154.00 100.00
154.50 100.00
155.00 100.50
155.50 101.00
156.00 101.00
156.50 101.50
157.00 101.50
157.50 102.00
158.00 102.00
158.50 102.50
159.00 103.00
159.50 103.50
160.00 104.00
160.50 104.50
161.00 105.00
161.50 105.50
162.00 106.00
162.50 106.50
163.00 107.00
163.00 107.50
163.50 108.00
164.00 108.50
164.00 109.00
164.50 109.50
164.50 110.00
165.00 110.50
165.50 111.00
165.50 111.50
166.00 112.00
166.00 112.50
166.00 113.00
166.50 113.50
166.50 114.00
167.00 114.50
167.00 115.00
167.00 115.50
167.00 116.00
167.50 116.50
167.50 117.00
167.50 117.50
167.50 118.00
167.50 118.50
167.50 119.00
167.50 119.50
168.00 120.00
168.00 120.50
168.00 121.00
167.50 121.50
167.50 122.00
167.50 122.50
167.50 123.00
167.50 123.50
