155.00 131.00
154.50 131.00
154.00 131.50
153.50 132.00
153.00 132.50
152.50 133.00
152.00 133.00
151.50 133.50
151.00 133.50
150.50 134.00
150.00 134.00
149.50 134.00
149.00 134.50
148.50 134.50
148.00 135.00
147.50 135.00
147.00 135.00
146.50 135.50
146.00 135.50
145.50 135.50
145.00 136.00
144.50 136.00
144.00 136.00
143.50 136.00
143.00 136.00
142.50 136.50
142.00 136.50
141.50 136.50
141.00 136.50
140.50 136.50
140.00 136.50
139.50 136.50
139.00 136.50
138.50 137.00
138.00 137.00
137.50 137.00
137.00 137.00
136.50 137.00
136.00 137.00
135.50 137.00
135.00 137.00
134.50 136.50
134.00 136.50
133.50 136.50
133.00 136.50
132.50 136.50
132.00 136.50
131.50 136.50
131.00 136.00
130.50 136.00
130.00 136.00
129.50 135.50
129.00 135.50
128.50 135.50
128.00 135.00
127.50 134.50
127.00 134.50
126.50 134.00
126.00 133.50
125.50 133.50
125.00 133.00
124.50 132.50
124.00 132.00
123.50 131.50
123.00 131.00
122.50 130.50
122.00 130.00
122.00 129.50
121.50 129.00
121.00 128.50
121.00 128.00
120.50 127.50
120.50 127.00
120.50 126.50
120.00 126.00
120.00 125.50
119.50 125.00
119.50 124.50
119.50 124.00
119.50 123.50
119.00 123.00
119.00 122.50
119.00 122.00
119.00 121.50
119.00 121.00
119.00 120.50
119.00 120.00
119.00 119.50
119.00 119.00
119.00 118.50
119.00 118.00
119.00 117.50
119.00 117.00
119.00 116.50
119.00 116.00
119.00 115.50
119.00 115.00
119.00 114.50
119.50 114.00
119.50 113.50
119.50 113.00
119.50 112.50
119.50 112.00
120.00 111.50
120.00 111.00
120.00 110.50
120.50 110.00
120.50 109.50
120.50 109.00
121.00 108.50
121.00 108.00
121.50 107.50
122.00 107.00
122.00 106.50
122.00 106.00
122.50 105.50
123.00 105.00
123.00 104.50
123.50 104.00
124.00 103.50
124.50 103.00
125.00 102.50
125.50 102.00
126.00 101.50
126.50 101.00
127.00 100.50
127.50 100.50
128.00 100.00
128.50 99.50
129.00 99.00
129.50 99.00
130.00 98.50
130.50 98.50
131.00 98.00
131.50 98.00
132.00 97.50
132.50 97.50
133.00 97.50
133.50 97.00
134.00 97.00
134.50 97.00
135.00 97.00
135.50 96.50
136.00 96.50
136.50 96.50
137.00 96.50
137.50 96.50
138.00 96.50
138.50 96.50
139.00 96.50
139.50 96.50
140.00 96.50
140.50 97.00
141.00 97.00
141.50 97.00
142.00 97.00
142.50 97.00
143.00 97.50
143.50 97.50
144.00 97.50
144.50 97.50
145.00 98.00
145.50 98.00
146.00 98.00
146.50 98.50
147.00 98.50
147.50 99.00
148.00 99.00
148.50 99.50
149.00 99.50
149.50 99.50
150.00 100.00
150.50 100.50
151.00 100.50
151.50 101.00
152.00 101.00
152.50 101.50
153.00 102.00
153.50 102.00
154.00 102.50
154.50 103.00
155.00 103.50
155.50 104.00
156.00 104.50
156.50 105.00
157.00 105.50
157.50 106.00
158.00 106.50
158.50 107.00
158.50 107.50
159.00 108.00
159.50 108.50
159.50 109.00
160.00 109.50
160.00 110.00
160.50 110.50
160.50 111.00
161.00 111.50
161.00 112.00
161.00 112.50
161.50 113.00
161.50 113.50
161.50 114.00
162.00 114.50
162.00 115.00
162.00 115.50
162.00 116.00
162.00 116.50
162.00 117.00
162.00 117.50
162.00 118.00
162.00 118.50
162.00 119.00
162.00 119.50
162.00 120.00
161.50 120.50
161.50 121.00
161.50 121.50
161.50 122.00
161.00 122.50
161.00 123.00
161.00 123.50
160.50 124.00
160.50 124.50
160.00 125.00
160.00 125.50
159.50 126.00
159.00 126.50
158.50 127.00
158.50 127.50
158.00 128.00
157.50 128.50
157.00 129.00
156.50 129.50
156.00 130.00
155.50 130.50
