164.00 128.00
164.00 128.50
163.50 129.00
163.00 129.50
163.00 130.00
162.50 130.50
162.00 131.00
161.50 131.50
161.00 132.00
160.50 132.50
160.00 133.00
159.50 133.50
159.00 134.00
158.50 134.00
158.00 134.50
157.50 135.00
157.00 135.50
156.50 135.50
156.00 135.50
155.50 136.00
155.00 136.50
154.50 136.50
154.00 136.50
153.50 137.00
153.00 137.50
152.50 137.50
152.00 137.50
151.50 138.00
151.00 138.00
150.50 138.00
150.00 138.00
149.50 138.50
149.00 138.50
148.50 138.50
148.00 138.50
147.50 139.00
147.00 139.00
146.50 139.00
146.00 139.00
145.50 139.50
145.00 139.50
144.50 139.50
144.00 139.50
143.50 139.50
143.00 139.50
142.50 140.00
142.00 140.00
141.50 140.00
141.00 140.00
140.50 140.00
140.00 140.00
139.50 140.00
139.00 140.00
138.50 140.00
138.00 140.00
137.50 140.00
137.00 140.00
136.50 140.00
136.00 139.50
135.50 139.50
135.00 139.50
134.50 139.50
134.00 139.00
133.50 139.00
133.00 139.00
132.50 139.00
132.00 138.50
131.50 138.50
131.00 138.00
130.50 138.00
130.00 138.00
129.50 137.50
129.00 137.00
128.50 137.00
128.00 136.50
127.50 136.50
127.00 136.00
126.50 135.50
126.00 135.00
125.50 134.50
125.00 134.00
124.50 133.50
124.50 133.00
124.00 132.50
123.50 132.00
123.00 131.50
123.00 131.00
122.50 130.50
122.50 130.00
122.00 129.50
122.00 129.00
122.00 128.50
121.50 128.00
121.50 127.50
121.50 127.00
121.00 126.50
121.00 126.00
121.00 125.50
121.00 125.00
121.00 124.50
121.00 124.00
121.00 123.50
120.50 123.00
120.50 122.50
120.50 122.00
120.50 121.50
120.50 121.00
120.50 120.50
120.50 120.00
120.50 119.50
120.50 119.00
120.50 118.50
120.50 118.00
120.50 117.50
120.50 117.00
120.50 116.50
120.50 116.00
120.50 115.50
120.50 115.00
120.50 114.50
120.50 114.00
120.50 113.50
120.50 113.00
121.00 112.50
121.00 112.00
121.00 111.50
121.00 111.00
121.00 110.50
121.00 110.00
121.50 109.50
121.50 109.00
121.50 108.50
122.00 108.00
122.00 107.50
122.50 107.00
122.50 106.50
122.50 106.00
123.00 105.50
123.50 105.00
123.50 104.50
124.00 104.00
124.50 103.50
124.50 103.00
125.00 102.50
125.50 102.00
126.00 101.50
126.50 101.00
127.00 100.50
127.50 100.00
128.00 99.50
128.50 99.00
129.00 98.50
129.50 98.00
130.00 98.00
130.50 97.50
131.00 97.50
131.50 97.00
132.00 97.00
132.50 96.50
133.00 96.50
133.50 96.50
134.00 96.00
134.50 96.00
135.00 96.00
135.50 96.00
136.00 95.50
136.50 95.50
137.00 95.50
137.50 95.50
138.00 95.50
138.50 95.50
139.00 95.50
139.50 95.50
140.00 95.50
140.50 95.50
141.00 95.50
141.50 95.50
142.00 95.50
142.50 95.50
143.00 95.50
143.50 95.50
144.00 96.00
144.50 96.00
145.00 96.00
145.50 96.00
146.00 96.50
146.50 96.50
147.00 96.50
147.50 96.50
148.00 97.00
148.50 97.00
149.00 97.00
149.50 97.50
150.00 97.50
150.50 97.50
151.00 98.00
151.50 98.00
152.00 98.00
152.50 98.50
153.00 98.50
153.50 99.00
154.00 99.00
154.50 99.50
155.00 100.00
155.50 100.00
156.00 100.50
156.50 100.50
157.00 101.00
157.50 101.50
158.00 101.50
158.50 102.00
159.00 102.50
159.50 103.00
160.00 103.50
160.50 104.00
161.00 104.50
161.50 105.00
162.00 105.50
162.50 106.00
163.00 106.50
163.50 107.00
163.50 107.50
164.00 108.00
164.50 108.50
164.50 109.00
165.00 109.50
165.00 110.00
165.50 110.50
165.50 111.00
166.00 111.50
166.00 112.00
166.00 112.50
166.50 113.00
166.50 113.50
167.00 114.00
167.00 114.50
167.00 115.00
167.00 115.50
167.00 116.00
167.00 116.50
167.00 117.00
167.00 117.50
167.00 118.00
167.00 118.50
167.00 119.00
167.00 119.50
167.00 120.00
167.00 120.50
167.00 121.00
167.00 121.50
166.50 122.00
166.50 122.50
166.50 123.00
166.00 123.50
166.00 124.00
166.00 124.50
165.50 125.00
165.50 125.50
165.00 126.00
165.00 126.50
165.00 127.00
164.50 127.50
