145.00 134.00
144.50 134.00
144.00 134.00
143.50 134.50
143.00 134.50
142.50 134.50
142.00 134.50
141.50 134.50
141.00 134.00
140.50 134.00
140.00 133.50
139.50 133.00
139.00 132.50
139.00 132.00
138.50 131.50
138.50 131.00
138.50 130.50
138.50 130.00
138.50 129.50
138.50 129.00
139.00 128.50
139.50 128.00
140.00 127.50
140.50 127.00
141.00 127.00
141.50 127.00
142.00 127.50
142.00 128.00
142.50 128.50
142.50 129.00
143.00 129.50
143.00 130.00
143.00 130.50
143.50 131.00
144.00 131.50
144.50 131.50
145.00 131.50
145.50 131.50
146.00 131.50
146.50 131.00
147.00 130.50
147.50 130.00
147.50 129.50
147.50 129.00
148.00 128.50
148.00 128.00
148.00 127.50
148.50 127.00
149.00 126.50
149.50 126.50
150.00 126.50
150.50 126.00
151.00 126.00
151.50 126.00
152.00 126.50
152.50 126.50
153.00 127.00
153.50 127.50
153.50 128.00
153.50 128.50
153.50 129.00
153.50 129.50
153.00 130.00
153.00 130.50
153.00 131.00
152.50 131.50
152.00 131.50
151.50 132.00
151.00 132.00
150.50 132.50
150.00 132.50
149.50 132.50
149.00 133.00
148.50 133.00
148.00 133.50
147.50 133.50
147.00 133.50
146.50 133.50
146.00 134.00
145.50 134.00
