156.50 114.00
156.00 114.50
155.50 115.00
155.00 115.50
154.50 115.50
154.00 115.50
153.50 115.50
153.00 115.50
152.50 115.50
152.00 115.00
151.50 115.00
151.00 114.50
150.50 114.50
150.00 114.00
149.50 114.00
149.00 113.50
148.50 113.00
148.00 112.50
147.50 112.00
147.50 111.50
147.50 111.00
147.50 110.50
147.50 110.00
147.50 109.50
147.50 109.00
147.50 108.50
147.50 108.00
147.50 107.50
147.50 107.00
147.50 106.50
148.00 106.00
148.00 105.50
148.50 105.00
149.00 104.50
149.50 104.00
150.00 104.00
150.50 103.50
151.00 103.50
151.50 103.50
152.00 103.50
152.50 104.00
153.00 104.00
153.50 104.50
154.00 104.50
154.50 105.00
155.00 105.50
155.00 106.00
155.00 106.50
155.00 107.00
154.50 107.50
154.50 108.00
154.00 108.50
153.50 109.00
153.50 109.50
153.50 110.00
153.00 110.50
153.50 111.00
154.00 111.00
154.50 111.00
155.00 111.00
155.50 111.00
156.00 111.00
156.50 111.00
157.00 111.50
157.00 112.00
157.00 112.50
157.00 113.00
156.50 113.50
