148.00 135.50
147.50 136.00
147.00 136.50
146.50 136.50
146.00 137.00
145.50 137.00
145.00 137.50
144.50 137.50
144.00 137.50
143.50 138.00
143.00 138.00
142.50 138.00
142.00 138.50
141.50 138.50
141.00 138.50
140.50 138.50
140.00 138.50
139.50 139.00
139.00 139.00
138.50 139.00
138.00 139.00
137.50 139.00
137.00 139.00
136.50 139.00
136.00 139.00
135.50 139.00
135.00 139.00
134.50 139.00
134.00 139.00
133.50 139.00
133.00 138.50
132.50 138.50
132.00 138.50
131.50 138.50
131.00 138.50
130.50 138.50
130.00 138.00
129.50 138.00
129.00 137.50
128.50 137.50
128.00 137.50
127.50 137.00
127.00 136.50
126.50 136.50
126.00 136.00
125.50 136.00
125.00 135.50
124.50 135.00
124.00 134.50
123.50 134.00
123.00 133.50
122.50 133.00
122.50 132.50
122.00 132.00
121.50 131.50
121.00 131.00
121.00 130.50
120.50 130.00
120.50 129.50
120.00 129.00
120.00 128.50
119.50 128.00
119.50 127.50
119.50 127.00
119.00 126.50
119.00 126.00
119.00 125.50
119.00 125.00
118.50 124.50
118.50 124.00
118.50 123.50
118.50 123.00
118.00 122.50
118.00 122.00
118.00 121.50
118.00 121.00
118.00 120.50
118.00 120.00
118.00 119.50
118.00 119.00
118.00 118.50
118.00 118.00
118.00 117.50
118.00 117.00
118.00 116.50
118.00 116.00
118.50 115.50
118.50 115.00
118.50 114.50
118.50 114.00
119.00 113.50
119.00 113.00
119.00 112.50
119.50 112.00
120.00 111.50
120.00 111.00
120.50 110.50
120.50 110.00
121.00 109.50
121.50 109.00
122.00 108.50
122.50 108.00
123.00 107.50
123.50 107.00
124.00 106.50
124.50 106.00
125.00 105.50
125.50 105.00
126.00 105.00
126.50 104.50
127.00 104.50
127.50 104.00
128.00 103.50
128.50 103.50
129.00 103.50
129.50 103.00
130.00 103.00
130.50 103.00
131.00 102.50
131.50 102.50
132.00 102.50
132.50 102.50
133.00 102.00
133.50 102.00
134.00 102.00
134.50 102.00
135.00 102.00
135.50 102.00
136.00 102.00
136.50 102.00
137.00 102.00
137.50 102.00
138.00 102.00
138.50 102.00
139.00 102.00
139.50 102.00
140.00 102.00
140.50 102.00
141.00 102.00
141.50 102.50
142.00 102.50
142.50 102.50
143.00 102.50
143.50 102.50
144.00 103.00
144.50 103.00
145.00 103.00
145.50 103.50
146.00 103.50
146.50 104.00
147.00 104.00
147.50 104.00
148.00 104.50
148.50 105.00
149.00 105.00
149.50 105.00
150.00 105.50
150.50 105.50
151.00 106.00
151.50 106.50
152.00 107.00
152.50 107.50
153.00 107.50
153.50 108.00
154.00 108.50
154.50 109.00
155.00 109.50
155.00 110.00
155.50 110.50
156.00 111.00
156.50 111.50
156.50 112.00
157.00 112.50
157.50 113.00
157.50 113.50
158.00 114.00
158.00 114.50
158.00 115.00
158.00 115.50
158.50 116.00
158.50 116.50
158.50 117.00
158.50 117.50
158.50 118.00
158.50 118.50
158.50 119.00
158.50 119.50
158.50 120.00
158.50 120.50
158.50 121.00
158.50 121.50
158.50 122.00
158.50 122.50
158.50 123.00
158.00 123.50
158.00 124.00
158.00 124.50
158.00 125.00
157.50 125.50
157.50 126.00
157.00 126.50
157.00 127.00
156.50 127.50
156.50 128.00
156.00 128.50
155.50 129.00
155.00 129.50
155.00 130.00
154.50 130.50
154.00 131.00
153.50 131.50
153.00 132.00
152.50 132.50
152.00 133.00
151.50 133.50
151.00 134.00
150.50 134.00
150.00 134.50
149.50 135.00
149.00 135.00
148.50 135.50
