144.50 131.00
144.00 131.00
143.50 131.50
143.00 131.50
142.50 131.50
142.00 131.50
141.50 132.00
141.00 132.00
140.50 131.50
140.00 131.00
139.50 131.50
139.00 131.50
138.50 132.00
138.00 131.50
137.50 131.50
137.00 131.50
136.50 131.50
136.00 131.50
135.50 131.50
135.00 131.50
134.50 131.50
134.00 131.50
133.50 131.50
133.00 131.50
132.50 131.50
132.00 131.50
131.50 131.00
131.00 131.00
130.50 130.50
130.00 130.50
129.50 130.00
129.00 129.50
128.50 129.00
128.00 128.50
127.50 128.00
127.00 127.50
127.00 127.00
126.50 126.50
126.50 126.00
126.50 125.50
126.00 125.00
125.50 124.50
125.50 124.00
125.00 123.50
125.00 123.00
124.50 122.50
124.50 122.00
124.50 121.50
124.00 121.00
124.00 120.50
124.00 120.00
124.00 119.50
124.00 119.00
124.00 118.50
124.00 118.00
124.00 117.50
124.00 117.00
124.00 116.50
124.00 116.00
123.50 115.50
123.00 115.00
122.50 114.50
123.00 114.00
123.00 113.50
123.00 113.00
123.50 112.50
123.50 112.00
123.50 111.50
124.00 111.00
124.00 110.50
124.50 110.00
124.50 109.50
125.00 109.00
125.00 108.50
125.50 108.00
125.50 107.50
126.00 107.00
126.50 106.50
127.00 106.00
127.50 105.50
128.00 105.00
128.50 104.50
129.00 104.00
129.50 103.50
130.00 103.50
130.50 103.00
131.00 102.50
131.50 102.50
132.00 102.50
132.50 102.00
133.00 102.00
133.50 101.50
134.00 101.50
134.50 101.50
135.00 101.50
135.50 101.00
136.00 101.00
136.50 101.00
137.00 101.00
137.50 100.50
138.00 100.50
138.50 100.50
139.00 100.50
139.50 100.50
140.00 100.50
140.50 100.50
141.00 100.50
141.50 100.50
142.00 101.00
142.50 101.00
143.00 101.00
143.50 101.00
144.00 101.00
144.50 101.50
145.00 101.50
145.50 101.50
146.00 102.00
146.50 102.00
147.00 102.50
147.50 102.50
148.00 103.00
148.50 103.00
149.00 103.50
149.50 104.00
150.00 104.50
150.50 105.00
151.00 105.50
151.50 106.00
152.00 106.50
152.50 107.00
153.00 107.50
153.50 108.00
154.00 108.50
154.00 109.00
154.50 109.50
155.00 110.00
155.50 110.50
155.50 111.00
156.00 111.50
156.50 112.00
156.50 112.50
157.00 113.00
157.00 113.50
157.00 114.00
157.00 114.50
157.50 115.00
157.50 115.50
157.50 116.00
157.50 116.50
157.50 117.00
157.50 117.50
157.50 118.00
157.50 118.50
157.00 119.00
157.00 119.50
157.00 120.00
156.50 120.50
156.50 121.00
156.00 121.50
156.00 122.00
156.00 122.50
155.50 123.00
155.00 123.50
155.00 124.00
154.50 124.50
154.00 125.00
154.00 125.50
153.50 126.00
153.00 126.50
153.00 127.00
152.50 127.50
152.00 128.00
151.50 128.50
151.00 129.00
150.50 129.50
150.00 130.00
149.50 130.50
149.00 131.00
148.50 131.00
148.00 131.00
147.50 131.50
147.00 131.50
146.50 131.00
146.00 131.00
145.50 131.00
145.00 130.50
