137.50 134.00
137.00 134.00
136.50 134.00
136.00 134.00
135.50 134.00
135.00 133.50
134.50 133.50
134.00 133.50
133.50 133.50
133.00 133.50
132.50 133.00
132.00 133.00
131.50 133.00
131.00 132.50
130.50 132.50
130.00 132.00
129.50 132.00
129.00 131.50
128.50 131.50
128.00 131.00
127.50 130.50
127.00 130.50
126.50 130.00
126.00 129.50
125.50 129.00
125.00 128.50
124.50 128.00
124.00 127.50
124.00 127.00
123.50 126.50
123.50 126.00
123.50 125.50
123.00 125.00
123.00 124.50
123.00 124.00
123.00 123.50
122.50 123.00
122.50 122.50
122.50 122.00
122.50 121.50
122.50 121.00
122.50 120.50
122.50 120.00
122.50 119.50
122.50 119.00
122.50 118.50
122.50 118.00
122.50 117.50
122.50 117.00
123.00 116.50
123.00 116.00
123.00 115.50
123.00 115.00
123.00 114.50
123.50 114.00
123.50 113.50
124.00 113.00
124.00 112.50
124.00 112.00
124.50 111.50
124.50 111.00
125.00 110.50
125.00 110.00
125.50 109.50
126.00 109.00
126.50 108.50
127.00 108.00
127.50 107.50
128.00 107.00
128.50 106.50
129.00 106.50
129.50 106.00
130.00 106.00
130.50 105.50
131.00 105.50
131.50 105.00
132.00 105.00
132.50 105.00
133.00 105.00
133.50 104.50
134.00 104.50
134.50 104.50
135.00 104.50
135.50 104.50
136.00 104.50
136.50 104.00
137.00 104.00
137.50 104.50
138.00 104.50
138.50 104.50
139.00 104.50
139.50 104.50
140.00 104.50
140.50 104.50
141.00 105.00
141.50 105.00
142.00 105.50
142.50 105.50
143.00 106.00
143.50 106.00
144.00 106.00
144.50 106.50
145.00 107.00
145.50 107.50
146.00 108.00
146.50 108.50
147.00 109.00
147.50 109.50
148.00 110.00
148.50 110.50
149.00 111.00
149.00 111.50
149.50 112.00
149.50 112.50
150.00 113.00
150.50 113.50
150.50 114.00
150.50 114.50
151.00 115.00
151.00 115.50
151.50 116.00
151.50 116.50
151.50 117.00
152.00 117.50
152.00 118.00
152.00 118.50
152.00 119.00
152.00 119.50
152.00 120.00
152.00 120.50
152.00 121.00
152.00 121.50
152.00 122.00
152.00 122.50
152.00 123.00
152.00 123.50
151.50 124.00
151.50 124.50
151.50 125.00
151.00 125.50
151.00 126.00
150.50 126.50
150.50 127.00
150.00 127.50
150.00 128.00
149.50 128.50
149.00 129.00
148.50 129.50
148.00 130.00
147.50 130.50
147.00 131.00
146.50 131.50
146.00 131.50
145.50 132.00
145.00 132.50
144.50 132.50
144.00 133.00
143.50 133.00
143.00 133.00
142.50 133.50
142.00 133.50
141.50 133.50
141.00 133.50
140.50 134.00
140.00 134.00
139.50 134.00
139.00 134.00
138.50 134.00
138.00 134.00
