135.50 127.00
136.00 126.50
136.50 126.00
137.00 125.50
137.50 125.00
138.00 124.50
138.50 124.00
139.00 123.50
139.50 123.50
140.00 123.50
140.50 123.00
141.00 123.00
141.50 122.50
142.00 122.50
142.50 122.50
143.00 122.50
143.50 122.50
144.00 122.50
144.50 122.50
145.00 122.50
145.50 122.50
146.00 122.50
146.50 122.50
147.00 123.00
147.50 123.50
148.00 123.50
148.50 124.00
149.00 124.50
149.50 125.00
150.00 125.50
150.50 126.00
150.50 126.50
151.00 127.00
151.50 127.50
152.00 128.00
152.00 128.50
152.00 129.00
152.00 129.50
152.00 130.00
152.50 130.50
152.50 131.00
152.50 131.50
152.50 132.00
152.50 132.50
152.50 133.00
152.50 133.50
152.50 134.00
152.50 134.50
152.50 135.00
152.50 135.50
152.50 136.00
152.50 136.50
152.00 137.00
152.00 137.50
152.00 138.00
151.50 138.50
151.00 139.00
150.50 139.50
150.00 140.00
149.50 140.50
149.00 140.50
148.50 141.00
148.00 141.00
147.50 141.50
147.00 141.50
146.50 142.00
146.00 142.00
145.50 142.00
145.00 142.00
144.50 142.00
144.00 142.00
143.50 142.00
143.00 142.00
142.50 142.00
142.00 142.00
141.50 142.00
141.00 142.00
140.50 142.00
140.00 141.50
139.50 141.50
139.00 141.00
138.50 141.00
138.00 140.50
137.50 140.00
137.00 139.50
136.50 139.00
136.00 138.50
136.00 138.00
135.50 137.50
135.00 137.00
135.00 136.50
135.00 136.00
134.50 135.50
134.50 135.00
134.50 134.50
134.00 134.00
134.00 133.50
134.00 133.00
134.00 132.50
134.00 132.00
134.00 131.50
134.00 131.00
134.00 130.50
134.00 130.00
134.00 129.50
134.00 129.00
134.00 128.50
134.50 128.00
135.00 127.50
