146.00 140.50
145.50 141.00
145.00 141.00
144.50 141.50
144.00 141.50
143.50 141.50
143.00 142.00
142.50 142.00
142.00 142.00
141.50 142.50
141.00 142.50
140.50 142.50
140.00 142.50
139.50 142.50
139.00 142.50
138.50 142.50
138.00 142.50
137.50 142.50
137.00 142.50
136.50 142.00
136.00 142.00
135.50 142.00
135.00 141.50
134.50 141.50
134.00 141.00
133.50 141.00
133.00 140.50
132.50 140.00
132.00 139.50
131.50 139.00
131.50 138.50
131.00 138.00
130.50 137.50
130.50 137.00
130.50 136.50
130.00 136.00
130.00 135.50
130.00 135.00
129.50 134.50
129.00 134.00
129.00 133.50
129.00 133.00
129.00 132.50
129.00 132.00
129.00 131.50
129.00 131.00
129.00 130.50
129.00 130.00
129.50 129.50
129.50 129.00
129.50 128.50
130.00 128.00
130.00 127.50
130.50 127.00
130.50 126.50
131.00 126.00
131.50 125.50
132.00 125.00
132.50 124.50
133.00 124.00
133.50 123.50
134.00 123.50
134.50 123.50
135.00 123.00
135.50 123.00
136.00 122.50
136.50 122.50
137.00 122.50
137.50 122.50
138.00 122.00
138.50 122.00
139.00 122.00
139.50 122.00
140.00 122.00
140.50 122.00
141.00 122.50
141.50 122.50
142.00 122.50
142.50 122.50
143.00 123.00
143.50 123.50
144.00 123.50
144.50 124.00
145.00 124.50
145.50 125.00
146.00 125.50
146.50 126.00
147.00 126.50
147.50 127.00
147.50 127.50
148.00 128.00
148.00 128.50
148.50 129.00
148.50 129.50
149.00 130.00
149.00 130.50
149.00 131.00
149.00 131.50
149.00 132.00
149.00 132.50
149.00 133.00
149.00 133.50
149.00 134.00
149.00 134.50
149.00 135.00
149.00 135.50
148.50 136.00
148.00 136.50
148.00 137.00
147.50 137.50
147.50 138.00
147.00 138.50
146.50 139.00
146.50 139.50
146.50 140.00
146.00 140.50
