145.00 117.00
145.50 117.00
146.00 117.00
146.50 117.50
147.00 117.50
147.50 117.50
148.00 118.00
148.50 118.00
149.00 118.00
149.50 118.50
150.00 118.50
150.50 119.00
151.00 119.00
151.50 119.00
152.00 119.50
152.50 119.50
153.00 120.00
153.50 120.00
154.00 120.50
154.50 121.00
155.00 121.50
155.50 122.00
156.00 122.50
156.00 123.00
156.50 123.50
157.00 124.00
157.00 124.50
157.50 125.00
157.50 125.50
157.50 126.00
158.00 126.50
158.00 127.00
158.00 127.50
158.00 128.00
158.50 128.50
158.50 129.00
158.50 129.50
159.00 130.00
159.00 130.50
158.50 131.00
158.50 131.50
158.50 132.00
158.50 132.50
158.50 133.00
158.50 133.50
158.50 134.00
158.50 134.50
158.50 135.00
158.00 135.50
158.00 136.00
158.00 136.50
157.50 137.00
157.50 137.50
157.00 138.00
157.00 138.50
157.00 139.00
156.50 139.50
156.00 140.00
156.00 140.50
155.50 141.00
155.00 141.50
154.50 142.00
154.00 142.50
153.50 143.00
153.00 143.50
152.50 144.00
152.00 144.00
151.50 144.50
151.00 144.50
150.50 145.00
150.00 145.50
149.50 145.50
149.00 146.00
148.50 146.00
148.00 146.00
147.50 146.50
147.00 146.50
146.50 146.50
146.00 147.00
145.50 147.00
145.00 147.00
144.50 147.00
144.00 147.00
143.50 147.00
143.00 147.50
142.50 147.50
142.00 147.50
141.50 147.50
141.00 147.50
140.50 147.00
140.00 147.00
139.50 147.00
139.00 147.00
138.50 147.00
138.00 147.00
137.50 146.50
137.00 146.50
136.50 146.50
136.00 146.00
135.50 146.00
135.00 146.00
134.50 145.50
134.00 145.00
133.50 145.00
133.00 144.50
132.50 144.00
132.00 143.50
131.50 143.50
131.00 143.00
130.50 142.50
130.00 142.00
129.50 141.50
129.00 141.00
129.00 140.50
128.50 140.00
128.00 139.50
128.00 139.00
127.50 138.50
127.00 138.00
127.00 137.50
126.50 137.00
126.50 136.50
126.50 136.00
126.00 135.50
126.00 135.00
126.00 134.50
126.00 134.00
126.00 133.50
126.00 133.00
125.50 132.50
125.50 132.00
125.50 131.50
125.50 131.00
125.50 130.50
125.50 130.00
125.50 129.50
126.00 129.00
126.00 128.50
126.00 128.00
126.00 127.50
126.00 127.00
126.50 126.50
126.50 126.00
126.50 125.50
127.00 125.00
127.00 124.50
127.50 124.00
127.50 123.50
128.00 123.00
128.50 122.50
128.50 122.00
129.00 121.50
129.50 121.00
130.00 120.50
130.50 120.00
131.00 119.50
131.50 119.50
132.00 119.00
132.50 118.50
133.00 118.50
133.50 118.00
134.00 118.00
134.50 117.50
135.00 117.50
135.50 117.00
136.00 117.00
136.50 117.00
137.00 117.00
137.50 117.00
138.00 116.50
138.50 116.50
139.00 116.50
139.50 116.50
140.00 116.50
140.50 116.50
141.00 116.50
141.50 116.50
142.00 116.50
142.50 116.50
143.00 116.50
143.50 116.50
144.00 117.00
144.50 117.00
