152.50 137.00
153.00 137.00
153.50 137.00
154.00 137.50
153.50 138.00
153.50 138.50
153.50 139.00
153.00 139.50
152.50 140.00
152.00 140.50
151.50 141.00
151.50 141.50
151.50 142.00
151.00 142.50
151.00 143.00
150.50 143.50
150.00 144.00
149.50 144.00
149.00 144.00
148.50 144.00
148.00 143.50
147.50 143.50
147.00 143.00
147.00 142.50
147.00 142.00
147.00 141.50
147.00 141.00
147.00 140.50
147.00 140.00
147.00 139.50
147.50 139.00
148.00 139.00
148.50 139.00
149.00 139.00
149.50 139.00
150.00 139.00
150.50 139.00
151.00 138.50
151.00 138.00
151.50 137.50
152.00 137.00
