152.50 130.00
152.00 130.00
151.50 130.50
151.00 130.50
150.50 130.50
150.00 131.00
149.50 131.00
149.00 131.00
148.50 131.00
148.00 131.00
147.50 131.00
147.00 131.00
146.50 130.50
146.00 130.00
145.50 129.50
145.00 129.00
145.00 128.50
145.00 128.00
145.00 127.50
145.50 127.00
145.00 126.50
145.00 126.00
145.50 125.50
145.50 125.00
146.00 124.50
146.50 124.00
147.00 124.00
147.50 123.50
148.00 123.50
148.50 123.00
149.00 123.00
149.50 123.00
150.00 123.00
150.50 123.00
151.00 123.00
151.50 123.50
152.00 124.00
152.50 124.50
153.00 125.00
153.00 125.50
153.50 126.00
153.50 126.50
153.50 127.00
154.00 127.50
154.00 128.00
154.00 128.50
154.00 129.00
154.00 129.50
153.50 130.00
153.00 130.00
