130.00 130.50
130.00 130.00
130.00 129.50
130.50 129.00
130.50 128.50
130.50 128.00
130.50 127.50
131.00 127.00
131.00 126.50
131.50 126.00
131.50 125.50
132.00 125.00
132.50 124.50
133.00 124.00
133.50 123.50
134.00 123.50
134.50 123.00
135.00 123.00
135.50 122.50
136.00 122.50
136.50 122.50
137.00 122.00
137.50 122.00
138.00 122.00
138.50 122.00
139.00 122.00
139.50 121.50
140.00 122.00
140.50 122.00
141.00 121.50
141.50 121.50
142.00 121.50
142.50 121.50
143.00 121.50
143.50 121.50
144.00 122.00
144.50 122.00
145.00 122.00
145.50 122.00
146.00 122.50
146.50 123.00
147.00 123.00
147.50 123.50
148.00 123.50
148.50 124.00
149.00 124.50
149.50 125.00
150.00 125.50
150.50 126.00
150.50 126.50
151.00 127.00
151.50 127.50
151.50 128.00
152.00 128.50
152.00 129.00
152.50 129.50
152.50 130.00
152.50 130.50
153.00 131.00
153.00 131.50
153.00 132.00
153.50 132.50
153.50 133.00
153.50 133.50
153.50 134.00
153.50 134.50
153.50 135.00
153.00 135.50
153.00 136.00
153.00 136.50
152.50 137.00
152.00 137.50
152.00 138.00
151.50 138.50
151.00 139.00
150.50 139.50
150.00 140.00
149.50 140.50
149.00 141.00
148.50 141.00
148.00 141.50
147.50 141.50
147.00 141.50
146.50 142.00
146.00 142.00
145.50 142.00
145.00 142.50
144.50 142.50
144.00 142.50
143.50 142.50
143.00 142.50
142.50 142.50
142.00 142.50
141.50 142.50
141.00 142.50
140.50 142.50
140.00 142.50
139.50 142.50
139.00 142.50
138.50 142.50
138.00 142.50
137.50 142.50
137.00 142.00
136.50 142.00
136.00 142.00
135.50 141.50
135.00 141.50
134.50 141.00
134.00 140.50
133.50 140.00
133.00 139.50
132.50 139.00
132.50 138.50
132.00 138.00
131.50 137.50
131.50 137.00
131.00 136.50
131.00 136.00
130.50 135.50
130.00 135.00
130.00 134.50
130.00 134.00
130.00 133.50
130.00 133.00
130.00 132.50
130.00 132.00
130.00 131.50
130.00 131.00
