159.50 122.50
160.00 123.00
160.50 123.50
161.00 124.00
161.00 124.50
161.00 125.00
161.50 125.50
162.00 126.00
162.00 126.50
162.00 127.00
162.50 127.50
163.00 128.00
163.00 128.50
163.00 129.00
163.00 129.50
163.50 130.00
163.50 130.50
163.50 131.00
163.50 131.50
163.50 132.00
164.00 132.50
164.00 133.00
164.00 133.50
164.00 134.00
164.00 134.50
164.00 135.00
164.50 135.50
164.50 136.00
164.50 136.50
164.50 137.00
164.50 137.50
164.50 138.00
164.50 138.50
164.50 139.00
164.50 139.50
164.50 140.00
164.50 140.50
164.50 141.00
164.00 141.50
164.00 142.00
164.00 142.50
164.00 143.00
163.50 143.50
163.50 144.00
163.00 144.50
163.00 145.00
163.00 145.50
162.50 146.00
162.00 146.50
162.00 147.00
161.50 147.50
161.00 148.00
160.50 148.50
160.00 149.00
159.50 149.50
159.00 150.00
158.50 150.00
158.00 150.50
157.50 151.00
157.00 151.00
156.50 151.50
156.00 152.00
155.50 152.00
155.00 152.00
154.50 152.50
154.00 153.00
153.50 153.00
153.00 153.00
152.50 153.50
152.00 153.50
151.50 153.50
151.00 154.00
150.50 154.00
150.00 154.00
149.50 154.50
149.00 154.50
148.50 154.50
148.00 154.50
147.50 154.50
147.00 155.00
146.50 155.00
146.00 155.00
145.50 155.00
145.00 155.00
144.50 155.00
144.00 155.00
143.50 155.00
143.00 155.00
142.50 155.00
142.00 155.00
141.50 155.00
141.00 154.50
140.50 154.50
140.00 154.50
139.50 154.50
139.00 154.50
138.50 154.00
138.00 154.00
137.50 154.00
137.00 153.50
136.50 153.50
136.00 153.00
135.50 153.00
135.00 153.00
134.50 152.50
134.00 152.00
133.50 152.00
133.00 151.50
132.50 151.00
132.00 151.00
131.50 150.50
131.00 150.00
130.50 149.50
130.00 149.00
129.50 148.50
129.00 148.00
128.50 147.50
128.00 147.00
127.50 146.50
127.00 146.00
127.00 145.50
126.50 145.00
126.00 144.50
126.00 144.00
125.50 143.50
125.50 143.00
125.00 142.50
125.00 142.00
124.50 141.50
124.50 141.00
124.50 140.50
124.00 140.00
124.00 139.50
123.50 139.00
123.50 138.50
123.50 138.00
123.50 137.50
123.00 137.00
123.00 136.50
123.00 136.00
123.00 135.50
123.00 135.00
123.00 134.50
123.00 134.00
123.00 133.50
123.00 133.00
123.00 132.50
123.00 132.00
123.00 131.50
123.00 131.00
123.00 130.50
123.00 130.00
123.00 129.50
123.00 129.00
123.50 128.50
123.50 128.00
123.50 127.50
123.50 127.00
124.00 126.50
124.00 126.00
124.00 125.50
124.50 125.00
124.50 124.50
124.50 124.00
125.00 123.50
125.50 123.00
125.50 122.50
126.00 122.00
126.00 121.50
126.50 121.00
127.00 120.50
127.50 120.00
128.00 119.50
128.50 119.00
129.00 118.50
129.50 118.00
130.00 118.00
130.50 117.50
131.00 117.50
131.50 117.00
132.00 117.00
132.50 116.50
133.00 116.50
133.50 116.50
134.00 116.00
134.50 116.00
135.00 115.50
135.50 115.50
136.00 115.50
136.50 115.50
137.00 115.00
137.50 115.00
138.00 115.00
138.50 115.00
139.00 115.00
139.50 114.50
140.00 114.50
140.50 114.50
141.00 114.50
141.50 114.50
142.00 114.50
142.50 114.50
143.00 114.50
143.50 114.50
144.00 114.50
144.50 114.50
145.00 114.50
145.50 114.50
146.00 114.50
146.50 114.50
147.00 114.50
147.50 114.50
148.00 115.00
148.50 115.00
149.00 115.00
149.50 115.50
150.00 116.00
150.50 116.00
151.00 116.00
151.50 116.50
152.00 117.00
152.50 117.50
153.00 117.50
153.50 118.00
154.00 118.50
154.50 118.50
155.00 119.00
155.50 119.50
156.00 120.00
156.50 120.00
157.00 120.00
157.50 120.50
158.00 121.00
158.50 121.50
159.00 122.00
