151.50 133.00
152.00 133.50
152.00 134.00
152.00 134.50
152.00 135.00
152.50 135.50
152.50 136.00
152.00 136.50
152.00 137.00
152.00 137.50
152.00 138.00
152.00 138.50
151.50 139.00
151.50 139.50
151.50 140.00
151.50 140.50
151.00 141.00
150.50 141.50
150.50 142.00
150.00 142.50
149.50 143.00
149.00 143.50
148.50 143.50
148.00 144.00
147.50 144.00
147.00 144.50
146.50 144.50
146.00 144.50
145.50 145.00
145.00 145.00
144.50 145.00
144.00 145.00
143.50 145.00
143.00 145.00
142.50 145.00
142.00 145.00
141.50 145.00
141.00 145.00
140.50 145.00
140.00 145.00
139.50 144.50
139.00 144.50
138.50 144.50
138.00 144.00
137.50 144.00
137.00 144.00
136.50 143.50
136.00 143.50
135.50 143.50
135.00 143.00
134.50 143.00
134.00 142.50
133.50 142.00
133.50 141.50
133.00 141.00
133.00 140.50
132.50 140.00
132.50 139.50
132.50 139.00
132.00 138.50
132.00 138.00
132.00 137.50
132.00 137.00
131.50 136.50
131.50 136.00
131.50 135.50
131.50 135.00
131.00 134.50
131.00 134.00
131.00 133.50
131.50 133.00
131.50 132.50
131.50 132.00
132.00 131.50
132.00 131.00
132.50 130.50
133.00 130.00
133.00 129.50
133.50 129.00
134.00 128.50
134.50 128.00
135.00 127.50
135.50 127.50
136.00 127.00
136.50 127.00
137.00 126.50
137.50 126.50
138.00 126.50
138.50 126.00
139.00 126.00
139.50 126.00
140.00 126.00
140.50 126.00
141.00 126.00
141.50 126.00
142.00 126.00
142.50 126.00
143.00 126.00
143.50 126.00
144.00 126.00
144.50 126.50
145.00 126.50
145.50 126.50
146.00 126.50
146.50 127.00
147.00 127.50
147.50 127.50
148.00 128.00
148.50 128.00
149.00 128.50
149.50 129.00
150.00 129.50
150.50 130.00
150.50 130.50
151.00 131.00
151.50 131.50
151.50 132.00
152.00 132.50
