151.50 141.50
152.00 141.00
152.50 140.50
153.00 140.00
153.50 140.00
154.00 140.00
154.50 140.00
155.00 140.50
155.50 141.00
155.50 141.50
155.50 142.00
155.00 142.50
154.50 143.00
154.00 143.50
153.50 143.50
153.00 144.00
152.50 144.00
152.00 144.00
151.50 144.00
151.00 143.50
150.50 143.50
150.00 143.50
149.50 143.50
149.00 144.00
148.50 144.50
148.00 145.00
147.50 145.50
147.00 146.00
146.50 146.00
146.00 146.50
145.50 146.50
145.00 146.50
144.50 146.00
144.00 145.50
143.50 145.00
143.50 144.50
143.50 144.00
143.50 143.50
143.50 143.00
144.00 142.50
144.50 142.50
145.00 142.50
145.50 142.50
146.00 142.50
146.50 142.50
147.00 142.50
147.50 142.00
148.00 142.00
148.50 142.00
149.00 142.00
149.50 141.50
150.00 141.50
150.50 142.00
151.00 142.00
