149.00 141.50
148.50 142.00
148.50 142.50
148.00 143.00
147.50 143.00
147.00 143.50
146.50 143.50
146.00 144.00
145.50 144.00
145.00 144.50
144.50 144.50
144.00 144.50
143.50 145.00
143.00 145.00
142.50 145.50
142.00 145.50
141.50 145.50
141.00 145.50
140.50 146.00
140.00 146.00
139.50 146.00
139.00 146.00
138.50 146.00
138.00 146.00
137.50 146.00
137.00 146.00
136.50 146.00
136.00 146.00
135.50 145.50
135.00 145.50
134.50 145.50
134.00 145.50
133.50 145.00
133.00 144.50
132.50 144.50
132.00 144.00
131.50 143.50
131.00 143.00
130.50 142.50
130.00 142.00
129.50 141.50
129.00 141.00
128.50 140.50
128.00 140.00
127.50 139.50
127.50 139.00
127.00 138.50
127.00 138.00
126.50 137.50
126.00 137.00
126.00 136.50
126.00 136.00
125.50 135.50
125.50 135.00
125.50 134.50
125.50 134.00
125.00 133.50
125.00 133.00
125.00 132.50
125.00 132.00
125.00 131.50
125.00 131.00
125.00 130.50
125.00 130.00
125.00 129.50
125.50 129.00
125.50 128.50
125.50 128.00
125.50 127.50
126.00 127.00
126.00 126.50
126.00 126.00
126.00 125.50
126.50 125.00
127.00 124.50
127.50 124.00
128.00 123.50
128.50 123.00
129.00 122.50
129.50 122.00
130.00 122.00
130.50 121.50
131.00 121.00
131.50 121.00
132.00 120.50
132.50 120.50
133.00 120.00
133.50 120.00
134.00 119.50
134.50 119.50
135.00 119.00
135.50 118.50
136.00 118.50
136.50 118.50
137.00 118.50
137.50 118.50
138.00 118.50
138.50 118.50
139.00 118.50
139.50 118.50
140.00 118.50
140.50 118.00
141.00 118.00
141.50 118.00
142.00 118.00
142.50 118.00
143.00 118.00
143.50 118.00
144.00 118.50
144.50 119.00
145.00 119.00
145.50 119.00
146.00 119.50
146.50 119.50
147.00 120.00
147.50 120.00
148.00 120.50
148.50 120.50
149.00 121.00
149.50 121.50
150.00 121.50
150.50 122.00
151.00 122.50
151.50 123.00
151.50 123.50
151.50 124.00
152.00 124.50
152.00 125.00
152.50 125.50
152.50 126.00
152.50 126.50
152.50 127.00
153.00 127.50
153.00 128.00
153.00 128.50
153.00 129.00
153.00 129.50
153.00 130.00
153.50 130.50
153.50 131.00
153.50 131.50
153.50 132.00
153.50 132.50
153.50 133.00
153.00 133.50
153.00 134.00
153.00 134.50
153.00 135.00
152.50 135.50
152.50 136.00
152.00 136.50
152.00 137.00
151.50 137.50
151.50 138.00
151.00 138.50
150.50 139.00
150.00 139.50
149.50 140.00
149.50 140.50
149.00 141.00
