137.00 129.50
137.50 129.50
138.00 129.50
138.50 129.50
139.00 130.00
139.50 130.00
140.00 130.00
140.50 130.00
141.00 130.00
141.50 130.50
142.00 130.50
142.50 130.50
143.00 131.00
143.50 131.00
144.00 131.50
144.50 132.00
144.50 132.50
145.00 133.00
145.00 133.50
145.50 134.00
145.50 134.50
145.50 135.00
145.50 135.50
145.50 136.00
145.50 136.50
145.50 137.00
145.50 137.50
145.50 138.00
145.50 138.50
145.50 139.00
145.50 139.50
145.50 140.00
145.00 140.50
145.00 141.00
145.00 141.50
144.50 142.00
144.50 142.50
144.50 143.00
144.00 143.50
143.50 144.00
143.50 144.50
143.00 145.00
142.50 145.50
142.00 146.00
141.50 146.50
141.00 147.00
140.50 147.00
140.00 147.50
139.50 148.00
139.00 148.00
138.50 148.00
138.00 148.50
137.50 148.50
137.00 148.50
136.50 148.50
136.00 148.50
135.50 149.00
135.00 149.00
134.50 149.00
134.00 148.50
133.50 148.50
133.00 148.50
132.50 148.50
132.00 148.50
131.50 148.00
131.00 148.00
130.50 148.00
130.00 147.50
129.50 147.00
129.00 146.50
128.50 146.50
128.00 146.00
128.00 145.50
127.50 145.00
127.00 144.50
127.00 144.00
126.50 143.50
126.50 143.00
126.00 142.50
126.00 142.00
126.00 141.50
125.50 141.00
125.50 140.50
125.50 140.00
125.50 139.50
125.00 139.00
125.00 138.50
125.00 138.00
125.00 137.50
125.00 137.00
125.00 136.50
125.00 136.00
125.50 135.50
125.50 135.00
125.50 134.50
126.00 134.00
126.00 133.50
126.00 133.00
126.50 132.50
127.00 132.00
127.50 131.50
128.00 131.00
128.50 130.50
129.00 130.00
129.50 130.00
130.00 129.50
130.50 129.50
131.00 129.50
131.50 129.00
132.00 129.00
132.50 129.00
133.00 129.00
133.50 129.00
134.00 129.00
134.50 129.00
135.00 129.00
135.50 129.00
136.00 129.50
136.50 129.50
