126.00 125.50
126.00 125.00
126.00 124.50
126.50 124.00
126.50 123.50
127.00 123.00
127.00 122.50
127.00 122.00
127.50 121.50
127.50 121.00
127.50 120.50
128.00 120.00
128.00 119.50
128.50 119.00
129.00 118.50
129.00 118.00
129.50 117.50
130.00 117.00
130.50 116.50
131.00 116.00
131.50 115.50
132.00 115.00
132.50 115.00
133.00 114.50
133.50 114.00
134.00 114.00
134.50 114.00
135.00 113.50
135.50 113.50
136.00 113.50
136.50 113.50
137.00 113.00
137.50 113.00
138.00 113.00
138.50 113.00
139.00 112.50
139.50 112.50
140.00 112.50
140.50 112.50
141.00 112.50
141.50 112.50
142.00 112.00
142.50 112.00
143.00 112.00
143.50 112.00
144.00 112.00
144.50 112.00
145.00 112.00
145.50 112.00
146.00 112.00
146.50 112.00
147.00 112.00
147.50 112.00
148.00 112.00
148.50 112.50
149.00 112.50
149.50 112.50
150.00 112.50
150.50 112.50
151.00 112.50
151.50 113.00
152.00 113.00
152.50 113.00
153.00 113.00
153.50 113.50
154.00 113.50
154.50 113.50
155.00 114.00
155.50 114.00
156.00 114.00
156.50 114.50
157.00 115.00
157.50 115.50
158.00 115.50
158.50 116.00
159.00 116.50
159.50 117.00
160.00 117.50
160.50 118.00
161.00 118.50
161.50 119.00
162.00 119.50
162.50 120.00
162.50 120.50
163.00 121.00
163.50 121.50
163.50 122.00
163.50 122.50
164.00 123.00
164.00 123.50
164.50 124.00
164.50 124.50
165.00 125.00
165.00 125.50
165.00 126.00
165.00 126.50
165.50 127.00
165.50 127.50
165.50 128.00
165.50 128.50
165.50 129.00
165.50 129.50
165.50 130.00
165.50 130.50
165.50 131.00
165.50 131.50
165.50 132.00
165.50 132.50
165.50 133.00
165.50 133.50
165.50 134.00
165.50 134.50
165.50 135.00
165.50 135.50
165.50 136.00
165.00 136.50
165.00 137.00
165.00 137.50
164.50 138.00
164.50 138.50
164.50 139.00
164.50 139.50
164.00 140.00
164.00 140.50
163.50 141.00
163.50 141.50
163.50 142.00
163.00 142.50
163.00 143.00
162.50 143.50
162.50 144.00
162.00 144.50
161.50 145.00
161.00 145.50
161.00 146.00
160.50 146.50
160.00 147.00
159.50 147.50
159.50 148.00
159.00 148.50
158.50 149.00
158.00 149.50
157.50 150.00
157.00 150.50
156.50 151.00
156.00 151.00
155.50 151.50
155.00 152.00
154.50 152.50
154.00 152.50
153.50 153.00
153.00 153.50
152.50 153.50
152.00 154.00
151.50 154.50
151.00 154.50
150.50 155.00
150.00 155.00
149.50 155.50
149.00 155.50
148.50 155.50
148.00 156.00
147.50 156.00
147.00 156.00
146.50 156.00
146.00 156.50
145.50 156.50
145.00 156.50
144.50 156.50
144.00 156.50
143.50 156.50
143.00 156.50
142.50 156.50
142.00 156.50
141.50 156.50
141.00 156.50
140.50 156.50
140.00 156.00
139.50 156.00
139.00 155.50
138.50 155.50
138.00 155.00
137.50 155.00
137.00 154.50
136.50 154.00
136.00 154.00
135.50 153.50
135.00 153.00
134.50 152.50
134.50 152.00
134.00 151.50
133.50 151.00
133.00 150.50
133.00 150.00
132.50 149.50
132.00 149.00
131.50 148.50
131.00 148.00
131.00 147.50
130.50 147.00
130.00 146.50
129.50 146.00
129.50 145.50
129.50 145.00
129.00 144.50
128.50 144.00
128.50 143.50
128.00 143.00
127.50 142.50
127.50 142.00
127.00 141.50
127.00 141.00
127.00 140.50
126.50 140.00
126.50 139.50
126.00 139.00
126.00 138.50
126.00 138.00
125.50 137.50
125.50 137.00
125.50 136.50
125.50 136.00
125.00 135.50
125.00 135.00
125.00 134.50
125.00 134.00
125.00 133.50
125.00 133.00
125.00 132.50
125.00 132.00
125.00 131.50
125.00 131.00
125.00 130.50
125.00 130.00
125.50 129.50
125.50 129.00
125.50 128.50
125.50 128.00
125.50 127.50
125.50 127.00
126.00 126.50
126.00 126.00
