148.50 128.00
148.00 127.50
148.00 127.00
148.00 126.50
148.00 126.00
148.00 125.50
148.00 125.00
148.00 124.50
148.50 124.00
148.50 123.50
148.50 123.00
149.00 122.50
149.50 122.50
150.00 122.50
150.50 123.00
151.00 123.50
151.50 124.00
152.00 124.50
152.50 125.00
152.50 125.50
153.00 126.00
153.00 126.50
153.50 127.00
153.50 127.50
153.50 128.00
153.50 128.50
154.00 129.00
153.50 129.50
153.00 130.00
152.50 130.00
152.00 129.50
151.50 129.00
151.00 128.50
150.50 128.50
150.00 128.00
149.50 128.00
149.00 128.00
