130.50 120.00
131.00 120.00
131.50 120.00
132.00 119.50
132.50 119.50
133.00 119.50
133.50 119.50
134.00 119.00
134.50 119.00
135.00 119.00
135.50 119.00
136.00 118.50
136.50 118.50
137.00 118.50
137.50 118.50
138.00 118.50
138.50 118.50
139.00 118.50
139.50 118.50
140.00 118.50
140.50 118.50
141.00 118.50
141.50 118.50
142.00 118.50
142.50 118.50
143.00 118.50
143.50 118.50
144.00 118.50
144.50 119.00
145.00 119.00
145.50 119.00
146.00 119.00
146.50 119.50
147.00 119.50
147.50 119.50
148.00 120.00
148.50 120.00
149.00 120.00
149.50 120.50
150.00 120.50
150.50 121.00
151.00 121.50
151.50 121.50
152.00 122.00
152.50 122.00
153.00 122.50
153.50 123.00
154.00 123.00
154.50 123.50
155.00 124.00
155.50 124.50
156.00 125.00
156.50 125.50
156.50 126.00
156.50 126.50
156.50 127.00
156.50 127.50
157.00 128.00
157.00 128.50
157.00 129.00
157.00 129.50
157.00 130.00
157.00 130.50
157.00 131.00
157.00 131.50
157.00 132.00
157.00 132.50
157.00 133.00
156.50 133.50
156.50 134.00
156.50 134.50
156.50 135.00
156.00 135.50
156.00 136.00
156.00 136.50
155.50 137.00
155.50 137.50
155.00 138.00
155.00 138.50
154.50 139.00
154.00 139.50
154.00 140.00
153.50 140.50
153.00 141.00
152.50 141.50
152.50 142.00
152.00 142.50
151.50 143.00
151.00 143.50
150.50 144.00
150.00 144.50
149.50 145.00
149.00 145.00
148.50 145.50
148.00 146.00
147.50 146.50
147.00 146.50
146.50 146.50
146.00 147.00
145.50 147.00
145.00 147.50
144.50 147.50
144.00 147.50
143.50 148.00
143.00 148.00
142.50 148.00
142.00 148.00
141.50 148.00
141.00 148.00
140.50 148.00
140.00 148.00
139.50 148.00
139.00 148.00
138.50 148.00
138.00 147.50
137.50 147.50
137.00 147.50
136.50 147.00
136.00 147.00
135.50 147.00
135.00 146.50
134.50 146.50
134.00 146.00
133.50 146.00
133.00 145.50
132.50 145.50
132.00 145.00
131.50 144.50
131.00 144.00
130.50 144.00
130.00 143.50
129.50 143.00
129.00 142.50
128.50 142.00
128.00 141.50
127.50 141.00
127.00 140.50
126.50 140.00
126.50 139.50
126.00 139.00
125.50 138.50
125.50 138.00
125.00 137.50
125.00 137.00
125.00 136.50
124.50 136.00
124.50 135.50
124.00 135.00
124.00 134.50
124.00 134.00
124.00 133.50
124.00 133.00
124.00 132.50
123.50 132.00
123.50 131.50
123.50 131.00
123.50 130.50
123.50 130.00
123.50 129.50
124.00 129.00
124.00 128.50
124.00 128.00
124.00 127.50
124.00 127.00
124.00 126.50
124.50 126.00
124.50 125.50
125.00 125.00
125.00 124.50
125.00 124.00
125.50 123.50
126.00 123.00
126.50 122.50
127.00 122.00
127.50 121.50
128.00 121.50
128.50 121.00
129.00 121.00
129.50 120.50
130.00 120.50
