130.50 131.00
131.00 131.00
131.50 130.50
132.00 130.50
132.50 130.50
133.00 130.50
133.50 130.50
134.00 130.00
134.50 130.00
135.00 130.00
135.50 130.00
136.00 130.50
136.50 130.50
137.00 130.50
137.50 130.50
138.00 130.50
138.50 131.00
139.00 131.00
139.50 131.00
140.00 131.50
140.50 131.50
141.00 131.50
141.50 132.00
142.00 132.50
142.50 133.00
142.50 133.50
143.00 134.00
143.50 134.50
143.50 135.00
143.50 135.50
144.00 136.00
144.00 136.50
144.00 137.00
144.00 137.50
144.00 138.00
144.00 138.50
144.00 139.00
144.00 139.50
144.00 140.00
144.00 140.50
143.50 141.00
143.50 141.50
143.50 142.00
143.00 142.50
143.00 143.00
142.50 143.50
142.50 144.00
142.00 144.50
141.50 145.00
141.00 145.50
140.50 146.00
140.00 146.50
139.50 147.00
139.00 147.00
138.50 147.50
138.00 147.50
137.50 148.00
137.00 148.00
136.50 148.00
136.00 148.00
135.50 148.00
135.00 148.00
134.50 148.00
134.00 147.50
133.50 147.50
133.00 147.00
132.50 147.00
132.00 146.50
131.50 146.50
131.00 146.00
130.50 145.50
130.00 145.00
129.50 144.50
129.00 144.00
128.50 144.00
128.00 143.50
127.50 143.00
127.00 142.50
127.00 142.00
126.50 141.50
126.50 141.00
126.00 140.50
126.00 140.00
126.00 139.50
126.00 139.00
125.50 138.50
125.50 138.00
126.00 137.50
126.00 137.00
126.00 136.50
126.00 136.00
126.00 135.50
126.50 135.00
127.00 134.50
127.00 134.00
127.50 133.50
128.00 133.00
128.50 132.50
129.00 132.50
129.50 132.00
130.00 131.50
