152.50 128.50
152.00 128.50
151.50 128.50
151.00 128.00
150.50 128.00
150.00 128.00
149.50 128.00
149.00 127.50
148.50 127.50
148.00 127.50
147.50 127.00
147.00 127.00
147.00 126.50
147.00 126.00
147.00 125.50
147.00 125.00
146.50 124.50
146.00 124.00
145.50 124.00
145.00 123.50
145.50 123.00
146.00 123.00
146.50 123.00
147.00 122.50
147.50 122.50
148.00 122.50
148.50 122.50
149.00 122.50
149.50 122.50
150.00 122.50
150.50 122.50
151.00 122.50
151.50 123.00
152.00 123.00
152.50 123.00
153.00 123.50
153.50 124.00
153.50 124.50
153.50 125.00
153.50 125.50
153.50 126.00
153.50 126.50
153.50 127.00
153.50 127.50
153.00 128.00
152.50 128.50
