145.00 125.50
145.50 125.50
146.00 125.50
146.50 126.00
147.00 126.00
147.50 126.50
148.00 127.00
148.50 127.50
149.00 128.00
149.50 128.50
149.50 129.00
149.50 129.50
150.00 130.00
150.00 130.50
150.00 131.00
150.50 131.50
150.50 132.00
151.00 132.50
151.00 133.00
151.00 133.50
151.00 134.00
151.00 134.50
151.00 135.00
151.00 135.50
151.00 136.00
151.00 136.50
150.50 137.00
150.50 137.50
150.50 138.00
150.00 138.50
150.00 139.00
150.00 139.50
149.50 140.00
149.50 140.50
149.50 141.00
149.00 141.50
148.50 142.00
148.50 142.50
148.00 143.00
147.50 143.50
147.00 144.00
146.50 144.50
146.00 145.00
145.50 145.50
145.00 145.50
144.50 146.00
144.00 146.50
143.50 146.50
143.00 146.50
142.50 147.00
142.00 147.00
141.50 147.00
141.00 147.50
140.50 147.50
140.00 147.50
139.50 147.50
139.00 147.50
138.50 147.50
138.00 147.50
137.50 147.50
137.00 147.50
136.50 147.50
136.00 147.50
135.50 147.50
135.00 147.50
134.50 147.00
134.00 147.00
133.50 147.00
133.00 146.50
132.50 146.00
132.00 146.00
131.50 146.00
131.00 145.50
130.50 145.50
130.00 145.00
129.50 144.50
129.00 144.00
128.50 144.00
128.00 143.50
127.50 143.00
127.00 142.50
127.00 142.00
126.50 141.50
126.00 141.00
126.00 140.50
125.50 140.00
125.50 139.50
125.50 139.00
125.50 138.50
125.00 138.00
125.00 137.50
125.00 137.00
125.00 136.50
125.00 136.00
125.00 135.50
125.00 135.00
125.00 134.50
125.00 134.00
125.50 133.50
125.50 133.00
125.50 132.50
126.00 132.00
126.00 131.50
126.00 131.00
126.50 130.50
126.50 130.00
127.00 129.50
127.00 129.00
127.50 128.50
127.50 128.00
128.00 127.50
128.50 127.00
129.00 126.50
129.50 126.50
130.00 126.00
130.50 125.50
131.00 125.50
131.50 125.00
132.00 124.50
132.50 124.50
133.00 124.00
133.50 124.00
134.00 124.00
134.50 124.00
135.00 123.50
135.50 123.50
136.00 123.50
136.50 123.50
137.00 123.50
137.50 123.50
138.00 123.50
138.50 123.50
139.00 123.50
139.50 123.50
140.00 123.50
140.50 124.00
141.00 124.00
141.50 124.00
142.00 124.50
142.50 124.50
143.00 125.00
143.50 125.00
144.00 125.00
144.50 125.50
