151.50 141.50
151.00 142.00
150.50 142.50
150.00 143.00
149.50 143.50
149.00 143.50
148.50 144.00
148.00 144.50
147.50 145.00
147.00 145.50
146.50 145.50
146.00 146.00
145.50 146.00
145.00 146.50
144.50 146.50
144.00 147.00
143.50 147.00
143.00 147.00
142.50 147.00
142.00 147.00
141.50 147.00
141.00 147.00
140.50 147.00
140.00 147.00
139.50 147.00
139.00 147.00
138.50 147.00
138.00 146.50
137.50 146.50
137.00 147.00
136.50 147.00
136.00 146.50
135.50 146.50
135.00 146.00
134.50 146.00
134.00 145.50
133.50 145.00
133.00 144.50
132.50 144.50
132.00 144.00
132.00 143.50
131.50 143.00
131.50 142.50
131.00 142.00
130.50 141.50
130.50 141.00
130.50 140.50
130.00 140.00
130.00 139.50
130.00 139.00
130.00 138.50
130.00 138.00
130.00 137.50
130.00 137.00
130.00 136.50
130.00 136.00
130.00 135.50
130.00 135.00
130.00 134.50
130.50 134.00
130.50 133.50
130.50 133.00
131.00 132.50
131.00 132.00
131.50 131.50
131.50 131.00
132.00 130.50
132.50 130.00
133.00 129.50
133.50 129.00
134.00 128.50
134.50 128.00
135.00 128.00
135.50 127.50
136.00 127.50
136.50 127.00
137.00 127.00
137.50 127.00
138.00 126.50
138.50 126.50
139.00 126.50
139.50 126.50
140.00 126.50
140.50 126.50
141.00 126.50
141.50 126.50
142.00 126.50
142.50 126.50
143.00 126.50
143.50 126.50
144.00 126.50
144.50 127.00
145.00 127.00
145.50 127.00
146.00 127.00
146.50 127.50
147.00 128.00
147.50 128.50
148.00 129.00
148.50 129.50
149.00 130.00
149.50 130.50
149.50 131.00
149.50 131.50
150.00 132.00
150.50 132.50
150.50 133.00
151.00 133.50
151.00 134.00
151.00 134.50
151.00 135.00
151.00 135.50
151.50 136.00
151.50 136.50
151.50 137.00
151.50 137.50
151.50 138.00
151.50 138.50
151.50 139.00
151.50 139.50
151.50 140.00
151.50 140.50
151.50 141.00
