143.50 116.00
144.00 116.50
144.50 116.50
145.00 116.50
145.50 117.00
146.00 117.00
146.50 117.00
147.00 117.50
147.50 118.00
148.00 118.00
148.50 118.00
149.00 118.50
149.50 119.00
150.00 119.00
150.50 119.50
151.00 119.50
151.50 120.00
152.00 120.50
152.50 121.00
153.00 121.50
153.50 122.00
154.00 122.50
154.50 123.00
154.50 123.50
155.00 124.00
155.50 124.50
156.00 125.00
156.00 125.50
156.50 126.00
156.50 126.50
156.50 127.00
156.50 127.50
157.00 128.00
157.00 128.50
157.00 129.00
157.00 129.50
157.00 130.00
157.00 130.50
157.00 131.00
157.00 131.50
157.00 132.00
156.50 132.50
156.50 133.00
156.50 133.50
156.00 134.00
156.00 134.50
156.00 135.00
155.50 135.50
155.50 136.00
155.00 136.50
154.50 137.00
154.50 137.50
154.00 138.00
154.00 138.50
153.50 139.00
153.00 139.50
152.50 140.00
152.50 140.50
152.00 141.00
151.50 141.50
151.00 142.00
150.50 142.50
150.00 143.00
149.50 143.50
149.00 144.00
148.50 144.50
148.00 145.00
147.50 145.50
147.00 146.00
146.50 146.00
146.00 146.50
145.50 146.50
145.00 147.00
144.50 147.50
144.00 147.50
143.50 148.00
143.00 148.00
142.50 148.50
142.00 148.50
141.50 148.50
141.00 149.00
140.50 149.00
140.00 149.00
139.50 149.00
139.00 149.50
138.50 149.50
138.00 149.50
137.50 149.50
137.00 149.50
136.50 149.50
136.00 149.50
135.50 149.50
135.00 149.50
134.50 149.50
134.00 149.50
133.50 149.00
133.00 149.00
132.50 149.00
132.00 148.50
131.50 148.50
131.00 148.00
130.50 148.00
130.00 147.50
129.50 147.00
129.00 147.00
128.50 146.50
128.00 146.00
127.50 145.50
127.00 145.00
126.50 144.50
126.00 144.00
125.50 143.50
125.00 143.00
125.00 142.50
124.50 142.00
124.50 141.50
124.00 141.00
124.00 140.50
123.50 140.00
123.50 139.50
123.00 139.00
123.00 138.50
122.50 138.00
122.50 137.50
122.50 137.00
122.00 136.50
122.00 136.00
122.00 135.50
122.00 135.00
122.00 134.50
121.50 134.00
121.50 133.50
121.50 133.00
121.50 132.50
121.50 132.00
121.50 131.50
121.50 131.00
121.50 130.50
121.50 130.00
121.50 129.50
121.50 129.00
122.00 128.50
122.00 128.00
122.00 127.50
122.00 127.00
122.50 126.50
122.50 126.00
123.00 125.50
123.50 125.00
124.00 124.50
124.50 124.00
125.00 123.50
125.00 123.00
125.50 122.50
126.00 122.00
126.50 121.50
127.00 121.00
127.50 121.00
128.00 120.50
128.50 120.00
129.00 120.00
129.50 119.50
130.00 119.00
130.50 119.00
131.00 118.50
131.50 118.50
132.00 118.00
132.50 117.50
133.00 117.50
133.50 117.00
134.00 117.00
134.50 117.00
135.00 116.50
135.50 116.50
136.00 116.00
136.50 116.00
137.00 116.00
137.50 116.00
138.00 116.00
138.50 116.00
139.00 116.00
139.50 116.00
140.00 116.00
140.50 116.00
141.00 116.00
141.50 116.00
142.00 116.00
142.50 116.00
143.00 116.00
