163.00 132.50
163.00 133.00
163.00 133.50
162.50 134.00
162.50 134.50
162.50 135.00
162.50 135.50
162.50 136.00
162.00 136.50
162.00 137.00
162.00 137.50
161.50 138.00
161.50 138.50
161.50 139.00
161.00 139.50
161.00 140.00
160.50 140.50
160.50 141.00
160.00 141.50
160.00 142.00
159.50 142.50
159.50 143.00
159.00 143.50
158.50 144.00
158.00 144.50
158.00 145.00
157.50 145.50
157.00 146.00
156.50 146.50
156.00 147.00
156.00 147.50
155.50 148.00
155.00 148.50
155.00 149.00
154.50 149.50
154.00 150.00
153.50 150.00
153.00 150.00
152.50 150.50
152.00 150.50
151.50 151.00
151.00 151.00
150.50 151.00
150.00 151.50
149.50 151.50
149.00 151.50
148.50 151.50
148.00 151.50
147.50 152.00
147.00 152.00
146.50 152.00
146.00 152.00
145.50 152.00
145.00 152.00
144.50 152.00
144.00 152.00
143.50 152.00
143.00 152.00
142.50 152.00
142.00 152.00
141.50 152.00
141.00 152.00
140.50 152.00
140.00 151.50
139.50 151.50
139.00 151.50
138.50 151.50
138.00 151.50
137.50 151.00
137.00 151.00
136.50 151.00
136.00 150.50
135.50 150.50
135.00 150.00
134.50 150.00
134.00 150.00
133.50 150.00
133.00 149.50
132.50 149.50
132.00 149.00
131.50 148.50
131.00 148.50
130.50 148.00
130.00 147.50
129.50 147.50
129.00 147.00
128.50 146.50
128.00 146.00
127.50 145.50
127.00 145.00
126.50 144.50
126.00 144.00
126.00 143.50
125.50 143.00
125.00 142.50
124.50 142.00
124.50 141.50
124.00 141.00
123.50 140.50
123.50 140.00
123.00 139.50
123.00 139.00
122.50 138.50
122.50 138.00
122.50 137.50
122.00 137.00
122.00 136.50
121.50 136.00
121.50 135.50
121.50 135.00
121.50 134.50
121.50 134.00
121.00 133.50
121.00 133.00
121.00 132.50
121.00 132.00
121.00 131.50
121.00 131.00
121.00 130.50
121.00 130.00
121.00 129.50
121.00 129.00
121.00 128.50
121.00 128.00
121.50 127.50
121.50 127.00
121.50 126.50
121.50 126.00
122.00 125.50
122.50 125.00
122.50 124.50
122.50 124.00
123.00 123.50
123.50 123.00
123.50 122.50
124.00 122.00
124.50 121.50
125.00 121.00
125.00 120.50
125.50 120.00
126.00 119.50
126.50 119.50
127.00 119.00
127.50 118.50
128.00 118.00
128.50 117.50
129.00 117.50
129.50 117.00
130.00 116.50
130.50 116.50
131.00 116.00
131.50 116.00
132.00 115.50
132.50 115.50
133.00 115.00
133.50 115.00
134.00 115.00
134.50 114.50
135.00 114.50
135.50 114.50
136.00 114.00
136.50 114.00
137.00 114.00
137.50 114.00
138.00 113.50
138.50 113.50
139.00 113.50
139.50 113.50
140.00 113.50
140.50 113.50
141.00 113.50
141.50 113.50
142.00 113.50
142.50 113.50
143.00 113.50
143.50 113.50
144.00 113.50
144.50 113.50
145.00 113.50
145.50 113.50
146.00 113.50
146.50 114.00
147.00 114.00
147.50 114.00
148.00 114.00
148.50 114.00
149.00 114.50
149.50 114.50
150.00 114.50
150.50 115.00
151.00 115.00
151.50 115.00
152.00 115.50
152.50 115.50
153.00 116.00
153.50 116.00
154.00 116.50
154.50 117.00
155.00 117.00
155.50 117.50
156.00 118.00
156.50 118.00
157.00 118.50
157.50 119.00
158.00 119.50
158.50 120.00
159.00 120.50
159.50 121.00
160.00 121.50
160.00 122.00
160.50 122.50
161.00 123.00
161.00 123.50
161.00 124.00
161.50 124.50
161.50 125.00
162.00 125.50
162.00 126.00
162.00 126.50
162.50 127.00
162.50 127.50
163.00 128.00
163.00 128.50
163.00 129.00
163.00 129.50
163.00 130.00
163.00 130.50
163.00 131.00
163.00 131.50
163.00 132.00
