156.00 135.50
156.50 136.00
157.00 136.00
157.50 136.50
157.50 137.00
157.00 137.50
156.50 138.00
156.00 138.00
155.50 138.50
155.00 138.50
154.50 139.00
154.00 139.00
153.50 139.00
153.00 139.50
152.50 139.50
152.00 139.50
151.50 140.00
151.00 140.00
150.50 140.00
150.00 140.00
149.50 140.00
149.00 140.50
148.50 140.50
148.00 140.50
147.50 140.50
147.00 140.50
146.50 140.50
146.00 140.00
145.50 139.50
145.00 139.00
145.00 138.50
145.00 138.00
145.50 137.50
146.00 137.50
146.50 137.50
147.00 137.50
147.50 138.00
148.00 138.00
148.50 138.00
149.00 138.50
149.50 138.50
150.00 138.50
150.50 138.50
151.00 138.00
151.50 138.00
152.00 137.50
152.50 137.50
153.00 137.00
153.50 136.50
154.00 136.00
154.50 136.00
155.00 135.50
155.50 135.50
