133.50 149.50
133.00 149.50
132.50 149.00
132.00 149.00
131.50 149.00
131.00 148.50
130.50 148.50
130.00 148.50
129.50 148.50
129.00 148.00
128.50 148.00
128.00 147.50
127.50 147.00
127.00 147.00
126.50 146.50
126.00 146.50
125.50 146.00
125.00 145.50
124.50 145.00
124.00 144.50
123.50 144.00
123.50 143.50
123.00 143.00
123.00 142.50
122.50 142.00
122.50 141.50
122.00 141.00
122.00 140.50
122.00 140.00
122.00 139.50
122.00 139.00
122.00 138.50
122.00 138.00
122.00 137.50
122.00 137.00
122.00 136.50
122.00 136.00
122.00 135.50
122.00 135.00
122.00 134.50
122.50 134.00
122.50 133.50
122.50 133.00
122.50 132.50
122.50 132.00
123.00 131.50
123.00 131.00
123.50 130.50
123.50 130.00
124.00 129.50
124.50 129.00
124.50 128.50
125.00 128.00
125.50 127.50
126.00 127.00
126.50 126.50
127.00 126.00
127.50 125.50
128.00 125.00
128.50 124.50
129.00 124.50
129.50 124.00
130.00 123.50
130.50 123.50
131.00 123.00
131.50 122.50
132.00 122.50
132.50 122.00
133.00 122.00
133.50 121.50
134.00 121.50
134.50 121.50
135.00 121.00
135.50 121.00
136.00 121.00
136.50 121.00
137.00 121.00
137.50 121.00
138.00 121.00
138.50 121.00
139.00 121.00
139.50 121.00
140.00 121.00
140.50 121.00
141.00 121.00
141.50 121.50
142.00 121.50
142.50 121.50
143.00 122.00
143.50 122.00
144.00 122.00
144.50 122.50
145.00 122.50
145.50 123.00
146.00 123.50
146.50 123.50
147.00 124.00
147.50 124.50
148.00 125.00
148.50 125.50
149.00 126.00
149.50 126.00
150.00 126.50
150.00 127.00
150.50 127.50
151.00 128.00
151.00 128.50
151.50 129.00
151.50 129.50
152.00 130.00
152.00 130.50
152.00 131.00
152.50 131.50
152.50 132.00
152.50 132.50
152.50 133.00
152.50 133.50
152.50 134.00
152.50 134.50
152.50 135.00
152.50 135.50
152.50 136.00
152.50 136.50
152.50 137.00
152.50 137.50
152.50 138.00
152.00 138.50
152.00 139.00
152.00 139.50
151.50 140.00
151.50 140.50
151.50 141.00
151.00 141.50
150.50 142.00
150.50 142.50
150.00 143.00
150.00 143.50
149.50 144.00
149.00 144.50
148.50 145.00
148.00 145.50
147.50 146.00
147.00 146.50
146.50 146.50
146.00 147.00
145.50 147.50
145.00 147.50
144.50 148.00
144.00 148.00
143.50 148.00
143.00 148.00
142.50 148.50
142.00 148.50
141.50 148.50
141.00 148.50
140.50 148.50
140.00 149.00
139.50 149.00
139.00 149.00
138.50 149.00
138.00 149.00
137.50 149.00
137.00 149.00
136.50 149.00
136.00 149.00
135.50 149.00
135.00 149.50
134.50 149.50
134.00 149.50
