133.00 147.00
132.50 146.50
132.00 146.00
132.00 145.50
131.50 145.00
131.00 144.50
131.00 144.00
130.50 143.50
130.00 143.00
130.00 142.50
129.50 142.00
129.00 141.50
129.00 141.00
129.00 140.50
128.50 140.00
128.50 139.50
128.00 139.00
128.00 138.50
128.00 138.00
128.00 137.50
127.50 137.00
127.50 136.50
127.50 136.00
127.50 135.50
127.00 135.00
127.00 134.50
127.50 134.00
127.50 133.50
127.50 133.00
127.50 132.50
127.50 132.00
127.50 131.50
128.00 131.00
128.00 130.50
128.00 130.00
128.00 129.50
128.50 129.00
128.50 128.50
128.50 128.00
128.50 127.50
129.00 127.00
129.00 126.50
129.50 126.00
129.50 125.50
130.00 125.00
130.00 124.50
130.00 124.00
130.50 123.50
131.00 123.00
131.00 122.50
131.50 122.00
132.00 121.50
132.50 121.00
133.00 120.50
133.50 120.50
134.00 120.00
134.50 120.00
135.00 119.50
135.50 119.50
136.00 119.50
136.50 119.00
137.00 119.00
137.50 119.00
138.00 119.00
138.50 119.00
139.00 119.00
139.50 119.00
140.00 119.00
140.50 119.00
141.00 119.00
141.50 119.00
142.00 119.00
142.50 119.00
143.00 119.00
143.50 119.00
144.00 119.00
144.50 119.00
145.00 119.00
145.50 119.50
146.00 119.50
146.50 119.50
147.00 119.50
147.50 120.00
148.00 120.00
148.50 120.00
149.00 120.00
149.50 120.50
150.00 120.50
150.50 121.00
151.00 121.00
151.50 121.00
152.00 121.50
152.50 122.00
153.00 122.00
153.50 122.50
154.00 123.00
154.50 123.00
155.00 123.50
155.50 124.00
156.00 124.50
156.50 125.00
157.00 125.50
157.50 126.00
158.00 126.50
158.00 127.00
158.50 127.50
159.00 128.00
159.00 128.50
159.50 129.00
159.50 129.50
160.00 130.00
160.00 130.50
160.00 131.00
160.50 131.50
160.50 132.00
160.50 132.50
161.00 133.00
161.00 133.50
161.00 134.00
161.00 134.50
161.00 135.00
161.00 135.50
161.00 136.00
161.00 136.50
161.00 137.00
161.00 137.50
161.00 138.00
161.00 138.50
160.50 139.00
160.50 139.50
160.50 140.00
160.50 140.50
160.00 141.00
160.00 141.50
159.50 142.00
159.50 142.50
159.00 143.00
158.50 143.50
158.00 144.00
158.00 144.50
157.50 145.00
157.00 145.50
156.50 146.00
156.00 146.50
155.50 146.50
155.00 147.00
154.50 147.50
154.00 148.00
153.50 148.00
153.00 148.50
152.50 148.50
152.00 149.00
151.50 149.00
151.00 149.50
150.50 149.50
150.00 149.50
149.50 150.00
149.00 150.00
148.50 150.00
148.00 150.50
147.50 150.50
147.00 150.50
146.50 150.50
146.00 150.50
145.50 150.50
145.00 150.50
144.50 150.50
144.00 150.50
143.50 150.50
143.00 150.50
142.50 150.50
142.00 150.50
141.50 150.50
141.00 150.50
140.50 150.50
140.00 150.00
139.50 150.00
139.00 150.00
138.50 150.00
138.00 149.50
137.50 149.50
137.00 149.00
136.50 149.00
136.00 148.50
135.50 148.50
135.00 148.00
134.50 147.50
134.00 147.50
133.50 147.50
