155.50 124.00
155.00 124.00
154.50 123.50
154.00 123.00
153.50 122.50
153.00 122.50
152.50 122.00
152.00 122.00
151.50 121.50
151.00 122.00
150.50 122.00
150.00 122.00
149.50 122.50
149.00 122.50
148.50 122.50
148.00 123.00
147.50 123.50
147.00 123.50
146.50 123.50
146.00 123.50
145.50 123.00
145.50 122.50
145.50 122.00
145.50 121.50
145.50 121.00
145.50 120.50
145.50 120.00
146.00 119.50
146.00 119.00
146.50 118.50
147.00 118.00
147.50 118.00
148.00 118.00
148.50 118.00
149.00 118.50
149.50 118.50
150.00 118.50
150.50 118.50
151.00 119.00
151.50 119.00
152.00 119.00
152.50 119.00
153.00 119.00
153.50 119.00
154.00 119.50
154.50 119.50
155.00 120.00
155.50 120.50
155.50 121.00
156.00 121.50
156.00 122.00
156.00 122.50
156.00 123.00
156.00 123.50
