137.00 139.00
136.50 139.00
136.00 139.00
135.50 139.00
135.00 138.50
134.50 138.50
134.00 138.50
133.50 138.50
133.00 138.50
132.50 138.00
132.00 138.00
131.50 138.00
131.00 137.50
130.50 137.50
130.00 137.00
129.50 136.50
129.00 136.00
128.50 135.50
128.50 135.00
128.00 134.50
127.50 134.00
127.50 133.50
127.50 133.00
127.50 132.50
127.00 132.00
127.00 131.50
127.00 131.00
127.00 130.50
127.00 130.00
127.00 129.50
127.00 129.00
127.00 128.50
127.00 128.00
127.00 127.50
127.00 127.00
127.00 126.50
127.00 126.00
127.00 125.50
127.00 125.00
127.00 124.50
127.50 124.00
127.50 123.50
127.50 123.00
127.50 122.50
128.00 122.00
128.00 121.50
128.00 121.00
128.00 120.50
128.50 120.00
128.50 119.50
129.00 119.00
129.00 118.50
129.50 118.00
129.50 117.50
130.00 117.00
130.50 116.50
130.50 116.00
131.00 115.50
131.00 115.00
131.50 114.50
132.00 114.00
132.50 113.50
133.00 113.00
133.50 112.50
134.00 112.00
134.50 111.50
135.00 111.00
135.50 110.50
136.00 110.50
136.50 110.00
137.00 110.00
137.50 110.00
138.00 109.50
138.50 109.50
139.00 109.00
139.50 109.00
140.00 109.00
140.50 109.00
141.00 109.00
141.50 109.00
142.00 109.00
142.50 109.00
143.00 109.00
143.50 109.00
144.00 109.00
144.50 109.00
145.00 109.50
145.50 109.50
146.00 109.50
146.50 109.50
147.00 110.00
147.50 110.00
148.00 110.00
148.50 110.50
149.00 110.50
149.50 111.00
150.00 111.00
150.50 111.50
151.00 112.00
151.50 112.00
152.00 112.50
152.50 113.00
153.00 113.50
153.50 114.00
154.00 114.50
154.50 115.00
155.00 115.50
155.50 116.00
156.00 116.50
156.50 117.00
156.50 117.50
157.00 118.00
157.00 118.50
157.00 119.00
157.50 119.50
157.50 120.00
158.00 120.50
158.00 121.00
158.00 121.50
158.00 122.00
158.00 122.50
158.00 123.00
158.00 123.50
158.00 124.00
158.00 124.50
158.00 125.00
158.00 125.50
158.00 126.00
158.00 126.50
158.00 127.00
158.00 127.50
157.50 128.00
157.50 128.50
157.50 129.00
157.00 129.50
157.00 130.00
157.00 130.50
156.50 131.00
156.50 131.50
156.00 132.00
155.50 132.50
155.50 133.00
155.00 133.50
154.50 134.00
154.00 134.50
153.50 135.00
153.00 135.50
152.50 136.00
152.00 136.00
151.50 136.50
151.00 137.00
150.50 137.00
150.00 137.50
149.50 137.50
149.00 138.00
148.50 138.00
148.00 138.00
147.50 138.50
147.00 138.50
146.50 138.50
146.00 139.00
145.50 139.00
145.00 139.00
144.50 139.00
144.00 139.00
143.50 139.00
143.00 139.00
142.50 139.00
142.00 139.00
141.50 139.00
141.00 139.00
140.50 139.00
140.00 139.00
139.50 139.00
139.00 139.00
138.50 139.00
138.00 139.00
137.50 139.00
