138.50 136.50
138.00 136.50
137.50 136.50
137.00 136.50
136.50 136.50
136.00 136.50
135.50 136.50
135.00 136.50
134.50 136.50
134.00 136.50
133.50 136.50
133.00 136.50
132.50 136.50
132.00 136.00
131.50 136.00
131.00 136.00
130.50 135.50
130.00 135.00
129.50 135.00
129.00 134.50
128.50 134.00
128.00 133.50
127.50 133.00
127.00 132.50
126.50 132.00
126.50 131.50
126.50 131.00
126.00 130.50
126.00 130.00
125.50 129.50
125.50 129.00
125.50 128.50
125.50 128.00
125.50 127.50
125.50 127.00
125.50 126.50
125.50 126.00
125.50 125.50
125.50 125.00
125.50 124.50
125.50 124.00
125.50 123.50
126.00 123.00
126.00 122.50
126.00 122.00
126.50 121.50
126.50 121.00
126.50 120.50
127.00 120.00
127.00 119.50
127.50 119.00
127.50 118.50
127.50 118.00
128.00 117.50
128.50 117.00
128.50 116.50
129.00 116.00
129.50 115.50
130.00 115.00
130.50 114.50
131.00 114.00
131.50 114.00
132.00 113.50
132.50 113.50
133.00 113.00
133.50 112.50
134.00 112.50
134.50 112.00
135.00 112.00
135.50 112.00
136.00 111.50
136.50 111.50
137.00 111.00
137.50 111.00
138.00 111.00
138.50 111.00
139.00 111.00
139.50 110.50
140.00 110.50
140.50 110.50
141.00 110.50
141.50 110.50
142.00 110.50
142.50 110.50
143.00 110.50
143.50 110.50
144.00 110.50
144.50 110.50
145.00 111.00
145.50 111.00
146.00 111.00
146.50 111.50
147.00 111.50
147.50 112.00
148.00 112.00
148.50 112.50
149.00 113.00
149.50 113.50
149.50 114.00
150.00 114.50
150.00 115.00
150.00 115.50
150.00 116.00
150.00 116.50
150.00 117.00
150.00 117.50
150.00 118.00
150.00 118.50
150.00 119.00
150.00 119.50
150.00 120.00
150.00 120.50
150.00 121.00
150.00 121.50
150.00 122.00
150.00 122.50
150.00 123.00
150.00 123.50
150.00 124.00
150.00 124.50
150.00 125.00
150.00 125.50
150.00 126.00
150.00 126.50
150.00 127.00
150.00 127.50
150.00 128.00
150.00 128.50
150.00 129.00
149.50 129.50
149.50 130.00
149.50 130.50
149.50 131.00
149.00 131.50
148.50 132.00
148.50 132.50
148.00 133.00
148.00 133.50
147.50 134.00
147.00 134.50
146.50 135.00
146.00 135.00
145.50 135.50
145.00 135.50
144.50 136.00
144.00 136.00
143.50 136.00
143.00 136.50
142.50 136.50
142.00 136.50
141.50 136.50
141.00 136.50
140.50 136.50
140.00 136.50
139.50 136.50
139.00 136.50
