146.50 124.00
146.00 124.50
146.00 125.00
145.50 125.50
145.50 126.00
145.00 126.50
145.00 127.00
144.50 127.50
144.50 128.00
144.00 128.50
143.50 129.00
143.50 129.50
143.00 130.00
142.50 130.00
142.00 130.50
141.50 131.00
141.00 131.00
140.50 131.00
140.00 131.00
139.50 130.50
139.00 130.50
138.50 130.00
138.00 130.00
137.50 129.50
137.00 129.00
136.50 128.50
136.00 128.00
135.50 127.50
135.50 127.00
135.50 126.50
135.50 126.00
135.50 125.50
135.50 125.00
135.50 124.50
136.00 124.00
136.00 123.50
136.50 123.00
137.00 122.50
137.50 122.00
138.00 122.00
138.50 121.50
139.00 121.00
139.50 121.00
140.00 120.50
140.50 120.00
141.00 120.00
141.50 120.00
142.00 120.00
142.50 120.00
143.00 120.50
143.50 120.50
144.00 121.00
144.50 121.00
145.00 121.50
145.50 122.00
146.00 122.50
146.50 123.00
147.00 123.50
