145.00 109.50
145.50 109.50
146.00 109.50
146.50 110.00
147.00 110.00
147.50 110.50
148.00 111.00
148.50 111.00
149.00 111.50
149.00 112.00
149.50 112.50
150.00 112.50
150.50 113.00
150.50 113.50
151.00 114.00
151.00 114.50
151.50 115.00
152.00 115.50
152.00 116.00
152.50 116.50
152.50 117.00
152.50 117.50
153.00 118.00
153.00 118.50
153.00 119.00
153.50 119.50
153.50 120.00
153.50 120.50
153.50 121.00
153.50 121.50
154.00 122.00
154.00 122.50
154.00 123.00
154.00 123.50
154.00 124.00
154.00 124.50
154.00 125.00
154.00 125.50
154.00 126.00
154.00 126.50
154.00 127.00
154.00 127.50
153.50 128.00
153.50 128.50
153.50 129.00
153.00 129.50
153.00 130.00
152.50 130.50
152.50 131.00
152.50 131.50
152.00 132.00
151.50 132.50
151.00 133.00
150.50 133.50
150.00 133.50
149.50 134.00
149.00 134.50
148.50 134.50
148.00 135.00
147.50 135.00
147.00 135.00
146.50 135.00
146.00 135.00
145.50 135.00
145.00 135.50
144.50 135.50
144.00 135.50
143.50 135.50
143.00 135.50
142.50 135.50
142.00 135.50
141.50 135.00
141.00 135.00
140.50 135.00
140.00 135.00
139.50 134.50
139.00 134.50
138.50 134.50
138.00 134.50
137.50 134.00
137.00 134.00
136.50 133.50
136.00 133.50
135.50 133.00
135.00 132.50
134.50 132.50
134.00 132.00
133.50 131.50
133.00 131.00
132.50 130.50
132.00 130.00
131.50 129.50
131.50 129.00
131.00 128.50
131.00 128.00
130.50 127.50
130.50 127.00
130.00 126.50
130.00 126.00
130.00 125.50
130.00 125.00
130.00 124.50
130.00 124.00
130.00 123.50
130.00 123.00
130.00 122.50
130.50 122.00
130.50 121.50
131.00 121.00
131.00 120.50
131.50 120.00
131.50 119.50
131.50 119.00
132.00 118.50
132.50 118.00
132.50 117.50
133.00 117.00
133.50 116.50
134.00 116.00
134.50 115.50
134.50 115.00
135.00 114.50
135.50 114.00
136.00 113.50
136.50 113.50
137.00 113.00
137.50 112.50
138.00 112.00
138.50 112.00
139.00 111.50
139.50 111.00
140.00 111.00
140.50 110.50
141.00 110.00
141.50 110.00
142.00 110.00
142.50 109.50
143.00 109.50
143.50 109.50
144.00 109.50
144.50 109.50
