141.00 146.00
140.50 146.00
140.00 146.00
139.50 145.50
139.00 145.50
138.50 145.50
138.00 145.00
137.50 145.00
137.00 145.00
136.50 144.50
136.00 144.50
135.50 144.50
135.00 144.00
134.50 143.50
134.00 143.50
133.50 143.00
133.00 142.50
132.50 142.00
132.00 142.00
131.50 141.50
131.00 141.00
130.50 140.50
130.00 140.50
129.50 140.00
129.00 139.50
128.50 139.00
128.50 138.50
128.00 138.00
127.50 137.50
127.00 137.00
127.00 136.50
126.50 136.00
126.00 135.50
125.50 135.00
125.50 134.50
125.50 134.00
125.00 133.50
125.00 133.00
124.50 132.50
124.50 132.00
124.00 131.50
124.00 131.00
124.00 130.50
123.50 130.00
123.50 129.50
123.50 129.00
123.50 128.50
123.50 128.00
123.50 127.50
123.50 127.00
123.00 126.50
123.00 126.00
123.00 125.50
123.50 125.00
123.50 124.50
123.50 124.00
123.50 123.50
123.50 123.00
123.50 122.50
123.50 122.00
124.00 121.50
124.00 121.00
124.00 120.50
124.50 120.00
124.50 119.50
124.50 119.00
125.00 118.50
125.00 118.00
125.50 117.50
125.50 117.00
125.50 116.50
126.00 116.00
126.00 115.50
126.50 115.00
127.00 114.50
127.00 114.00
127.50 113.50
128.00 113.00
128.00 112.50
128.50 112.00
128.50 111.50
129.00 111.00
129.50 110.50
130.00 110.00
130.50 109.50
131.00 109.00
131.50 108.50
131.50 108.00
132.00 107.50
132.50 107.00
133.00 106.50
133.50 106.00
134.00 105.50
134.50 105.00
135.00 105.00
135.50 104.50
136.00 104.00
136.50 103.50
137.00 103.00
137.50 103.00
138.00 102.50
138.50 102.00
139.00 102.00
139.50 102.00
140.00 101.50
140.50 101.50
141.00 101.00
141.50 101.00
142.00 100.50
142.50 100.50
143.00 100.50
143.50 100.50
144.00 100.00
144.50 100.00
145.00 100.00
145.50 100.00
146.00 100.00
146.50 100.00
147.00 100.00
147.50 100.00
148.00 100.00
148.50 100.00
149.00 100.50
149.50 100.50
150.00 100.50
150.50 100.50
151.00 101.00
151.50 101.00
152.00 101.00
152.50 101.50
153.00 101.50
153.50 102.00
154.00 102.50
154.50 102.50
155.00 103.00
155.50 103.00
156.00 103.50
156.50 104.00
157.00 104.50
157.50 104.50
158.00 105.00
158.50 105.50
159.00 106.00
159.50 106.50
160.00 107.00
160.50 107.50
161.00 108.00
161.50 108.50
162.00 109.00
162.00 109.50
162.50 110.00
163.00 110.50
163.00 111.00
163.50 111.50
164.00 112.00
164.00 112.50
164.00 113.00
164.50 113.50
165.00 114.00
165.00 114.50
165.00 115.00
165.50 115.50
165.50 116.00
165.50 116.50
166.00 117.00
166.00 117.50
166.00 118.00
166.00 118.50
166.50 119.00
166.50 119.50
166.50 120.00
166.50 120.50
166.50 121.00
166.50 121.50
166.50 122.00
166.50 122.50
166.50 123.00
166.50 123.50
166.50 124.00
166.50 124.50
166.50 125.00
166.50 125.50
166.00 126.00
166.00 126.50
166.00 127.00
166.00 127.50
166.00 128.00
165.50 128.50
165.50 129.00
165.00 129.50
165.00 130.00
165.00 130.50
164.50 131.00
164.50 131.50
164.00 132.00
164.00 132.50
163.50 133.00
163.50 133.50
163.00 134.00
162.50 134.50
162.50 135.00
162.50 135.50
162.00 136.00
161.50 136.50
161.00 137.00
160.50 137.50
160.50 138.00
160.00 138.50
159.50 139.00
159.00 139.50
158.50 140.00
158.00 140.50
157.50 140.50
157.00 141.00
156.50 141.50
156.00 142.00
155.50 142.00
155.00 142.50
154.50 143.00
154.00 143.50
153.50 143.50
153.00 144.00
152.50 144.00
152.00 144.50
151.50 144.50
151.00 144.50
150.50 145.00
150.00 145.00
149.50 145.00
149.00 145.50
148.50 145.50
148.00 145.50
147.50 146.00
147.00 146.00
146.50 146.00
146.00 146.00
145.50 146.00
145.00 146.00
144.50 146.00
144.00 146.00
143.50 146.00
143.00 146.00
142.50 146.00
142.00 146.00
141.50 146.00
