156.50 148.00
156.00 148.00
155.50 148.00
155.00 148.00
154.50 148.00
154.00 148.50
153.50 148.50
153.00 148.50
152.50 148.50
152.00 148.50
151.50 148.50
151.00 148.50
150.50 148.50
150.00 148.50
149.50 148.50
149.00 149.00
148.50 149.00
148.00 149.00
147.50 149.00
147.00 149.00
146.50 149.00
146.00 149.00
145.50 149.00
145.00 149.00
144.50 149.00
144.00 149.00
143.50 149.00
143.00 149.00
142.50 149.00
142.00 148.50
141.50 148.50
141.00 148.50
140.50 148.50
140.00 148.50
139.50 148.50
139.00 148.00
138.50 148.00
138.00 148.00
137.50 148.00
137.00 147.50
136.50 147.50
136.00 147.50
135.50 147.00
135.00 147.00
134.50 146.50
134.00 146.50
133.50 146.00
133.00 146.00
132.50 145.50
132.00 145.00
131.50 144.50
131.00 144.00
130.50 143.50
130.00 143.00
129.50 142.50
129.00 142.00
128.50 141.50
128.00 141.00
127.50 140.50
127.50 140.00
127.00 139.50
127.00 139.00
126.50 138.50
126.00 138.00
126.00 137.50
126.00 137.00
125.50 136.50
125.50 136.00
125.00 135.50
125.00 135.00
125.00 134.50
125.00 134.00
125.00 133.50
125.00 133.00
124.50 132.50
124.50 132.00
124.50 131.50
124.50 131.00
124.50 130.50
124.50 130.00
124.50 129.50
124.50 129.00
124.50 128.50
124.50 128.00
125.00 127.50
125.00 127.00
125.00 126.50
125.00 126.00
125.00 125.50
125.00 125.00
125.50 124.50
125.50 124.00
125.50 123.50
125.50 123.00
125.50 122.50
125.50 122.00
125.50 121.50
125.50 121.00
125.50 120.50
125.50 120.00
125.50 119.50
126.00 119.00
126.00 118.50
126.00 118.00
126.00 117.50
126.00 117.00
126.00 116.50
126.50 116.00
126.50 115.50
126.50 115.00
126.50 114.50
126.50 114.00
127.00 113.50
127.00 113.00
127.00 112.50
127.00 112.00
127.00 111.50
127.50 111.00
127.50 110.50
127.50 110.00
128.00 109.50
128.00 109.00
128.00 108.50
128.00 108.00
128.50 107.50
129.00 107.00
129.00 106.50
129.00 106.00
129.50 105.50
130.00 105.00
130.00 104.50
130.50 104.00
131.00 103.50
131.50 103.00
131.50 102.50
132.00 102.00
132.50 101.50
133.00 101.50
133.50 101.00
134.00 100.50
134.50 100.00
135.00 99.50
135.50 99.50
136.00 99.00
136.50 98.50
137.00 98.50
137.50 98.00
138.00 98.00
138.50 97.50
139.00 97.50
139.50 97.00
140.00 97.00
140.50 96.50
141.00 96.50
141.50 96.50
142.00 96.00
142.50 96.00
143.00 96.00
143.50 96.00
144.00 96.00
144.50 95.50
145.00 95.50
145.50 95.50
146.00 95.50
146.50 95.50
147.00 95.50
147.50 95.50
148.00 95.50
148.50 95.50
149.00 95.50
149.50 95.50
150.00 95.50
150.50 95.50
151.00 95.50
151.50 96.00
152.00 96.00
152.50 96.00
153.00 96.00
153.50 96.00
154.00 96.50
154.50 96.50
155.00 97.00
155.50 97.00
156.00 97.00
156.50 97.50
157.00 98.00
157.50 98.00
158.00 98.00
158.50 98.50
159.00 99.00
159.50 99.50
160.00 99.50
160.50 100.00
161.00 100.50
161.50 101.00
162.00 101.50
162.50 102.00
163.00 102.50
163.50 103.00
164.00 103.50
164.50 104.00
164.50 104.50
165.00 105.00
165.50 105.50
165.50 106.00
166.00 106.50
166.00 107.00
166.50 107.50
167.00 108.00
167.00 108.50
167.00 109.00
167.50 109.50
168.00 110.00
168.00 110.50
168.00 111.00
168.00 111.50
168.50 112.00
168.50 112.50
168.50 113.00
169.00 113.50
169.00 114.00
169.00 114.50
169.00 115.00
169.50 115.50
169.50 116.00
169.50 116.50
169.50 117.00
169.50 117.50
169.50 118.00
170.00 118.50
170.00 119.00
170.00 119.50
170.00 120.00
170.00 120.50
170.00 121.00
170.00 121.50
170.00 122.00
170.00 122.50
170.00 123.00
170.00 123.50
170.00 124.00
170.00 124.50
170.00 125.00
170.00 125.50
170.00 126.00
170.00 126.50
169.50 127.00
169.50 127.50
169.50 128.00
169.50 128.50
169.50 129.00
169.00 129.50
169.00 130.00
169.00 130.50
169.00 131.00
169.00 131.50
168.50 132.00
168.50 132.50
168.50 133.00
168.00 133.50
168.00 134.00
168.00 134.50
167.50 135.00
167.50 135.50
167.00 136.00
167.00 136.50
166.50 137.00
166.50 137.50
166.50 138.00
166.00 138.50
165.50 139.00
165.50 139.50
165.00 140.00
165.00 140.50
164.50 141.00
164.50 141.50
164.00 142.00
163.50 142.50
163.00 143.00
162.50 143.50
162.50 144.00
162.00 144.50
161.50 145.00
161.00 145.50
160.50 146.00
160.00 146.00
159.50 146.50
159.00 146.50
158.50 147.00
158.00 147.50
157.50 147.50
157.00 148.00
