148.50 125.00
148.50 125.50
148.50 126.00
148.50 126.50
148.50 127.00
148.00 127.50
148.00 128.00
148.00 128.50
147.50 129.00
147.50 129.50
147.00 130.00
146.50 130.50
146.00 131.00
145.50 131.50
145.00 131.50
144.50 132.00
144.00 132.50
143.50 132.50
143.00 133.00
143.00 133.50
142.50 134.00
142.00 134.00
141.50 134.00
141.00 134.00
140.50 134.00
140.00 134.00
139.50 134.00
139.00 134.00
138.50 134.00
138.00 134.00
137.50 134.00
137.00 134.00
136.50 134.00
136.00 134.00
135.50 133.50
135.00 133.50
134.50 133.50
134.00 133.00
133.50 133.00
133.00 132.50
132.50 132.00
132.00 131.50
131.50 131.00
131.00 130.50
130.50 130.00
130.50 129.50
130.00 129.00
130.00 128.50
129.50 128.00
129.50 127.50
129.50 127.00
129.50 126.50
129.50 126.00
129.50 125.50
129.50 125.00
129.50 124.50
129.50 124.00
129.50 123.50
129.50 123.00
130.00 122.50
130.00 122.00
130.00 121.50
130.50 121.00
131.00 120.50
131.00 120.00
131.50 119.50
131.50 119.00
132.00 118.50
132.50 118.00
133.00 117.50
133.50 117.00
134.00 116.50
134.50 116.00
135.00 115.50
135.50 115.50
136.00 115.50
136.50 115.00
137.00 115.00
137.50 115.00
138.00 115.00
138.50 115.00
139.00 115.00
139.50 115.00
140.00 115.00
140.50 115.00
141.00 115.00
141.50 115.00
142.00 115.50
142.50 116.00
143.00 116.00
143.50 116.50
144.00 116.50
144.50 117.00
145.00 117.50
145.50 118.00
146.00 118.50
146.00 119.00
146.50 119.50
146.50 120.00
147.00 120.50
147.00 121.00
147.50 121.50
147.50 122.00
148.00 122.50
148.00 123.00
148.00 123.50
148.50 124.00
148.50 124.50
