139.50 139.50
140.00 139.50
140.50 140.00
141.00 140.50
141.50 140.50
142.00 140.50
142.50 141.00
143.00 141.50
143.50 142.00
143.50 142.50
143.50 143.00
143.00 143.50
142.50 144.00
142.00 144.00
141.50 144.50
141.00 145.00
140.50 145.00
140.00 145.00
139.50 145.00
139.00 145.50
138.50 145.50
138.00 145.50
137.50 145.50
137.00 145.50
136.50 145.50
136.00 145.50
135.50 145.50
135.00 145.50
134.50 145.50
134.00 145.50
133.50 145.50
133.00 145.50
132.50 145.50
132.00 145.50
131.50 145.50
131.00 145.00
130.50 144.50
130.00 144.50
129.50 144.00
129.50 143.50
129.00 143.00
129.00 142.50
129.00 142.00
129.00 141.50
129.50 141.00
130.00 140.50
130.50 140.50
131.00 140.00
131.50 140.00
132.00 139.50
132.00 139.00
132.50 138.50
132.50 138.00
132.50 137.50
132.50 137.00
132.50 136.50
132.00 136.00
132.00 135.50
132.00 135.00
132.00 134.50
132.50 134.00
133.00 134.00
133.50 134.00
134.00 134.00
134.50 134.50
135.00 134.50
135.50 135.00
136.00 135.50
136.50 136.00
137.00 136.50
137.50 137.00
137.50 137.50
138.00 138.00
138.50 138.50
139.00 139.00
