151.50 114.50
152.00 115.00
152.00 115.50
152.50 116.00
153.00 116.50
153.00 117.00
153.00 117.50
153.50 118.00
153.50 118.50
153.50 119.00
154.00 119.50
154.00 120.00
154.00 120.50
154.00 121.00
154.50 121.50
154.50 122.00
154.50 122.50
154.50 123.00
154.50 123.50
154.50 124.00
155.00 124.50
155.00 125.00
155.00 125.50
155.00 126.00
154.50 126.50
154.50 127.00
154.50 127.50
154.50 128.00
154.50 128.50
154.00 129.00
154.00 129.50
154.00 130.00
153.50 130.50
153.50 131.00
153.00 131.50
153.00 132.00
153.00 132.50
152.50 133.00
152.00 133.50
151.50 134.00
151.50 134.50
151.00 135.00
150.50 135.50
150.00 136.00
149.50 136.50
149.00 137.00
148.50 137.00
148.00 137.00
147.50 137.50
147.00 138.00
147.50 138.50
147.00 139.00
146.50 139.00
146.00 139.00
145.50 139.00
145.00 139.00
144.50 139.00
144.00 139.50
143.50 139.50
143.00 139.50
142.50 139.50
142.00 139.50
141.50 139.50
141.00 139.50
140.50 139.50
140.00 139.50
139.50 139.50
139.00 139.50
138.50 139.50
138.00 139.50
137.50 139.00
137.00 139.00
136.50 139.00
136.00 139.00
135.50 139.00
135.00 138.50
134.50 138.50
134.00 138.50
133.50 138.50
133.00 138.50
132.50 138.00
132.00 138.00
131.50 137.50
131.00 137.50
130.50 137.00
130.00 137.00
129.50 136.50
129.00 136.00
128.50 135.50
128.00 135.00
128.00 134.50
127.50 134.00
127.50 133.50
127.50 133.00
127.00 132.50
127.00 132.00
127.00 131.50
127.00 131.00
127.00 130.50
127.00 130.00
127.00 129.50
127.00 129.00
127.00 128.50
127.50 128.00
128.00 127.50
128.00 127.00
128.00 126.50
128.00 126.00
128.00 125.50
128.00 125.00
128.00 124.50
128.00 124.00
128.00 123.50
128.00 123.00
128.00 122.50
128.00 122.00
128.00 121.50
128.50 121.00
128.50 120.50
128.50 120.00
129.00 119.50
129.00 119.00
129.50 118.50
129.50 118.00
130.00 117.50
130.50 117.00
131.00 116.50
131.00 116.00
131.50 115.50
132.00 115.00
132.50 115.00
133.00 114.50
133.50 114.00
134.00 114.00
134.50 113.50
135.00 113.50
135.50 113.50
136.00 113.00
136.50 113.00
137.00 113.00
137.50 113.00
138.00 112.50
138.50 112.50
139.00 112.50
139.50 112.50
140.00 112.50
140.50 112.50
141.00 112.50
141.50 112.50
142.00 112.50
142.50 112.50
143.00 112.50
143.50 112.50
144.00 112.50
144.50 112.50
145.00 112.50
145.50 113.00
146.00 113.00
146.50 113.00
147.00 113.00
147.50 113.00
148.00 113.00
148.50 113.50
149.00 113.50
149.50 113.50
150.00 113.50
150.50 114.00
151.00 114.00
151.50 114.50
