159.00 123.50
158.50 123.50
158.00 123.00
158.00 122.50
157.50 122.00
157.00 121.50
156.50 121.00
156.00 120.50
155.50 120.50
155.00 120.50
154.50 120.00
154.00 120.00
153.50 120.00
153.00 120.00
152.50 119.50
152.00 119.00
151.50 118.50
151.50 118.00
151.50 117.50
151.50 117.00
151.50 116.50
152.00 116.00
152.50 115.50
153.00 115.00
153.50 115.00
154.00 115.00
154.50 115.00
155.00 115.00
155.50 115.00
156.00 115.00
156.50 115.00
157.00 115.00
157.50 115.50
158.00 115.50
158.50 116.00
159.00 116.50
159.50 117.00
160.00 117.50
160.00 118.00
160.50 118.50
161.00 119.00
161.00 119.50
161.00 120.00
161.00 120.50
161.00 121.00
161.00 121.50
161.00 122.00
161.00 122.50
160.50 123.00
160.00 123.50
159.50 123.50
