158.50 124.00
158.00 124.00
157.50 124.50
157.00 124.50
156.50 124.50
156.00 124.50
155.50 125.00
155.00 124.50
154.50 124.50
154.00 124.50
153.50 124.50
153.00 124.00
152.50 124.00
152.00 123.50
151.50 123.00
151.00 122.50
151.00 122.00
151.00 121.50
150.50 121.00
150.50 120.50
150.50 120.00
150.50 119.50
150.50 119.00
150.50 118.50
150.50 118.00
150.50 117.50
151.00 117.00
151.50 116.50
152.00 116.00
152.50 116.00
153.00 116.00
153.50 116.00
154.00 116.00
154.50 116.00
155.00 116.00
155.50 116.00
156.00 116.00
156.50 116.00
157.00 116.50
157.50 116.50
158.00 116.50
158.50 117.00
159.00 117.00
159.50 117.50
160.00 118.00
160.50 118.50
160.50 119.00
161.00 119.50
161.00 120.00
161.00 120.50
161.00 121.00
160.50 121.50
160.50 122.00
160.50 122.50
160.00 123.00
159.50 123.00
159.00 123.50
