141.50 98.00
142.00 98.00
142.50 98.00
143.00 97.50
143.50 97.50
144.00 97.50
144.50 97.50
145.00 97.50
145.50 97.50
146.00 97.50
146.50 97.50
147.00 97.50
147.50 97.50
148.00 97.50
148.50 97.50
149.00 97.50
149.50 98.00
150.00 98.00
150.50 98.00
151.00 98.00
151.50 98.50
152.00 98.50
152.50 98.50
153.00 98.50
153.50 99.00
154.00 99.00
154.50 99.50
155.00 99.50
155.50 99.50
156.00 100.00
156.50 100.50
157.00 100.50
157.50 101.00
158.00 101.50
158.50 101.50
159.00 102.00
159.50 102.50
160.00 103.00
160.50 103.50
161.00 104.00
161.00 104.50
161.50 105.00
162.00 105.50
162.50 106.00
162.50 106.50
163.00 107.00
163.50 107.50
163.50 108.00
164.00 108.50
164.50 109.00
164.50 109.50
164.50 110.00
165.00 110.50
165.00 111.00
165.50 111.50
165.50 112.00
166.00 112.50
166.00 113.00
166.00 113.50
166.50 114.00
166.50 114.50
166.50 115.00
167.00 115.50
167.00 116.00
167.00 116.50
167.00 117.00
167.50 117.50
167.50 118.00
167.50 118.50
167.50 119.00
168.00 119.50
168.00 120.00
168.00 120.50
168.00 121.00
168.00 121.50
168.00 122.00
168.50 122.50
168.50 123.00
168.50 123.50
168.50 124.00
168.50 124.50
168.50 125.00
168.50 125.50
168.50 126.00
168.50 126.50
168.50 127.00
168.50 127.50
168.50 128.00
168.50 128.50
168.00 129.00
168.00 129.50
168.00 130.00
168.00 130.50
168.00 131.00
167.50 131.50
167.50 132.00
167.50 132.50
167.00 133.00
167.00 133.50
166.50 134.00
166.50 134.50
166.50 135.00
166.00 135.50
166.00 136.00
165.50 136.50
165.00 137.00
164.50 137.50
164.50 138.00
164.00 138.50
163.50 139.00
163.50 139.50
163.00 140.00
162.50 140.50
162.00 141.00
161.50 141.00
161.00 141.50
160.50 142.00
160.00 142.50
159.50 143.00
159.00 143.50
158.50 143.50
158.00 144.00
157.50 144.50
157.00 144.50
156.50 145.00
156.00 145.50
155.50 145.50
155.00 145.50
154.50 146.00
154.00 146.50
153.50 146.50
153.00 146.50
152.50 147.00
152.00 147.00
151.50 147.00
151.00 147.50
150.50 147.50
150.00 147.50
149.50 147.50
149.00 148.00
148.50 148.00
148.00 148.00
147.50 148.00
147.00 148.50
146.50 148.50
146.00 148.50
145.50 148.50
145.00 148.50
144.50 148.50
144.00 148.50
143.50 148.50
143.00 148.50
142.50 148.50
142.00 148.50
141.50 148.50
141.00 148.50
140.50 148.50
140.00 148.50
139.50 148.50
139.00 148.50
138.50 148.50
138.00 148.50
137.50 148.00
137.00 148.00
136.50 148.00
136.00 148.00
135.50 147.50
135.00 147.50
134.50 147.50
134.00 147.50
133.50 147.00
133.00 147.00
132.50 147.00
132.00 146.50
131.50 146.50
131.00 146.00
130.50 146.00
130.00 146.00
129.50 145.50
129.00 145.00
128.50 145.00
128.00 144.50
127.50 144.50
127.00 144.00
126.50 143.50
126.00 143.00
125.50 143.00
125.00 142.50
124.50 142.00
124.00 141.50
123.50 141.00
123.00 140.50
122.50 140.00
122.00 139.50
121.50 139.00
121.00 138.50
121.00 138.00
120.50 137.50
120.00 137.00
120.00 136.50
119.50 136.00
119.00 135.50
119.00 135.00
118.50 134.50
118.50 134.00
118.50 133.50
118.00 133.00
118.00 132.50
117.50 132.00
117.50 131.50
117.50 131.00
117.50 130.50
117.00 130.00
117.00 129.50
117.00 129.00
117.00 128.50
117.00 128.00
117.00 127.50
117.00 127.00
117.00 126.50
117.00 126.00
117.00 125.50
117.00 125.00
117.00 124.50
117.00 124.00
117.00 123.50
117.50 123.00
117.50 122.50
117.50 122.00
117.50 121.50
118.00 121.00
118.00 120.50
118.50 120.00
118.50 119.50
118.50 119.00
119.00 118.50
119.00 118.00
119.50 117.50
119.50 117.00
119.50 116.50
120.00 116.00
120.00 115.50
120.50 115.00
121.00 114.50
121.00 114.00
121.50 113.50
122.00 113.00
122.00 112.50
122.50 112.00
123.00 111.50
123.00 111.00
123.50 110.50
124.00 110.00
124.50 109.50
125.00 109.00
125.50 108.50
125.50 108.00
126.00 107.50
126.50 107.00
127.00 107.00
127.50 106.50
128.00 106.00
128.50 105.50
129.00 105.00
129.50 104.50
130.00 104.00
130.50 103.50
131.00 103.00
131.50 103.00
132.00 102.50
132.50 102.00
133.00 102.00
133.50 101.50
134.00 101.00
134.50 101.00
135.00 100.50
135.50 100.50
136.00 100.00
136.50 100.00
137.00 99.50
137.50 99.00
138.00 99.00
138.50 99.00
139.00 98.50
139.50 98.50
140.00 98.50
140.50 98.00
141.00 98.00
