128.50 147.00
128.00 146.50
127.50 146.00
127.00 145.50
126.50 145.00
126.50 144.50
126.50 144.00
126.00 143.50
126.00 143.00
125.50 142.50
125.50 142.00
125.50 141.50
125.00 141.00
125.00 140.50
125.00 140.00
124.50 139.50
124.50 139.00
124.50 138.50
124.50 138.00
124.50 137.50
124.50 137.00
124.00 136.50
124.00 136.00
124.00 135.50
124.00 135.00
124.00 134.50
124.00 134.00
124.00 133.50
124.00 133.00
123.50 132.50
123.50 132.00
123.50 131.50
123.50 131.00
123.50 130.50
123.50 130.00
123.50 129.50
123.50 129.00
123.50 128.50
123.50 128.00
123.50 127.50
123.50 127.00
123.50 126.50
123.50 126.00
123.50 125.50
123.50 125.00
123.50 124.50
123.50 124.00
123.50 123.50
123.50 123.00
123.50 122.50
123.50 122.00
124.00 121.50
124.00 121.00
124.00 120.50
124.00 120.00
124.00 119.50
124.50 119.00
124.50 118.50
125.00 118.00
125.00 117.50
125.00 117.00
125.50 116.50
125.50 116.00
126.00 115.50
126.50 115.00
126.50 114.50
127.00 114.00
127.50 113.50
128.00 113.00
128.50 112.50
129.00 112.00
129.50 111.50
130.00 111.00
130.50 110.50
131.00 110.00
131.50 110.00
132.00 109.50
132.50 109.00
133.00 109.00
133.50 108.50
134.00 108.00
134.50 108.00
135.00 107.50
135.50 107.00
136.00 107.00
136.50 106.50
137.00 106.00
137.50 106.00
138.00 105.50
138.50 105.00
139.00 105.00
139.50 104.50
140.00 104.50
140.50 104.00
141.00 104.00
141.50 103.50
142.00 103.00
142.50 103.00
143.00 102.50
143.50 102.00
144.00 102.00
144.50 102.00
145.00 101.50
145.50 101.50
146.00 101.00
146.50 101.00
147.00 101.00
147.50 100.50
148.00 100.50
148.50 100.50
149.00 100.50
149.50 100.00
150.00 100.00
150.50 100.00
151.00 100.00
151.50 100.00
152.00 100.00
152.50 100.00
153.00 100.50
153.50 100.50
154.00 101.00
154.50 101.00
155.00 101.00
155.50 101.50
156.00 102.00
156.50 102.50
157.00 103.00
157.50 103.50
158.00 104.00
158.00 104.50
158.50 105.00
159.00 105.50
159.00 106.00
159.50 106.50
159.50 107.00
160.00 107.50
160.00 108.00
160.50 108.50
161.00 109.00
161.00 109.50
161.50 110.00
161.50 110.50
162.00 111.00
162.00 111.50
162.50 112.00
162.50 112.50
162.50 113.00
163.00 113.50
163.00 114.00
163.50 114.50
163.50 115.00
163.50 115.50
164.00 116.00
164.00 116.50
164.50 117.00
164.50 117.50
165.00 118.00
165.00 118.50
165.00 119.00
165.00 119.50
165.50 120.00
165.50 120.50
165.50 121.00
165.50 121.50
166.00 122.00
166.00 122.50
166.00 123.00
166.00 123.50
166.00 124.00
166.00 124.50
166.00 125.00
166.00 125.50
166.00 126.00
166.00 126.50
166.00 127.00
166.00 127.50
165.50 128.00
165.50 128.50
165.50 129.00
165.50 129.50
165.50 130.00
165.00 130.50
165.00 131.00
165.00 131.50
164.50 132.00
164.50 132.50
164.50 133.00
164.00 133.50
164.00 134.00
163.50 134.50
163.50 135.00
163.00 135.50
162.50 136.00
162.50 136.50
162.00 137.00
162.00 137.50
161.50 138.00
161.00 138.50
161.00 139.00
160.50 139.50
160.00 140.00
159.50 140.50
159.00 141.00
158.50 141.50
158.00 142.00
157.50 142.50
157.00 143.00
156.50 143.00
156.00 143.50
155.50 144.00
155.00 144.00
154.50 144.50
154.00 144.50
153.50 145.00
153.00 145.00
152.50 145.50
152.00 145.50
151.50 146.00
151.00 146.00
150.50 146.00
150.00 146.50
149.50 146.50
149.00 146.50
148.50 147.00
148.00 147.00
147.50 147.00
147.00 147.50
146.50 147.50
146.00 147.50
145.50 147.50
145.00 148.00
144.50 148.00
144.00 148.00
143.50 148.00
143.00 148.00
142.50 148.50
142.00 148.50
141.50 148.50
141.00 148.50
140.50 148.50
140.00 148.50
139.50 149.00
139.00 149.00
138.50 149.00
138.00 149.00
137.50 149.00
137.00 149.00
136.50 149.00
136.00 149.00
135.50 149.00
135.00 149.00
134.50 149.00
134.00 149.00
133.50 149.00
133.00 149.00
132.50 149.00
132.00 148.50
131.50 148.50
131.00 148.50
130.50 148.00
130.00 148.00
129.50 147.50
129.00 147.50
