123.00 117.50
123.00 117.00
123.50 116.50
123.50 116.00
124.00 115.50
124.00 115.00
124.50 114.50
125.00 114.00
125.00 113.50
125.50 113.00
125.50 112.50
126.00 112.00
126.50 111.50
126.50 111.00
127.00 110.50
127.50 110.00
128.00 109.50
128.50 109.00
129.00 108.50
129.50 108.50
130.00 108.00
130.50 107.50
131.00 107.00
131.50 107.00
132.00 106.50
132.50 106.50
133.00 106.00
133.50 106.00
134.00 105.50
134.50 105.50
135.00 105.00
135.50 105.00
136.00 104.50
136.50 104.50
137.00 104.50
137.50 104.50
138.00 104.00
138.50 104.00
139.00 104.00
139.50 104.00
140.00 104.00
140.50 104.00
141.00 104.00
141.50 104.00
142.00 104.00
142.50 104.00
143.00 104.00
143.50 104.00
144.00 104.00
144.50 104.00
145.00 104.00
145.50 104.00
146.00 104.00
146.50 104.50
147.00 104.50
147.50 104.50
148.00 104.50
148.50 105.00
149.00 105.00
149.50 105.50
150.00 105.50
150.50 106.00
151.00 106.00
151.50 106.50
152.00 107.00
152.50 107.50
153.00 107.50
153.50 108.00
153.50 108.50
154.00 109.00
154.50 109.50
155.00 110.00
155.00 110.50
155.50 111.00
156.00 111.50
156.50 112.00
157.00 112.50
157.00 113.00
157.00 113.50
157.50 114.00
158.00 114.50
158.00 115.00
158.00 115.50
158.00 116.00
158.50 116.50
158.50 117.00
159.00 117.50
159.00 118.00
159.00 118.50
159.00 119.00
159.00 119.50
159.50 120.00
159.50 120.50
159.50 121.00
159.50 121.50
159.50 122.00
159.50 122.50
159.50 123.00
159.50 123.50
159.50 124.00
159.50 124.50
159.50 125.00
159.50 125.50
159.50 126.00
159.00 126.50
159.00 127.00
159.00 127.50
159.00 128.00
159.00 128.50
158.50 129.00
158.50 129.50
158.50 130.00
158.00 130.50
158.00 131.00
158.00 131.50
157.50 132.00
157.50 132.50
157.00 133.00
156.50 133.50
156.00 134.00
156.00 134.50
156.00 135.00
155.50 135.50
155.00 136.00
154.50 136.50
154.00 137.00
153.50 137.50
153.00 138.00
152.50 138.50
152.00 139.00
151.50 139.00
151.00 139.50
150.50 140.00
150.00 140.50
149.50 140.50
149.00 140.50
148.50 141.00
148.00 141.50
147.50 141.50
147.00 141.50
146.50 142.00
146.00 142.00
145.50 142.00
145.00 142.50
144.50 142.50
144.00 142.50
143.50 143.00
143.00 143.00
142.50 143.00
142.00 143.00
141.50 143.00
141.00 143.00
140.50 143.00
140.00 143.50
139.50 143.50
139.00 143.50
138.50 143.50
138.00 143.50
137.50 143.50
137.00 143.00
136.50 143.00
136.00 143.00
135.50 143.00
135.00 143.00
134.50 143.00
134.00 143.00
133.50 142.50
133.00 142.50
132.50 142.50
132.00 142.00
131.50 142.00
131.00 141.50
130.50 141.50
130.00 141.50
129.50 141.00
129.00 140.50
128.50 140.00
128.00 140.00
127.50 139.50
127.00 139.00
126.50 138.50
126.00 138.50
125.50 138.00
125.00 137.50
125.00 137.00
124.50 136.50
124.00 136.00
123.50 135.50
123.50 135.00
123.00 134.50
122.50 134.00
122.50 133.50
122.00 133.00
122.00 132.50
121.50 132.00
121.50 131.50
121.50 131.00
121.00 130.50
121.00 130.00
121.00 129.50
121.00 129.00
121.00 128.50
121.00 128.00
121.00 127.50
121.00 127.00
120.50 126.50
120.50 126.00
120.50 125.50
120.50 125.00
120.50 124.50
120.50 124.00
120.50 123.50
120.50 123.00
120.50 122.50
120.50 122.00
121.00 121.50
121.00 121.00
121.00 120.50
121.00 120.00
121.50 119.50
121.50 119.00
122.00 118.50
122.50 118.00
