147.00 134.50
146.50 135.00
146.00 135.00
145.50 135.00
145.00 135.50
144.50 135.50
144.00 135.50
143.50 136.00
143.00 136.00
142.50 136.00
142.00 136.00
141.50 136.50
141.00 136.50
140.50 136.50
140.00 136.50
139.50 136.50
139.00 136.50
138.50 136.50
138.00 136.00
137.50 136.00
137.00 136.00
136.50 136.00
136.00 135.50
135.50 135.00
135.00 135.00
134.50 134.50
134.00 134.00
133.50 133.50
133.00 133.00
133.00 132.50
132.50 132.00
132.50 131.50
132.00 131.00
132.00 130.50
131.50 130.00
131.50 129.50
131.00 129.00
131.00 128.50
131.00 128.00
130.50 127.50
130.50 127.00
130.50 126.50
130.50 126.00
130.50 125.50
130.50 125.00
130.50 124.50
130.50 124.00
130.50 123.50
130.50 123.00
130.50 122.50
130.50 122.00
130.50 121.50
130.50 121.00
130.50 120.50
131.00 120.00
131.00 119.50
131.00 119.00
131.00 118.50
131.00 118.00
131.50 117.50
131.50 117.00
131.50 116.50
131.50 116.00
132.00 115.50
132.00 115.00
132.50 114.50
132.50 114.00
133.00 113.50
133.00 113.00
133.50 112.50
134.00 112.00
134.50 111.50
135.00 111.00
135.50 110.50
136.00 110.00
136.50 109.50
137.00 109.50
137.50 109.50
138.00 109.00
138.50 108.50
139.00 108.50
139.50 108.00
140.00 108.00
140.50 108.00
141.00 107.50
141.50 107.50
142.00 107.50
142.50 107.00
143.00 107.00
143.50 107.00
144.00 106.50
144.50 106.50
145.00 106.50
145.50 106.00
146.00 106.00
146.50 106.00
147.00 106.00
147.50 105.50
148.00 105.50
148.50 105.50
149.00 105.50
149.50 105.00
150.00 105.00
150.50 105.50
151.00 105.50
151.50 105.50
152.00 106.00
152.50 106.00
153.00 106.50
153.00 107.00
153.50 107.50
153.50 108.00
154.00 108.50
154.00 109.00
154.00 109.50
154.00 110.00
154.50 110.50
154.50 111.00
154.50 111.50
154.50 112.00
154.50 112.50
154.50 113.00
155.00 113.50
155.00 114.00
155.00 114.50
155.00 115.00
155.00 115.50
155.00 116.00
155.00 116.50
155.00 117.00
155.00 117.50
155.00 118.00
155.00 118.50
155.50 119.00
155.50 119.50
155.50 120.00
155.50 120.50
155.50 121.00
155.50 121.50
155.50 122.00
155.50 122.50
155.50 123.00
155.50 123.50
155.50 124.00
155.50 124.50
155.00 125.00
155.00 125.50
155.00 126.00
155.00 126.50
154.50 127.00
154.50 127.50
154.00 128.00
154.00 128.50
153.50 129.00
153.50 129.50
153.00 130.00
152.50 130.50
152.00 131.00
151.50 131.50
151.00 132.00
150.50 132.50
150.00 132.50
149.50 133.00
149.00 133.50
148.50 133.50
148.00 134.00
147.50 134.00
