138.50 142.00
138.00 141.50
137.50 141.50
137.00 141.00
136.50 141.00
136.00 140.50
135.50 140.50
135.00 140.00
134.50 140.00
134.00 139.50
133.50 139.00
133.00 138.50
132.50 138.00
132.00 137.50
131.50 137.00
131.00 136.50
130.50 136.00
130.50 135.50
130.00 135.00
130.00 134.50
129.50 134.00
129.50 133.50
129.00 133.00
129.00 132.50
129.00 132.00
128.50 131.50
128.50 131.00
128.50 130.50
128.00 130.00
128.00 129.50
128.00 129.00
128.00 128.50
128.00 128.00
128.00 127.50
128.00 127.00
128.00 126.50
128.00 126.00
128.00 125.50
128.00 125.00
128.00 124.50
128.00 124.00
128.00 123.50
128.00 123.00
128.50 122.50
128.50 122.00
128.50 121.50
128.50 121.00
128.50 120.50
128.50 120.00
128.50 119.50
129.00 119.00
129.00 118.50
129.00 118.00
129.00 117.50
129.00 117.00
129.50 116.50
129.50 116.00
129.50 115.50
129.50 115.00
129.50 114.50
130.00 114.00
130.00 113.50
130.00 113.00
130.00 112.50
130.50 112.00
130.50 111.50
131.00 111.00
131.00 110.50
131.50 110.00
131.50 109.50
132.00 109.00
132.00 108.50
132.50 108.00
133.00 107.50
133.00 107.00
133.50 106.50
134.00 106.00
134.50 105.50
135.00 105.00
135.50 104.50
136.00 104.00
136.50 103.50
137.00 103.00
137.50 103.00
138.00 102.50
138.50 102.00
139.00 102.00
139.50 102.00
140.00 101.50
140.50 101.50
141.00 101.00
141.50 101.00
142.00 101.00
142.50 101.00
143.00 101.00
143.50 100.50
144.00 100.50
144.50 100.50
145.00 100.50
145.50 100.50
146.00 100.50
146.50 100.50
147.00 100.50
147.50 100.50
148.00 100.50
148.50 101.00
149.00 101.00
149.50 101.00
150.00 101.00
150.50 101.00
151.00 101.50
151.50 101.50
152.00 101.50
152.50 102.00
153.00 102.00
153.50 102.50
154.00 102.50
154.50 102.50
155.00 103.00
155.50 103.50
156.00 103.50
156.50 104.00
157.00 104.00
157.50 104.50
158.00 105.00
158.50 105.50
159.00 106.00
159.50 106.00
160.00 106.50
160.50 107.00
161.00 107.50
161.50 108.00
161.50 108.50
161.50 109.00
162.00 109.50
162.50 110.00
162.50 110.50
163.00 111.00
163.50 111.50
163.50 112.00
163.50 112.50
164.00 113.00
164.00 113.50
164.00 114.00
164.00 114.50
164.50 115.00
164.50 115.50
164.50 116.00
164.50 116.50
164.50 117.00
164.50 117.50
164.50 118.00
164.50 118.50
164.50 119.00
164.50 119.50
164.50 120.00
164.50 120.50
164.50 121.00
164.50 121.50
164.50 122.00
164.50 122.50
164.50 123.00
164.50 123.50
164.00 124.00
164.00 124.50
164.00 125.00
164.00 125.50
163.50 126.00
163.50 126.50
163.50 127.00
163.50 127.50
163.00 128.00
163.00 128.50
162.50 129.00
162.50 129.50
162.50 130.00
162.00 130.50
162.00 131.00
161.50 131.50
161.00 132.00
161.00 132.50
160.50 133.00
160.50 133.50
160.00 134.00
159.50 134.50
159.00 135.00
159.00 135.50
158.50 136.00
158.00 136.50
157.50 137.00
157.00 137.00
156.50 137.50
156.00 138.00
155.50 138.50
155.00 139.00
154.50 139.00
154.00 139.50
153.50 139.50
153.00 140.00
152.50 140.50
152.00 140.50
151.50 141.00
151.00 141.00
150.50 141.00
150.00 141.50
149.50 141.50
149.00 141.50
148.50 142.00
148.00 142.00
147.50 142.00
147.00 142.50
146.50 142.50
146.00 142.50
145.50 142.50
145.00 142.50
144.50 142.50
144.00 142.50
143.50 142.50
143.00 142.50
142.50 142.50
142.00 142.50
141.50 142.50
141.00 142.50
140.50 142.50
140.00 142.50
139.50 142.00
139.00 142.00
