164.50 140.50
164.00 140.50
163.50 141.00
163.00 141.00
162.50 141.50
162.00 142.00
161.50 142.50
161.00 142.50
160.50 143.00
160.00 143.50
159.50 143.50
159.00 144.00
158.50 144.00
158.00 144.50
157.50 144.50
157.00 145.00
156.50 145.50
156.00 145.50
155.50 146.00
155.00 146.00
154.50 146.00
154.00 146.50
153.50 146.50
153.00 146.50
152.50 147.00
152.00 147.00
151.50 147.50
151.00 147.50
150.50 147.50
150.00 148.00
149.50 148.00
149.00 148.00
148.50 148.00
148.00 148.50
147.50 148.50
147.00 148.50
146.50 148.50
146.00 148.50
145.50 148.50
145.00 149.00
144.50 149.00
144.00 149.00
143.50 149.00
143.00 149.00
142.50 149.00
142.00 149.00
141.50 149.00
141.00 149.00
140.50 149.00
140.00 149.00
139.50 149.00
139.00 149.00
138.50 149.00
138.00 149.00
137.50 149.00
137.00 149.00
136.50 149.00
136.00 148.50
135.50 148.50
135.00 148.50
134.50 148.50
134.00 148.50
133.50 148.00
133.00 148.00
132.50 148.00
132.00 148.00
131.50 147.50
131.00 147.50
130.50 147.00
130.00 147.00
129.50 147.00
129.00 146.50
128.50 146.00
128.00 146.00
127.50 146.00
127.00 145.50
126.50 145.00
126.00 145.00
125.50 144.50
125.00 144.00
124.50 143.50
124.00 143.00
123.50 142.50
123.00 142.00
122.50 141.50
122.00 141.00
121.50 140.50
121.50 140.00
121.00 139.50
120.50 139.00
120.50 138.50
120.00 138.00
120.00 137.50
119.50 137.00
119.50 136.50
119.00 136.00
119.00 135.50
119.00 135.00
118.50 134.50
118.50 134.00
118.00 133.50
118.00 133.00
118.00 132.50
118.00 132.00
117.50 131.50
117.50 131.00
117.50 130.50
117.50 130.00
117.50 129.50
117.00 129.00
117.00 128.50
117.00 128.00
117.00 127.50
117.00 127.00
117.00 126.50
117.00 126.00
117.00 125.50
117.00 125.00
117.00 124.50
117.00 124.00
117.00 123.50
117.00 123.00
117.00 122.50
117.00 122.00
117.50 121.50
117.50 121.00
117.50 120.50
117.50 120.00
117.50 119.50
118.00 119.00
118.00 118.50
118.00 118.00
118.00 117.50
118.50 117.00
118.50 116.50
118.50 116.00
119.00 115.50
119.00 115.00
119.00 114.50
119.50 114.00
119.50 113.50
120.00 113.00
120.00 112.50
120.50 112.00
120.50 111.50
121.00 111.00
121.50 110.50
121.50 110.00
122.00 109.50
122.50 109.00
122.50 108.50
123.00 108.00
123.50 107.50
124.00 107.00
124.00 106.50
124.50 106.00
125.00 105.50
125.50 105.00
126.00 104.50
126.50 104.00
127.00 103.50
127.50 103.00
128.00 102.50
128.50 102.00
129.00 101.50
129.50 101.50
130.00 101.00
130.50 100.50
131.00 100.50
131.50 100.00
132.00 99.50
132.50 99.00
133.00 99.00
133.50 98.50
134.00 98.50
134.50 98.00
135.00 98.00
135.50 97.50
136.00 97.50
136.50 97.00
137.00 97.00
137.50 96.50
138.00 96.50
138.50 96.50
139.00 96.00
139.50 96.00
140.00 96.00
140.50 95.50
141.00 95.50
141.50 95.50
142.00 95.50
142.50 95.50
143.00 95.50
143.50 95.00
144.00 95.00
144.50 95.00
145.00 95.00
145.50 95.00
146.00 95.00
146.50 95.00
147.00 95.00
147.50 95.00
148.00 95.00
148.50 95.00
149.00 95.00
149.50 95.00
150.00 95.50
150.50 95.50
151.00 95.50
151.50 95.50
152.00 95.50
152.50 96.00
153.00 96.00
153.50 96.00
154.00 96.50
154.50 96.50
155.00 97.00
155.50 97.00
156.00 97.00
156.50 97.00
157.00 97.50
157.50 97.50
158.00 98.00
158.50 98.50
159.00 99.00
159.50 99.50
160.00 100.00
160.50 100.50
161.00 100.50
161.50 101.00
162.00 101.50
162.50 102.00
163.00 102.50
163.50 103.00
164.00 103.50
164.50 104.00
165.00 104.50
165.50 105.00
166.00 105.50
166.00 106.00
166.50 106.50
167.00 107.00
167.50 107.50
167.50 108.00
168.00 108.50
168.50 109.00
168.50 109.50
169.00 110.00
169.00 110.50
169.50 111.00
169.50 111.50
169.50 112.00
170.00 112.50
170.00 113.00
170.00 113.50
170.50 114.00
170.50 114.50
170.50 115.00
171.00 115.50
171.00 116.00
171.00 116.50
171.00 117.00
171.00 117.50
171.00 118.00
171.00 118.50
171.50 119.00
171.50 119.50
171.50 120.00
171.50 120.50
171.50 121.00
171.50 121.50
171.50 122.00
171.50 122.50
171.50 123.00
171.50 123.50
171.50 124.00
171.00 124.50
171.00 125.00
171.00 125.50
171.00 126.00
171.00 126.50
171.00 127.00
171.00 127.50
170.50 128.00
170.50 128.50
170.50 129.00
170.50 129.50
170.00 130.00
170.00 130.50
170.00 131.00
169.50 131.50
169.50 132.00
169.00 132.50
169.00 133.00
168.50 133.50
168.50 134.00
168.00 134.50
168.00 135.00
168.00 135.50
167.50 136.00
167.00 136.50
167.00 137.00
166.50 137.50
166.50 138.00
166.00 138.50
166.00 139.00
165.50 139.50
165.50 140.00
165.00 140.50
