147.00 144.00
146.50 144.50
146.00 144.50
145.50 144.50
145.00 144.50
144.50 144.50
144.00 144.50
143.50 145.00
143.00 145.00
142.50 145.00
142.00 145.00
141.50 145.00
141.00 145.00
140.50 145.00
140.00 145.00
139.50 145.00
139.00 145.00
138.50 145.00
138.00 145.00
137.50 145.00
137.00 145.00
136.50 145.00
136.00 145.00
135.50 144.50
135.00 144.50
134.50 144.50
134.00 144.50
133.50 144.50
133.00 144.00
132.50 144.00
132.00 144.00
131.50 143.50
131.00 143.50
130.50 143.50
130.00 143.50
129.50 143.00
129.00 143.00
128.50 142.50
128.00 142.50
127.50 142.00
127.00 141.50
126.50 141.50
126.00 141.00
125.50 140.50
125.00 140.50
124.50 140.00
124.00 139.50
123.50 139.00
123.00 138.50
122.50 138.00
122.00 137.50
121.50 137.00
121.50 136.50
121.00 136.00
120.50 135.50
120.50 135.00
120.00 134.50
119.50 134.00
119.50 133.50
119.00 133.00
119.00 132.50
119.00 132.00
119.00 131.50
119.00 131.00
119.00 130.50
118.50 130.00
118.50 129.50
118.50 129.00
118.50 128.50
119.00 128.00
119.00 127.50
119.00 127.00
119.00 126.50
119.00 126.00
119.00 125.50
119.00 125.00
119.50 124.50
119.50 124.00
119.50 123.50
119.50 123.00
119.50 122.50
120.00 122.00
120.00 121.50
120.00 121.00
120.50 120.50
120.50 120.00
120.50 119.50
121.00 119.00
121.00 118.50
121.50 118.00
121.50 117.50
121.50 117.00
122.00 116.50
122.00 116.00
122.50 115.50
122.50 115.00
123.00 114.50
123.00 114.00
123.50 113.50
123.50 113.00
123.50 112.50
124.00 112.00
124.50 111.50
124.50 111.00
124.50 110.50
125.00 110.00
125.50 109.50
125.50 109.00
126.00 108.50
126.50 108.00
127.00 107.50
127.50 107.00
127.50 106.50
127.50 106.00
128.00 105.50
128.50 105.00
129.00 104.50
129.50 104.00
130.00 104.00
130.50 103.50
131.00 103.00
131.50 102.50
132.00 102.00
132.50 102.00
133.00 101.50
133.50 101.00
134.00 101.00
134.50 100.50
135.00 100.50
135.50 100.00
136.00 100.00
136.50 100.00
137.00 99.50
137.50 99.50
138.00 99.50
138.50 99.50
139.00 99.00
139.50 99.00
140.00 99.00
140.50 99.00
141.00 99.00
141.50 99.00
142.00 99.00
142.50 99.00
143.00 99.00
143.50 99.00
144.00 99.00
144.50 99.00
145.00 99.00
145.50 99.00
146.00 99.00
146.50 99.50
147.00 99.50
147.50 99.50
148.00 99.50
148.50 100.00
149.00 100.00
149.50 100.00
150.00 100.50
150.50 100.50
151.00 101.00
151.50 101.00
152.00 101.00
152.50 101.50
153.00 102.00
153.50 102.00
154.00 102.50
154.50 102.50
155.00 103.00
155.50 103.00
156.00 103.50
156.50 104.00
157.00 104.50
157.50 105.00
158.00 105.00
158.50 105.50
159.00 106.00
159.50 106.50
160.00 107.00
160.50 107.50
161.00 108.00
161.00 108.50
161.00 109.00
161.50 109.50
162.00 110.00
162.00 110.50
162.50 111.00
163.00 111.50
163.00 112.00
163.50 112.50
163.50 113.00
163.50 113.50
164.00 114.00
164.00 114.50
164.00 115.00
164.50 115.50
164.50 116.00
164.50 116.50
164.50 117.00
165.00 117.50
165.00 118.00
165.00 118.50
165.00 119.00
165.00 119.50
165.00 120.00
165.00 120.50
165.00 121.00
165.00 121.50
165.00 122.00
165.00 122.50
165.00 123.00
165.00 123.50
165.00 124.00
165.00 124.50
165.00 125.00
165.00 125.50
165.00 126.00
164.50 126.50
164.50 127.00
164.50 127.50
164.50 128.00
164.50 128.50
164.00 129.00
164.00 129.50
164.00 130.00
163.50 130.50
163.50 131.00
163.50 131.50
163.00 132.00
163.00 132.50
162.50 133.00
162.50 133.50
162.00 134.00
162.00 134.50
161.50 135.00
161.00 135.50
160.50 136.00
160.50 136.50
160.00 137.00
159.50 137.50
159.00 138.00
158.50 138.50
158.00 139.00
157.50 139.00
157.00 139.50
156.50 140.00
156.00 140.50
155.50 140.50
155.00 141.00
154.50 141.50
154.00 141.50
153.50 142.00
153.00 142.00
152.50 142.50
152.00 142.50
151.50 142.50
151.00 143.00
150.50 143.00
150.00 143.50
149.50 143.50
149.00 143.50
148.50 144.00
148.00 144.00
147.50 144.00
