161.50 128.50
161.00 128.50
160.50 128.50
160.00 128.50
159.50 128.50
159.00 128.50
158.50 128.00
158.00 127.50
157.50 127.50
157.00 127.00
156.50 126.50
156.00 126.00
156.00 125.50
155.50 125.00
155.50 124.50
155.00 124.00
154.50 123.50
154.00 123.00
153.50 122.50
153.00 122.00
153.00 121.50
152.50 121.00
152.00 120.50
152.00 120.00
151.50 119.50
151.50 119.00
151.00 118.50
151.00 118.00
151.00 117.50
151.00 117.00
151.00 116.50
151.00 116.00
151.00 115.50
151.00 115.00
151.00 114.50
151.50 114.00
152.00 113.50
152.50 113.00
153.00 112.50
153.50 112.50
154.00 112.00
154.50 112.00
155.00 111.50
155.50 111.50
156.00 111.50
156.50 111.50
157.00 111.50
157.50 111.50
158.00 111.50
158.50 111.50
159.00 112.00
159.50 112.00
160.00 112.50
160.50 113.00
161.00 113.50
161.00 114.00
161.00 114.50
161.50 115.00
161.50 115.50
162.00 116.00
162.00 116.50
162.00 117.00
162.00 117.50
162.50 118.00
163.00 118.50
163.00 119.00
163.50 119.50
163.50 120.00
164.00 120.50
164.50 121.00
164.50 121.50
165.00 122.00
165.00 122.50
165.00 123.00
165.00 123.50
165.00 124.00
165.00 124.50
164.50 125.00
164.50 125.50
164.50 126.00
164.00 126.50
163.50 127.00
163.00 127.50
162.50 128.00
162.00 128.00
