163.00 101.50
163.50 102.00
164.00 102.50
164.50 103.00
165.00 103.50
165.00 104.00
165.50 104.50
166.00 105.00
166.50 105.50
167.00 106.00
167.50 106.50
168.00 107.00
168.00 107.50
168.50 108.00
169.00 108.50
169.50 109.00
169.50 109.50
170.00 110.00
170.50 110.50
171.00 111.00
171.50 111.50
171.50 112.00
171.50 112.50
172.00 113.00
172.50 113.50
173.00 114.00
172.50 114.50
172.50 115.00
172.50 115.50
172.50 116.00
172.50 116.50
172.50 117.00
172.50 117.50
172.50 118.00
172.50 118.50
172.50 119.00
172.50 119.50
172.50 120.00
172.50 120.50
172.50 121.00
172.50 121.50
172.50 122.00
172.50 122.50
172.50 123.00
172.50 123.50
172.50 124.00
172.50 124.50
172.50 125.00
172.50 125.50
172.50 126.00
172.50 126.50
172.00 127.00
172.00 127.50
172.00 128.00
172.00 128.50
172.00 129.00
172.00 129.50
172.00 130.00
172.00 130.50
171.50 131.00
171.50 131.50
171.50 132.00
171.50 132.50
171.00 133.00
171.00 133.50
171.00 134.00
170.50 134.50
170.50 135.00
170.50 135.50
170.00 136.00
169.50 136.50
169.50 137.00
169.00 137.50
169.00 138.00
168.50 138.50
168.00 139.00
168.00 139.50
167.50 140.00
167.00 140.50
167.00 141.00
166.50 141.50
166.00 142.00
165.50 142.50
165.00 143.00
164.50 143.50
164.00 144.00
163.50 144.50
163.00 145.00
162.50 145.50
162.00 146.00
161.50 146.50
161.00 146.50
160.50 147.00
160.00 147.50
159.50 147.50
159.00 148.00
158.50 148.50
158.00 148.50
157.50 149.00
157.00 149.50
156.50 149.50
156.00 150.00
155.50 150.00
155.00 150.50
154.50 150.50
154.00 151.00
153.50 151.00
153.00 151.50
152.50 151.50
152.00 152.00
151.50 152.00
151.00 152.50
150.50 152.50
150.00 152.50
149.50 153.00
149.00 153.00
148.50 153.00
148.00 153.50
147.50 153.50
147.00 153.50
146.50 154.00
146.00 154.00
145.50 154.00
145.00 154.00
144.50 154.50
144.00 154.50
143.50 154.50
143.00 154.50
142.50 154.50
142.00 155.00
141.50 155.00
141.00 155.00
140.50 155.00
140.00 155.00
139.50 155.00
139.00 155.00
138.50 155.00
138.00 155.50
137.50 155.50
137.00 155.50
136.50 155.50
136.00 155.50
135.50 155.50
135.00 155.00
134.50 155.00
134.00 155.00
133.50 155.00
133.00 155.00
132.50 155.00
132.00 155.00
131.50 155.00
131.00 154.50
130.50 154.50
130.00 154.50
129.50 154.00
129.00 154.00
128.50 154.00
128.00 153.50
127.50 153.50
127.00 153.00
126.50 152.50
126.00 152.50
125.50 152.00
125.00 151.50
124.50 151.50
124.00 151.00
124.00 150.50
123.50 150.00
123.00 150.00
122.50 149.50
122.00 149.00
122.00 148.50
121.50 148.00
121.00 147.50
121.00 147.00
120.50 146.50
120.00 146.00
120.00 145.50
119.50 145.00
119.50 144.50
119.50 144.00
119.00 143.50
119.00 143.00
118.50 142.50
118.50 142.00
118.50 141.50
118.00 141.00
118.00 140.50
118.00 140.00
117.50 139.50
117.50 139.00
117.50 138.50
117.50 138.00
117.50 137.50
117.50 137.00
117.00 136.50
117.00 136.00
117.00 135.50
117.00 135.00
117.00 134.50
117.00 134.00
117.00 133.50
117.00 133.00
117.00 132.50
117.00 132.00
117.00 131.50
117.00 131.00
117.00 130.50
117.00 130.00
117.00 129.50
117.00 129.00
117.00 128.50
117.00 128.00
117.00 127.50
117.50 127.00
117.50 126.50
117.50 126.00
117.50 125.50
117.50 125.00
117.50 124.50
118.00 124.00
118.00 123.50
118.00 123.00
118.00 122.50
118.00 122.00
118.50 121.50
118.50 121.00
118.50 120.50
118.50 120.00
119.00 119.50
119.00 119.00
119.50 118.50
119.50 118.00
119.50 117.50
119.50 117.00
120.00 116.50
120.00 116.00
120.50 115.50
120.50 115.00
120.50 114.50
121.00 114.00
121.00 113.50
121.50 113.00
122.00 112.50
122.00 112.00
122.00 111.50
122.50 111.00
123.00 110.50
123.00 110.00
123.50 109.50
123.50 109.00
124.00 108.50
124.00 108.00
124.50 107.50
125.00 107.00
125.50 106.50
125.50 106.00
126.00 105.50
126.50 105.00
127.00 104.50
127.00 104.00
127.50 103.50
128.00 103.00
128.50 103.00
129.00 102.50
129.50 102.00
130.00 101.50
130.50 101.00
131.00 101.00
131.50 100.50
132.00 100.00
132.50 100.00
133.00 100.00
133.50 99.50
134.00 99.50
134.50 99.00
135.00 99.00
135.50 99.00
136.00 98.50
136.50 98.50
137.00 98.50
137.50 98.00
138.00 98.00
138.50 98.00
139.00 97.50
139.50 97.50
140.00 97.50
140.50 97.50
141.00 97.00
141.50 97.00
142.00 97.00
142.50 97.00
143.00 96.50
143.50 96.50
144.00 96.50
144.50 96.00
145.00 96.00
145.50 96.00
146.00 95.50
146.50 95.50
147.00 96.00
147.50 96.00
148.00 96.00
148.50 96.00
149.00 96.00
149.50 95.50
150.00 95.50
150.50 95.50
151.00 95.50
151.50 95.50
152.00 95.50
152.50 95.50
153.00 95.50
153.50 95.50
154.00 95.50
154.50 95.50
155.00 96.00
155.50 96.00
156.00 96.00
156.50 96.00
157.00 96.50
157.50 96.50
158.00 96.50
158.50 97.00
159.00 97.50
159.50 98.00
160.00 98.00
160.50 98.50
161.00 99.00
161.50 99.50
162.00 100.00
162.50 100.50
163.00 101.00
