141.00 148.00
140.50 148.00
140.00 148.00
139.50 148.00
139.00 147.50
138.50 147.50
138.00 147.50
137.50 147.00
137.00 147.00
136.50 147.00
136.00 147.00
135.50 146.50
135.00 146.50
134.50 146.00
134.00 145.50
133.50 145.50
133.00 145.00
132.50 144.50
132.00 144.50
131.50 144.00
131.00 143.50
130.50 143.00
130.00 142.50
129.50 142.00
129.00 141.50
128.50 141.00
128.00 140.50
127.50 140.00
127.50 139.50
127.00 139.00
126.50 138.50
126.50 138.00
126.00 137.50
125.50 137.00
125.50 136.50
125.50 136.00
125.00 135.50
125.00 135.00
125.00 134.50
124.50 134.00
124.50 133.50
124.50 133.00
124.50 132.50
124.50 132.00
124.00 131.50
124.00 131.00
124.00 130.50
124.00 130.00
124.00 129.50
124.00 129.00
124.00 128.50
124.00 128.00
124.00 127.50
124.50 127.00
124.50 126.50
124.50 126.00
124.50 125.50
124.50 125.00
124.50 124.50
124.50 124.00
125.00 123.50
125.00 123.00
125.00 122.50
125.00 122.00
125.00 121.50
125.50 121.00
125.50 120.50
125.50 120.00
126.00 119.50
126.00 119.00
126.00 118.50
126.50 118.00
126.50 117.50
126.50 117.00
127.00 116.50
127.00 116.00
127.50 115.50
127.50 115.00
127.50 114.50
128.00 114.00
128.00 113.50
128.50 113.00
128.50 112.50
129.00 112.00
129.00 111.50
129.50 111.00
130.00 110.50
130.00 110.00
130.50 109.50
130.50 109.00
131.00 108.50
131.50 108.00
132.00 107.50
132.50 107.00
133.00 106.50
133.50 106.00
134.00 105.50
134.50 105.00
135.00 104.50
135.50 104.50
136.00 104.00
136.50 103.50
137.00 103.00
137.50 103.00
138.00 102.50
138.50 102.00
139.00 102.00
139.50 101.50
140.00 101.50
140.50 101.00
141.00 100.50
141.50 100.50
142.00 100.50
142.50 100.00
143.00 100.00
143.50 100.00
144.00 99.50
144.50 99.50
145.00 99.50
145.50 99.50
146.00 99.00
146.50 99.00
147.00 99.00
147.50 99.00
148.00 99.00
148.50 99.00
149.00 99.00
149.50 99.00
150.00 99.00
150.50 99.00
151.00 99.00
151.50 99.00
152.00 99.00
152.50 99.50
153.00 99.50
153.50 99.50
154.00 100.00
154.50 100.00
155.00 100.50
155.50 100.50
156.00 101.00
156.50 101.50
157.00 102.00
157.50 102.50
158.00 103.00
158.50 103.50
159.00 104.00
159.50 104.50
160.00 105.00
160.00 105.50
160.50 106.00
161.00 106.50
161.00 107.00
161.50 107.50
161.50 108.00
162.00 108.50
162.00 109.00
162.00 109.50
162.50 110.00
162.50 110.50
163.00 111.00
163.00 111.50
163.50 112.00
163.50 112.50
163.50 113.00
164.00 113.50
164.00 114.00
164.00 114.50
164.50 115.00
164.50 115.50
164.50 116.00
164.50 116.50
165.00 117.00
165.00 117.50
165.00 118.00
165.00 118.50
165.00 119.00
165.00 119.50
165.50 120.00
165.50 120.50
165.50 121.00
165.50 121.50
165.50 122.00
165.50 122.50
165.50 123.00
165.50 123.50
165.50 124.00
165.50 124.50
165.50 125.00
165.50 125.50
165.50 126.00
165.00 126.50
165.00 127.00
165.00 127.50
165.00 128.00
165.00 128.50
165.00 129.00
164.50 129.50
164.50 130.00
164.50 130.50
164.00 131.00
164.00 131.50
164.00 132.00
163.50 132.50
163.50 133.00
163.00 133.50
163.00 134.00
162.50 134.50
162.50 135.00
162.00 135.50
161.50 136.00
161.50 136.50
161.00 137.00
160.50 137.50
160.50 138.00
160.00 138.50
159.50 139.00
159.00 139.50
159.00 140.00
158.50 140.50
158.00 141.00
157.50 141.00
157.00 141.50
157.00 142.00
156.50 142.50
156.00 143.00
155.50 143.00
155.00 143.50
154.50 144.00
154.00 144.00
153.50 144.50
153.00 145.00
152.50 145.00
152.00 145.50
151.50 146.00
151.00 146.00
150.50 146.00
150.00 146.50
149.50 146.50
149.00 147.00
148.50 147.00
148.00 147.00
147.50 147.50
147.00 147.50
146.50 147.50
146.00 147.50
145.50 148.00
145.00 148.00
144.50 148.00
144.00 148.00
143.50 148.00
143.00 148.00
142.50 148.00
142.00 148.00
141.50 148.00
