137.50 153.00
137.00 153.00
136.50 153.00
136.00 153.00
135.50 152.50
135.00 152.50
134.50 152.50
134.00 152.50
133.50 152.50
133.00 152.00
132.50 152.00
132.00 152.00
131.50 151.50
131.00 151.50
130.50 151.00
130.00 151.00
129.50 151.00
129.00 150.50
128.50 150.50
128.00 150.00
127.50 150.00
127.00 149.50
126.50 149.00
126.00 149.00
125.50 148.50
125.00 148.50
124.50 148.00
124.00 147.50
123.50 147.00
123.00 146.50
122.50 146.00
122.00 145.50
121.50 145.00
121.00 144.50
120.50 144.00
120.50 143.50
120.00 143.00
119.50 142.50
119.50 142.00
119.00 141.50
119.00 141.00
118.50 140.50
118.50 140.00
118.50 139.50
118.00 139.00
118.00 138.50
118.00 138.00
118.00 137.50
117.50 137.00
117.50 136.50
117.50 136.00
117.50 135.50
117.50 135.00
117.50 134.50
117.00 134.00
117.00 133.50
117.00 133.00
117.00 132.50
117.00 132.00
117.00 131.50
117.00 131.00
117.00 130.50
117.00 130.00
117.00 129.50
117.00 129.00
117.00 128.50
117.00 128.00
117.00 127.50
117.00 127.00
117.00 126.50
117.00 126.00
117.00 125.50
117.00 125.00
117.00 124.50
117.00 124.00
117.00 123.50
117.00 123.00
117.00 122.50
117.50 122.00
117.50 121.50
117.50 121.00
117.50 120.50
117.50 120.00
117.50 119.50
117.50 119.00
118.00 118.50
118.00 118.00
118.00 117.50
118.00 117.00
118.50 116.50
118.50 116.00
118.50 115.50
118.50 115.00
118.50 114.50
119.00 114.00
119.00 113.50
119.50 113.00
119.50 112.50
120.00 112.00
120.00 111.50
120.50 111.00
120.50 110.50
121.00 110.00
121.50 109.50
122.00 109.00
122.00 108.50
122.50 108.00
123.00 107.50
123.50 107.00
124.00 106.50
124.50 106.50
125.00 106.00
125.50 105.50
126.00 105.00
126.50 104.50
127.00 104.00
127.50 104.00
128.00 103.50
128.50 103.00
129.00 103.00
129.50 102.50
130.00 102.50
130.50 102.00
131.00 102.00
131.50 101.50
132.00 101.00
132.50 101.00
133.00 100.50
133.50 100.00
134.00 100.00
134.50 99.50
135.00 99.50
135.50 99.00
136.00 99.00
136.50 98.50
137.00 98.00
137.50 98.00
138.00 97.50
138.50 97.50
139.00 97.00
139.50 97.00
140.00 96.50
140.50 96.50
141.00 96.50
141.50 96.00
142.00 96.00
142.50 95.50
143.00 95.50
143.50 95.50
144.00 95.00
144.50 95.00
145.00 95.00
145.50 95.00
146.00 94.50
146.50 94.50
147.00 94.50
147.50 94.50
148.00 94.50
148.50 94.50
149.00 94.50
149.50 94.50
150.00 94.50
150.50 94.50
151.00 94.50
151.50 95.00
152.00 95.00
152.50 95.00
153.00 95.00
153.50 95.50
154.00 95.50
154.50 95.50
155.00 96.00
155.50 96.00
156.00 96.50
156.50 96.50
157.00 97.00
157.50 97.50
158.00 97.50
158.50 97.50
159.00 98.00
159.50 98.50
160.00 99.00
160.50 99.50
161.00 99.50
161.50 100.00
162.00 100.50
162.50 101.00
163.00 101.50
163.50 102.00
163.50 102.50
164.00 103.00
164.50 103.50
165.00 104.00
165.50 104.50
165.50 105.00
166.00 105.50
166.50 106.00
166.50 106.50
167.00 107.00
167.50 107.50
167.50 108.00
168.00 108.50
168.50 109.00
168.50 109.50
169.00 110.00
169.00 110.50
169.00 111.00
169.50 111.50
170.00 112.00
170.00 112.50
170.50 113.00
170.50 113.50
171.00 114.00
171.00 114.50
171.50 115.00
171.50 115.50
172.00 116.00
172.00 116.50
172.00 117.00
172.50 117.50
172.50 118.00
172.50 118.50
172.50 119.00
173.00 119.50
173.00 120.00
173.00 120.50
173.00 121.00
173.00 121.50
173.00 122.00
173.00 122.50
173.50 123.00
173.50 123.50
173.50 124.00
173.50 124.50
173.50 125.00
173.50 125.50
173.00 126.00
173.00 126.50
173.00 127.00
173.00 127.50
173.00 128.00
173.00 128.50
173.00 129.00
172.50 129.50
172.50 130.00
172.50 130.50
172.50 131.00
172.00 131.50
172.00 132.00
172.00 132.50
171.50 133.00
171.50 133.50
171.00 134.00
171.00 134.50
171.00 135.00
170.50 135.50
170.50 136.00
170.00 136.50
170.00 137.00
169.50 137.50
169.00 138.00
169.00 138.50
168.50 139.00
168.00 139.50
168.00 140.00
167.50 140.50
167.00 141.00
166.50 141.50
166.00 142.00
165.50 142.50
165.00 143.00
164.50 143.50
164.00 144.00
163.50 144.50
163.00 145.00
162.50 145.00
162.00 145.50
161.50 145.50
161.00 146.00
160.50 146.50
160.00 147.00
159.50 147.00
159.00 147.50
158.50 148.00
158.00 148.00
157.50 148.50
157.00 148.50
156.50 149.00
156.00 149.00
155.50 149.50
155.00 149.50
154.50 149.50
154.00 150.00
153.50 150.00
153.00 150.50
152.50 150.50
152.00 151.00
151.50 151.00
151.00 151.00
150.50 151.50
150.00 151.50
149.50 151.50
149.00 151.50
148.50 152.00
148.00 152.00
147.50 152.00
147.00 152.50
146.50 152.50
146.00 152.50
145.50 152.50
145.00 153.00
144.50 153.00
144.00 153.00
143.50 153.00
143.00 153.00
142.50 153.00
142.00 153.00
141.50 153.00
141.00 153.00
140.50 153.00
140.00 153.00
139.50 153.00
139.00 153.00
138.50 153.00
138.00 153.00
