140.50 130.00
140.00 130.00
139.50 130.00
139.00 130.00
138.50 129.50
138.00 129.50
137.50 129.50
137.00 129.50
136.50 129.00
136.00 129.00
135.50 128.50
135.00 128.50
134.50 128.00
134.00 127.50
133.50 127.00
133.50 126.50
133.50 126.00
133.00 125.50
133.00 125.00
133.00 124.50
133.00 124.00
133.00 123.50
133.50 123.00
133.50 122.50
133.50 122.00
133.50 121.50
134.00 121.00
134.50 120.50
134.50 120.00
135.00 119.50
135.00 119.00
135.50 118.50
136.00 118.50
136.50 118.00
137.00 117.50
137.50 117.50
138.00 117.00
138.50 117.00
139.00 116.50
139.50 116.50
140.00 116.50
140.50 116.50
141.00 116.50
141.50 116.50
142.00 117.00
142.50 117.00
143.00 117.00
143.50 117.50
144.00 117.50
144.50 118.00
145.00 118.00
145.50 118.50
146.00 119.00
146.50 119.50
147.00 120.00
147.50 120.50
147.50 121.00
148.00 121.50
148.00 122.00
148.00 122.50
148.00 123.00
148.00 123.50
148.00 124.00
148.00 124.50
148.00 125.00
148.00 125.50
147.50 126.00
147.50 126.50
147.00 127.00
147.00 127.50
146.50 128.00
146.00 128.50
145.50 129.00
145.00 129.00
144.50 129.50
144.00 129.50
143.50 129.50
143.00 130.00
142.50 130.00
142.00 130.00
141.50 130.00
141.00 130.00
