144.00 141.00
143.50 141.50
143.00 141.50
142.50 142.00
142.00 142.00
141.50 142.00
141.00 142.00
140.50 142.00
140.00 142.00
139.50 142.00
139.00 142.00
138.50 142.00
138.00 142.00
137.50 142.00
137.00 142.50
136.50 142.50
136.00 142.50
135.50 142.50
135.00 142.50
134.50 142.50
134.00 142.50
133.50 142.50
133.00 142.00
132.50 142.00
132.00 141.50
131.50 141.00
131.50 140.50
131.00 140.00
131.50 139.50
131.50 139.00
132.00 138.50
132.50 138.50
133.00 138.00
133.50 138.00
134.00 138.00
134.50 137.50
135.00 137.00
135.50 137.00
136.00 136.50
136.50 136.50
137.00 136.00
137.50 135.50
138.00 135.50
138.50 135.00
139.00 135.00
139.50 135.00
140.00 135.00
140.50 135.00
141.00 135.00
141.50 135.00
142.00 135.00
142.50 135.00
143.00 135.50
143.50 136.00
144.00 136.50
144.50 137.00
144.50 137.50
144.50 138.00
144.50 138.50
144.50 139.00
144.50 139.50
144.50 140.00
144.50 140.50
