144.00 139.50
144.00 139.00
144.00 138.50
144.00 138.00
143.50 137.50
143.00 137.50
142.50 137.50
142.00 137.50
141.50 137.50
141.00 137.50
140.50 137.50
140.00 137.00
139.50 136.50
139.50 136.00
139.50 135.50
139.50 135.00
140.00 134.50
140.50 134.00
141.00 134.00
141.50 134.00
142.00 133.50
142.50 133.50
143.00 133.50
143.50 133.50
144.00 134.00
144.50 134.00
145.00 134.00
145.50 134.50
146.00 135.00
146.00 135.50
146.00 136.00
146.00 136.50
146.00 137.00
146.00 137.50
145.50 138.00
145.50 138.50
145.00 139.00
145.00 139.50
144.50 140.00
144.00 139.50
