127.50 143.50
127.00 143.00
126.50 142.50
126.00 142.00
126.00 141.50
125.50 141.00
125.50 140.50
125.00 140.00
125.00 139.50
125.00 139.00
124.50 138.50
124.50 138.00
124.50 137.50
124.50 137.00
124.50 136.50
124.00 136.00
124.00 135.50
124.00 135.00
124.00 134.50
124.00 134.00
124.00 133.50
124.00 133.00
124.00 132.50
124.00 132.00
124.00 131.50
124.00 131.00
124.00 130.50
124.00 130.00
124.00 129.50
124.00 129.00
124.00 128.50
124.00 128.00
124.00 127.50
124.00 127.00
124.00 126.50
124.00 126.00
124.00 125.50
124.00 125.00
124.00 124.50
124.00 124.00
124.00 123.50
124.00 123.00
124.00 122.50
124.00 122.00
124.50 121.50
124.50 121.00
124.50 120.50
124.50 120.00
124.50 119.50
124.50 119.00
124.50 118.50
125.00 118.00
125.00 117.50
125.00 117.00
125.00 116.50
125.00 116.00
125.50 115.50
125.50 115.00
125.50 114.50
126.00 114.00
126.00 113.50
126.50 113.00
126.50 112.50
126.50 112.00
127.00 111.50
127.00 111.00
127.50 110.50
128.00 110.00
128.50 109.50
128.50 109.00
129.00 108.50
129.50 108.00
130.00 107.50
130.50 107.00
131.00 106.50
131.50 106.00
132.00 106.00
132.50 105.50
133.00 105.00
133.50 105.00
134.00 104.50
134.50 104.50
135.00 104.00
135.50 104.00
136.00 103.50
136.50 103.50
137.00 103.00
137.50 103.00
138.00 102.50
138.50 102.50
139.00 102.50
139.50 102.50
140.00 102.00
140.50 102.00
141.00 102.00
141.50 102.00
142.00 101.50
142.50 101.50
143.00 101.50
143.50 101.50
144.00 101.50
144.50 101.50
145.00 101.50
145.50 101.50
146.00 101.50
146.50 101.00
147.00 101.00
147.50 101.00
148.00 101.00
148.50 101.50
149.00 101.50
149.50 101.50
150.00 101.50
150.50 101.50
151.00 101.50
151.50 101.50
152.00 102.00
152.50 102.00
153.00 102.00
153.50 102.00
154.00 102.50
154.50 102.50
155.00 103.00
155.50 103.00
156.00 103.50
156.50 103.50
157.00 104.00
157.50 104.50
158.00 104.50
158.50 105.00
159.00 105.50
159.50 106.00
160.00 106.50
160.00 107.00
160.50 107.50
161.00 108.00
161.50 108.50
161.50 109.00
162.00 109.50
162.00 110.00
162.50 110.50
162.50 111.00
163.00 111.50
163.00 112.00
163.00 112.50
163.00 113.00
163.50 113.50
163.50 114.00
163.50 114.50
164.00 115.00
164.00 115.50
164.00 116.00
164.00 116.50
164.50 117.00
164.50 117.50
164.50 118.00
164.50 118.50
164.50 119.00
164.50 119.50
164.50 120.00
164.50 120.50
164.50 121.00
164.50 121.50
164.50 122.00
164.50 122.50
164.50 123.00
164.50 123.50
164.50 124.00
164.50 124.50
164.00 125.00
164.00 125.50
164.00 126.00
164.00 126.50
164.00 127.00
164.00 127.50
163.50 128.00
163.50 128.50
163.50 129.00
163.00 129.50
163.00 130.00
163.00 130.50
162.50 131.00
162.50 131.50
162.00 132.00
162.00 132.50
162.00 133.00
161.50 133.50
161.00 134.00
161.00 134.50
160.50 135.00
160.00 135.50
160.00 136.00
159.50 136.50
159.00 137.00
158.50 137.50
158.00 138.00
158.00 138.50
157.50 139.00
157.00 139.50
156.50 139.50
156.00 140.00
155.50 140.50
155.00 141.00
154.50 141.50
154.00 141.50
153.50 142.00
153.00 142.00
152.50 142.50
152.00 143.00
151.50 143.00
151.00 143.50
150.50 144.00
150.00 144.00
149.50 144.00
149.00 144.50
148.50 144.50
148.00 144.50
147.50 145.00
147.00 145.00
146.50 145.50
146.00 145.50
145.50 145.50
145.00 146.00
144.50 146.00
144.00 146.00
143.50 146.00
143.00 146.00
142.50 146.50
142.00 146.50
141.50 146.50
141.00 146.50
140.50 146.50
140.00 146.50
139.50 147.00
139.00 147.00
138.50 147.00
138.00 147.00
137.50 147.00
137.00 147.00
136.50 147.00
136.00 147.00
135.50 147.00
135.00 146.50
134.50 146.50
134.00 146.50
133.50 146.50
133.00 146.50
132.50 146.50
132.00 146.00
131.50 146.00
131.00 146.00
130.50 145.50
130.00 145.00
129.50 145.00
129.00 145.00
128.50 144.50
128.00 144.00
