157.50 128.00
157.00 127.50
156.50 127.00
156.50 126.50
156.50 126.00
156.50 125.50
156.00 125.00
156.00 124.50
156.00 124.00
155.50 123.50
155.50 123.00
155.50 122.50
155.00 122.00
154.50 121.50
154.00 121.00
154.00 120.50
153.50 120.00
153.00 119.50
152.50 119.00
152.50 118.50
152.50 118.00
152.50 117.50
153.00 117.00
153.00 116.50
153.50 116.00
154.00 115.50
154.00 115.00
154.50 114.50
154.50 114.00
155.00 113.50
155.00 113.00
155.50 112.50
155.50 112.00
156.00 111.50
156.50 111.00
157.00 111.00
157.50 111.00
158.00 111.00
158.50 111.00
159.00 111.50
159.50 111.50
160.00 112.00
160.50 112.50
161.00 112.50
161.50 113.00
162.00 113.50
162.50 114.00
163.00 114.50
163.00 115.00
163.50 115.50
164.00 116.00
164.00 116.50
164.00 117.00
164.00 117.50
164.50 118.00
164.50 118.50
164.50 119.00
164.50 119.50
164.50 120.00
164.50 120.50
164.50 121.00
164.50 121.50
164.50 122.00
164.50 122.50
164.00 123.00
164.00 123.50
163.50 124.00
163.00 124.50
162.50 125.00
162.00 125.00
161.50 125.50
161.00 126.00
160.50 126.50
160.00 127.00
159.50 127.00
159.00 127.50
158.50 128.00
158.00 128.00
