142.00 142.00
141.50 142.00
141.00 142.00
140.50 142.00
140.00 141.50
139.50 141.50
139.00 141.50
138.50 141.50
138.00 141.50
137.50 141.50
137.00 141.50
136.50 141.50
136.00 141.50
135.50 141.50
135.00 141.50
134.50 141.50
134.00 141.00
133.50 141.00
133.00 140.50
132.50 140.00
132.00 139.50
132.00 139.00
132.00 138.50
132.50 138.00
132.50 137.50
133.00 137.00
133.00 136.50
133.50 136.00
134.00 135.50
134.50 135.00
135.00 134.50
135.50 134.50
136.00 134.00
136.50 134.00
137.00 134.00
137.50 134.00
138.00 134.00
138.50 134.50
139.00 134.50
139.50 134.50
140.00 135.00
140.50 135.50
141.00 136.00
141.50 136.50
142.00 137.00
142.50 137.50
142.50 138.00
142.50 138.50
142.50 139.00
142.50 139.50
143.00 140.00
142.50 140.50
142.50 141.00
142.50 141.50
