135.50 140.00
135.00 140.00
134.50 139.50
134.00 139.50
133.50 139.50
133.00 139.00
132.50 139.00
132.00 138.50
131.50 138.50
131.00 138.50
130.50 138.00
130.00 138.00
129.50 137.50
129.00 137.50
128.50 137.00
128.00 136.50
127.50 136.50
127.00 136.00
126.50 135.50
126.00 135.00
125.50 134.50
125.00 134.00
124.50 133.50
124.50 133.00
124.00 132.50
123.50 132.00
123.50 131.50
123.50 131.00
123.50 130.50
123.50 130.00
123.50 129.50
123.50 129.00
123.50 128.50
123.50 128.00
123.50 127.50
123.50 127.00
123.50 126.50
123.50 126.00
123.50 125.50
124.00 125.00
124.00 124.50
124.00 124.00
124.00 123.50
124.50 123.00
124.50 122.50
124.50 122.00
125.00 121.50
125.00 121.00
125.50 120.50
125.50 120.00
126.00 119.50
126.00 119.00
126.50 118.50
126.50 118.00
126.50 117.50
127.00 117.00
127.00 116.50
127.50 116.00
128.00 115.50
128.00 115.00
128.00 114.50
128.50 114.00
129.00 113.50
129.00 113.00
129.50 112.50
130.00 112.00
130.00 111.50
130.50 111.00
131.00 110.50
131.00 110.00
131.50 109.50
132.00 109.00
132.50 108.50
133.00 108.00
133.50 107.50
134.00 107.00
134.50 106.50
135.00 106.00
135.50 105.50
136.00 105.50
136.50 105.00
137.00 105.00
137.50 104.50
138.00 104.50
138.50 104.00
139.00 104.00
139.50 104.00
140.00 103.50
140.50 103.50
141.00 103.50
141.50 103.50
142.00 103.50
142.50 103.50
143.00 103.50
143.50 103.50
144.00 103.50
144.50 104.00
145.00 104.00
145.50 104.00
146.00 104.00
146.50 104.50
147.00 104.50
147.50 105.00
148.00 105.00
148.50 105.00
149.00 105.50
149.50 106.00
150.00 106.00
150.50 106.50
151.00 106.50
151.50 107.00
151.50 107.50
152.00 108.00
152.50 108.00
153.00 108.50
153.50 109.00
154.00 109.50
154.50 110.00
155.00 110.50
155.50 111.00
155.50 111.50
156.00 112.00
156.50 112.50
156.50 113.00
157.00 113.50
157.00 114.00
157.50 114.50
157.50 115.00
158.00 115.50
158.00 116.00
158.00 116.50
158.50 117.00
158.50 117.50
158.50 118.00
159.00 118.50
159.00 119.00
159.00 119.50
159.00 120.00
159.00 120.50
159.50 121.00
159.50 121.50
159.50 122.00
159.50 122.50
159.50 123.00
159.50 123.50
159.50 124.00
159.50 124.50
159.00 125.00
159.00 125.50
159.00 126.00
159.00 126.50
159.00 127.00
159.00 127.50
158.50 128.00
158.50 128.50
158.50 129.00
158.00 129.50
158.00 130.00
158.00 130.50
157.50 131.00
157.50 131.50
157.00 132.00
157.00 132.50
156.50 133.00
156.00 133.50
156.00 134.00
155.50 134.50
155.50 135.00
155.00 135.50
154.50 136.00
154.00 136.50
153.50 137.00
153.00 137.50
152.50 138.00
152.00 138.50
151.50 139.00
151.00 139.00
150.50 139.50
150.00 139.50
149.50 140.00
149.00 140.50
148.50 140.50
148.00 141.00
147.50 141.00
147.00 141.00
146.50 141.00
146.00 141.00
145.50 141.50
145.00 141.50
144.50 141.50
144.00 141.50
143.50 141.50
143.00 141.50
142.50 141.50
142.00 141.50
141.50 141.50
141.00 141.00
140.50 141.00
140.00 141.00
139.50 141.00
139.00 141.00
138.50 141.00
138.00 140.50
137.50 140.50
137.00 140.50
136.50 140.50
136.00 140.00
