124.50 127.00
124.50 126.50
124.50 126.00
124.50 125.50
124.00 125.00
124.00 124.50
124.00 124.00
124.00 123.50
124.00 123.00
124.00 122.50
124.00 122.00
124.00 121.50
124.00 121.00
124.00 120.50
124.00 120.00
124.00 119.50
124.00 119.00
124.50 118.50
124.50 118.00
124.50 117.50
124.50 117.00
125.00 116.50
125.00 116.00
125.00 115.50
125.50 115.00
126.00 114.50
126.00 114.00
126.50 113.50
127.00 113.00
127.00 112.50
127.50 112.00
128.00 111.50
128.50 111.00
129.00 110.50
129.50 110.00
130.00 110.00
130.50 109.50
131.00 109.00
131.50 108.50
132.00 108.50
132.50 108.00
133.00 107.50
133.50 107.50
133.50 107.00
134.00 106.50
134.50 106.00
135.00 106.00
135.50 105.50
136.00 105.50
136.50 105.00
137.00 105.00
137.50 105.00
138.00 104.50
138.50 104.50
139.00 104.50
139.50 104.50
140.00 104.50
140.50 104.50
141.00 104.50
141.50 104.50
142.00 104.50
142.50 105.00
143.00 105.00
143.50 105.00
144.00 105.50
144.50 106.00
145.00 106.00
145.50 106.50
146.00 106.50
146.50 107.00
147.00 107.50
147.50 108.00
148.00 108.50
148.50 109.00
149.00 109.50
149.50 110.00
150.00 110.50
150.50 111.00
151.00 111.50
151.00 112.00
151.50 112.50
152.00 113.00
152.00 113.50
152.00 114.00
152.50 114.50
152.50 115.00
153.00 115.50
153.00 116.00
153.00 116.50
153.50 117.00
153.50 117.50
153.50 118.00
153.50 118.50
154.00 119.00
154.00 119.50
154.00 120.00
154.00 120.50
154.00 121.00
154.00 121.50
154.00 122.00
154.00 122.50
154.00 123.00
154.00 123.50
154.00 124.00
154.00 124.50
154.00 125.00
154.00 125.50
153.50 126.00
153.50 126.50
153.50 127.00
153.50 127.50
153.00 128.00
153.00 128.50
153.00 129.00
152.50 129.50
152.50 130.00
152.00 130.50
152.00 131.00
151.50 131.50
151.50 132.00
151.00 132.50
150.50 133.00
150.00 133.50
150.00 134.00
149.50 134.50
149.00 135.00
148.50 135.50
148.00 136.00
147.50 136.50
147.00 136.50
146.50 137.00
146.00 137.00
145.50 137.50
145.00 137.50
144.50 138.00
144.00 138.00
143.50 138.50
143.00 138.50
142.50 138.50
142.00 138.50
141.50 138.50
141.00 139.00
140.50 139.00
140.00 139.00
139.50 139.00
139.00 139.00
138.50 139.00
138.00 139.00
137.50 139.00
137.00 139.00
136.50 139.00
136.00 139.00
135.50 138.50
135.00 138.50
134.50 138.50
134.00 138.50
133.50 138.00
133.00 138.00
132.50 138.00
132.00 137.50
131.50 137.50
131.00 137.00
130.50 137.00
130.00 136.50
129.50 136.00
129.00 135.50
128.50 135.50
128.00 135.00
127.50 134.50
127.00 134.00
127.00 133.50
126.50 133.00
126.00 132.50
126.00 132.00
125.50 131.50
125.50 131.00
125.00 130.50
125.00 130.00
125.00 129.50
124.50 129.00
124.50 128.50
124.50 128.00
124.50 127.50
