143.00 143.50
142.50 143.50
142.00 143.50
141.50 143.50
141.00 143.50
140.50 143.50
140.00 143.50
139.50 143.50
139.00 143.50
138.50 143.50
138.00 143.50
137.50 143.00
137.00 143.00
136.50 143.00
136.00 143.00
135.50 143.00
135.00 142.50
134.50 142.50
134.00 142.50
133.50 142.00
133.00 142.00
132.50 141.50
132.00 141.50
131.50 141.00
131.00 141.00
130.50 140.50
130.00 140.00
129.50 140.00
129.00 139.50
128.50 139.00
128.00 138.50
128.00 138.00
127.50 137.50
127.00 137.00
126.50 136.50
126.50 136.00
126.00 135.50
126.00 135.00
126.00 134.50
125.50 134.00
125.50 133.50
125.00 133.00
125.00 132.50
125.00 132.00
125.00 131.50
124.50 131.00
124.50 130.50
124.50 130.00
124.50 129.50
124.50 129.00
124.50 128.50
124.50 128.00
124.50 127.50
124.50 127.00
124.50 126.50
124.50 126.00
124.50 125.50
124.50 125.00
124.50 124.50
124.50 124.00
124.50 123.50
124.50 123.00
124.50 122.50
125.00 122.00
125.00 121.50
125.00 121.00
125.00 120.50
125.50 120.00
125.50 119.50
125.50 119.00
126.00 118.50
126.00 118.00
126.00 117.50
126.50 117.00
126.50 116.50
127.00 116.00
127.00 115.50
127.00 115.00
127.50 114.50
128.00 114.00
128.00 113.50
128.50 113.00
128.50 112.50
129.00 112.00
129.50 111.50
130.00 111.00
130.00 110.50
130.50 110.00
131.00 109.50
131.50 109.00
132.00 108.50
132.50 108.00
133.00 107.50
133.50 107.00
134.00 106.50
134.50 106.00
135.00 105.50
135.50 105.00
136.00 105.00
136.50 104.50
137.00 104.00
137.50 103.50
138.00 103.50
138.50 103.00
139.00 102.50
139.50 102.50
140.00 102.00
140.50 102.00
141.00 101.50
141.50 101.50
142.00 101.50
142.50 101.50
143.00 101.00
143.50 101.00
144.00 101.00
144.50 101.00
145.00 101.00
145.50 101.00
146.00 101.00
146.50 101.00
147.00 101.50
147.50 101.50
148.00 101.50
148.50 102.00
149.00 102.00
149.50 102.50
150.00 102.50
150.50 103.00
151.00 103.00
151.50 103.50
152.00 104.00
152.50 104.50
153.00 104.50
153.50 105.00
154.00 105.50
154.50 106.00
155.00 106.50
155.50 107.00
156.00 107.50
156.50 108.00
157.00 108.50
157.50 109.00
158.00 109.50
158.00 110.00
158.50 110.50
159.00 111.00
159.50 111.50
159.50 112.00
160.00 112.50
160.50 113.00
161.00 113.50
161.00 114.00
161.50 114.50
161.50 115.00
162.00 115.50
162.00 116.00
162.00 116.50
162.50 117.00
162.50 117.50
163.00 118.00
163.00 118.50
163.00 119.00
163.00 119.50
163.50 120.00
163.50 120.50
163.50 121.00
163.50 121.50
163.50 122.00
163.50 122.50
163.50 123.00
163.50 123.50
163.50 124.00
163.50 124.50
163.50 125.00
163.50 125.50
163.50 126.00
163.00 126.50
163.00 127.00
163.00 127.50
163.00 128.00
162.50 128.50
162.50 129.00
162.50 129.50
162.50 130.00
162.00 130.50
162.00 131.00
161.50 131.50
161.50 132.00
161.00 132.50
161.00 133.00
160.50 133.50
160.50 134.00
160.00 134.50
159.50 135.00
159.50 135.50
159.00 136.00
158.50 136.50
158.00 137.00
157.50 137.50
157.00 138.00
156.50 138.50
156.00 139.00
155.50 139.00
155.00 139.50
154.50 140.00
154.00 140.50
153.50 140.50
153.00 141.00
152.50 141.00
152.00 141.50
151.50 141.50
151.00 142.00
150.50 142.00
150.00 142.00
149.50 142.50
149.00 142.50
148.50 142.50
148.00 143.00
147.50 143.00
147.00 143.00
146.50 143.00
146.00 143.00
145.50 143.50
145.00 143.50
144.50 143.50
144.00 143.50
143.50 143.50
