127.50 139.00
127.00 139.00
126.50 139.00
126.00 139.00
125.50 139.00
125.00 138.50
124.50 138.50
124.00 138.50
123.50 138.00
123.00 138.00
122.50 137.50
122.00 137.50
121.50 137.00
121.00 136.50
120.50 136.00
120.00 135.50
119.50 135.50
119.00 135.00
118.50 134.50
118.50 134.00
118.00 133.50
118.00 133.00
117.50 132.50
117.00 132.00
117.00 131.50
117.00 131.00
117.00 130.50
116.50 130.00
116.50 129.50
116.50 129.00
116.50 128.50
116.50 128.00
116.50 127.50
116.50 127.00
116.50 126.50
116.50 126.00
117.00 125.50
117.00 125.00
117.00 124.50
117.00 124.00
117.50 123.50
117.50 123.00
118.00 122.50
118.00 122.00
118.50 121.50
118.50 121.00
119.00 120.50
119.50 120.00
120.00 119.50
120.50 119.00
121.00 118.50
121.50 118.00
122.00 118.00
122.50 117.50
123.00 117.00
123.50 116.50
124.00 116.50
124.50 116.00
125.00 116.00
125.50 115.50
126.00 115.50
126.50 115.00
127.00 115.00
127.50 115.00
128.00 115.00
128.50 114.50
129.00 114.50
129.50 114.50
130.00 114.50
130.50 114.50
131.00 114.50
131.50 114.50
132.00 114.50
132.50 114.50
133.00 114.50
133.50 114.50
134.00 114.50
134.50 114.50
135.00 114.50
135.50 115.00
136.00 115.00
136.50 115.50
137.00 115.50
137.50 116.00
138.00 116.50
138.50 117.00
138.50 117.50
139.00 118.00
139.50 118.50
139.50 119.00
140.00 119.50
140.00 120.00
140.00 120.50
140.50 121.00
140.50 121.50
140.50 122.00
140.50 122.50
140.50 123.00
140.50 123.50
140.50 124.00
140.50 124.50
140.50 125.00
140.50 125.50
140.50 126.00
140.50 126.50
140.50 127.00
140.00 127.50
140.00 128.00
140.00 128.50
140.00 129.00
139.50 129.50
139.50 130.00
139.00 130.50
139.00 131.00
139.00 131.50
138.50 132.00
138.00 132.50
138.00 133.00
137.50 133.50
137.00 134.00
137.00 134.50
136.50 135.00
136.00 135.50
135.50 136.00
135.00 136.50
134.50 136.50
134.00 137.00
133.50 137.50
133.00 137.50
132.50 138.00
132.00 138.00
131.50 138.50
131.00 138.50
130.50 138.50
130.00 138.50
129.50 139.00
129.00 139.00
128.50 139.00
128.00 139.00
