146.50 127.50
146.50 128.00
146.00 128.50
146.00 129.00
146.00 129.50
145.50 130.00
145.50 130.50
145.00 131.00
144.50 131.50
144.00 132.00
143.50 132.50
143.00 133.00
142.50 133.50
142.00 134.00
141.50 134.00
141.00 134.50
140.50 134.50
140.00 134.50
139.50 134.50
139.00 134.50
138.50 134.00
138.00 133.50
137.50 133.00
137.00 132.50
137.00 132.00
136.50 131.50
136.50 131.00
136.50 130.50
136.50 130.00
137.00 129.50
137.00 129.00
137.00 128.50
137.50 128.00
137.50 127.50
138.00 127.00
138.00 126.50
138.00 126.00
138.00 125.50
138.00 125.00
138.00 124.50
138.00 124.00
138.00 123.50
138.00 123.00
138.00 122.50
138.00 122.00
138.00 121.50
138.00 121.00
138.00 120.50
138.50 120.00
138.50 119.50
139.00 119.00
139.50 118.50
140.00 118.50
140.50 118.00
141.00 118.00
141.50 118.00
142.00 118.00
142.50 118.00
143.00 118.00
143.50 118.00
144.00 118.00
144.50 118.00
145.00 118.50
145.50 119.00
145.50 119.50
145.50 120.00
146.00 120.50
146.00 121.00
146.00 121.50
146.00 122.00
146.00 122.50
146.00 123.00
146.00 123.50
146.00 124.00
146.00 124.50
146.50 125.00
146.50 125.50
146.50 126.00
146.50 126.50
146.50 127.00
