135.50 111.50
135.50 112.00
135.00 112.50
134.50 113.00
134.00 113.50
133.50 114.00
133.00 114.00
132.50 114.00
132.00 114.00
131.50 114.50
131.00 114.50
130.50 114.50
130.00 114.50
129.50 114.50
129.00 115.00
128.50 115.00
128.00 115.00
127.50 115.00
127.00 115.00
126.50 115.00
126.00 115.00
125.50 115.00
125.00 115.00
124.50 115.50
124.00 115.50
123.50 115.50
123.00 115.00
122.50 115.00
122.00 115.00
121.50 115.00
121.00 114.50
121.00 114.00
121.00 113.50
121.00 113.00
121.50 112.50
121.50 112.00
122.00 111.50
122.00 111.00
122.50 110.50
123.00 110.00
123.50 109.50
124.00 109.00
124.50 109.00
125.00 108.50
125.50 108.00
126.00 107.50
126.50 107.00
127.00 107.00
127.50 107.00
128.00 106.50
128.50 106.50
129.00 106.00
129.50 106.00
130.00 106.00
130.50 106.00
131.00 106.00
131.50 106.00
132.00 106.00
132.50 106.00
133.00 106.50
133.50 106.50
134.00 107.00
134.50 107.50
134.50 108.00
135.00 108.50
135.50 109.00
135.50 109.50
135.50 110.00
135.50 110.50
135.50 111.00
