129.00 137.00
128.50 137.00
128.00 137.00
127.50 136.50
127.00 136.50
126.50 136.00
126.00 136.00
125.50 135.50
125.00 135.50
124.50 135.00
124.00 134.50
123.50 134.00
123.00 133.50
122.50 133.00
122.00 132.50
121.50 132.00
121.00 131.50
121.00 131.00
120.50 130.50
120.50 130.00
120.00 129.50
119.50 129.00
119.50 128.50
119.50 128.00
119.00 127.50
119.00 127.00
119.00 126.50
118.50 126.00
118.50 125.50
118.50 125.00
118.50 124.50
118.50 124.00
118.50 123.50
118.50 123.00
118.50 122.50
118.50 122.00
118.50 121.50
118.50 121.00
118.50 120.50
119.00 120.00
119.00 119.50
119.50 119.00
119.50 118.50
120.00 118.00
120.50 117.50
121.00 117.00
121.50 116.50
122.00 116.00
122.50 116.00
123.00 115.50
123.50 115.00
124.00 115.00
124.50 115.00
125.00 114.50
125.50 114.50
126.00 114.50
126.50 114.00
127.00 114.00
127.50 114.00
128.00 114.00
128.50 114.00
129.00 114.00
129.50 114.00
130.00 114.00
130.50 114.00
131.00 114.00
131.50 114.00
132.00 114.00
132.50 114.00
133.00 114.00
133.50 114.00
134.00 114.50
134.50 114.50
135.00 114.50
135.50 115.00
136.00 115.00
136.50 115.50
137.00 116.00
137.50 116.50
138.00 117.00
138.50 117.50
139.00 118.00
139.50 118.50
139.50 119.00
139.50 119.50
140.00 120.00
140.00 120.50
140.50 121.00
140.50 121.50
140.50 122.00
140.50 122.50
140.50 123.00
140.50 123.50
140.50 124.00
141.00 124.50
141.00 125.00
140.50 125.50
140.50 126.00
140.50 126.50
140.50 127.00
140.50 127.50
140.50 128.00
140.50 128.50
140.00 129.00
140.00 129.50
139.50 130.00
139.50 130.50
139.50 131.00
139.00 131.50
138.50 132.00
138.50 132.50
138.00 133.00
137.50 133.50
137.00 134.00
136.50 134.50
136.00 135.00
135.50 135.50
135.00 135.50
134.50 136.00
134.00 136.00
133.50 136.50
133.00 136.50
132.50 136.50
132.00 137.00
131.50 137.00
131.00 137.00
130.50 137.00
130.00 137.00
129.50 137.00
