148.50 125.50
149.00 126.00
149.50 126.50
149.00 127.00
149.00 127.50
149.00 128.00
149.00 128.50
149.00 129.00
149.00 129.50
148.50 130.00
148.50 130.50
148.50 131.00
148.00 131.50
148.00 132.00
148.00 132.50
147.50 133.00
147.50 133.50
147.50 134.00
147.00 134.50
147.00 135.00
146.50 135.50
146.50 136.00
146.00 136.50
145.50 137.00
145.50 137.50
145.50 138.00
145.00 138.50
144.50 139.00
144.00 139.50
143.50 140.00
143.00 140.50
143.00 141.00
142.50 141.50
142.00 142.00
141.50 142.50
141.00 142.50
140.50 143.00
140.00 143.50
139.50 144.00
139.00 144.50
138.50 145.00
138.00 145.00
137.50 145.50
137.00 145.50
136.50 145.50
136.00 146.00
135.50 146.00
135.00 146.50
134.50 146.50
134.00 146.50
133.50 146.50
133.00 146.50
132.50 147.00
132.00 147.00
131.50 147.00
131.00 147.00
130.50 147.00
130.00 147.00
129.50 147.00
129.00 146.50
128.50 146.50
128.00 146.50
127.50 146.50
127.00 146.50
126.50 146.50
126.00 146.00
125.50 146.00
125.00 146.00
124.50 146.00
124.00 145.50
123.50 145.50
123.00 145.00
122.50 145.00
122.00 145.00
121.50 144.50
121.00 144.00
120.50 144.00
120.00 143.50
119.50 143.50
119.00 143.00
118.50 142.50
118.00 142.50
117.50 142.00
117.00 141.50
116.50 141.00
116.00 141.00
115.50 140.50
115.00 140.00
115.00 139.50
114.50 139.00
114.00 138.50
113.50 138.00
113.00 137.50
112.50 137.00
112.50 136.50
112.00 136.00
111.50 135.50
111.50 135.00
111.00 134.50
111.00 134.00
110.50 133.50
110.50 133.00
110.50 132.50
110.00 132.00
110.00 131.50
110.00 131.00
110.00 130.50
110.00 130.00
110.00 129.50
110.00 129.00
110.00 128.50
109.50 128.00
109.50 127.50
109.50 127.00
110.00 126.50
110.00 126.00
110.00 125.50
110.00 125.00
110.00 124.50
110.00 124.00
110.00 123.50
110.00 123.00
110.50 122.50
110.50 122.00
110.50 121.50
111.00 121.00
111.00 120.50
111.00 120.00
111.50 119.50
111.50 119.00
112.00 118.50
112.00 118.00
112.50 117.50
112.50 117.00
112.50 116.50
113.00 116.00
113.50 115.50
114.00 115.00
114.00 114.50
114.50 114.00
115.00 113.50
115.00 113.00
115.50 112.50
116.00 112.00
116.50 111.50
116.50 111.00
117.00 110.50
117.50 110.00
118.00 109.50
118.50 109.00
119.00 108.50
119.50 108.00
120.00 107.50
120.50 107.00
121.00 106.50
121.50 106.50
122.00 106.00
122.50 105.50
123.00 105.00
123.50 105.00
124.00 104.50
124.50 104.50
125.00 104.50
125.50 104.00
126.00 104.00
126.50 103.50
127.00 103.50
127.50 103.00
128.00 103.00
128.50 103.00
129.00 102.50
129.50 102.50
130.00 103.00
130.50 103.00
131.00 103.00
131.50 103.00
132.00 103.50
132.50 103.50
133.00 103.50
133.50 103.50
134.00 103.50
134.50 104.00
135.00 104.00
135.50 104.00
136.00 104.50
136.50 104.50
137.00 104.50
137.50 105.00
138.00 105.00
138.50 105.00
139.00 105.50
139.50 106.00
140.00 106.00
140.50 106.50
141.00 107.00
141.50 107.50
142.00 108.00
142.50 108.50
143.00 109.00
143.50 109.50
144.00 110.00
144.00 110.50
144.50 111.00
144.50 111.50
145.00 112.00
145.00 112.50
145.50 113.00
145.50 113.50
145.50 114.00
146.00 114.50
146.00 115.00
146.00 115.50
146.00 116.00
146.50 116.50
146.50 117.00
146.50 117.50
146.50 118.00
146.50 118.50
147.00 119.00
147.00 119.50
147.00 120.00
147.00 120.50
147.00 121.00
147.50 121.50
147.50 122.00
147.50 122.50
147.50 123.00
147.50 123.50
148.00 124.00
148.00 124.50
148.00 125.00
148.00 125.50
