135.50 115.50
136.00 115.50
136.50 116.00
137.00 116.00
137.50 116.00
138.00 116.00
138.50 116.50
139.00 116.50
139.50 117.00
140.00 117.50
140.50 117.50
141.00 118.00
141.50 118.50
142.00 118.50
142.50 119.00
143.00 119.50
143.50 120.00
144.00 120.50
144.50 121.00
144.50 121.50
145.00 122.00
145.50 122.50
146.00 123.00
146.00 123.50
146.50 124.00
146.50 124.50
147.00 125.00
147.00 125.50
147.00 126.00
147.50 126.50
147.50 127.00
147.50 127.50
147.50 128.00
147.50 128.50
147.50 129.00
147.50 129.50
147.50 130.00
147.50 130.50
147.00 131.00
147.00 131.50
147.00 132.00
146.50 132.50
146.50 133.00
146.00 133.50
146.00 134.00
146.00 134.50
145.50 135.00
145.00 135.50
145.00 136.00
144.50 136.50
144.00 137.00
143.50 137.50
143.00 138.00
142.50 138.50
142.00 139.00
141.50 139.50
141.00 140.00
140.50 140.50
140.00 141.00
139.50 141.00
139.00 141.50
138.50 142.00
138.00 142.00
137.50 142.50
137.00 142.50
136.50 142.50
136.00 143.00
135.50 143.00
135.00 143.00
134.50 143.00
134.00 143.00
133.50 143.00
133.00 143.00
132.50 143.00
132.00 143.00
131.50 143.00
131.00 142.50
130.50 142.50
130.00 142.50
129.50 142.00
129.00 142.00
128.50 141.50
128.00 141.50
127.50 141.00
127.00 140.50
126.50 140.50
126.00 140.00
125.50 139.50
125.00 139.00
124.50 138.50
124.00 138.00
123.50 137.50
123.00 137.00
123.00 136.50
122.50 136.00
122.50 135.50
122.00 135.00
122.00 134.50
122.00 134.00
121.50 133.50
121.50 133.00
121.50 132.50
121.00 132.00
121.00 131.50
121.00 131.00
121.00 130.50
121.00 130.00
121.00 129.50
121.00 129.00
121.00 128.50
121.00 128.00
121.00 127.50
121.00 127.00
121.00 126.50
121.50 126.00
121.50 125.50
121.50 125.00
121.50 124.50
122.00 124.00
122.00 123.50
122.00 123.00
122.50 122.50
122.50 122.00
123.00 121.50
123.00 121.00
123.50 120.50
124.00 120.00
124.50 119.50
124.50 119.00
125.00 118.50
125.50 118.50
126.00 118.00
126.50 117.50
127.00 117.00
127.50 116.50
128.00 116.50
128.50 116.00
129.00 116.00
129.50 116.00
130.00 115.50
130.50 115.50
131.00 115.50
131.50 115.50
132.00 115.50
132.50 115.50
133.00 115.50
133.50 115.50
134.00 115.50
134.50 115.50
135.00 115.50
