128.00 105.00
128.50 105.50
129.00 105.50
129.50 106.00
130.00 106.50
130.50 107.00
130.50 107.50
131.00 108.00
131.00 108.50
131.50 109.00
131.50 109.50
131.50 110.00
131.50 110.50
131.50 111.00
131.50 111.50
131.50 112.00
131.50 112.50
131.00 113.00
131.00 113.50
131.00 114.00
130.50 114.50
130.00 115.00
130.00 115.50
129.50 116.00
129.00 116.50
128.50 117.00
128.00 117.50
127.50 117.50
127.00 117.50
126.50 117.50
126.00 117.50
125.50 117.00
125.00 117.00
124.50 117.00
124.00 116.50
123.50 116.50
123.00 116.00
122.50 115.50
122.00 115.00
121.50 114.50
121.00 114.00
120.50 113.50
120.00 113.00
120.00 112.50
119.50 112.00
119.50 111.50
119.50 111.00
119.50 110.50
119.50 110.00
120.00 109.50
120.00 109.00
120.50 108.50
121.00 108.00
121.50 107.50
122.00 107.00
122.50 106.50
123.00 106.00
123.50 106.00
124.00 105.50
124.50 105.50
125.00 105.00
125.50 105.00
126.00 105.00
126.50 105.00
127.00 105.00
127.50 105.00
