132.50 111.50
133.00 112.00
133.00 112.50
133.00 113.00
133.00 113.50
133.00 114.00
133.00 114.50
133.00 115.00
133.00 115.50
133.00 116.00
132.50 116.50
132.50 117.00
132.50 117.50
132.00 118.00
131.50 118.50
131.00 119.00
130.50 119.50
130.00 120.00
129.50 120.00
129.00 120.50
128.50 120.50
128.00 121.00
127.50 121.00
127.00 121.00
126.50 121.00
126.00 121.00
125.50 120.50
125.00 120.50
124.50 120.50
124.00 120.00
123.50 120.00
123.00 119.50
122.50 119.00
122.00 118.50
121.50 118.00
121.50 117.50
121.50 117.00
121.00 116.50
121.00 116.00
121.00 115.50
121.50 115.00
121.50 114.50
121.50 114.00
121.50 113.50
122.00 113.00
122.50 112.50
122.50 112.00
123.00 111.50
123.50 111.00
124.00 110.50
124.50 110.00
125.00 110.00
125.50 109.50
126.00 109.50
126.50 109.00
127.00 109.00
127.50 109.00
128.00 109.00
128.50 109.00
129.00 109.00
129.50 109.00
130.00 109.50
130.50 109.50
131.00 110.00
131.50 110.50
132.00 111.00
