140.00 144.00
139.50 144.00
139.00 144.00
138.50 144.50
138.00 144.50
137.50 144.50
137.00 144.50
136.50 145.00
136.00 145.00
135.50 145.00
135.00 145.50
134.50 145.50
134.00 145.50
133.50 145.50
133.00 145.50
132.50 145.50
132.00 146.00
131.50 146.00
131.00 146.00
130.50 146.00
130.00 146.00
129.50 146.00
129.00 146.00
128.50 146.00
128.00 146.00
127.50 146.00
127.00 146.00
126.50 146.00
126.00 145.50
125.50 145.50
125.00 145.50
124.50 145.50
124.00 145.50
123.50 145.50
123.00 145.00
122.50 145.00
122.00 144.50
121.50 144.50
121.00 144.50
120.50 144.00
120.00 144.00
119.50 143.50
119.00 143.00
118.50 143.00
118.00 142.50
117.50 142.00
117.00 141.50
116.50 141.00
116.00 140.50
115.50 140.00
115.00 139.50
114.50 139.00
114.00 138.50
114.00 138.00
113.50 137.50
113.50 137.00
113.00 136.50
113.00 136.00
112.50 135.50
112.00 135.00
112.00 134.50
111.50 134.00
111.50 133.50
111.50 133.00
111.00 132.50
111.00 132.00
110.50 131.50
110.50 131.00
110.50 130.50
110.00 130.00
110.00 129.50
110.00 129.00
110.00 128.50
109.50 128.00
109.50 127.50
109.50 127.00
109.00 126.50
109.00 126.00
109.00 125.50
109.00 125.00
109.00 124.50
109.00 124.00
109.00 123.50
109.00 123.00
108.50 122.50
108.50 122.00
108.50 121.50
108.50 121.00
108.50 120.50
108.50 120.00
109.00 119.50
109.00 119.00
109.00 118.50
109.00 118.00
109.00 117.50
109.00 117.00
109.00 116.50
109.00 116.00
109.50 115.50
109.50 115.00
109.50 114.50
109.50 114.00
109.50 113.50
110.00 113.00
110.00 112.50
110.00 112.00
110.50 111.50
110.50 111.00
111.00 110.50
111.00 110.00
111.50 109.50
111.50 109.00
112.00 108.50
112.00 108.00
112.50 107.50
113.00 107.00
113.00 106.50
113.50 106.00
114.00 105.50
114.50 105.00
115.00 104.50
115.50 104.00
116.00 103.50
116.50 103.00
117.00 103.00
117.50 102.50
118.00 102.00
118.50 102.00
119.00 102.00
119.50 101.50
120.00 101.50
120.50 101.00
121.00 101.00
121.50 101.00
122.00 101.00
122.50 100.50
123.00 100.50
123.50 100.50
124.00 100.50
124.50 100.50
125.00 100.50
125.50 100.00
126.00 100.00
126.50 100.00
127.00 100.00
127.50 100.00
128.00 100.00
128.50 100.00
129.00 100.00
129.50 100.00
130.00 100.00
130.50 100.00
131.00 100.00
131.50 100.00
132.00 100.00
132.50 100.00
133.00 100.00
133.50 100.00
134.00 100.00
134.50 100.50
135.00 100.50
135.50 100.50
136.00 100.50
136.50 100.50
137.00 101.00
137.50 101.00
138.00 101.00
138.50 101.00
139.00 101.50
139.50 101.50
140.00 101.50
140.50 102.00
141.00 102.00
141.50 102.50
142.00 102.50
142.50 103.00
143.00 103.50
143.50 103.50
144.00 104.00
144.50 104.50
145.00 105.00
145.50 105.50
146.00 106.00
146.00 106.50
146.50 107.00
147.00 107.50
147.50 108.00
147.50 108.50
148.00 109.00
148.50 109.50
148.50 110.00
149.00 110.50
149.00 111.00
149.50 111.50
149.50 112.00
150.00 112.50
150.00 113.00
150.50 113.50
150.50 114.00
150.50 114.50
150.50 115.00
151.00 115.50
151.00 116.00
151.00 116.50
151.00 117.00
151.50 117.50
151.50 118.00
151.50 118.50
151.50 119.00
152.00 119.50
152.00 120.00
152.00 120.50
152.00 121.00
152.00 121.50
152.00 122.00
152.00 122.50
152.00 123.00
152.50 123.50
152.50 124.00
152.50 124.50
152.50 125.00
152.50 125.50
152.50 126.00
152.50 126.50
152.50 127.00
152.50 127.50
152.00 128.00
152.00 128.50
152.00 129.00
152.00 129.50
152.00 130.00
152.00 130.50
151.50 131.00
151.50 131.50
151.50 132.00
151.50 132.50
151.00 133.00
151.00 133.50
151.00 134.00
150.50 134.50
150.50 135.00
150.00 135.50
150.00 136.00
149.50 136.50
149.00 137.00
148.50 137.50
148.00 138.00
148.00 138.50
147.50 139.00
147.00 139.50
146.50 139.50
146.00 140.00
145.50 140.50
145.00 141.00
144.50 141.50
144.00 142.00
143.50 142.00
143.00 142.00
142.50 142.50
142.00 143.00
141.50 143.00
141.00 143.00
140.50 143.50
