143.50 120.50
144.00 120.50
144.50 120.50
145.00 120.00
145.50 120.00
146.00 120.50
146.50 120.50
147.00 120.50
147.50 120.50
148.00 121.00
148.50 121.50
148.50 122.00
148.50 122.50
148.50 123.00
148.50 123.50
148.50 124.00
148.50 124.50
148.00 125.00
148.00 125.50
148.00 126.00
148.00 126.50
148.00 127.00
148.00 127.50
148.00 128.00
148.00 128.50
148.00 129.00
148.00 129.50
148.00 130.00
148.00 130.50
148.00 131.00
148.00 131.50
147.50 132.00
147.50 132.50
147.00 133.00
146.50 133.50
146.00 134.00
145.50 134.00
145.00 134.50
144.50 134.50
144.00 135.00
143.50 135.00
143.00 135.00
142.50 135.00
142.00 135.00
141.50 135.00
141.00 135.00
140.50 134.50
140.00 134.00
139.50 134.00
139.00 133.50
138.50 133.00
138.50 132.50
138.50 132.00
138.50 131.50
139.00 131.00
139.50 130.50
140.00 130.00
140.50 129.50
141.00 129.50
141.50 129.00
142.00 129.00
142.50 128.50
143.00 128.00
143.50 127.50
144.00 127.00
144.00 126.50
144.00 126.00
144.00 125.50
144.00 125.00
143.50 124.50
143.50 124.00
143.50 123.50
143.00 123.00
143.00 122.50
143.00 122.00
143.00 121.50
143.00 121.00
