122.00 136.00
121.50 135.50
121.00 135.50
120.50 135.00
120.00 134.50
119.50 134.00
119.50 133.50
119.00 133.00
118.50 132.50
118.50 132.00
118.50 131.50
118.00 131.00
117.50 130.50
117.50 130.00
117.50 129.50
117.00 129.00
117.00 128.50
117.00 128.00
117.00 127.50
117.00 127.00
117.00 126.50
117.00 126.00
117.00 125.50
117.00 125.00
117.00 124.50
117.00 124.00
117.50 123.50
117.50 123.00
117.50 122.50
118.00 122.00
118.00 121.50
118.00 121.00
118.50 120.50
119.00 120.00
119.50 119.50
120.00 119.00
120.50 118.50
121.00 118.00
121.50 117.50
122.00 117.00
122.50 117.00
123.00 116.50
123.50 116.00
124.00 116.00
124.50 115.50
125.00 115.50
125.50 115.00
126.00 115.00
126.50 115.00
127.00 114.50
127.50 114.50
128.00 114.50
128.50 114.50
129.00 114.00
129.50 114.00
130.00 114.00
130.50 114.00
131.00 114.00
131.50 114.00
132.00 114.00
132.50 114.00
133.00 114.00
133.50 114.00
134.00 114.50
134.50 114.50
135.00 114.50
135.50 114.50
136.00 115.00
136.50 115.00
137.00 115.00
137.50 115.50
138.00 116.00
138.50 116.00
139.00 116.50
139.50 117.00
140.00 117.50
140.50 118.00
141.00 118.50
141.50 119.00
141.50 119.50
142.00 120.00
142.50 120.50
142.50 121.00
142.50 121.50
143.00 122.00
143.00 122.50
143.00 123.00
143.00 123.50
143.00 124.00
143.00 124.50
143.00 125.00
143.00 125.50
143.00 126.00
143.00 126.50
143.00 127.00
143.00 127.50
142.50 128.00
142.50 128.50
142.50 129.00
142.00 129.50
142.00 130.00
141.50 130.50
141.50 131.00
141.00 131.50
140.50 132.00
140.00 132.50
139.50 133.00
139.00 133.50
138.50 134.00
138.00 134.50
137.50 135.00
137.00 135.50
136.50 135.50
136.00 136.00
135.50 136.00
135.00 136.50
134.50 137.00
134.00 137.00
133.50 137.00
133.00 137.50
132.50 137.50
132.00 137.50
131.50 137.50
131.00 137.50
130.50 138.00
130.00 138.00
129.50 138.00
129.00 138.00
128.50 138.00
128.00 138.00
127.50 138.00
127.00 138.00
126.50 138.00
126.00 137.50
125.50 137.50
125.00 137.50
124.50 137.00
124.00 137.00
123.50 137.00
123.00 136.50
122.50 136.00
