117.50 122.50
117.00 122.50
116.50 122.50
116.00 122.50
115.50 122.50
115.00 122.50
114.50 122.00
114.00 122.00
113.50 121.50
113.00 121.00
113.00 120.50
113.00 120.00
112.50 119.50
112.00 119.00
111.50 118.50
111.50 118.00
111.50 117.50
111.50 117.00
111.50 116.50
112.00 116.00
112.00 115.50
112.00 115.00
112.00 114.50
112.00 114.00
112.00 113.50
112.50 113.00
112.50 112.50
112.50 112.00
112.50 111.50
113.00 111.00
113.00 110.50
113.00 110.00
113.50 109.50
113.50 109.00
113.50 108.50
114.00 108.00
114.00 107.50
114.50 107.00
114.50 106.50
115.00 106.00
115.50 105.50
115.50 105.00
116.00 104.50
116.50 104.00
117.00 103.50
117.50 103.00
118.00 102.50
118.50 102.50
119.00 102.00
119.50 102.00
120.00 101.50
120.50 101.00
121.00 101.00
121.50 101.00
122.00 100.50
122.50 100.50
123.00 100.50
123.50 100.50
124.00 100.50
124.50 100.00
125.00 100.00
125.50 100.00
126.00 100.00
126.50 100.00
127.00 100.00
127.50 100.00
128.00 100.00
128.50 100.00
129.00 100.00
129.50 100.00
130.00 100.00
130.50 100.00
131.00 100.00
131.50 100.00
132.00 100.00
132.50 100.00
133.00 100.00
133.50 100.00
134.00 100.00
134.50 100.00
135.00 100.00
135.50 100.50
136.00 100.50
136.50 100.50
137.00 100.50
137.50 100.50
138.00 100.50
138.50 101.00
139.00 101.00
139.50 101.00
140.00 101.00
140.50 101.00
141.00 101.50
141.50 101.50
142.00 102.00
142.50 102.00
143.00 102.00
143.50 102.50
144.00 103.00
144.50 103.00
145.00 103.50
145.50 103.50
146.00 104.00
146.50 104.50
147.00 105.00
147.50 105.00
148.00 105.50
148.00 106.00
148.50 106.50
149.00 107.00
149.50 107.50
150.00 108.00
150.00 108.50
150.50 109.00
151.00 109.50
151.00 110.00
151.50 110.50
152.00 111.00
152.00 111.50
152.50 112.00
152.50 112.50
152.50 113.00
153.00 113.50
153.00 114.00
153.00 114.50
153.50 115.00
153.50 115.50
153.50 116.00
154.00 116.50
154.00 117.00
154.00 117.50
154.00 118.00
154.50 118.50
154.50 119.00
154.50 119.50
154.50 120.00
154.50 120.50
154.50 121.00
154.50 121.50
155.00 122.00
155.00 122.50
155.00 123.00
155.00 123.50
155.00 124.00
155.00 124.50
155.00 125.00
154.50 125.50
154.50 126.00
154.50 126.50
154.50 127.00
154.50 127.50
154.50 128.00
154.50 128.50
154.00 129.00
154.00 129.50
154.00 130.00
154.00 130.50
153.50 131.00
153.50 131.50
153.00 132.00
153.00 132.50
152.50 133.00
152.50 133.50
152.50 134.00
152.00 134.50
151.50 135.00
151.00 135.50
150.50 136.00
150.00 136.50
149.50 137.00
149.00 137.50
148.50 137.50
148.00 138.00
147.50 138.50
147.00 138.50
146.50 138.50
146.00 139.00
145.50 139.50
145.00 139.50
144.50 139.50
144.00 139.50
143.50 140.00
143.00 140.00
142.50 140.00
142.00 140.50
141.50 140.50
141.00 140.50
140.50 140.50
140.00 140.50
139.50 140.50
139.00 140.50
138.50 141.00
138.00 141.00
137.50 141.00
137.00 141.00
136.50 140.50
136.00 140.50
135.50 140.00
135.00 139.50
134.50 139.00
134.00 139.00
133.50 138.50
134.00 138.00
133.50 137.50
133.00 137.00
132.50 136.50
132.50 136.00
132.00 135.50
131.50 135.00
131.00 134.50
130.50 134.00
130.00 133.50
130.00 133.00
129.50 132.50
129.00 132.00
128.50 131.50
128.00 131.00
127.50 130.50
127.50 130.00
127.00 129.50
127.00 129.00
126.50 128.50
126.00 128.00
125.50 127.50
125.00 127.00
124.50 126.50
124.50 126.00
124.00 125.50
123.50 125.00
123.00 124.50
122.50 124.00
122.00 123.50
122.00 123.00
121.50 122.50
121.00 122.00
120.50 121.50
120.00 121.00
119.50 121.00
119.00 121.00
118.50 121.50
118.00 122.00
117.50 122.50
