135.50 135.50
135.00 136.00
134.50 136.00
134.00 136.00
133.50 136.50
133.00 136.50
132.50 136.50
132.00 136.50
131.50 136.50
131.00 136.50
130.50 136.50
130.00 136.00
129.50 136.00
129.00 136.00
128.50 135.50
128.00 135.00
127.50 135.00
127.00 134.50
126.50 134.00
126.00 133.50
125.50 133.00
125.50 132.50
125.00 132.00
125.00 131.50
125.00 131.00
124.50 130.50
124.50 130.00
124.50 129.50
124.50 129.00
124.50 128.50
124.50 128.00
125.00 127.50
125.00 127.00
125.00 126.50
125.50 126.00
126.00 125.50
126.50 125.00
127.00 124.50
127.50 124.50
128.00 124.00
128.50 124.00
129.00 124.00
129.50 123.50
130.00 123.50
130.50 123.50
131.00 123.50
131.50 123.50
132.00 123.50
132.50 123.50
133.00 123.50
133.50 124.00
134.00 124.00
134.50 124.50
135.00 125.00
135.50 125.50
136.00 126.00
136.50 126.50
137.00 127.00
137.00 127.50
137.00 128.00
137.50 128.50
137.50 129.00
137.50 129.50
137.50 130.00
137.50 130.50
137.50 131.00
137.50 131.50
137.50 132.00
137.50 132.50
137.00 133.00
137.00 133.50
137.00 134.00
136.50 134.50
136.00 135.00
