143.00 142.50
142.50 143.00
142.00 143.00
141.50 143.50
141.00 143.50
140.50 144.00
140.00 144.00
139.50 144.50
139.00 144.50
138.50 144.50
138.00 144.50
137.50 145.00
137.00 145.00
136.50 145.00
136.00 145.00
135.50 145.00
135.00 145.00
134.50 145.00
134.00 145.00
133.50 145.00
133.00 145.00
132.50 145.00
132.00 145.00
131.50 145.00
131.00 145.00
130.50 145.00
130.00 145.00
129.50 145.00
129.00 145.00
128.50 144.50
128.00 144.50
127.50 144.50
127.00 144.50
126.50 144.00
126.00 144.00
125.50 144.00
125.00 144.00
124.50 143.50
124.00 143.50
123.50 143.00
123.00 143.00
122.50 142.50
122.00 142.50
121.50 142.00
121.00 142.00
120.50 141.50
120.00 141.50
119.50 141.00
119.00 140.50
118.50 140.50
118.00 140.00
117.50 139.50
117.00 139.00
116.50 138.50
116.00 138.00
115.50 137.50
115.00 137.00
114.50 136.50
114.00 136.00
113.50 135.50
113.00 135.00
113.00 134.50
112.50 134.00
112.00 133.50
112.00 133.00
111.50 132.50
111.00 132.00
111.00 131.50
110.50 131.00
110.50 130.50
110.50 130.00
110.00 129.50
110.00 129.00
109.50 128.50
109.50 128.00
109.50 127.50
109.00 127.00
109.00 126.50
109.00 126.00
109.00 125.50
109.00 125.00
109.00 124.50
109.00 124.00
109.00 123.50
109.00 123.00
109.00 122.50
109.50 122.00
109.50 121.50
109.50 121.00
109.50 120.50
109.50 120.00
110.00 119.50
110.00 119.00
110.00 118.50
110.50 118.00
110.50 117.50
111.00 117.00
111.50 116.50
111.50 116.00
111.50 115.50
112.00 115.00
112.00 114.50
112.50 114.00
113.00 113.50
113.00 113.00
113.50 112.50
114.00 112.00
114.50 111.50
114.50 111.00
114.50 110.50
115.00 110.00
115.50 109.50
116.00 109.00
116.50 108.50
117.00 108.00
117.50 107.50
118.00 107.00
118.50 106.50
119.00 106.00
119.50 105.50
120.00 105.00
120.50 105.00
121.00 104.50
121.50 104.00
122.00 104.00
122.50 104.00
123.00 103.50
123.50 103.50
124.00 103.00
124.50 103.00
125.00 103.00
125.50 102.50
126.00 102.50
126.50 102.50
127.00 102.50
127.50 102.50
128.00 102.00
128.50 102.00
129.00 102.00
129.50 102.00
130.00 102.00
130.50 102.00
131.00 102.00
131.50 102.00
132.00 102.00
132.50 102.00
133.00 102.00
133.50 102.50
134.00 102.50
134.50 102.50
135.00 102.50
135.50 103.00
136.00 103.00
136.50 103.00
137.00 103.50
137.50 103.50
138.00 104.00
138.50 104.00
139.00 104.50
139.50 104.50
140.00 105.00
140.50 105.50
141.00 105.50
141.50 106.00
142.00 106.50
142.50 107.00
143.00 107.50
143.50 108.00
144.00 108.50
144.50 109.00
145.00 109.50
145.00 110.00
145.50 110.50
146.00 111.00
146.00 111.50
146.50 112.00
146.50 112.50
147.00 113.00
147.00 113.50
147.50 114.00
147.50 114.50
148.00 115.00
148.00 115.50
148.00 116.00
148.50 116.50
148.50 117.00
148.50 117.50
149.00 118.00
149.00 118.50
149.00 119.00
149.50 119.50
149.50 120.00
149.50 120.50
149.50 121.00
149.50 121.50
149.50 122.00
150.00 122.50
150.00 123.00
150.00 123.50
150.00 124.00
150.00 124.50
150.00 125.00
150.00 125.50
150.00 126.00
150.00 126.50
150.00 127.00
150.00 127.50
150.00 128.00
150.00 128.50
150.00 129.00
150.00 129.50
150.00 130.00
149.50 130.50
149.50 131.00
149.50 131.50
149.50 132.00
149.50 132.50
149.00 133.00
149.00 133.50
149.00 134.00
148.50 134.50
148.50 135.00
148.50 135.50
148.00 136.00
147.50 136.50
147.50 137.00
147.50 137.50
147.00 138.00
146.50 138.50
146.50 139.00
146.00 139.50
145.50 140.00
145.00 140.50
144.50 141.00
144.00 141.50
143.50 142.00
