143.50 127.00
143.00 127.50
142.50 128.00
142.00 128.50
141.50 128.50
141.00 129.00
140.50 129.00
140.00 129.00
139.50 129.00
139.00 129.00
138.50 129.00
138.00 128.50
137.50 128.50
137.00 128.00
136.50 127.50
136.50 127.00
136.50 126.50
136.50 126.00
136.50 125.50
136.50 125.00
137.00 124.50
137.00 124.00
137.00 123.50
137.50 123.00
137.50 122.50
137.50 122.00
138.00 121.50
138.00 121.00
138.00 120.50
138.50 120.00
138.50 119.50
138.50 119.00
139.00 118.50
139.00 118.00
139.00 117.50
139.50 117.00
140.00 116.50
140.00 116.00
140.50 115.50
141.00 115.50
141.50 115.50
142.00 116.00
142.50 116.50
143.00 117.00
143.00 117.50
143.50 118.00
143.50 118.50
143.50 119.00
144.00 119.50
144.00 120.00
144.00 120.50
144.50 121.00
144.50 121.50
144.50 122.00
144.50 122.50
144.50 123.00
144.50 123.50
144.50 124.00
144.50 124.50
144.50 125.00
144.50 125.50
144.00 126.00
144.00 126.50
