130.50 148.00
130.00 147.50
129.50 147.00
129.50 146.50
129.00 146.00
128.50 145.50
128.00 145.00
128.00 144.50
127.50 144.00
127.00 143.50
127.00 143.00
126.50 142.50
126.50 142.00
126.00 141.50
126.00 141.00
125.50 140.50
125.50 140.00
125.50 139.50
125.50 139.00
125.00 138.50
125.00 138.00
125.00 137.50
125.00 137.00
125.00 136.50
125.00 136.00
125.00 135.50
125.00 135.00
125.00 134.50
125.50 134.00
125.50 133.50
125.50 133.00
125.50 132.50
126.00 132.00
126.00 131.50
126.00 131.00
126.00 130.50
126.50 130.00
126.50 129.50
126.50 129.00
127.00 128.50
127.00 128.00
127.50 127.50
127.50 127.00
128.00 126.50
128.00 126.00
128.00 125.50
128.50 125.00
128.50 124.50
129.00 124.00
129.00 123.50
129.50 123.00
130.00 122.50
130.00 122.00
130.50 121.50
131.00 121.00
131.50 120.50
131.50 120.00
132.00 119.50
132.50 119.50
133.00 119.00
133.50 118.50
134.00 118.50
134.50 118.00
135.00 118.00
135.50 117.50
136.00 117.50
136.50 117.50
137.00 117.00
137.50 117.00
138.00 117.00
138.50 117.00
139.00 116.50
139.50 116.50
140.00 116.50
140.50 116.50
141.00 116.50
141.50 116.50
142.00 116.00
142.50 116.00
143.00 116.00
143.50 116.00
144.00 116.00
144.50 116.00
145.00 116.00
145.50 116.00
146.00 116.00
146.50 116.00
147.00 116.00
147.50 116.00
148.00 116.50
148.50 116.50
149.00 117.00
149.50 117.00
150.00 117.50
150.50 118.00
151.00 118.50
151.50 119.00
152.00 119.50
152.50 120.00
152.50 120.50
152.50 121.00
153.00 121.50
153.00 122.00
153.00 122.50
153.00 123.00
153.00 123.50
153.00 124.00
153.50 124.50
153.50 125.00
153.50 125.50
153.50 126.00
153.50 126.50
153.50 127.00
154.00 127.50
154.00 128.00
154.00 128.50
154.00 129.00
154.00 129.50
154.00 130.00
154.00 130.50
154.00 131.00
154.00 131.50
154.00 132.00
154.00 132.50
154.00 133.00
154.50 133.50
154.50 134.00
154.50 134.50
154.00 135.00
154.00 135.50
154.00 136.00
154.00 136.50
154.00 137.00
154.00 137.50
154.00 138.00
153.50 138.50
153.50 139.00
153.50 139.50
153.00 140.00
153.00 140.50
153.00 141.00
152.50 141.50
152.00 142.00
152.00 142.50
151.50 143.00
151.00 143.50
150.50 144.00
150.00 144.50
149.50 145.00
149.00 145.00
148.50 145.50
148.00 146.00
147.50 146.50
147.00 146.50
146.50 146.50
146.00 146.50
145.50 147.00
145.00 147.00
144.50 147.50
144.00 147.50
143.50 148.00
143.00 148.00
142.50 148.50
142.00 148.50
141.50 148.50
141.00 149.00
140.50 149.00
140.00 149.00
139.50 149.00
139.00 149.00
138.50 149.50
138.00 149.50
137.50 149.50
137.00 149.50
136.50 149.50
136.00 149.50
135.50 149.50
135.00 149.50
134.50 149.50
134.00 149.50
133.50 149.50
133.00 149.00
132.50 149.00
132.00 149.00
131.50 148.50
131.00 148.50
