151.00 113.50
151.50 114.00
152.00 114.00
152.50 114.50
153.00 114.50
153.50 115.00
154.00 115.50
154.50 116.00
155.00 116.50
155.50 116.50
156.00 117.00
156.50 117.50
157.00 118.00
157.00 118.50
157.50 119.00
157.50 119.50
158.00 120.00
158.00 120.50
158.50 121.00
158.50 121.50
158.50 122.00
158.50 122.50
158.50 123.00
159.00 123.50
159.00 124.00
159.00 124.50
159.00 125.00
159.00 125.50
159.00 126.00
159.00 126.50
159.00 127.00
159.00 127.50
159.00 128.00
158.50 128.50
158.50 129.00
158.50 129.50
158.50 130.00
158.50 130.50
158.50 131.00
158.00 131.50
158.00 132.00
158.00 132.50
157.50 133.00
157.50 133.50
157.50 134.00
157.00 134.50
157.00 135.00
156.50 135.50
156.00 136.00
156.00 136.50
155.50 137.00
155.00 137.50
154.50 138.00
154.50 138.50
154.00 139.00
153.50 139.00
153.00 139.50
152.50 140.00
152.00 140.50
151.50 141.00
151.00 141.00
150.50 141.50
150.00 142.00
149.50 142.00
149.00 142.50
148.50 142.50
148.00 143.00
147.50 143.00
147.00 143.00
146.50 143.00
146.00 143.50
145.50 143.50
145.00 143.50
144.50 143.50
144.00 143.50
143.50 143.50
143.00 143.50
142.50 143.50
142.00 143.50
141.50 143.00
141.00 143.00
140.50 143.00
140.00 143.00
139.50 142.50
139.00 142.50
138.50 142.50
138.00 142.00
137.50 141.50
137.00 141.50
136.50 141.00
136.00 140.50
135.50 140.50
135.00 140.00
134.50 139.50
134.00 139.00
133.50 138.50
133.00 138.00
132.50 137.50
132.50 137.00
132.00 136.50
131.50 136.00
131.00 135.50
131.00 135.00
131.00 134.50
130.50 134.00
130.50 133.50
130.00 133.00
130.00 132.50
130.00 132.00
130.00 131.50
129.50 131.00
129.50 130.50
129.50 130.00
129.50 129.50
129.50 129.00
129.50 128.50
129.50 128.00
129.50 127.50
129.50 127.00
129.50 126.50
129.50 126.00
130.00 125.50
130.00 125.00
130.00 124.50
130.00 124.00
130.00 123.50
130.50 123.00
130.50 122.50
130.50 122.00
131.00 121.50
131.00 121.00
131.00 120.50
131.50 120.00
131.50 119.50
132.00 119.00
132.00 118.50
132.50 118.00
132.50 117.50
133.00 117.00
133.50 116.50
134.00 116.00
134.00 115.50
134.50 115.00
135.00 114.50
135.50 114.00
136.00 113.50
136.50 113.50
137.00 113.00
137.50 113.00
138.00 112.50
138.50 112.50
139.00 112.50
139.50 112.00
140.00 112.00
140.50 112.00
141.00 112.00
141.50 112.00
142.00 112.00
142.50 112.00
143.00 112.00
143.50 112.00
144.00 112.00
144.50 112.00
145.00 112.00
145.50 112.00
146.00 112.00
146.50 112.00
147.00 112.00
147.50 112.50
148.00 112.50
148.50 112.50
149.00 113.00
149.50 113.00
150.00 113.00
150.50 113.00
