161.50 134.50
161.50 135.00
161.50 135.50
161.00 136.00
161.00 136.50
161.00 137.00
160.50 137.50
160.50 138.00
160.50 138.50
160.00 139.00
160.00 139.50
159.50 140.00
159.50 140.50
159.00 141.00
159.00 141.50
158.50 142.00
158.50 142.50
158.00 143.00
157.50 143.50
157.50 144.00
157.00 144.50
156.50 145.00
156.00 145.50
155.50 146.00
155.00 146.00
154.50 146.50
154.00 147.00
153.50 147.00
153.00 147.50
152.50 147.50
152.00 148.00
151.50 148.00
151.00 148.50
150.50 148.50
150.00 148.50
149.50 148.50
149.00 149.00
148.50 149.00
148.00 149.00
147.50 149.00
147.00 149.00
146.50 149.00
146.00 149.00
145.50 149.00
145.00 149.00
144.50 149.00
144.00 149.00
143.50 149.00
143.00 149.00
142.50 149.00
142.00 148.50
141.50 148.50
141.00 148.50
140.50 148.50
140.00 148.00
139.50 148.00
139.00 148.00
138.50 147.50
138.00 147.50
137.50 147.00
137.00 146.50
136.50 146.50
136.00 146.00
135.50 146.00
135.00 145.50
134.50 145.00
134.00 144.50
133.50 144.00
133.00 143.50
132.50 143.00
132.00 142.50
132.00 142.00
131.50 141.50
131.00 141.00
130.50 140.50
130.00 140.00
130.00 139.50
130.00 139.00
129.50 138.50
129.50 138.00
129.00 137.50
129.00 137.00
129.00 136.50
128.50 136.00
128.50 135.50
128.50 135.00
128.50 134.50
128.00 134.00
128.00 133.50
128.00 133.00
128.00 132.50
128.00 132.00
128.00 131.50
128.00 131.00
128.00 130.50
128.00 130.00
128.00 129.50
128.50 129.00
128.50 128.50
128.50 128.00
128.50 127.50
128.50 127.00
128.50 126.50
129.00 126.00
129.00 125.50
129.50 125.00
129.50 124.50
129.50 124.00
130.00 123.50
130.00 123.00
130.00 122.50
130.00 122.00
130.50 121.50
130.50 121.00
131.00 120.50
131.00 120.00
131.50 119.50
132.00 119.00
132.00 118.50
132.50 118.00
133.00 117.50
133.50 117.00
134.00 116.50
134.50 116.50
135.00 116.00
135.50 115.50
136.00 115.00
136.50 115.00
137.00 114.50
137.50 114.00
138.00 114.00
138.50 114.00
139.00 114.00
139.50 114.00
140.00 113.50
140.50 113.50
141.00 113.50
141.50 113.00
142.00 113.00
142.50 113.00
143.00 113.00
143.50 112.50
144.00 112.50
144.50 112.50
145.00 112.50
145.50 112.50
146.00 112.50
146.50 112.50
147.00 112.50
147.50 112.50
148.00 112.50
148.50 112.50
149.00 112.50
149.50 112.50
150.00 112.50
150.50 113.00
151.00 113.00
151.50 113.00
152.00 113.50
152.50 113.50
153.00 113.50
153.50 114.00
154.00 114.00
154.50 114.50
155.00 115.00
155.50 115.00
156.00 115.50
156.50 116.00
157.00 116.50
157.50 116.50
158.00 117.00
157.50 117.50
158.00 118.00
158.50 118.50
159.00 119.00
159.00 119.50
159.50 120.00
159.50 120.50
160.00 121.00
160.00 121.50
160.50 122.00
160.50 122.50
160.50 123.00
161.00 123.50
161.00 124.00
161.00 124.50
161.00 125.00
161.00 125.50
161.00 126.00
161.50 126.50
161.50 127.00
161.50 127.50
161.50 128.00
161.50 128.50
161.50 129.00
161.50 129.50
161.50 130.00
161.50 130.50
161.50 131.00
161.50 131.50
161.50 132.00
161.50 132.50
161.50 133.00
161.50 133.50
161.50 134.00
