147.50 115.00
148.00 115.50
148.50 115.50
149.00 116.00
149.50 116.00
150.00 116.50
150.50 116.50
151.00 117.00
151.50 117.00
152.00 117.50
152.50 118.00
153.00 118.00
153.50 118.50
154.00 119.00
154.50 119.50
155.00 120.00
155.50 120.50
155.50 121.00
156.00 121.50
156.50 122.00
156.50 122.50
156.50 123.00
157.00 123.50
157.00 124.00
157.00 124.50
157.50 125.00
157.50 125.50
157.50 126.00
157.50 126.50
158.00 127.00
158.50 127.50
158.50 128.00
158.50 128.50
159.00 129.00
159.00 129.50
159.00 130.00
159.00 130.50
159.00 131.00
159.00 131.50
159.00 132.00
159.00 132.50
159.00 133.00
159.00 133.50
159.00 134.00
159.00 134.50
158.50 135.00
158.50 135.50
158.50 136.00
158.50 136.50
158.00 137.00
158.00 137.50
157.50 138.00
157.50 138.50
157.50 139.00
157.00 139.50
157.00 140.00
156.50 140.50
156.00 141.00
156.00 141.50
155.50 142.00
155.00 142.50
154.50 143.00
154.00 143.50
153.50 144.00
153.00 144.50
152.50 145.00
152.00 145.50
151.50 145.50
151.00 145.50
150.50 146.00
150.00 146.50
149.50 147.00
149.00 147.00
148.50 147.00
148.00 147.50
147.50 147.50
147.00 148.00
146.50 148.00
146.00 148.00
145.50 148.50
145.00 148.50
144.50 148.50
144.00 148.50
143.50 149.00
143.00 149.00
142.50 149.00
142.00 149.00
141.50 149.00
141.00 149.00
140.50 149.00
140.00 149.00
139.50 149.00
139.00 149.00
138.50 149.00
138.00 149.00
137.50 148.50
137.00 148.50
136.50 148.50
136.00 148.50
135.50 148.00
135.00 148.00
134.50 147.50
134.00 147.00
133.50 147.00
133.00 146.50
132.50 146.00
132.00 145.50
131.50 145.00
131.50 144.50
131.00 144.00
130.50 143.50
130.00 143.00
130.00 142.50
129.50 142.00
129.50 141.50
129.00 141.00
129.00 140.50
129.00 140.00
128.50 139.50
128.50 139.00
128.00 138.50
128.00 138.00
128.00 137.50
128.00 137.00
127.50 136.50
127.50 136.00
127.50 135.50
127.50 135.00
127.50 134.50
127.00 134.00
127.00 133.50
127.00 133.00
127.00 132.50
127.00 132.00
127.00 131.50
127.00 131.00
127.00 130.50
127.00 130.00
127.00 129.50
127.00 129.00
127.00 128.50
127.00 128.00
127.00 127.50
127.50 127.00
127.50 126.50
127.50 126.00
128.00 125.50
128.00 125.00
128.00 124.50
128.50 124.00
129.00 123.50
129.00 123.00
129.50 122.50
130.00 122.00
130.50 121.50
131.00 121.00
131.50 120.50
132.00 120.00
132.50 119.50
133.00 119.50
133.50 119.00
134.00 118.50
134.50 118.50
135.00 118.00
135.50 118.00
136.00 117.50
136.50 117.00
137.00 117.00
137.50 116.50
138.00 116.50
138.50 116.00
139.00 115.50
139.50 115.50
140.00 115.50
140.50 115.00
141.00 115.00
141.50 114.50
142.00 114.50
142.50 114.50
143.00 114.50
143.50 114.50
144.00 114.50
144.50 114.50
145.00 114.50
145.50 114.50
146.00 114.50
146.50 114.50
147.00 115.00
