134.50 143.50
134.00 143.00
134.00 142.50
133.50 142.00
133.00 141.50
132.50 141.00
132.00 140.50
132.00 140.00
131.50 139.50
131.50 139.00
131.00 138.50
131.00 138.00
130.50 137.50
130.50 137.00
130.50 136.50
130.00 136.00
130.00 135.50
130.00 135.00
130.00 134.50
130.00 134.00
130.00 133.50
130.00 133.00
130.00 132.50
130.00 132.00
130.00 131.50
130.00 131.00
130.00 130.50
130.00 130.00
130.50 129.50
130.50 129.00
130.50 128.50
130.50 128.00
130.50 127.50
130.50 127.00
130.50 126.50
130.50 126.00
130.50 125.50
131.00 125.00
131.50 124.50
131.50 124.00
132.00 123.50
132.50 123.00
133.00 122.50
133.00 122.00
133.50 121.50
134.00 121.00
134.50 120.50
134.50 120.00
135.00 119.50
135.50 119.00
136.00 119.00
136.50 118.50
137.00 118.00
137.50 117.50
138.00 117.00
138.50 117.00
139.00 116.50
139.50 116.00
140.00 116.00
140.50 116.00
141.00 115.50
141.50 115.50
142.00 115.50
142.50 115.00
143.00 115.00
143.50 115.00
144.00 115.00
144.50 115.00
145.00 115.00
145.50 115.00
146.00 115.00
146.50 115.00
147.00 115.00
147.50 115.00
148.00 115.50
148.50 115.50
149.00 115.50
149.50 116.00
150.00 116.00
150.50 116.50
151.00 116.50
151.50 117.00
152.00 117.50
152.50 117.50
153.00 118.00
153.50 118.50
154.00 119.00
154.50 119.50
155.00 120.00
155.50 120.50
156.00 121.00
156.00 121.50
156.50 122.00
156.50 122.50
157.00 123.00
157.00 123.50
157.00 124.00
157.50 124.50
157.50 125.00
158.00 125.50
158.00 126.00
158.50 126.50
158.50 127.00
158.50 127.50
159.00 128.00
158.50 128.50
158.50 129.00
158.50 129.50
158.50 130.00
158.50 130.50
158.50 131.00
158.50 131.50
158.50 132.00
158.50 132.50
158.00 133.00
158.00 133.50
158.00 134.00
158.00 134.50
157.50 135.00
158.00 135.50
157.50 136.00
157.50 136.50
157.00 137.00
157.00 137.50
156.50 138.00
156.00 138.50
156.00 139.00
155.50 139.50
155.00 140.00
154.50 140.50
154.50 141.00
154.00 141.50
153.50 142.00
153.00 142.50
152.50 143.00
152.00 143.00
151.50 143.50
151.00 143.50
150.50 144.00
150.00 144.00
149.50 144.00
149.00 144.00
148.50 144.00
148.00 144.50
147.50 144.50
147.00 144.50
146.50 144.50
146.00 144.50
145.50 145.00
145.00 145.00
144.50 145.00
144.00 145.00
143.50 145.00
143.00 145.00
142.50 145.00
142.00 145.00
141.50 145.00
141.00 145.00
140.50 145.00
140.00 145.00
139.50 144.50
139.00 144.50
138.50 144.50
138.00 144.50
137.50 144.00
137.00 144.00
136.50 144.00
136.00 143.50
135.50 143.00
135.00 143.00
