149.50 130.50
149.00 130.00
149.00 129.50
148.50 129.00
148.00 128.50
148.00 128.00
147.50 127.50
147.50 127.00
147.50 126.50
147.50 126.00
147.50 125.50
147.50 125.00
148.00 124.50
148.00 124.00
148.50 123.50
148.50 123.00
149.00 122.50
149.00 122.00
149.50 121.50
150.00 121.50
150.50 121.50
151.00 122.00
151.00 122.50
151.50 123.00
151.50 123.50
151.50 124.00
152.00 124.50
152.00 125.00
152.50 125.50
152.50 126.00
152.50 126.50
152.50 127.00
152.50 127.50
152.50 128.00
152.50 128.50
152.50 129.00
152.50 129.50
152.00 130.00
151.50 130.50
151.50 131.00
151.50 131.50
151.50 132.00
151.00 132.50
150.50 132.50
150.00 132.50
149.50 132.50
149.00 132.50
148.50 132.00
148.50 131.50
149.00 131.00
