147.50 139.50
148.00 140.00
148.50 140.50
148.50 141.00
148.00 141.50
147.50 142.00
147.00 142.00
146.50 142.50
146.00 142.50
145.50 142.50
145.00 143.00
144.50 143.00
144.00 143.00
143.50 143.00
143.00 143.00
142.50 143.00
142.00 143.00
141.50 143.00
141.00 142.50
140.50 142.00
140.00 142.00
139.50 141.50
139.50 141.00
139.00 140.50
139.00 140.00
139.00 139.50
139.00 139.00
139.00 138.50
139.00 138.00
139.00 137.50
139.50 137.00
140.00 136.50
140.50 136.50
141.00 136.00
141.50 136.00
142.00 136.50
142.50 136.50
143.00 136.50
143.50 137.00
144.00 137.00
144.50 137.00
145.00 137.50
145.50 138.00
146.00 138.00
146.50 138.50
147.00 139.00
