154.50 141.00
154.00 141.50
153.50 142.00
153.00 142.00
152.50 142.50
152.00 143.00
151.50 143.50
151.00 143.50
150.50 144.00
150.00 144.50
149.50 145.00
149.00 145.00
148.50 145.50
148.00 145.50
147.50 146.00
147.00 146.00
146.50 146.50
146.00 146.50
145.50 147.00
145.00 147.00
144.50 147.50
144.00 147.50
143.50 147.50
143.00 147.50
142.50 147.50
142.00 148.00
141.50 148.00
141.00 148.00
140.50 148.00
140.00 148.00
139.50 148.00
139.00 148.00
138.50 148.00
138.00 148.00
137.50 148.00
137.00 147.50
136.50 147.50
136.00 147.50
135.50 147.00
135.00 147.00
134.50 146.50
134.00 146.00
133.50 145.50
133.00 145.00
132.50 144.50
132.50 144.00
132.00 143.50
132.00 143.00
131.50 142.50
131.50 142.00
131.50 141.50
131.00 141.00
131.00 140.50
131.00 140.00
131.00 139.50
130.50 139.00
130.50 138.50
130.50 138.00
130.50 137.50
130.50 137.00
130.50 136.50
130.50 136.00
130.00 135.50
130.00 135.00
130.00 134.50
130.00 134.00
130.00 133.50
130.00 133.00
130.00 132.50
130.00 132.00
130.00 131.50
130.00 131.00
130.00 130.50
130.00 130.00
130.50 129.50
130.50 129.00
130.50 128.50
130.50 128.00
130.50 127.50
130.50 127.00
131.00 126.50
131.00 126.00
131.00 125.50
131.50 125.00
131.50 124.50
132.00 124.00
132.00 123.50
132.50 123.00
133.00 122.50
133.50 122.00
134.00 121.50
134.50 121.00
135.00 120.50
135.50 120.00
136.00 120.00
136.50 120.00
137.00 119.50
137.50 119.00
138.00 118.50
138.50 118.50
139.00 118.50
139.50 118.00
140.00 118.00
140.50 117.50
141.00 117.50
141.50 117.50
142.00 117.50
142.50 117.00
143.00 117.00
143.50 117.00
144.00 117.00
144.50 117.00
145.00 117.00
145.50 117.00
146.00 117.00
146.50 117.00
147.00 117.00
147.50 117.00
148.00 117.50
148.50 117.50
149.00 117.50
149.50 117.50
150.00 118.00
150.50 118.00
151.00 118.00
151.50 118.50
152.00 119.00
152.50 119.00
153.00 119.00
153.50 119.50
154.00 120.00
154.50 120.50
155.00 121.00
155.50 121.50
156.00 122.00
156.50 122.50
156.50 123.00
157.00 123.50
157.00 124.00
157.00 124.50
157.50 125.00
157.50 125.50
157.50 126.00
158.00 126.50
158.00 127.00
158.00 127.50
158.00 128.00
158.00 128.50
158.00 129.00
158.00 129.50
158.00 130.00
158.00 130.50
158.00 131.00
158.00 131.50
158.00 132.00
158.00 132.50
157.50 133.00
157.50 133.50
157.50 134.00
157.50 134.50
157.50 135.00
157.00 135.50
157.00 136.00
157.00 136.50
156.50 137.00
156.50 137.50
156.00 138.00
155.50 138.50
155.50 139.00
155.00 139.50
154.50 140.00
154.50 140.50
