134.00 120.50
134.50 120.00
135.00 119.50
135.50 119.50
136.00 119.00
136.50 118.50
137.00 118.00
137.50 117.50
138.00 117.50
138.50 117.00
139.00 117.00
139.50 116.50
140.00 116.50
140.50 116.50
141.00 116.50
141.50 116.00
142.00 116.00
142.50 116.00
143.00 116.00
143.50 116.00
144.00 116.00
144.50 116.00
145.00 116.50
145.50 116.50
146.00 116.50
146.50 116.50
147.00 117.00
147.50 117.00
148.00 117.00
148.50 117.50
149.00 118.00
149.50 118.50
150.00 118.50
150.50 119.00
151.00 119.50
151.50 120.00
152.00 120.00
152.50 120.50
152.50 121.00
153.00 121.50
153.00 122.00
153.50 122.50
153.50 123.00
153.50 123.50
153.50 124.00
154.00 124.50
154.00 125.00
154.00 125.50
154.00 126.00
154.50 126.50
154.50 127.00
154.50 127.50
154.50 128.00
154.50 128.50
154.50 129.00
154.50 129.50
155.00 130.00
155.00 130.50
155.00 131.00
155.00 131.50
155.00 132.00
155.00 132.50
155.00 133.00
155.00 133.50
155.00 134.00
155.00 134.50
155.00 135.00
155.00 135.50
155.00 136.00
155.00 136.50
155.00 137.00
155.00 137.50
155.00 138.00
154.50 138.50
154.50 139.00
154.50 139.50
154.50 140.00
154.00 140.50
153.50 141.00
153.00 141.00
152.50 141.50
152.00 142.00
151.50 142.00
151.00 142.50
150.50 142.50
150.00 143.00
149.50 143.50
149.00 143.50
148.50 143.50
148.00 144.00
147.50 144.00
147.00 144.50
146.50 144.50
146.00 145.00
145.50 145.00
145.00 145.00
144.50 145.00
144.00 145.50
143.50 145.50
143.00 145.50
142.50 145.50
142.00 145.50
141.50 145.50
141.00 145.50
140.50 145.50
140.00 145.50
139.50 145.50
139.00 145.50
138.50 145.50
138.00 145.50
137.50 145.50
137.00 145.50
136.50 145.50
136.00 145.50
135.50 145.50
135.00 145.50
134.50 145.50
134.00 145.50
133.50 145.50
133.00 145.00
132.50 145.00
132.00 145.00
131.50 144.50
131.00 144.50
130.50 144.00
130.00 143.50
129.50 143.00
129.50 142.50
129.00 142.00
129.00 141.50
129.00 141.00
128.50 140.50
128.50 140.00
128.50 139.50
128.50 139.00
128.50 138.50
128.50 138.00
128.00 137.50
128.00 137.00
128.00 136.50
128.00 136.00
128.50 135.50
129.00 135.00
129.00 134.50
129.00 134.00
129.00 133.50
129.00 133.00
129.00 132.50
129.00 132.00
129.50 131.50
129.50 131.00
129.50 130.50
129.50 130.00
130.00 129.50
130.00 129.00
130.00 128.50
130.00 128.00
130.50 127.50
130.50 127.00
131.00 126.50
131.00 126.00
131.00 125.50
131.50 125.00
131.50 124.50
132.00 124.00
132.50 123.50
132.50 123.00
133.00 122.50
133.50 122.00
134.00 121.50
134.00 121.00
