140.00 149.50
139.50 149.00
139.00 149.00
138.50 149.00
138.00 148.50
137.50 148.50
137.00 148.50
136.50 148.00
136.00 148.00
135.50 147.50
135.00 147.50
134.50 147.00
134.00 147.00
133.50 146.50
133.00 146.50
132.50 146.00
132.00 145.50
131.50 145.50
131.00 145.00
130.50 144.50
130.00 144.00
129.50 143.50
129.00 143.00
128.50 142.50
128.50 142.00
128.00 141.50
127.50 141.00
127.50 140.50
127.00 140.00
127.00 139.50
126.50 139.00
126.50 138.50
126.50 138.00
126.00 137.50
126.00 137.00
126.00 136.50
126.00 136.00
125.50 135.50
125.50 135.00
125.50 134.50
125.50 134.00
125.50 133.50
125.50 133.00
125.50 132.50
125.00 132.00
125.00 131.50
125.00 131.00
125.00 130.50
125.00 130.00
125.50 129.50
125.50 129.00
125.50 128.50
125.50 128.00
125.50 127.50
125.50 127.00
125.50 126.50
126.00 126.00
126.00 125.50
126.00 125.00
126.00 124.50
126.50 124.00
126.50 123.50
126.50 123.00
127.00 122.50
127.00 122.00
127.50 121.50
128.00 121.00
128.00 120.50
128.50 120.00
128.50 119.50
129.00 119.00
129.50 118.50
129.50 118.00
130.00 117.50
130.50 117.00
131.00 116.50
131.50 116.00
132.00 115.50
132.50 115.00
133.00 114.50
133.50 114.50
134.00 114.00
134.50 113.50
135.00 113.50
135.50 113.00
136.00 113.00
136.50 112.50
137.00 112.00
137.50 112.00
138.00 111.50
138.50 111.50
139.00 111.50
139.50 111.00
140.00 111.00
140.50 111.00
141.00 110.50
141.50 110.50
142.00 110.50
142.50 110.00
143.00 110.00
143.50 110.50
144.00 110.00
144.50 110.00
145.00 110.00
145.50 110.00
146.00 110.00
146.50 110.00
147.00 110.00
147.50 110.00
148.00 110.00
148.50 110.00
149.00 110.50
149.50 110.50
150.00 110.50
150.50 111.00
151.00 111.00
151.50 111.00
152.00 111.50
152.50 112.00
153.00 112.00
153.50 112.00
154.00 112.50
154.50 113.00
155.00 113.50
155.50 113.50
156.00 113.50
156.50 114.00
157.00 114.50
157.50 115.00
158.00 115.50
158.50 116.00
159.00 116.50
159.50 117.00
160.00 117.50
160.50 118.00
161.00 118.50
161.00 119.00
161.50 119.50
161.50 120.00
162.00 120.50
162.00 121.00
162.00 121.50
162.50 122.00
162.50 122.50
162.50 123.00
162.50 123.50
163.00 124.00
163.00 124.50
163.00 125.00
163.00 125.50
163.00 126.00
163.00 126.50
163.00 127.00
163.00 127.50
163.00 128.00
163.00 128.50
163.00 129.00
163.00 129.50
163.00 130.00
163.00 130.50
163.00 131.00
163.00 131.50
163.00 132.00
163.00 132.50
162.50 133.00
162.50 133.50
162.00 134.00
162.00 134.50
162.00 135.00
162.00 135.50
161.50 136.00
161.50 136.50
161.50 137.00
161.50 137.50
161.00 138.00
161.00 138.50
161.00 139.00
160.50 139.50
160.50 140.00
160.00 140.50
160.00 141.00
159.50 141.50
159.50 142.00
159.00 142.50
158.50 143.00
158.00 143.50
157.50 144.00
157.50 144.50
157.00 145.00
156.50 145.00
156.00 145.50
155.50 146.00
155.00 146.50
154.50 147.00
154.00 147.00
153.50 147.50
153.00 147.50
152.50 148.00
152.00 148.00
151.50 148.50
151.00 148.50
150.50 149.00
150.00 149.00
149.50 149.00
149.00 149.50
148.50 149.50
148.00 149.50
147.50 149.50
147.00 149.50
146.50 150.00
146.00 150.00
145.50 150.00
145.00 150.00
144.50 150.00
144.00 150.00
143.50 150.00
143.00 150.00
142.50 150.00
142.00 150.00
141.50 150.00
141.00 150.00
140.50 149.50
