140.00 155.00
139.50 155.00
139.00 155.00
138.50 155.00
138.00 154.50
137.50 154.50
137.00 154.50
136.50 154.50
136.00 154.50
135.50 154.50
135.00 154.00
134.50 154.00
134.00 154.00
133.50 154.00
133.00 154.00
132.50 153.50
132.00 153.50
131.50 153.50
131.00 153.00
130.50 153.00
130.00 153.00
129.50 152.50
129.00 152.50
128.50 152.00
128.00 152.00
127.50 151.50
127.00 151.00
126.50 150.50
126.00 150.50
125.50 150.00
125.00 149.50
124.50 149.00
124.00 148.50
123.50 148.00
123.00 147.50
123.00 147.00
122.50 146.50
122.00 146.00
121.50 145.50
121.50 145.00
121.50 144.50
121.00 144.00
120.50 143.50
120.00 143.00
120.00 142.50
119.50 142.00
119.50 141.50
119.50 141.00
119.50 140.50
119.50 140.00
119.50 139.50
119.50 139.00
119.50 138.50
119.50 138.00
119.50 137.50
119.50 137.00
119.50 136.50
119.50 136.00
120.00 135.50
120.00 135.00
120.00 134.50
120.00 134.00
120.00 133.50
120.50 133.00
120.50 132.50
120.50 132.00
120.50 131.50
121.00 131.00
121.00 130.50
121.00 130.00
121.50 129.50
121.50 129.00
121.50 128.50
121.50 128.00
122.00 127.50
122.00 127.00
122.00 126.50
122.50 126.00
122.50 125.50
122.50 125.00
122.50 124.50
123.00 124.00
123.00 123.50
123.00 123.00
123.50 122.50
123.50 122.00
123.50 121.50
124.00 121.00
124.00 120.50
124.00 120.00
124.00 119.50
124.50 119.00
124.50 118.50
124.50 118.00
125.00 117.50
125.00 117.00
125.50 116.50
125.50 116.00
126.00 115.50
126.00 115.00
126.50 114.50
126.50 114.00
127.00 113.50
127.50 113.00
128.00 112.50
128.00 112.00
128.50 111.50
129.00 111.00
129.50 111.00
130.00 110.50
130.50 110.00
131.00 110.00
131.50 109.50
132.00 109.00
132.50 109.00
133.00 108.50
133.50 108.50
134.00 108.00
134.50 107.50
135.00 107.50
135.50 107.50
136.00 107.00
136.50 107.00
137.00 107.00
137.50 107.00
138.00 106.50
138.50 106.50
139.00 106.50
139.50 106.50
140.00 106.50
140.50 106.50
141.00 106.50
141.50 106.50
142.00 106.00
142.50 106.00
143.00 106.50
143.50 106.50
144.00 106.50
144.50 106.50
145.00 106.50
145.50 106.50
146.00 106.50
146.50 106.50
147.00 106.50
147.50 107.00
148.00 107.00
148.50 107.00
149.00 107.50
149.50 107.50
150.00 107.50
150.50 107.50
151.00 108.00
151.50 108.00
152.00 108.50
152.50 108.50
153.00 108.50
153.50 109.00
154.00 109.50
154.50 109.50
155.00 110.00
155.50 110.50
156.00 110.50
156.50 111.00
157.00 111.50
157.50 112.00
158.00 112.50
158.50 113.00
159.00 113.50
159.00 114.00
159.50 114.50
159.50 115.00
160.00 115.50
160.50 116.00
160.50 116.50
161.00 117.00
161.00 117.50
161.00 118.00
161.50 118.50
161.50 119.00
162.00 119.50
162.00 120.00
162.00 120.50
162.50 121.00
162.50 121.50
162.50 122.00
162.50 122.50
162.50 123.00
163.00 123.50
163.00 124.00
163.00 124.50
163.00 125.00
163.00 125.50
163.50 126.00
163.50 126.50
163.50 127.00
163.50 127.50
163.50 128.00
163.50 128.50
163.50 129.00
163.50 129.50
163.50 130.00
163.50 130.50
163.50 131.00
163.50 131.50
163.50 132.00
163.50 132.50
163.50 133.00
163.50 133.50
163.50 134.00
163.50 134.50
163.00 135.00
163.00 135.50
163.00 136.00
163.00 136.50
163.00 137.00
162.50 137.50
162.50 138.00
162.50 138.50
162.00 139.00
162.00 139.50
162.00 140.00
161.50 140.50
161.50 141.00
161.00 141.50
161.00 142.00
160.50 142.50
160.00 143.00
160.00 143.50
159.50 144.00
159.00 144.50
158.50 145.00
158.00 145.50
157.50 146.00
157.00 146.50
156.50 147.00
156.00 147.50
155.50 148.00
155.00 148.00
154.50 148.50
154.00 148.50
153.50 149.00
153.00 149.50
152.50 149.50
152.00 150.00
151.50 150.00
151.00 150.50
150.50 150.50
150.00 151.00
149.50 151.00
149.00 151.50
148.50 151.50
148.00 152.00
147.50 152.00
147.00 152.50
146.50 152.50
146.00 152.50
145.50 153.00
145.00 153.00
144.50 153.00
144.00 153.50
143.50 153.50
143.00 153.50
142.50 154.00
142.00 154.00
141.50 154.00
141.00 154.00
140.50 154.50
