146.50 128.50
146.00 128.50
145.50 128.50
145.00 128.50
144.50 128.00
144.00 128.00
143.50 128.00
143.00 127.50
142.50 127.50
142.00 127.00
141.50 126.50
141.50 126.00
141.50 125.50
141.50 125.00
141.50 124.50
142.00 124.00
142.50 124.00
143.00 124.00
143.50 123.50
143.50 123.00
144.00 122.50
144.50 122.00
145.00 122.00
145.50 122.00
146.00 121.50
146.50 121.50
147.00 121.50
147.50 122.00
148.00 122.00
148.50 122.50
148.50 123.00
148.50 123.50
148.50 124.00
148.50 124.50
148.50 125.00
148.50 125.50
148.50 126.00
148.50 126.50
148.50 127.00
149.00 127.50
149.00 128.00
149.50 128.50
150.00 129.00
150.00 129.50
150.50 130.00
150.50 130.50
150.50 131.00
150.00 131.50
149.50 132.00
149.00 132.00
148.50 131.50
148.00 131.00
148.00 130.50
147.50 130.00
147.50 129.50
147.00 129.00
