143.50 111.50
144.00 111.00
144.00 110.50
144.50 110.00
145.00 109.50
145.00 109.00
145.00 108.50
145.00 108.00
145.00 107.50
145.00 107.00
145.00 106.50
145.50 106.00
146.00 106.00
146.50 106.00
147.00 106.00
147.50 106.00
148.00 106.00
148.50 106.00
149.00 106.00
149.50 106.00
150.00 106.00
150.50 106.50
151.00 106.50
151.50 106.50
152.00 106.50
152.50 107.00
153.00 107.00
153.50 107.00
154.00 107.50
154.50 107.50
155.00 108.00
155.50 108.50
156.00 108.50
156.50 109.00
157.00 109.00
157.50 109.50
158.00 110.00
158.50 110.50
159.00 111.00
159.50 111.50
160.00 112.00
160.50 112.50
161.00 112.50
161.50 113.00
162.00 113.50
162.00 114.00
162.50 114.50
163.00 115.00
163.50 115.50
164.00 116.00
164.50 116.50
164.50 117.00
164.50 117.50
165.00 118.00
165.50 118.50
165.50 119.00
165.50 119.50
166.00 120.00
166.00 120.50
166.50 121.00
166.50 121.50
166.50 122.00
166.50 122.50
166.50 123.00
166.50 123.50
167.00 124.00
167.00 124.50
167.00 125.00
167.00 125.50
167.00 126.00
167.00 126.50
167.00 127.00
166.50 127.50
166.50 128.00
166.50 128.50
166.50 129.00
166.50 129.50
166.50 130.00
166.50 130.50
166.50 131.00
166.50 131.50
166.00 132.00
166.00 132.50
166.00 133.00
166.00 133.50
166.00 134.00
166.00 134.50
166.00 135.00
166.00 135.50
166.00 136.00
165.50 136.50
165.50 137.00
165.50 137.50
165.50 138.00
165.50 138.50
165.50 139.00
165.50 139.50
165.50 140.00
165.00 140.50
165.00 141.00
165.00 141.50
165.00 142.00
164.50 142.50
164.50 143.00
164.50 143.50
164.00 144.00
164.00 144.50
164.00 145.00
163.50 145.50
163.00 146.00
163.00 146.50
162.50 147.00
162.00 147.50
161.50 148.00
161.00 148.50
160.50 148.50
160.00 149.00
159.50 149.50
159.00 149.50
158.50 150.00
158.00 150.00
157.50 150.50
157.00 150.50
156.50 150.50
156.00 151.00
155.50 151.00
155.00 151.00
154.50 151.50
154.00 151.50
153.50 152.00
153.00 152.00
152.50 152.00
152.00 152.50
151.50 152.50
151.00 152.50
150.50 152.50
150.00 153.00
149.50 153.00
149.00 153.00
148.50 153.00
148.00 153.50
147.50 153.50
147.00 153.50
146.50 154.00
146.00 154.00
145.50 154.00
145.00 154.00
144.50 154.50
144.00 154.50
143.50 154.50
143.00 154.50
142.50 155.00
142.00 155.00
141.50 155.00
141.00 155.00
140.50 155.00
140.00 155.00
139.50 155.00
139.00 155.00
138.50 155.00
138.00 155.00
137.50 155.00
137.00 155.00
136.50 155.00
136.00 155.00
135.50 155.00
135.00 154.50
134.50 154.50
134.00 154.50
133.50 154.50
133.00 154.00
132.50 154.00
132.00 154.00
131.50 153.50
131.00 153.50
130.50 153.00
130.00 153.00
129.50 153.00
129.00 152.50
128.50 152.00
128.00 152.00
127.50 151.50
127.00 151.00
127.00 150.50
126.50 150.00
126.00 149.50
125.50 149.00
125.50 148.50
125.00 148.00
124.50 147.50
124.50 147.00
124.50 146.50
124.50 146.00
124.50 145.50
124.00 145.00
124.00 144.50
124.00 144.00
124.00 143.50
124.00 143.00
124.00 142.50
124.00 142.00
124.00 141.50
124.00 141.00
124.00 140.50
124.00 140.00
124.00 139.50
124.00 139.00
124.00 138.50
124.00 138.00
124.00 137.50
124.00 137.00
124.00 136.50
124.00 136.00
124.00 135.50
124.00 135.00
124.00 134.50
124.50 134.00
124.50 133.50
124.50 133.00
124.50 132.50
124.50 132.00
124.50 131.50
125.00 131.00
125.00 130.50
125.00 130.00
125.50 129.50
125.50 129.00
125.50 128.50
125.50 128.00
126.00 127.50
126.00 127.00
126.00 126.50
126.50 126.00
126.50 125.50
126.50 125.00
127.00 124.50
127.50 124.00
127.50 123.50
127.50 123.00
128.00 122.50
128.50 122.00
128.50 121.50
129.00 121.00
129.50 120.50
130.00 120.00
130.50 119.50
131.00 119.00
131.50 118.50
132.00 118.00
132.50 118.00
133.00 117.50
133.50 117.00
134.00 117.00
134.50 117.00
135.00 116.50
135.50 116.50
136.00 116.50
136.50 116.00
137.00 116.00
137.50 116.00
138.00 115.50
138.50 115.00
139.00 115.00
139.50 115.00
140.00 114.50
140.50 114.50
141.00 114.50
141.50 114.00
142.00 113.50
142.50 113.50
143.00 113.50
143.50 113.00
143.50 112.50
143.50 112.00
