154.50 123.50
155.00 124.00
155.00 124.50
155.00 125.00
155.50 125.50
155.50 126.00
155.50 126.50
155.50 127.00
155.50 127.50
155.00 128.00
154.50 128.00
154.00 128.00
153.50 128.00
153.00 128.00
152.50 128.00
152.00 128.00
151.50 128.00
151.00 128.00
150.50 127.50
150.00 127.50
149.50 127.00
149.00 127.00
148.50 126.50
148.50 126.00
148.00 125.50
148.00 125.00
147.50 124.50
147.50 124.00
147.50 123.50
147.50 123.00
147.50 122.50
147.50 122.00
148.00 121.50
148.00 121.00
148.00 120.50
148.50 120.00
149.00 120.00
149.50 120.00
150.00 120.00
150.50 120.00
151.00 120.00
151.50 120.00
152.00 120.00
152.50 120.00
153.00 120.00
153.50 120.50
153.50 121.00
153.50 121.50
153.50 122.00
153.50 122.50
154.00 123.00
