140.00 144.00
139.50 143.50
139.00 143.50
138.50 143.50
138.00 143.00
137.50 143.00
137.00 142.50
136.50 142.50
136.00 142.00
135.50 142.00
135.00 141.50
134.50 141.00
134.00 141.00
133.50 140.50
133.00 140.00
132.50 139.50
132.00 139.00
131.50 138.50
131.50 138.00
131.00 137.50
130.50 137.00
130.50 136.50
130.00 136.00
129.50 135.50
129.50 135.00
129.50 134.50
129.00 134.00
129.00 133.50
128.50 133.00
128.50 132.50
128.00 132.00
128.00 131.50
128.00 131.00
128.00 130.50
127.50 130.00
127.50 129.50
127.50 129.00
127.50 128.50
127.50 128.00
127.50 127.50
127.50 127.00
127.50 126.50
127.50 126.00
127.50 125.50
127.50 125.00
127.50 124.50
127.50 124.00
127.50 123.50
127.50 123.00
127.50 122.50
127.50 122.00
127.50 121.50
128.00 121.00
128.00 120.50
128.00 120.00
128.00 119.50
128.00 119.00
128.00 118.50
128.50 118.00
128.50 117.50
128.50 117.00
129.00 116.50
129.50 116.00
129.50 115.50
130.00 115.00
130.00 114.50
130.50 114.00
131.00 113.50
131.50 113.00
131.50 112.50
132.00 112.00
132.50 112.00
133.00 111.50
133.50 111.00
134.00 110.50
134.50 110.00
135.00 110.00
135.50 109.50
136.00 109.00
136.50 109.00
137.00 108.50
137.50 108.50
138.00 108.00
138.50 108.00
139.00 107.50
139.50 107.00
140.00 107.00
140.50 106.50
141.00 106.50
141.50 106.50
142.00 106.50
142.50 106.00
143.00 106.00
143.50 106.00
144.00 106.00
144.50 106.00
145.00 106.00
145.50 106.00
146.00 106.00
146.50 106.00
147.00 106.00
147.50 106.00
148.00 106.00
148.50 106.50
149.00 106.50
149.50 106.50
150.00 106.50
150.50 106.50
151.00 106.50
151.50 107.00
152.00 107.00
152.50 107.00
153.00 107.00
153.50 107.50
154.00 107.50
154.50 107.50
155.00 108.00
155.50 108.00
156.00 108.50
156.50 109.00
157.00 109.00
157.50 109.50
158.00 110.00
158.50 110.50
159.00 111.00
159.50 111.50
159.50 112.00
160.00 112.50
160.50 113.00
161.00 113.50
161.00 114.00
161.00 114.50
161.50 115.00
162.00 115.50
162.00 116.00
162.50 116.50
162.50 117.00
162.50 117.50
163.00 118.00
163.00 118.50
163.00 119.00
163.50 119.50
163.50 120.00
163.50 120.50
164.00 121.00
164.00 121.50
164.00 122.00
164.00 122.50
164.00 123.00
164.00 123.50
164.00 124.00
164.00 124.50
164.00 125.00
164.00 125.50
164.00 126.00
164.00 126.50
164.00 127.00
164.00 127.50
164.00 128.00
164.00 128.50
164.00 129.00
164.00 129.50
164.00 130.00
163.50 130.50
163.50 131.00
163.50 131.50
163.00 132.00
163.00 132.50
163.00 133.00
162.50 133.50
162.50 134.00
162.50 134.50
162.00 135.00
161.50 135.50
161.50 136.00
161.00 136.50
161.00 137.00
160.50 137.50
160.00 138.00
159.50 138.50
159.00 139.00
158.50 139.50
158.00 140.00
157.50 140.50
157.00 141.00
156.50 141.50
156.00 141.50
155.50 142.00
155.00 142.50
154.50 142.50
154.00 142.50
153.50 143.00
153.00 143.00
152.50 143.50
152.00 143.50
151.50 143.50
151.00 143.50
150.50 144.00
150.00 144.00
149.50 144.00
149.00 144.00
148.50 144.00
148.00 144.50
147.50 144.50
147.00 144.50
146.50 144.50
146.00 144.50
145.50 144.50
145.00 144.50
144.50 144.50
144.00 144.50
143.50 144.50
143.00 144.00
142.50 144.00
142.00 144.00
141.50 144.00
141.00 144.00
140.50 143.50
