145.00 107.00
145.50 107.00
146.00 107.00
146.50 107.00
147.00 107.00
147.50 107.50
148.00 107.50
148.50 107.50
149.00 107.50
149.50 107.50
150.00 107.50
150.50 108.00
151.00 108.00
151.50 108.00
152.00 108.00
152.50 108.50
153.00 108.50
153.50 108.50
154.00 109.00
154.50 109.00
155.00 109.50
155.50 109.50
156.00 109.50
156.50 110.00
157.00 110.00
157.50 110.50
158.00 111.00
158.50 111.00
159.00 111.50
159.50 112.00
160.00 112.50
160.50 113.00
161.00 113.50
161.50 114.00
162.00 114.50
162.00 115.00
162.50 115.50
163.00 116.00
163.50 116.50
163.50 117.00
164.00 117.50
164.00 118.00
164.00 118.50
164.50 119.00
164.50 119.50
165.00 120.00
165.00 120.50
165.00 121.00
165.00 121.50
165.00 122.00
165.00 122.50
165.00 123.00
165.00 123.50
165.00 124.00
165.00 124.50
165.00 125.00
165.00 125.50
165.00 126.00
165.00 126.50
165.00 127.00
165.00 127.50
165.00 128.00
165.00 128.50
165.00 129.00
165.00 129.50
165.00 130.00
165.00 130.50
165.00 131.00
165.00 131.50
165.00 132.00
165.00 132.50
164.50 133.00
164.50 133.50
164.50 134.00
164.50 134.50
164.50 135.00
164.50 135.50
164.50 136.00
164.00 136.50
164.00 137.00
164.00 137.50
164.00 138.00
163.50 138.50
163.50 139.00
163.50 139.50
163.00 140.00
163.00 140.50
163.00 141.00
162.50 141.50
162.00 142.00
162.00 142.50
161.50 143.00
161.00 143.50
161.00 144.00
160.50 144.50
160.00 145.00
159.50 145.50
159.00 146.00
158.50 146.50
158.00 146.50
157.50 147.00
157.00 147.50
156.50 147.50
156.00 148.00
155.50 148.50
155.00 148.50
154.50 149.00
154.00 149.00
153.50 149.50
153.00 149.50
152.50 150.00
152.00 150.00
151.50 150.00
151.00 150.50
150.50 150.50
150.00 150.50
149.50 151.00
149.00 151.00
148.50 151.00
148.00 151.00
147.50 151.00
147.00 151.00
146.50 151.50
146.00 151.50
145.50 151.50
145.00 151.50
144.50 151.50
144.00 151.50
143.50 151.50
143.00 151.50
142.50 151.50
142.00 151.50
141.50 151.50
141.00 151.50
140.50 151.00
140.00 151.00
139.50 151.00
139.00 151.00
138.50 151.00
138.00 150.50
137.50 150.50
137.00 150.50
136.50 150.00
136.00 150.00
135.50 150.00
135.00 149.50
134.50 149.50
134.00 149.00
133.50 149.00
133.00 148.50
132.50 148.50
132.00 148.00
131.50 147.50
131.00 147.00
130.50 147.00
130.00 146.50
129.50 146.00
129.00 145.50
128.50 145.00
128.00 144.50
127.50 144.00
127.50 143.50
127.00 143.00
127.00 142.50
126.50 142.00
126.00 141.50
126.00 141.00
125.50 140.50
125.50 140.00
125.50 139.50
125.00 139.00
125.00 138.50
124.50 138.00
124.50 137.50
124.50 137.00
124.00 136.50
124.00 136.00
124.00 135.50
124.00 135.00
124.00 134.50
123.50 134.00
123.50 133.50
123.50 133.00
123.50 132.50
123.50 132.00
123.50 131.50
123.50 131.00
123.50 130.50
123.50 130.00
123.50 129.50
123.50 129.00
123.50 128.50
123.50 128.00
123.50 127.50
123.50 127.00
124.00 126.50
124.00 126.00
124.00 125.50
124.00 125.00
124.00 124.50
124.50 124.00
124.50 123.50
124.50 123.00
125.00 122.50
125.00 122.00
125.00 121.50
125.50 121.00
125.50 120.50
125.50 120.00
126.00 119.50
126.50 119.00
126.50 118.50
127.00 118.00
127.00 117.50
127.50 117.00
128.00 116.50
128.00 116.00
128.50 115.50
129.00 115.00
129.50 114.50
130.00 114.00
130.00 113.50
130.50 113.00
131.00 113.00
131.50 112.50
132.00 112.00
132.50 111.50
133.00 111.00
133.50 111.00
134.00 110.50
134.50 110.00
135.00 110.00
135.50 109.50
136.00 109.50
136.50 109.00
137.00 109.00
137.50 108.50
138.00 108.00
138.50 108.00
139.00 108.00
139.50 107.50
140.00 107.50
140.50 107.50
141.00 107.50
141.50 107.00
142.00 107.00
142.50 107.00
143.00 107.00
143.50 107.00
144.00 107.00
144.50 107.00
