144.50 139.50
145.00 140.00
145.50 140.50
145.50 141.00
145.00 141.50
144.50 142.00
144.00 142.00
143.50 142.00
143.00 142.00
142.50 142.00
142.00 142.50
141.50 142.50
141.00 143.00
140.50 143.00
140.00 143.00
139.50 143.50
139.00 143.50
138.50 143.50
138.00 143.00
137.50 142.50
137.00 142.00
136.50 141.50
136.00 141.00
135.50 140.50
135.00 140.00
134.50 139.50
134.50 139.00
134.50 138.50
135.00 138.00
135.50 137.50
136.00 137.50
136.50 137.00
137.00 137.50
137.50 137.50
138.00 138.00
138.00 138.50
138.50 139.00
138.50 139.50
138.50 140.00
138.50 140.50
139.00 141.00
139.50 141.50
140.00 141.50
140.50 141.50
141.00 141.00
141.50 141.00
142.00 140.50
142.50 140.00
143.00 139.50
143.50 139.00
144.00 139.00
