141.50 134.50
141.50 134.00
141.50 133.50
141.50 133.00
141.50 132.50
142.00 132.00
142.50 132.00
143.00 132.00
143.50 132.00
144.00 132.00
144.50 132.00
145.00 132.00
145.50 132.00
146.00 132.00
146.50 132.00
147.00 132.00
147.50 131.50
147.50 131.00
147.00 130.50
147.00 130.00
147.00 129.50
146.50 129.00
146.50 128.50
146.00 128.00
146.00 127.50
145.50 127.00
145.50 126.50
145.50 126.00
145.50 125.50
145.00 125.00
145.00 124.50
145.50 124.00
145.50 123.50
146.00 123.00
146.50 122.50
147.00 122.50
147.50 122.50
148.00 123.00
148.50 123.00
149.00 123.50
149.50 124.00
149.50 124.50
149.50 125.00
150.00 125.50
150.00 126.00
150.00 126.50
150.00 127.00
150.00 127.50
150.00 128.00
150.00 128.50
150.00 129.00
150.00 129.50
150.00 130.00
150.00 130.50
150.50 131.00
151.00 131.00
151.50 130.50
152.00 130.50
152.50 130.00
153.00 130.00
153.50 129.50
154.00 129.50
154.50 129.50
155.00 130.00
155.00 130.50
155.00 131.00
155.00 131.50
154.50 132.00
154.00 132.00
153.50 132.00
153.00 132.50
152.50 132.50
152.00 132.50
151.50 132.50
151.00 133.00
150.50 133.00
150.00 133.00
149.50 133.00
149.00 133.00
148.50 133.50
148.00 133.50
147.50 133.50
147.00 133.50
146.50 134.00
146.00 134.00
145.50 134.00
145.00 134.00
144.50 134.50
144.00 134.50
143.50 134.50
143.00 134.50
142.50 134.50
142.00 135.00
141.50 135.00
141.00 135.00
