123.50 132.00
123.00 131.50
123.00 131.00
122.50 130.50
122.50 130.00
122.00 129.50
122.00 129.00
122.00 128.50
122.00 128.00
121.50 127.50
121.50 127.00
121.50 126.50
121.50 126.00
122.00 125.50
122.00 125.00
122.00 124.50
122.00 124.00
122.50 123.50
122.50 123.00
123.00 122.50
123.00 122.00
123.50 121.50
124.00 121.00
124.00 120.50
124.50 120.00
125.00 120.00
125.50 119.50
126.00 119.00
126.50 119.00
127.00 118.50
127.50 118.50
128.00 118.50
128.50 118.00
129.00 118.00
129.50 118.00
130.00 118.00
130.50 118.00
131.00 118.00
131.50 118.00
132.00 118.00
132.50 118.50
133.00 118.50
133.50 118.50
134.00 119.00
134.50 119.00
135.00 119.50
135.50 120.00
136.00 120.50
136.50 121.00
137.00 121.50
137.00 122.00
137.50 122.50
137.50 123.00
138.00 123.50
138.00 124.00
138.00 124.50
138.00 125.00
138.50 125.50
138.50 126.00
138.50 126.50
138.50 127.00
138.00 127.50
138.00 128.00
138.00 128.50
138.00 129.00
138.00 129.50
137.50 130.00
137.50 130.50
137.50 131.00
137.00 131.50
136.50 132.00
136.50 132.50
136.00 133.00
135.50 133.50
135.00 134.00
134.50 134.00
134.00 134.50
133.50 135.00
133.00 135.00
132.50 135.00
132.00 135.00
131.50 135.50
131.00 135.50
130.50 135.50
130.00 135.00
129.50 135.00
129.00 135.00
128.50 135.00
128.00 135.00
127.50 135.00
127.00 134.50
126.50 134.00
126.00 134.00
125.50 134.00
125.00 133.50
124.50 133.00
124.00 132.50
