133.00 124.50
133.50 124.00
134.00 124.00
134.50 124.00
135.00 124.00
135.50 124.00
136.00 124.00
136.50 124.00
137.00 124.00
137.50 124.00
138.00 123.50
138.00 123.00
138.00 122.50
138.00 122.00
138.00 121.50
138.00 121.00
138.00 120.50
138.00 120.00
138.00 119.50
138.00 119.00
138.50 118.50
139.00 118.50
139.50 118.50
140.00 118.50
140.50 118.50
141.00 119.00
141.50 119.00
142.00 119.00
142.50 119.50
143.00 120.00
143.50 120.00
144.00 120.50
144.00 121.00
144.50 121.50
145.00 122.00
145.00 122.50
145.00 123.00
145.00 123.50
145.00 124.00
145.00 124.50
145.00 125.00
144.50 125.50
144.50 126.00
144.50 126.50
144.00 127.00
144.00 127.50
143.50 128.00
143.00 128.50
142.50 129.00
142.00 129.00
141.50 129.00
141.00 129.00
140.50 128.50
140.00 128.00
139.50 127.50
139.00 127.50
138.50 127.00
138.00 127.00
137.50 127.00
137.00 127.00
136.50 127.50
136.00 127.50
135.50 127.50
135.00 127.50
134.50 127.50
134.00 127.50
133.50 127.00
133.00 126.50
133.00 126.00
133.00 125.50
133.00 125.00
