130.50 127.50
130.50 127.00
130.50 126.50
130.50 126.00
130.50 125.50
130.00 125.00
130.00 124.50
130.00 124.00
130.00 123.50
130.00 123.00
130.00 122.50
130.00 122.00
130.00 121.50
130.00 121.00
130.00 120.50
130.00 120.00
129.50 119.50
129.50 119.00
129.50 118.50
129.50 118.00
130.00 117.50
130.50 117.00
131.00 116.50
131.50 116.00
132.00 116.00
132.50 116.00
133.00 115.50
133.50 115.50
134.00 115.50
134.50 115.50
135.00 116.00
135.50 116.00
136.00 116.50
136.50 116.50
137.00 117.00
137.50 117.50
138.00 118.00
138.50 118.50
138.50 119.00
139.00 119.50
139.50 120.00
139.50 120.50
139.00 121.00
138.50 121.00
138.00 120.50
137.50 120.50
137.00 120.50
136.50 120.50
136.00 120.00
135.50 120.00
135.00 120.00
134.50 120.50
134.50 121.00
134.50 121.50
134.50 122.00
134.50 122.50
134.50 123.00
134.50 123.50
134.50 124.00
134.50 124.50
134.50 125.00
134.50 125.50
134.00 126.00
134.00 126.50
133.50 127.00
133.00 127.50
132.50 127.50
132.00 128.00
131.50 128.00
131.00 128.00
130.50 127.50
