147.50 128.50
147.50 129.00
147.00 129.50
147.00 130.00
147.00 130.50
147.00 131.00
146.50 131.50
146.50 132.00
146.50 132.50
146.50 133.00
146.00 133.50
146.00 134.00
146.00 134.50
145.50 135.00
145.00 135.50
145.00 136.00
145.00 136.50
144.50 137.00
144.00 137.50
144.00 138.00
143.50 138.50
143.00 139.00
142.50 139.50
142.00 140.00
141.50 140.50
141.00 140.50
140.50 141.00
140.00 141.50
139.50 141.50
139.00 141.50
138.50 142.00
138.00 142.50
137.50 142.50
137.00 142.50
136.50 143.00
136.00 143.00
135.50 143.00
135.00 143.50
134.50 143.50
134.00 143.50
133.50 144.00
133.00 144.50
132.50 145.00
132.00 144.50
131.50 144.50
131.00 144.50
130.50 144.50
130.00 144.50
129.50 144.50
129.00 144.50
128.50 144.50
128.00 144.50
127.50 144.50
127.00 144.50
126.50 144.50
126.00 144.50
125.50 144.50
125.00 144.50
124.50 144.50
124.00 144.50
123.50 144.50
123.00 144.50
122.50 144.50
122.00 144.50
121.50 144.50
121.00 144.50
120.50 144.00
120.00 144.00
119.50 144.00
119.00 144.00
118.50 144.00
118.00 144.00
117.50 144.00
117.00 143.50
116.50 143.50
116.00 143.50
115.50 143.00
115.00 143.00
114.50 143.00
114.00 142.50
113.50 142.00
113.00 142.00
112.50 141.50
112.00 141.00
111.50 140.50
111.00 140.00
111.00 139.50
110.50 139.00
110.00 138.50
110.00 138.00
109.50 137.50
109.00 137.00
109.00 136.50
109.00 136.00
108.50 135.50
108.50 135.00
108.00 134.50
108.00 134.00
108.00 133.50
107.50 133.00
107.50 132.50
107.00 132.00
107.00 131.50
107.00 131.00
106.50 130.50
106.50 130.00
106.50 129.50
106.00 129.00
106.00 128.50
106.00 128.00
106.00 127.50
105.50 127.00
105.50 126.50
105.50 126.00
105.50 125.50
105.50 125.00
105.50 124.50
105.00 124.00
105.00 123.50
105.00 123.00
105.00 122.50
105.00 122.00
105.00 121.50
105.00 121.00
105.50 120.50
105.50 120.00
105.50 119.50
105.50 119.00
106.00 118.50
106.00 118.00
106.00 117.50
106.50 117.00
106.50 116.50
107.00 116.00
107.50 115.50
108.00 115.00
108.00 114.50
108.50 114.00
109.00 113.50
109.50 113.00
110.00 112.50
110.50 112.00
111.00 111.50
111.50 111.50
112.00 111.00
112.50 110.50
113.00 110.50
113.50 110.00
114.00 110.00
114.50 109.50
115.00 109.00
115.50 109.00
116.00 109.00
116.50 108.50
117.00 108.50
117.50 108.50
118.00 108.00
118.50 108.00
119.00 108.00
119.50 107.50
120.00 107.50
120.50 107.50
121.00 107.50
121.50 107.50
122.00 107.50
122.50 107.00
123.00 107.00
123.50 107.00
124.00 107.00
124.50 107.00
125.00 107.00
125.50 107.00
126.00 107.00
126.50 107.00
127.00 107.00
127.50 106.50
128.00 106.50
128.50 106.50
129.00 106.50
129.50 106.50
130.00 107.00
130.50 107.00
131.00 107.00
131.50 107.00
132.00 107.00
132.50 107.00
133.00 107.00
133.50 107.00
134.00 107.50
134.50 107.50
135.00 107.50
135.50 108.00
136.00 108.00
136.50 108.00
137.00 108.50
137.50 108.50
138.00 109.00
138.50 109.50
139.00 110.00
139.50 110.00
140.00 110.50
140.50 111.00
141.00 111.50
141.50 112.00
142.00 112.50
142.00 113.00
142.50 113.50
143.00 114.00
143.00 114.50
143.50 115.00
143.50 115.50
144.00 116.00
144.50 116.50
144.50 117.00
144.50 117.50
145.00 118.00
145.00 118.50
145.50 119.00
145.50 119.50
145.50 120.00
146.00 120.50
146.00 121.00
146.00 121.50
146.50 122.00
146.50 122.50
146.50 123.00
146.50 123.50
146.50 124.00
147.00 124.50
147.00 125.00
147.00 125.50
147.00 126.00
147.00 126.50
147.00 127.00
147.00 127.50
147.00 128.00
