126.50 128.50
126.00 128.50
125.50 128.00
125.00 128.00
124.50 128.00
124.00 127.50
123.50 127.50
123.00 127.50
122.50 127.50
122.00 127.00
121.50 127.00
121.00 126.50
120.50 126.50
120.00 126.00
119.50 125.50
119.00 125.00
118.50 124.50
118.50 124.00
118.50 123.50
118.00 123.00
118.00 122.50
118.00 122.00
118.00 121.50
118.00 121.00
118.00 120.50
118.00 120.00
118.00 119.50
118.00 119.00
118.50 118.50
118.50 118.00
118.50 117.50
119.00 117.00
119.00 116.50
119.50 116.00
119.50 115.50
120.00 115.00
120.50 114.50
121.00 114.00
121.50 114.00
122.00 113.50
122.50 113.00
123.00 112.50
123.50 112.50
124.00 112.00
124.50 112.00
125.00 111.50
125.50 111.50
126.00 111.00
126.50 111.00
127.00 111.00
127.50 111.00
128.00 111.00
128.50 111.00
129.00 111.00
129.50 111.00
130.00 111.00
130.50 111.50
131.00 111.50
131.50 112.00
132.00 112.50
132.50 113.00
133.00 113.50
133.50 114.00
134.00 114.00
134.50 114.50
134.50 115.00
135.00 115.50
135.50 116.00
136.00 116.50
136.50 117.00
136.50 117.50
137.00 118.00
137.50 118.50
137.50 119.00
138.00 119.50
138.00 120.00
138.50 120.50
138.50 121.00
138.50 121.50
139.00 122.00
139.00 122.50
139.00 123.00
139.50 123.50
139.50 124.00
139.50 124.50
139.50 125.00
139.50 125.50
139.00 126.00
139.00 126.50
139.00 127.00
138.50 127.50
138.00 128.00
137.50 128.50
137.00 129.00
136.50 129.00
136.00 129.50
135.50 129.50
135.00 130.00
134.50 130.50
134.00 130.50
133.50 130.50
133.00 130.50
132.50 130.50
132.00 130.50
131.50 130.50
131.00 130.50
130.50 130.00
130.00 130.00
129.50 129.50
129.00 129.50
128.50 129.50
128.00 129.00
127.50 129.00
127.00 128.50
