124.00 102.50
124.50 102.50
125.00 102.00
125.50 102.00
126.00 102.00
126.50 101.50
127.00 101.50
127.50 101.00
128.00 101.00
128.50 100.50
129.00 100.50
129.50 100.00
130.00 100.00
130.50 99.50
131.00 99.50
131.50 99.00
132.00 99.00
132.50 99.00
133.00 98.50
133.50 98.50
134.00 98.50
134.50 98.00
135.00 98.00
135.50 98.00
136.00 98.00
136.50 98.00
137.00 98.00
137.50 98.00
138.00 98.00
138.50 98.50
139.00 98.50
139.50 99.00
140.00 99.00
140.50 99.00
141.00 99.50
141.50 99.50
142.00 100.00
142.50 100.50
143.00 100.50
143.50 101.00
144.00 101.00
144.50 101.50
145.00 102.00
145.50 102.50
146.00 103.00
146.50 103.50
147.00 104.00
147.50 104.00
148.00 104.50
148.50 105.00
148.50 105.50
149.00 106.00
149.50 106.50
150.00 107.00
150.50 107.50
151.00 108.00
151.00 108.50
151.50 109.00
151.50 109.50
152.00 110.00
152.50 110.50
152.50 111.00
152.50 111.50
153.00 112.00
153.50 112.50
153.50 113.00
153.50 113.50
153.50 114.00
154.00 114.50
154.00 115.00
154.00 115.50
154.50 116.00
154.50 116.50
154.50 117.00
154.50 117.50
155.00 118.00
155.00 118.50
155.00 119.00
155.00 119.50
155.00 120.00
155.00 120.50
155.00 121.00
155.50 121.50
155.50 122.00
155.50 122.50
155.50 123.00
155.50 123.50
155.50 124.00
155.50 124.50
155.50 125.00
155.50 125.50
155.50 126.00
155.50 126.50
155.50 127.00
155.50 127.50
155.50 128.00
155.50 128.50
155.50 129.00
155.50 129.50
155.50 130.00
155.00 130.50
155.00 131.00
155.00 131.50
155.00 132.00
155.00 132.50
155.00 133.00
154.50 133.50
154.50 134.00
154.50 134.50
154.00 135.00
154.00 135.50
153.50 136.00
153.50 136.50
153.00 137.00
153.00 137.50
152.50 138.00
152.00 138.50
152.00 139.00
151.50 139.50
151.00 140.00
151.00 140.50
150.50 141.00
150.00 141.00
149.50 141.50
149.00 142.00
148.50 142.00
148.00 142.50
147.50 143.00
147.00 143.00
146.50 143.00
146.00 143.50
145.50 143.50
145.00 143.50
144.50 144.00
144.00 144.00
143.50 144.00
143.00 144.50
142.50 144.50
142.00 144.50
141.50 144.50
141.00 144.50
140.50 145.00
140.00 145.00
139.50 145.00
139.00 145.00
138.50 145.00
138.00 145.50
137.50 145.50
137.00 145.50
136.50 145.50
136.00 145.50
135.50 145.50
135.00 145.50
134.50 146.00
134.00 146.00
133.50 146.00
133.00 146.00
132.50 146.00
132.00 146.00
131.50 146.00
131.00 146.00
130.50 146.00
130.00 146.00
129.50 146.00
129.00 146.00
128.50 146.00
128.00 146.00
127.50 146.00
127.00 146.00
126.50 146.00
126.00 145.50
125.50 145.50
125.00 145.50
124.50 145.50
124.00 145.50
123.50 145.00
123.00 145.00
122.50 145.00
122.00 144.50
121.50 144.50
121.00 144.50
120.50 144.00
120.00 144.00
119.50 144.00
119.00 143.50
118.50 143.00
118.00 143.00
117.50 142.50
117.00 142.00
116.50 142.00
116.00 141.50
115.50 141.00
115.00 140.50
114.50 140.00
114.00 139.50
113.50 139.00
113.00 138.50
113.00 138.00
112.50 137.50
112.00 137.00
112.00 136.50
111.50 136.00
111.00 135.50
111.00 135.00
111.00 134.50
110.50 134.00
110.00 133.50
110.00 133.00
109.50 132.50
109.50 132.00
109.50 131.50
109.00 131.00
109.00 130.50
109.00 130.00
109.00 129.50
108.50 129.00
108.50 128.50
108.50 128.00
108.00 127.50
108.00 127.00
108.00 126.50
108.00 126.00
108.00 125.50
108.00 125.00
108.00 124.50
107.50 124.00
107.50 123.50
107.50 123.00
107.50 122.50
107.50 122.00
107.50 121.50
107.50 121.00
107.50 120.50
107.50 120.00
107.50 119.50
107.50 119.00
107.50 118.50
107.50 118.00
107.50 117.50
107.50 117.00
107.50 116.50
107.50 116.00
107.50 115.50
107.50 115.00
107.50 114.50
107.50 114.00
108.00 113.50
108.00 113.00
108.00 112.50
108.00 112.00
108.00 111.50
108.50 111.00
108.50 110.50
108.50 110.00
108.50 109.50
109.00 109.00
109.50 108.50
109.50 108.00
109.50 107.50
110.00 107.00
110.50 106.50
111.00 106.00
111.50 105.50
112.00 105.00
112.50 104.50
113.00 104.50
113.50 104.50
114.00 104.00
114.50 104.00
115.00 104.00
115.50 104.00
116.00 103.50
116.50 103.50
117.00 103.50
117.50 103.50
118.00 103.50
118.50 103.50
119.00 103.50
119.50 103.50
120.00 103.00
120.50 103.00
121.00 103.00
121.50 103.00
122.00 103.00
122.50 103.00
123.00 102.50
123.50 102.50
