120.50 137.00
120.00 136.50
119.50 136.00
119.00 136.00
118.50 135.50
118.50 135.00
118.00 134.50
117.50 134.00
117.00 133.50
116.50 133.00
116.00 132.50
116.00 132.00
115.50 131.50
115.50 131.00
115.00 130.50
114.50 130.00
114.50 129.50
114.00 129.00
114.00 128.50
113.50 128.00
113.50 127.50
113.00 127.00
113.00 126.50
113.00 126.00
113.00 125.50
112.50 125.00
112.50 124.50
112.50 124.00
112.00 123.50
112.00 123.00
112.00 122.50
112.00 122.00
112.00 121.50
112.00 121.00
112.00 120.50
112.00 120.00
112.00 119.50
112.00 119.00
112.00 118.50
112.00 118.00
112.00 117.50
112.00 117.00
112.00 116.50
112.00 116.00
112.00 115.50
112.50 115.00
112.50 114.50
112.50 114.00
112.50 113.50
113.00 113.00
113.50 112.50
113.50 112.00
114.00 111.50
114.50 111.00
115.00 110.50
115.00 110.00
115.50 109.50
116.00 109.00
116.50 108.50
117.00 108.00
117.50 108.00
118.00 107.50
118.50 107.00
119.00 107.00
119.50 106.50
120.00 106.50
120.50 106.00
121.00 106.00
121.50 105.50
122.00 105.50
122.50 105.50
123.00 105.00
123.50 105.00
124.00 105.00
124.50 105.00
125.00 104.50
125.50 104.50
126.00 104.50
126.50 104.50
127.00 104.00
127.50 104.00
128.00 104.00
128.50 104.00
129.00 104.00
129.50 104.00
130.00 104.00
130.50 104.00
131.00 104.00
131.50 104.00
132.00 104.50
132.50 104.50
133.00 104.50
133.50 104.50
134.00 104.50
134.50 104.50
135.00 105.00
135.50 105.00
136.00 105.50
136.50 105.50
137.00 106.00
137.50 106.00
138.00 106.50
138.50 107.00
139.00 107.00
139.50 107.00
140.00 107.50
140.50 108.00
141.00 108.50
141.50 109.00
141.50 109.50
142.00 110.00
142.50 110.50
143.00 111.00
143.50 111.50
144.00 112.00
144.50 112.50
144.50 113.00
145.00 113.50
145.50 114.00
146.00 114.50
146.50 115.00
147.00 115.50
147.50 116.00
148.00 116.50
148.50 117.00
148.50 117.50
149.00 118.00
149.50 118.50
150.00 119.00
150.50 119.50
150.50 120.00
151.00 120.50
151.00 121.00
151.50 121.50
151.50 122.00
152.00 122.50
152.00 123.00
152.00 123.50
152.00 124.00
152.50 124.50
152.50 125.00
152.50 125.50
152.50 126.00
152.50 126.50
152.50 127.00
152.00 127.50
152.00 128.00
152.00 128.50
152.00 129.00
152.00 129.50
151.50 130.00
151.50 130.50
151.50 131.00
151.00 131.50
151.00 132.00
150.50 132.50
150.50 133.00
150.00 133.50
149.50 134.00
149.50 134.50
149.00 135.00
148.50 135.50
148.00 136.00
147.50 136.50
147.00 137.00
146.50 137.00
146.00 137.50
145.50 138.00
145.00 138.50
144.50 139.00
144.00 139.00
143.50 139.50
143.00 139.50
142.50 140.00
142.00 140.00
141.50 140.00
141.00 140.00
140.50 140.50
140.00 140.50
139.50 141.00
139.00 141.00
138.50 141.00
138.00 141.00
137.50 141.00
137.00 141.50
136.50 141.50
136.00 141.50
135.50 141.50
135.00 141.50
134.50 141.50
134.00 141.50
133.50 141.50
133.00 141.50
132.50 141.50
132.00 141.50
131.50 141.50
131.00 141.50
130.50 141.50
130.00 141.00
129.50 141.00
129.00 141.00
128.50 141.00
128.00 140.50
127.50 140.50
127.00 140.50
126.50 140.50
126.00 140.00
125.50 140.00
125.00 139.50
124.50 139.50
124.00 139.00
123.50 139.00
123.00 138.50
122.50 138.50
122.00 138.00
121.50 138.00
121.00 137.50
