112.00 128.50
112.00 128.00
111.50 127.50
111.50 127.00
111.00 126.50
111.00 126.00
111.00 125.50
110.50 125.00
110.50 124.50
110.50 124.00
110.50 123.50
110.50 123.00
110.50 122.50
110.50 122.00
110.50 121.50
110.50 121.00
110.50 120.50
110.50 120.00
110.50 119.50
110.50 119.00
111.00 118.50
111.00 118.00
111.00 117.50
111.00 117.00
111.50 116.50
111.50 116.00
112.00 115.50
112.00 115.00
112.50 114.50
112.50 114.00
113.00 113.50
113.50 113.00
113.50 112.50
114.00 112.00
114.50 111.50
115.00 111.00
115.50 110.50
116.00 110.50
116.50 110.00
117.00 110.00
117.50 109.50
118.00 109.50
118.50 109.00
119.00 108.50
119.50 108.50
120.00 108.50
120.50 108.50
121.00 108.00
121.50 108.00
122.00 108.00
122.50 108.00
123.00 107.50
123.50 107.50
124.00 107.50
124.50 107.50
125.00 107.50
125.50 107.50
126.00 107.00
126.50 107.00
127.00 107.00
127.50 107.00
128.00 107.00
128.50 107.00
129.00 107.00
129.50 107.00
130.00 107.00
130.50 107.00
131.00 107.50
131.50 107.50
132.00 107.50
132.50 107.50
133.00 107.50
133.50 108.00
134.00 108.00
134.50 108.50
135.00 108.50
135.50 108.50
136.00 109.00
136.50 109.00
137.00 109.50
137.50 109.50
138.00 110.00
138.50 110.50
139.00 110.50
139.50 111.00
140.00 111.50
140.50 112.00
141.00 112.50
141.50 113.00
141.50 113.50
142.00 114.00
142.50 114.50
142.50 115.00
142.50 115.50
143.00 116.00
143.00 116.50
143.50 117.00
143.50 117.50
143.50 118.00
143.50 118.50
143.50 119.00
143.50 119.50
143.50 120.00
143.50 120.50
143.50 121.00
143.50 121.50
143.00 122.00
143.00 122.50
143.00 123.00
142.50 123.50
142.50 124.00
142.50 124.50
142.00 125.00
141.50 125.50
141.50 126.00
141.00 126.50
140.50 127.00
140.50 127.50
140.00 128.00
139.50 128.50
139.00 129.00
138.50 129.50
138.00 130.00
137.50 130.50
137.00 130.50
136.50 131.00
136.00 131.50
135.50 131.50
135.00 132.00
134.50 132.00
134.00 132.50
133.50 132.50
133.00 132.50
132.50 133.00
132.00 133.00
131.50 133.50
131.00 133.50
130.50 133.50
130.00 133.50
129.50 133.50
129.00 134.00
128.50 134.00
128.00 134.00
127.50 134.00
127.00 134.00
126.50 134.00
126.00 134.00
125.50 134.00
125.00 134.00
124.50 134.00
124.00 134.00
123.50 134.00
123.00 134.00
122.50 134.00
122.00 134.00
121.50 134.00
121.00 133.50
120.50 133.50
120.00 133.50
119.50 133.50
119.00 133.00
118.50 133.00
118.00 133.00
117.50 132.50
117.00 132.50
116.50 132.00
116.00 132.00
115.50 132.00
115.00 131.50
114.50 131.00
114.00 130.50
113.50 130.50
113.00 130.00
112.50 129.50
112.50 129.00
