125.00 127.50
125.00 127.00
125.00 126.50
125.00 126.00
125.00 125.50
125.50 125.00
125.50 124.50
125.50 124.00
126.00 123.50
126.50 123.00
126.50 122.50
127.00 122.00
127.50 121.50
128.00 121.50
128.50 121.00
129.00 121.00
129.50 121.00
130.00 121.00
130.50 121.50
131.00 122.00
131.50 122.50
131.50 123.00
132.00 123.50
132.00 124.00
132.50 124.50
132.50 125.00
132.50 125.50
132.50 126.00
132.50 126.50
133.00 127.00
133.00 127.50
133.00 128.00
133.00 128.50
133.00 129.00
133.00 129.50
132.50 130.00
132.50 130.50
132.50 131.00
132.50 131.50
132.00 132.00
131.50 132.50
131.00 133.00
130.50 133.00
130.00 133.00
129.50 133.00
129.00 132.50
128.50 132.50
128.00 132.00
127.50 131.50
127.00 131.50
126.50 131.00
126.00 130.50
126.00 130.00
125.50 129.50
125.50 129.00
125.50 128.50
125.00 128.00
