128.00 136.00
128.00 135.50
128.00 135.00
128.00 134.50
127.50 134.00
127.50 133.50
127.50 133.00
127.50 132.50
127.50 132.00
127.50 131.50
127.50 131.00
127.50 130.50
127.50 130.00
127.50 129.50
127.50 129.00
127.50 128.50
127.50 128.00
127.50 127.50
127.50 127.00
127.50 126.50
127.50 126.00
127.50 125.50
127.50 125.00
127.50 124.50
127.50 124.00
128.00 123.50
128.00 123.00
128.50 122.50
128.50 122.00
129.00 121.50
129.50 121.00
130.00 120.50
130.50 120.00
131.00 119.50
131.50 119.50
132.00 119.00
132.50 119.00
133.00 118.50
133.50 118.50
134.00 118.50
134.50 118.50
135.00 118.50
135.50 118.50
136.00 118.50
136.50 118.50
137.00 118.50
137.50 118.50
138.00 119.00
138.50 119.00
139.00 119.50
139.50 119.50
140.00 119.50
140.50 120.00
141.00 120.00
141.50 120.50
142.00 121.00
142.50 121.00
143.00 121.50
143.50 122.00
144.00 122.00
144.50 122.50
144.50 123.00
145.00 123.50
145.50 124.00
146.00 124.50
146.00 125.00
146.50 125.50
147.00 126.00
147.00 126.50
147.50 127.00
147.50 127.50
147.50 128.00
148.00 128.50
148.00 129.00
148.00 129.50
148.00 130.00
148.50 130.50
148.50 131.00
148.50 131.50
148.50 132.00
148.50 132.50
148.50 133.00
148.50 133.50
148.00 134.00
148.00 134.50
148.00 135.00
147.50 135.50
147.50 136.00
147.00 136.50
146.50 137.00
146.00 137.00
145.50 137.50
145.00 138.00
144.50 138.00
144.00 138.00
143.50 138.00
143.00 138.50
142.50 138.50
142.00 138.50
141.50 138.50
141.00 138.50
140.50 138.50
140.00 138.50
139.50 138.50
139.00 138.50
138.50 138.50
138.00 138.50
137.50 138.50
137.00 138.50
136.50 138.50
136.00 138.50
135.50 138.50
135.00 138.00
134.50 138.00
134.00 138.00
133.50 138.00
133.00 138.00
132.50 138.00
132.00 138.00
131.50 138.00
131.00 138.00
130.50 138.00
130.00 138.00
129.50 137.50
129.00 137.50
128.50 137.00
128.00 136.50
