123.50 114.00
123.50 113.50
123.50 113.00
123.50 112.50
123.50 112.00
123.50 111.50
123.50 111.00
123.50 110.50
124.00 110.00
124.00 109.50
124.50 109.00
125.00 108.50
125.50 108.00
126.00 108.00
126.50 108.00
127.00 108.00
127.50 108.00
128.00 108.00
128.50 108.00
129.00 108.50
129.50 108.50
130.00 108.50
130.50 109.00
131.00 109.50
131.50 110.00
131.50 110.50
131.50 111.00
131.00 111.50
131.00 112.00
131.00 112.50
130.50 113.00
130.50 113.50
130.00 114.00
130.00 114.50
129.50 115.00
129.00 115.50
129.00 116.00
128.50 116.50
128.00 117.00
127.50 117.50
127.50 118.00
127.00 118.50
126.50 119.00
126.00 119.50
125.50 119.50
125.00 119.50
124.50 119.00
124.00 118.50
124.00 118.00
124.00 117.50
124.00 117.00
124.00 116.50
123.50 116.00
123.50 115.50
123.50 115.00
123.50 114.50
