116.00 128.50
116.00 128.00
116.50 127.50
116.50 127.00
117.00 126.50
117.00 126.00
117.00 125.50
117.50 125.00
118.00 124.50
118.00 124.00
118.50 123.50
119.00 123.00
119.50 122.50
120.00 122.00
120.50 121.50
121.00 121.00
121.50 120.50
122.00 120.00
122.50 119.50
123.00 119.00
123.50 119.00
124.00 118.50
124.50 118.50
125.00 118.00
125.50 118.00
126.00 118.00
126.50 117.50
127.00 117.50
127.50 117.00
128.00 117.00
128.50 117.00
129.00 117.00
129.50 116.50
130.00 116.50
130.50 116.50
131.00 116.50
131.50 116.50
132.00 116.50
132.50 116.00
133.00 116.00
133.50 116.00
134.00 116.00
134.50 116.00
135.00 116.00
135.50 116.00
136.00 116.50
136.50 116.50
137.00 116.50
137.50 116.50
138.00 116.50
138.50 116.50
139.00 117.00
139.50 117.00
140.00 117.00
140.50 117.50
141.00 117.50
141.50 118.00
142.00 118.50
142.50 119.00
143.00 119.00
143.50 119.50
144.00 120.00
144.00 120.50
144.50 121.00
145.00 121.50
145.00 122.00
145.50 122.50
145.50 123.00
146.00 123.50
146.00 124.00
146.00 124.50
146.50 125.00
146.50 125.50
147.00 126.00
147.00 126.50
147.00 127.00
147.00 127.50
147.00 128.00
147.50 128.50
147.50 129.00
147.50 129.50
147.50 130.00
147.50 130.50
147.50 131.00
147.50 131.50
147.50 132.00
148.00 132.50
148.00 133.00
148.00 133.50
147.50 134.00
147.50 134.50
147.50 135.00
147.50 135.50
147.50 136.00
147.50 136.50
147.50 137.00
147.50 137.50
147.00 138.00
147.00 138.50
147.00 139.00
147.00 139.50
146.50 140.00
146.50 140.50
146.50 141.00
146.00 141.50
145.50 142.00
145.50 142.50
145.50 143.00
145.00 143.50
144.50 144.00
144.50 144.50
144.00 145.00
143.50 145.50
143.00 146.00
143.00 146.50
142.50 147.00
142.00 147.50
141.50 147.50
141.00 148.00
140.50 148.50
140.00 149.00
139.50 149.00
139.00 149.50
138.50 150.00
138.00 150.00
137.50 150.00
137.00 150.50
136.50 151.00
136.00 151.00
135.50 151.00
135.00 151.00
134.50 151.00
134.00 151.50
133.50 151.50
133.00 151.50
132.50 151.50
132.00 151.50
131.50 151.50
131.00 151.50
130.50 151.50
130.00 151.50
129.50 151.50
129.00 151.50
128.50 151.50
128.00 151.00
127.50 151.00
127.00 151.00
126.50 151.00
126.00 150.50
125.50 150.50
125.00 150.50
124.50 150.00
124.00 150.00
123.50 149.50
123.00 149.00
122.50 148.50
122.00 148.50
121.50 148.00
121.00 147.50
120.50 147.00
120.00 146.50
119.50 146.00
119.00 145.50
118.50 145.00
118.50 144.50
118.00 144.00
118.00 143.50
117.50 143.00
117.50 142.50
117.00 142.00
117.00 141.50
116.50 141.00
116.50 140.50
116.00 140.00
116.00 139.50
116.00 139.00
115.50 138.50
115.50 138.00
115.50 137.50
115.50 137.00
115.50 136.50
115.50 136.00
115.00 135.50
115.00 135.00
115.00 134.50
115.00 134.00
115.00 133.50
115.00 133.00
115.00 132.50
115.50 132.00
115.50 131.50
115.50 131.00
115.50 130.50
115.50 130.00
115.50 129.50
116.00 129.00
