134.50 126.50
134.50 126.00
134.50 125.50
134.50 125.00
134.50 124.50
135.00 124.00
135.00 123.50
135.00 123.00
135.50 122.50
135.50 122.00
135.50 121.50
136.00 121.00
136.00 120.50
136.00 120.00
136.50 119.50
136.50 119.00
137.00 118.50
137.50 118.00
138.00 117.50
138.50 117.00
139.00 117.00
139.50 117.00
140.00 117.00
140.50 117.00
141.00 117.00
141.50 117.50
142.00 117.50
142.50 118.00
143.00 118.50
143.00 119.00
143.50 119.50
143.50 120.00
143.50 120.50
143.50 121.00
143.00 121.50
143.00 122.00
143.00 122.50
142.50 123.00
142.50 123.50
142.00 124.00
142.00 124.50
141.50 125.00
141.50 125.50
141.00 126.00
140.50 126.50
140.50 127.00
140.00 127.50
139.50 128.00
139.00 128.50
138.50 128.00
138.00 128.00
137.50 128.00
137.00 128.00
136.50 127.50
136.00 127.50
135.50 127.50
135.00 127.50
134.50 127.00
134.00 127.00
