119.50 114.00
119.50 113.50
119.50 113.00
119.50 112.50
119.50 112.00
119.50 111.50
119.50 111.00
119.50 110.50
119.50 110.00
119.50 109.50
120.00 109.00
120.00 108.50
120.50 108.00
121.00 107.50
121.50 107.00
122.00 106.50
122.50 106.50
123.00 106.50
123.50 106.00
124.00 106.00
124.50 106.00
125.00 106.00
125.50 106.50
126.00 106.50
126.50 106.50
127.00 107.00
127.50 107.50
128.00 108.00
128.50 108.50
128.50 109.00
129.00 109.50
129.00 110.00
129.00 110.50
129.00 111.00
129.00 111.50
129.00 112.00
128.50 112.50
128.50 113.00
128.00 113.50
128.00 114.00
128.00 114.50
127.50 115.00
127.50 115.50
127.50 116.00
127.50 116.50
127.50 117.00
127.00 117.50
127.00 118.00
127.00 118.50
127.00 119.00
126.50 119.50
126.00 119.50
125.50 119.50
125.00 119.50
124.50 119.50
124.00 119.00
123.50 118.50
123.00 118.50
122.50 118.00
122.00 117.50
121.50 117.00
121.00 116.50
120.50 116.00
120.00 115.50
120.00 115.00
119.50 114.50
