123.50 135.50
123.00 135.00
122.50 134.50
122.00 134.00
121.50 133.50
121.00 133.00
120.50 132.50
120.00 132.00
119.50 131.50
119.00 131.00
118.50 130.50
118.50 130.00
118.00 129.50
117.50 129.00
117.50 128.50
117.00 128.00
117.00 127.50
116.50 127.00
116.50 126.50
116.50 126.00
116.00 125.50
116.00 125.00
116.00 124.50
116.00 124.00
116.00 123.50
116.00 123.00
116.00 122.50
116.00 122.00
116.00 121.50
116.00 121.00
116.00 120.50
116.00 120.00
116.00 119.50
116.00 119.00
116.50 118.50
116.50 118.00
116.50 117.50
117.00 117.00
117.00 116.50
117.00 116.00
117.50 115.50
117.50 115.00
118.00 114.50
118.00 114.00
118.50 113.50
119.00 113.00
119.00 112.50
119.50 112.00
120.00 111.50
120.50 111.00
121.00 110.50
121.50 110.50
122.00 110.00
122.50 109.50
123.00 109.00
123.50 109.00
124.00 108.50
124.50 108.50
125.00 108.50
125.50 108.00
126.00 108.00
126.50 108.00
127.00 107.50
127.50 107.50
128.00 107.50
128.50 107.50
129.00 107.50
129.50 107.50
130.00 107.50
130.50 107.50
131.00 107.50
131.50 107.50
132.00 107.50
132.50 107.50
133.00 107.50
133.50 107.50
134.00 107.50
134.50 107.50
135.00 107.50
135.50 107.50
136.00 107.50
136.50 107.50
137.00 108.00
137.50 108.00
138.00 108.00
138.50 108.00
139.00 108.00
139.50 108.50
140.00 108.50
140.50 108.50
141.00 109.00
141.50 109.00
142.00 109.00
142.50 109.00
143.00 109.50
143.50 109.50
144.00 110.00
144.50 110.00
145.00 110.50
145.50 110.50
146.00 111.00
146.50 111.00
147.00 111.50
147.50 112.00
148.00 112.50
148.50 112.50
149.00 113.00
149.50 113.50
150.00 114.00
150.50 114.50
151.00 115.00
151.50 115.50
151.50 116.00
152.00 116.50
152.50 117.00
152.50 117.50
153.00 118.00
153.50 118.50
153.50 119.00
153.50 119.50
154.00 120.00
154.50 120.50
154.50 121.00
154.50 121.50
155.00 122.00
155.00 122.50
155.00 123.00
155.50 123.50
155.50 124.00
155.50 124.50
155.50 125.00
156.00 125.50
156.00 126.00
156.00 126.50
156.00 127.00
156.00 127.50
156.00 128.00
156.50 128.50
156.50 129.00
156.50 129.50
156.50 130.00
156.50 130.50
156.50 131.00
156.50 131.50
156.50 132.00
156.00 132.50
156.00 133.00
156.00 133.50
156.00 134.00
156.00 134.50
155.50 135.00
155.50 135.50
155.50 136.00
155.00 136.50
154.50 137.00
154.50 137.50
154.00 138.00
153.50 138.50
153.50 139.00
153.00 139.50
152.50 140.00
152.00 140.50
151.50 141.00
151.00 141.00
150.50 141.50
150.00 141.50
149.50 142.00
149.00 142.50
148.50 142.50
148.00 143.00
147.50 143.00
147.00 143.00
146.50 143.50
146.00 143.50
145.50 143.50
145.00 144.00
144.50 144.00
144.00 144.00
143.50 144.00
143.00 144.00
142.50 144.00
142.00 144.50
141.50 144.50
141.00 144.50
140.50 144.50
140.00 144.50
139.50 144.50
139.00 144.50
138.50 144.50
138.00 144.50
137.50 144.50
137.00 144.50
136.50 144.00
136.00 144.00
135.50 144.00
135.00 144.00
134.50 143.50
134.00 143.50
133.50 143.50
133.00 143.50
132.50 143.00
132.00 143.00
131.50 142.50
131.00 142.50
130.50 142.00
130.00 141.50
129.50 141.50
129.00 141.00
128.50 140.50
128.00 140.00
127.50 139.50
127.00 139.00
126.50 138.50
126.00 138.00
125.50 137.50
125.00 137.00
124.50 136.50
124.00 136.00
