103.00 115.50
103.50 115.00
103.50 114.50
103.50 114.00
104.00 113.50
104.50 113.00
104.50 112.50
104.50 112.00
105.00 111.50
105.50 111.00
106.00 110.50
106.50 110.00
106.50 109.50
107.00 109.00
107.50 108.50
108.00 108.00
108.50 107.50
109.00 107.00
109.50 107.00
110.00 106.50
110.50 106.00
111.00 105.50
111.50 105.00
112.00 105.00
112.50 104.50
113.00 104.50
113.50 104.00
114.00 103.50
114.50 103.50
115.00 103.00
115.50 103.00
116.00 102.50
116.50 102.50
117.00 102.00
117.50 102.00
118.00 102.00
118.50 101.50
119.00 101.50
119.50 101.50
120.00 101.00
120.50 101.00
121.00 101.00
121.50 100.50
122.00 100.50
122.50 100.50
123.00 100.50
123.50 100.50
124.00 100.50
124.50 100.00
125.00 100.00
125.50 100.00
126.00 100.00
126.50 100.00
127.00 100.00
127.50 100.00
128.00 100.00
128.50 100.00
129.00 100.00
129.50 100.00
130.00 100.00
130.50 100.00
131.00 100.50
131.50 100.50
132.00 100.50
132.50 100.50
133.00 100.50
133.50 100.50
134.00 100.50
134.50 100.50
135.00 101.00
135.50 101.00
136.00 101.00
136.50 101.00
137.00 101.00
137.50 101.50
138.00 101.50
138.50 101.50
139.00 102.00
139.50 102.00
140.00 102.00
140.50 102.50
141.00 102.50
141.50 103.00
142.00 103.00
142.50 103.50
143.00 104.00
143.50 104.50
144.00 105.00
144.50 105.50
144.50 106.00
145.00 106.50
145.50 107.00
145.50 107.50
145.50 108.00
146.00 108.50
146.00 109.00
146.50 109.50
146.50 110.00
146.50 110.50
147.00 111.00
147.00 111.50
147.00 112.00
147.00 112.50
147.50 113.00
147.50 113.50
147.50 114.00
147.50 114.50
147.50 115.00
147.50 115.50
148.00 116.00
148.00 116.50
148.00 117.00
148.00 117.50
148.00 118.00
148.00 118.50
148.00 119.00
148.50 119.50
148.50 120.00
148.50 120.50
148.50 121.00
148.50 121.50
148.50 122.00
148.50 122.50
148.50 123.00
148.50 123.50
148.50 124.00
148.50 124.50
148.50 125.00
148.50 125.50
148.50 126.00
148.50 126.50
148.50 127.00
148.50 127.50
148.50 128.00
148.50 128.50
148.00 129.00
148.00 129.50
148.00 130.00
148.00 130.50
148.00 131.00
148.00 131.50
148.00 132.00
147.50 132.50
147.50 133.00
147.50 133.50
147.50 134.00
147.00 134.50
147.00 135.00
146.50 135.50
146.50 136.00
146.50 136.50
146.00 137.00
146.00 137.50
145.50 138.00
145.50 138.50
145.00 139.00
144.50 139.50
144.00 140.00
143.50 140.50
143.50 141.00
143.00 141.50
142.50 142.00
142.00 142.50
141.50 143.00
141.00 143.50
140.50 143.50
140.00 144.00
139.50 144.50
139.00 144.50
138.50 145.00
138.00 145.00
137.50 145.50
137.00 145.50
136.50 146.00
136.00 146.00
135.50 146.00
135.00 146.50
134.50 146.50
134.00 146.50
133.50 146.50
133.00 146.50
132.50 147.00
132.00 147.00
131.50 147.00
131.00 147.00
130.50 147.00
130.00 147.00
129.50 147.00
129.00 147.00
128.50 147.00
128.00 146.50
127.50 146.50
127.00 146.50
126.50 146.50
126.00 146.50
125.50 146.50
125.00 146.00
124.50 146.00
124.00 146.00
123.50 146.00
123.00 145.50
122.50 145.50
122.00 145.50
121.50 145.50
121.00 145.00
120.50 145.00
120.00 145.00
119.50 144.50
119.00 144.50
118.50 144.50
118.00 144.00
117.50 144.00
117.00 143.50
116.50 143.50
116.00 143.50
115.50 143.00
115.00 143.00
114.50 142.50
114.00 142.50
113.50 142.00
113.00 142.00
112.50 141.50
112.00 141.50
111.50 141.00
111.00 141.00
110.50 140.50
110.00 140.50
109.50 140.00
109.00 139.50
108.50 139.00
108.00 139.00
107.50 138.50
107.00 138.00
106.50 137.50
106.00 137.00
105.50 136.50
105.50 136.00
105.00 135.50
104.50 135.00
104.50 134.50
104.00 134.00
104.00 133.50
103.50 133.00
103.50 132.50
103.50 132.00
103.00 131.50
103.00 131.00
103.00 130.50
103.00 130.00
102.50 129.50
102.50 129.00
102.50 128.50
102.50 128.00
102.50 127.50
102.00 127.00
102.00 126.50
102.00 126.00
102.00 125.50
102.00 125.00
102.00 124.50
102.00 124.00
102.00 123.50
102.00 123.00
102.00 122.50
102.00 122.00
102.00 121.50
102.00 121.00
102.00 120.50
102.00 120.00
102.00 119.50
102.00 119.00
102.00 118.50
102.50 118.00
102.50 117.50
102.50 117.00
102.50 116.50
103.00 116.00
