133.00 128.00
132.50 128.50
132.00 128.50
131.50 128.50
131.00 129.00
130.50 129.00
130.00 129.00
129.50 129.50
129.00 129.50
128.50 129.50
128.00 129.50
127.50 130.00
127.00 130.00
126.50 130.00
126.00 130.00
125.50 130.00
125.00 130.00
124.50 129.50
124.00 129.50
123.50 129.00
123.00 128.50
122.50 128.00
122.50 127.50
122.00 127.00
122.00 126.50
121.50 126.00
121.50 125.50
121.50 125.00
121.00 124.50
121.00 124.00
121.00 123.50
120.50 123.00
120.50 122.50
120.50 122.00
120.50 121.50
120.50 121.00
120.50 120.50
120.50 120.00
120.50 119.50
120.50 119.00
121.00 118.50
121.00 118.00
121.50 117.50
122.00 117.00
122.50 116.50
123.00 116.00
123.50 115.50
124.00 115.50
124.50 115.00
125.00 115.00
125.50 115.00
126.00 115.00
126.50 115.00
127.00 115.00
127.50 115.00
128.00 115.00
128.50 115.00
129.00 115.00
129.50 115.50
130.00 115.50
130.50 116.00
131.00 116.50
131.50 117.00
132.00 117.50
132.50 118.00
132.50 118.50
132.50 119.00
133.00 119.50
133.50 120.00
133.50 120.50
133.50 121.00
133.50 121.50
133.50 122.00
134.00 122.50
134.00 123.00
134.00 123.50
134.00 124.00
134.00 124.50
134.00 125.00
134.00 125.50
133.50 126.00
133.50 126.50
133.50 127.00
133.50 127.50
