133.00 127.50
133.00 128.00
133.00 128.50
132.50 129.00
132.00 129.50
131.50 130.00
131.00 130.50
130.50 131.00
130.00 131.00
129.50 131.00
129.00 131.00
128.50 131.00
128.00 130.50
127.50 130.00
127.00 129.50
126.50 129.00
126.00 128.50
126.00 128.00
126.00 127.50
126.00 127.00
126.00 126.50
126.50 126.00
127.00 125.50
127.50 125.00
128.00 124.50
128.50 124.00
129.00 124.00
129.50 124.00
130.00 124.00
130.50 124.00
131.00 124.50
131.50 125.00
132.00 125.50
132.50 126.00
133.00 126.50
133.00 127.00
