143.50 130.00
143.00 130.50
143.00 131.00
142.50 131.50
142.00 132.00
141.50 132.50
141.00 133.00
140.50 133.50
140.00 134.00
139.50 134.50
139.00 134.50
138.50 135.00
138.00 135.00
137.50 135.50
137.00 135.50
136.50 135.50
136.00 135.50
135.50 135.50
135.00 135.50
134.50 135.50
134.00 135.50
133.50 135.50
133.00 135.50
132.50 135.50
132.00 135.50
131.50 135.50
131.00 135.50
130.50 135.50
130.00 135.50
129.50 135.50
129.00 135.50
128.50 135.50
128.00 135.50
127.50 135.50
127.00 135.50
126.50 135.50
126.00 135.00
125.50 135.00
125.00 135.00
124.50 134.50
124.00 134.50
123.50 134.50
123.00 134.00
122.50 134.00
122.00 133.50
121.50 133.50
121.00 133.00
120.50 133.00
120.00 132.50
119.50 132.00
119.00 132.00
118.50 132.00
118.00 131.50
117.50 131.50
117.00 131.50
116.50 131.00
116.00 131.00
115.50 131.00
115.00 131.00
114.50 130.50
114.00 130.50
113.50 130.50
113.00 130.50
112.50 130.00
112.00 130.00
111.50 129.50
111.00 129.50
110.50 129.00
110.00 129.00
109.50 128.50
109.00 128.00
108.50 127.50
108.00 127.00
108.00 126.50
108.00 126.00
107.50 125.50
107.50 125.00
107.50 124.50
107.00 124.00
107.00 123.50
107.00 123.00
107.00 122.50
107.00 122.00
107.00 121.50
107.00 121.00
107.00 120.50
107.00 120.00
107.00 119.50
107.00 119.00
107.00 118.50
107.00 118.00
107.00 117.50
107.50 117.00
107.50 116.50
107.50 116.00
107.50 115.50
108.00 115.00
108.00 114.50
108.00 114.00
108.50 113.50
108.50 113.00
109.00 112.50
109.00 112.00
109.50 111.50
109.50 111.00
110.00 110.50
110.50 110.00
111.00 109.50
111.50 109.00
112.00 108.50
112.50 108.00
113.00 108.00
113.50 107.50
114.00 107.50
114.50 107.00
115.00 107.00
115.50 106.50
116.00 106.50
116.50 106.00
117.00 106.00
117.50 106.00
118.00 106.00
118.50 105.50
119.00 105.50
119.50 105.50
120.00 105.00
120.50 105.00
121.00 105.00
121.50 105.00
122.00 105.00
122.50 104.50
123.00 104.50
123.50 104.50
124.00 104.50
124.50 104.00
125.00 104.00
125.50 104.00
126.00 104.00
126.50 104.00
127.00 103.50
127.50 103.50
128.00 103.50
128.50 103.50
129.00 103.50
129.50 103.50
130.00 103.00
130.50 103.00
131.00 103.00
131.50 103.00
132.00 103.00
132.50 103.00
133.00 103.00
133.50 103.00
134.00 103.50
134.50 103.50
135.00 103.50
135.50 103.50
136.00 104.00
136.50 104.00
137.00 104.00
137.50 104.50
138.00 105.00
138.50 105.00
139.00 105.00
139.50 105.50
140.00 106.00
140.50 106.50
141.00 107.00
141.50 107.50
142.00 108.00
142.50 108.50
143.00 109.00
143.00 109.50
143.50 110.00
144.00 110.50
144.50 111.00
145.00 111.50
145.00 112.00
145.00 112.50
145.50 113.00
145.50 113.50
146.00 114.00
146.00 114.50
146.00 115.00
146.50 115.50
146.50 116.00
146.50 116.50
147.00 117.00
147.00 117.50
147.00 118.00
147.00 118.50
147.00 119.00
147.00 119.50
147.00 120.00
147.00 120.50
147.00 121.00
147.00 121.50
147.00 122.00
147.00 122.50
146.50 123.00
146.50 123.50
146.50 124.00
146.00 124.50
146.00 125.00
146.00 125.50
145.50 126.00
145.50 126.50
145.00 127.00
144.50 127.50
144.00 128.00
143.50 128.50
143.50 129.00
143.50 129.50
