153.00 114.00
153.50 114.50
154.00 115.00
154.00 115.50
154.50 116.00
155.00 116.50
155.00 117.00
155.50 117.50
155.50 118.00
156.00 118.50
156.50 119.00
156.50 119.50
157.00 120.00
157.00 120.50
157.50 121.00
157.50 121.50
157.50 122.00
158.00 122.50
158.00 123.00
158.00 123.50
158.00 124.00
158.50 124.50
158.50 125.00
158.50 125.50
158.50 126.00
158.50 126.50
158.50 127.00
158.50 127.50
158.50 128.00
158.50 128.50
158.50 129.00
158.50 129.50
158.50 130.00
158.00 130.50
158.00 131.00
158.00 131.50
158.00 132.00
158.00 132.50
158.00 133.00
158.00 133.50
158.00 134.00
158.00 134.50
157.50 135.00
157.50 135.50
157.50 136.00
157.50 136.50
157.50 137.00
157.50 137.50
157.50 138.00
157.00 138.50
157.00 139.00
157.00 139.50
156.50 140.00
156.00 140.50
155.50 141.00
155.50 141.50
155.50 142.00
155.00 142.50
154.50 143.00
154.00 143.50
153.50 144.00
153.50 144.50
153.00 145.00
152.50 145.50
152.00 146.00
151.50 146.50
151.00 147.00
150.50 147.00
150.00 147.50
149.50 148.00
149.00 148.50
148.50 149.00
148.00 149.00
147.50 149.50
147.00 150.00
146.50 150.00
146.00 150.50
145.50 151.00
145.00 151.00
144.50 151.00
144.00 151.50
143.50 152.00
143.00 152.00
142.50 152.00
142.00 152.50
141.50 152.50
141.00 153.00
140.50 153.00
140.00 153.00
139.50 153.00
139.00 153.50
138.50 153.50
138.00 153.50
137.50 153.50
137.00 154.00
136.50 154.00
136.00 154.00
135.50 154.00
135.00 154.00
134.50 154.00
134.00 154.00
133.50 154.00
133.00 154.00
132.50 154.00
132.00 154.00
131.50 154.00
131.00 154.00
130.50 154.00
130.00 154.00
129.50 154.00
129.00 154.00
128.50 153.50
128.00 153.50
127.50 153.50
127.00 153.50
126.50 153.00
126.00 153.00
125.50 153.00
125.00 152.50
124.50 152.50
124.00 152.00
123.50 152.00
123.00 151.50
122.50 151.50
122.00 151.00
121.50 151.00
121.00 150.50
120.50 150.00
120.00 150.00
119.50 149.50
119.50 149.00
119.00 148.50
118.50 148.50
118.00 148.00
117.50 147.50
117.50 147.00
117.00 146.50
116.50 146.00
116.00 145.50
116.00 145.00
115.50 144.50
115.00 144.00
115.00 143.50
115.00 143.00
114.50 142.50
114.50 142.00
114.50 141.50
114.00 141.00
114.00 140.50
114.00 140.00
114.00 139.50
114.00 139.00
113.50 138.50
113.50 138.00
113.50 137.50
113.50 137.00
113.50 136.50
113.50 136.00
113.50 135.50
113.50 135.00
113.50 134.50
113.50 134.00
113.50 133.50
113.50 133.00
113.50 132.50
113.50 132.00
113.50 131.50
113.50 131.00
113.50 130.50
113.50 130.00
113.50 129.50
113.50 129.00
113.50 128.50
113.50 128.00
113.50 127.50
113.50 127.00
113.50 126.50
114.00 126.00
114.00 125.50
114.00 125.00
114.00 124.50
114.00 124.00
114.00 123.50
114.00 123.00
114.50 122.50
114.50 122.00
114.50 121.50
114.50 121.00
114.50 120.50
115.00 120.00
115.00 119.50
115.00 119.00
115.50 118.50
115.50 118.00
115.50 117.50
116.00 117.00
116.00 116.50
116.50 116.00
116.50 115.50
117.00 115.00
117.50 114.50
117.50 114.00
118.00 113.50
118.50 113.00
119.00 112.50
119.50 112.00
120.00 111.50
120.50 111.00
121.00 110.50
121.50 110.00
122.00 110.00
122.50 109.50
123.00 109.00
123.50 109.00
124.00 108.50
124.50 108.00
125.00 108.00
125.50 107.50
126.00 107.50
126.50 107.50
127.00 107.00
127.50 106.50
128.00 106.50
128.50 106.50
129.00 106.00
129.50 106.00
130.00 105.50
130.50 105.50
131.00 105.50
131.50 105.00
132.00 105.00
132.50 104.50
133.00 104.50
133.50 104.50
134.00 104.50
134.50 104.00
135.00 104.00
135.50 104.00
136.00 104.00
136.50 104.00
137.00 104.00
137.50 104.00
138.00 103.50
138.50 103.50
139.00 103.50
139.50 104.00
140.00 104.00
140.50 104.00
141.00 104.00
141.50 104.00
142.00 104.00
142.50 104.50
143.00 104.50
143.50 105.00
144.00 105.00
144.50 105.50
145.00 105.50
145.50 106.00
146.00 106.00
146.50 106.50
147.00 107.00
147.50 107.50
148.00 108.00
148.50 108.50
149.00 109.00
149.50 109.50
150.00 110.00
150.50 110.50
151.00 111.00
151.00 111.50
151.50 112.00
152.00 112.50
152.50 113.00
153.00 113.50
