149.00 133.50
148.50 133.50
148.00 133.50
147.50 133.50
147.00 133.50
146.50 133.50
146.00 133.00
145.50 133.00
145.00 132.50
144.50 132.50
144.00 132.00
143.50 131.50
143.00 131.00
142.50 130.50
142.00 130.00
142.00 129.50
141.50 129.00
141.00 128.50
141.00 128.00
141.00 127.50
141.00 127.00
141.00 126.50
141.50 126.00
141.50 125.50
141.50 125.00
142.00 124.50
142.00 124.00
142.50 123.50
143.00 123.00
143.50 123.00
144.00 122.50
144.50 122.00
145.00 122.00
145.50 122.00
146.00 122.00
146.50 122.00
147.00 122.00
147.50 122.00
148.00 122.50
148.50 122.50
149.00 123.00
149.50 123.50
150.00 124.00
150.50 124.50
150.50 125.00
151.00 125.50
151.00 126.00
151.00 126.50
151.00 127.00
151.00 127.50
151.50 128.00
151.50 128.50
151.50 129.00
151.00 129.50
151.00 130.00
151.00 130.50
151.00 131.00
151.00 131.50
150.50 132.00
150.00 132.50
150.00 133.00
149.50 133.50
