142.00 131.50
142.00 132.00
141.50 132.50
141.00 133.00
140.50 133.50
140.00 134.00
139.50 134.00
139.00 134.00
138.50 134.50
138.00 134.50
137.50 134.50
137.00 134.50
136.50 134.00
136.00 134.00
135.50 134.00
135.00 133.50
134.50 133.00
134.00 132.50
133.50 132.00
133.50 131.50
133.50 131.00
133.50 130.50
133.00 130.00
133.00 129.50
133.00 129.00
133.00 128.50
133.00 128.00
133.00 127.50
133.00 127.00
133.00 126.50
133.00 126.00
133.00 125.50
133.00 125.00
133.00 124.50
133.50 124.00
133.50 123.50
134.00 123.00
134.50 122.50
135.00 122.50
135.50 122.50
136.00 122.00
136.50 122.00
137.00 122.00
137.50 122.00
138.00 122.00
138.50 122.00
139.00 122.50
139.50 122.50
140.00 122.50
140.50 123.00
141.00 123.50
141.50 124.00
142.00 124.50
142.00 125.00
142.50 125.50
142.50 126.00
143.00 126.50
143.00 127.00
143.00 127.50
143.00 128.00
143.00 128.50
143.00 129.00
143.00 129.50
142.50 130.00
142.50 130.50
142.00 131.00
