135.00 137.00
134.50 137.00
134.00 137.00
133.50 136.50
133.00 136.50
132.50 136.00
132.00 136.00
131.50 135.50
131.00 135.50
130.50 135.00
130.00 134.50
129.50 134.50
129.00 134.00
129.00 133.50
128.50 133.00
128.00 132.50
127.50 132.00
127.00 131.50
127.00 131.00
126.50 130.50
126.50 130.00
126.00 129.50
126.00 129.00
126.00 128.50
125.50 128.00
125.50 127.50
125.50 127.00
125.50 126.50
125.50 126.00
125.50 125.50
125.50 125.00
125.50 124.50
125.50 124.00
126.00 123.50
126.00 123.00
126.00 122.50
126.00 122.00
126.50 121.50
126.50 121.00
127.00 120.50
127.00 120.00
127.50 119.50
127.50 119.00
128.00 118.50
128.50 118.00
128.50 117.50
129.00 117.00
129.50 116.50
130.00 116.50
130.50 116.00
131.00 115.50
131.50 115.00
132.00 114.50
132.50 114.50
133.00 114.00
133.50 114.00
134.00 114.00
134.50 113.50
135.00 113.50
135.50 113.50
136.00 113.50
136.50 113.50
137.00 113.50
137.50 113.50
138.00 113.50
138.50 114.00
139.00 114.00
139.50 114.00
140.00 114.50
140.50 114.50
141.00 115.00
141.50 115.50
142.00 116.00
142.50 116.50
143.00 117.00
143.50 117.50
144.00 118.00
144.50 118.50
145.00 119.00
145.00 119.50
145.50 120.00
145.50 120.50
146.00 121.00
146.00 121.50
146.50 122.00
146.50 122.50
146.50 123.00
146.50 123.50
147.00 124.00
147.00 124.50
147.00 125.00
147.00 125.50
147.00 126.00
147.00 126.50
147.00 127.00
147.00 127.50
147.00 128.00
146.50 128.50
146.50 129.00
146.50 129.50
146.50 130.00
146.00 130.50
146.00 131.00
145.50 131.50
145.50 132.00
145.00 132.50
144.50 133.00
144.00 133.50
143.50 134.00
143.00 134.50
142.50 135.00
142.00 135.50
141.50 135.50
141.00 136.00
140.50 136.00
140.00 136.50
139.50 136.50
139.00 136.50
138.50 137.00
138.00 137.00
137.50 137.00
137.00 137.00
136.50 137.00
136.00 137.00
135.50 137.00
