138.00 143.00
137.50 143.50
137.00 143.50
136.50 143.50
136.00 143.00
135.50 143.00
135.00 143.00
134.50 142.50
134.00 142.50
133.50 142.50
133.00 142.00
132.50 141.50
132.00 141.50
131.50 141.00
131.50 140.50
131.00 140.00
131.00 139.50
131.00 139.00
131.00 138.50
131.50 138.00
132.00 137.50
132.50 137.00
133.00 136.50
133.50 136.00
134.00 136.00
134.50 136.00
135.00 136.00
135.50 136.00
136.00 136.50
136.50 137.00
137.00 137.50
137.50 138.00
137.50 138.50
138.00 139.00
138.00 139.50
138.00 140.00
138.00 140.50
138.50 141.00
138.50 141.50
138.50 142.00
138.00 142.50
