140.00 101.00
140.50 101.00
141.00 101.00
141.50 101.50
142.00 101.50
142.50 101.50
143.00 102.00
143.50 102.00
144.00 102.50
144.50 102.50
145.00 102.50
145.50 103.00
146.00 103.50
146.50 103.50
147.00 104.00
147.50 104.50
148.00 105.00
148.50 105.50
149.00 106.00
149.50 106.50
150.00 107.00
150.50 107.50
151.00 108.00
151.50 108.50
152.00 109.00
152.50 109.50
152.50 110.00
153.00 110.50
153.50 111.00
154.00 111.50
154.50 112.00
154.50 112.50
155.00 113.00
155.00 113.50
155.50 114.00
156.00 114.50
156.50 115.00
156.50 115.50
157.00 116.00
157.00 116.50
157.50 117.00
157.50 117.50
158.00 118.00
158.00 118.50
158.00 119.00
158.50 119.50
158.50 120.00
159.00 120.50
159.00 121.00
159.00 121.50
159.50 122.00
159.50 122.50
159.50 123.00
159.50 123.50
160.00 124.00
160.00 124.50
160.00 125.00
160.00 125.50
160.00 126.00
160.50 126.50
160.50 127.00
160.50 127.50
160.50 128.00
160.50 128.50
160.50 129.00
160.50 129.50
160.50 130.00
160.50 130.50
160.50 131.00
160.50 131.50
160.50 132.00
160.50 132.50
160.50 133.00
160.50 133.50
160.50 134.00
160.50 134.50
160.50 135.00
160.00 135.50
160.00 136.00
160.00 136.50
160.00 137.00
159.50 137.50
159.50 138.00
159.50 138.50
159.50 139.00
159.00 139.50
159.00 140.00
159.00 140.50
158.50 141.00
158.50 141.50
158.50 142.00
158.00 142.50
158.00 143.00
157.50 143.50
157.00 144.00
156.50 144.50
156.50 145.00
156.00 145.50
155.50 146.00
155.00 146.50
154.50 147.00
154.00 147.50
153.50 148.00
153.00 148.50
152.50 149.00
152.00 149.50
151.50 149.50
151.00 150.00
150.50 150.00
150.00 150.50
149.50 151.00
149.00 151.00
148.50 151.50
148.00 151.50
147.50 152.00
147.00 152.00
146.50 152.50
146.00 153.00
145.50 153.00
145.00 153.00
144.50 153.50
144.00 153.50
143.50 154.00
143.00 154.00
142.50 154.00
142.00 154.50
141.50 154.50
141.00 155.00
140.50 155.00
140.00 155.00
139.50 155.50
139.00 155.50
138.50 156.00
138.00 156.00
137.50 156.00
137.00 156.00
136.50 156.50
136.00 156.50
135.50 156.50
135.00 156.50
134.50 157.00
134.00 157.00
133.50 157.00
133.00 157.00
132.50 157.00
132.00 157.00
131.50 157.00
131.00 157.00
130.50 157.00
130.00 157.00
129.50 157.00
129.00 157.00
128.50 157.00
128.00 157.00
127.50 157.00
127.00 157.00
126.50 156.50
126.00 156.50
125.50 156.50
125.00 156.00
124.50 156.00
124.00 155.50
123.50 155.50
123.00 155.00
122.50 155.00
122.00 154.50
121.50 154.50
121.00 154.00
120.50 153.50
120.00 153.00
119.50 152.50
119.00 152.00
118.50 151.50
118.00 151.00
117.50 150.50
117.50 150.00
117.50 149.50
117.00 149.00
116.50 148.50
116.50 148.00
116.50 147.50
116.00 147.00
116.00 146.50
116.00 146.00
115.50 145.50
115.50 145.00
115.50 144.50
115.50 144.00
115.50 143.50
115.00 143.00
115.00 142.50
115.00 142.00
115.00 141.50
115.00 141.00
115.00 140.50
115.00 140.00
115.00 139.50
115.00 139.00
115.00 138.50
115.00 138.00
115.00 137.50
115.00 137.00
115.00 136.50
115.00 136.00
115.50 135.50
115.50 135.00
115.50 134.50
115.50 134.00
115.50 133.50
115.50 133.00
116.00 132.50
116.00 132.00
116.00 131.50
116.00 131.00
116.00 130.50
116.50 130.00
116.50 129.50
116.50 129.00
117.00 128.50
117.00 128.00
117.00 127.50
117.00 127.00
117.50 126.50
117.50 126.00
117.50 125.50
118.00 125.00
118.00 124.50
118.00 124.00
118.50 123.50
118.50 123.00
118.50 122.50
118.50 122.00
119.00 121.50
119.00 121.00
119.50 120.50
119.50 120.00
119.50 119.50
120.00 119.00
120.00 118.50
120.50 118.00
120.50 117.50
121.00 117.00
121.00 116.50
121.50 116.00
121.50 115.50
122.00 115.00
122.50 114.50
122.50 114.00
122.50 113.50
123.00 113.00
123.50 112.50
124.00 112.00
124.00 111.50
124.50 111.00
125.00 110.50
125.00 110.00
125.50 109.50
126.00 109.00
126.50 108.50
127.00 108.00
127.50 107.50
128.00 107.00
128.50 106.50
129.00 106.00
129.50 105.50
130.00 105.00
130.50 104.50
131.00 104.50
131.50 104.00
132.00 103.50
132.50 103.50
133.00 103.00
133.50 102.50
134.00 102.50
134.50 102.00
135.00 102.00
135.50 102.00
136.00 101.50
136.50 101.50
137.00 101.50
137.50 101.00
138.00 101.00
138.50 101.00
139.00 101.00
139.50 101.00
