144.00 134.50
143.50 134.50
143.00 134.50
142.50 134.50
142.00 134.00
141.50 134.00
141.00 133.50
140.50 133.50
140.00 133.00
140.00 132.50
139.50 132.00
139.00 131.50
139.00 131.00
138.50 130.50
138.50 130.00
138.50 129.50
138.50 129.00
138.50 128.50
139.00 128.00
139.00 127.50
139.00 127.00
139.00 126.50
139.00 126.00
139.00 125.50
139.50 125.00
139.50 124.50
139.50 124.00
139.50 123.50
140.00 123.00
140.50 122.50
141.00 122.00
141.50 122.00
142.00 122.00
142.50 122.00
143.00 122.00
143.50 122.00
144.00 122.00
144.50 122.50
145.00 122.50
145.50 123.00
146.00 123.00
146.50 123.50
147.00 124.00
147.50 124.50
147.50 125.00
147.50 125.50
148.00 126.00
148.00 126.50
148.00 127.00
148.00 127.50
148.50 128.00
148.50 128.50
148.50 129.00
148.50 129.50
148.00 130.00
148.00 130.50
148.00 131.00
148.00 131.50
147.50 132.00
147.00 132.50
147.00 133.00
146.50 133.50
146.00 133.50
145.50 134.00
145.00 134.00
144.50 134.50
