125.50 124.00
126.00 123.50
126.50 123.00
127.00 122.50
127.50 122.00
128.00 121.50
128.50 121.00
129.00 120.50
129.50 120.00
130.00 119.50
130.50 119.00
131.00 118.50
131.50 118.00
132.00 117.50
132.50 117.00
133.00 116.50
133.50 116.00
134.00 115.50
134.00 115.00
133.50 114.50
133.00 114.00
133.00 113.50
132.50 113.00
132.00 113.00
131.50 112.50
131.50 112.00
131.00 111.50
131.50 111.00
132.00 110.50
132.50 110.50
133.00 110.50
133.50 110.00
134.00 109.50
134.50 109.00
135.00 109.00
135.50 109.00
136.00 108.50
136.50 108.50
137.00 108.50
137.50 108.00
138.00 108.00
138.50 108.00
139.00 108.00
139.50 108.00
140.00 108.00
140.50 108.00
141.00 108.00
141.50 108.00
142.00 108.00
142.50 108.00
143.00 108.00
143.50 108.00
144.00 108.00
144.50 108.00
145.00 108.00
145.50 108.00
146.00 108.00
146.50 108.00
147.00 108.00
147.50 108.00
148.00 108.00
148.50 108.00
149.00 108.00
149.50 108.00
150.00 108.00
150.50 108.00
151.00 108.00
151.50 108.00
152.00 108.50
152.50 108.50
153.00 108.50
153.50 109.00
154.00 109.00
154.50 109.00
155.00 109.50
155.50 110.00
156.00 110.00
156.50 110.50
157.00 111.00
157.50 111.50
158.00 112.00
158.00 112.50
158.50 113.00
159.00 113.50
159.00 114.00
159.50 114.50
159.50 115.00
159.50 115.50
160.00 116.00
160.00 116.50
160.50 117.00
160.50 117.50
160.50 118.00
160.50 118.50
161.00 119.00
161.00 119.50
161.00 120.00
161.00 120.50
161.00 121.00
161.00 121.50
161.50 122.00
161.50 122.50
161.50 123.00
161.50 123.50
161.50 124.00
161.50 124.50
161.50 125.00
161.50 125.50
161.50 126.00
161.50 126.50
161.50 127.00
161.50 127.50
161.50 128.00
161.50 128.50
161.50 129.00
161.50 129.50
161.50 130.00
161.50 130.50
161.00 131.00
161.00 131.50
161.00 132.00
161.00 132.50
161.00 133.00
161.00 133.50
160.50 134.00
160.50 134.50
160.50 135.00
160.00 135.50
160.00 136.00
160.00 136.50
159.50 137.00
159.50 137.50
159.50 138.00
159.00 138.50
159.00 139.00
158.50 139.50
158.00 140.00
158.00 140.50
157.50 141.00
157.50 141.50
157.00 142.00
156.50 142.50
156.50 143.00
156.00 143.50
155.50 144.00
155.00 144.50
154.50 145.00
154.00 145.50
153.50 146.00
153.00 146.50
152.50 147.00
152.00 147.00
151.50 147.50
151.00 148.00
150.50 148.50
150.00 148.50
149.50 149.00
149.00 149.00
148.50 149.50
148.00 150.00
147.50 150.00
147.00 150.50
146.50 150.50
146.00 151.00
145.50 151.00
145.00 151.50
144.50 152.00
144.00 152.00
143.50 152.50
143.00 152.50
142.50 153.00
142.00 153.00
141.50 153.50
141.00 154.00
140.50 154.00
140.00 154.50
139.50 154.50
139.00 155.00
138.50 155.00
138.00 155.50
137.50 155.50
137.00 156.00
136.50 156.00
136.00 156.50
135.50 156.50
135.00 157.00
134.50 157.00
134.00 157.00
133.50 157.50
133.00 157.50
132.50 157.50
132.00 158.00
131.50 158.00
131.00 158.00
130.50 158.00
130.00 158.00
129.50 158.00
129.00 158.50
128.50 158.50
128.00 158.00
127.50 158.00
127.00 157.50
126.50 157.00
126.00 156.50
125.50 156.50
125.00 156.50
124.50 156.00
124.00 155.50
123.50 155.00
123.00 154.50
122.50 154.00
122.00 153.50
121.50 153.00
121.50 152.50
121.00 152.00
120.50 151.50
120.50 151.00
120.00 150.50
120.00 150.00
119.50 149.50
119.50 149.00
119.50 148.50
119.50 148.00
119.00 147.50
119.00 147.00
119.00 146.50
119.00 146.00
119.00 145.50
119.00 145.00
119.00 144.50
119.00 144.00
119.00 143.50
119.00 143.00
119.00 142.50
118.50 142.00
118.50 141.50
118.50 141.00
118.50 140.50
118.50 140.00
118.50 139.50
118.50 139.00
118.50 138.50
118.50 138.00
118.50 137.50
118.50 137.00
119.00 136.50
119.00 136.00
119.00 135.50
119.00 135.00
119.00 134.50
119.00 134.00
119.50 133.50
119.50 133.00
119.50 132.50
120.00 132.00
120.00 131.50
120.00 131.00
120.00 130.50
120.50 130.00
120.50 129.50
120.50 129.00
121.00 128.50
121.00 128.00
121.00 127.50
121.50 127.00
121.00 126.50
121.00 126.00
121.50 125.50
121.50 125.00
121.50 124.50
122.00 124.00
122.50 123.50
123.00 123.00
123.00 122.50
123.50 122.00
124.00 122.50
124.50 123.00
125.00 123.50
125.00 124.00
125.50 124.00
