130.50 109.50
131.00 109.00
131.50 108.50
132.00 108.00
132.50 107.50
133.00 107.00
133.50 106.50
134.00 106.50
134.50 106.00
135.00 105.50
135.50 105.00
136.00 105.00
136.50 105.00
137.00 104.50
137.50 104.50
138.00 104.00
138.50 104.00
139.00 104.00
139.50 104.00
140.00 104.00
140.50 104.00
141.00 103.50
141.50 103.50
142.00 103.50
142.50 103.50
143.00 103.50
143.50 104.00
144.00 104.50
144.50 104.50
145.00 104.50
145.50 105.00
146.00 105.00
146.50 105.50
147.00 106.00
147.50 106.00
148.00 106.50
148.50 107.00
149.00 107.50
149.50 107.50
150.00 108.00
150.50 108.50
151.00 109.00
151.50 109.50
152.00 110.00
152.50 110.50
153.00 111.00
153.50 111.50
154.00 112.00
154.50 112.50
154.50 113.00
155.00 113.50
155.50 114.00
156.00 114.50
156.50 115.00
156.50 115.50
157.00 116.00
157.50 116.50
157.50 117.00
158.00 117.50
158.00 118.00
158.50 118.50
158.50 119.00
159.00 119.50
159.00 120.00
159.50 120.50
159.50 121.00
159.50 121.50
159.50 122.00
160.00 122.50
160.00 123.00
160.00 123.50
160.50 124.00
160.50 124.50
160.50 125.00
160.50 125.50
160.50 126.00
161.00 126.50
161.00 127.00
161.00 127.50
161.00 128.00
161.00 128.50
161.00 129.00
161.00 129.50
161.00 130.00
161.00 130.50
161.00 131.00
161.00 131.50
161.00 132.00
161.00 132.50
161.00 133.00
161.00 133.50
161.00 134.00
161.00 134.50
160.50 135.00
160.50 135.50
160.50 136.00
160.50 136.50
160.50 137.00
160.00 137.50
160.00 138.00
160.00 138.50
159.50 139.00
159.50 139.50
159.00 140.00
159.00 140.50
158.50 141.00
158.50 141.50
158.00 142.00
158.00 142.50
157.50 143.00
157.00 143.50
157.00 144.00
156.50 144.50
156.00 145.00
155.50 145.50
155.00 146.00
155.00 146.50
154.50 147.00
154.00 147.50
153.50 148.00
153.00 148.50
152.50 149.00
152.00 149.50
151.50 150.00
151.00 150.50
150.50 151.00
150.00 151.00
149.50 151.50
149.00 152.00
148.50 152.50
148.00 152.50
147.50 153.00
147.00 153.00
146.50 153.00
146.00 153.50
145.50 154.00
145.00 154.00
144.50 154.50
144.00 154.50
143.50 155.00
143.00 155.00
142.50 155.00
142.00 155.50
141.50 155.50
141.00 155.50
140.50 156.00
140.00 156.00
139.50 156.00
139.00 156.00
138.50 156.50
138.00 156.50
137.50 156.50
137.00 156.50
136.50 156.50
136.00 156.50
135.50 156.50
135.00 156.50
134.50 156.50
134.00 156.50
133.50 156.50
133.00 156.50
132.50 156.50
132.00 156.50
131.50 156.50
131.00 156.50
130.50 156.50
130.00 156.50
129.50 156.00
129.00 156.00
128.50 156.00
128.00 156.00
127.50 156.00
127.00 155.50
126.50 155.50
126.00 155.50
125.50 155.00
125.00 155.00
124.50 155.00
124.00 155.00
123.50 154.50
123.00 154.50
122.50 154.50
122.00 154.00
121.50 154.00
121.00 153.50
120.50 153.00
120.00 152.50
120.00 152.00
119.50 151.50
119.00 151.00
119.00 150.50
118.50 150.00
118.50 149.50
118.00 149.00
117.50 148.50
117.50 148.00
117.00 147.50
117.00 147.00
116.50 146.50
116.50 146.00
116.50 145.50
116.00 145.00
116.00 144.50
116.00 144.00
116.00 143.50
115.50 143.00
115.50 142.50
115.50 142.00
115.50 141.50
115.50 141.00
115.50 140.50
115.50 140.00
115.50 139.50
115.50 139.00
115.50 138.50
115.50 138.00
116.00 137.50
116.00 137.00
116.00 136.50
116.00 136.00
116.00 135.50
116.50 135.00
116.50 134.50
116.50 134.00
116.50 133.50
117.00 133.00
117.00 132.50
117.00 132.00
117.00 131.50
117.50 131.00
117.50 130.50
117.50 130.00
118.00 129.50
118.00 129.00
118.00 128.50
118.50 128.00
118.50 127.50
118.50 127.00
119.00 126.50
119.00 126.00
119.00 125.50
119.50 125.00
119.50 124.50
119.50 124.00
120.00 123.50
120.00 123.00
120.50 122.50
121.00 122.00
121.00 121.50
121.50 121.00
121.50 120.50
122.00 120.00
122.00 119.50
122.50 119.00
122.50 118.50
123.00 118.00
123.50 117.50
123.50 117.00
124.00 116.50
124.50 116.00
125.00 115.50
125.50 115.00
125.50 114.50
126.00 114.00
126.50 113.50
127.00 113.00
127.50 112.50
128.00 112.00
128.00 111.50
128.50 111.00
129.00 110.50
129.50 110.00
130.00 110.00
