134.00 131.00
133.50 131.00
133.00 131.00
132.50 131.00
132.00 131.00
131.50 131.00
131.00 131.00
130.50 130.50
130.00 130.50
129.50 130.00
129.00 129.50
128.50 129.00
128.00 128.50
128.00 128.00
127.50 127.50
127.50 127.00
127.50 126.50
127.50 126.00
127.50 125.50
127.50 125.00
127.50 124.50
127.50 124.00
127.50 123.50
128.00 123.00
128.00 122.50
128.00 122.00
128.50 121.50
128.50 121.00
129.00 120.50
129.50 120.00
130.00 120.00
130.50 119.50
131.00 119.50
131.50 119.50
132.00 119.50
132.50 119.50
133.00 119.50
133.50 119.50
134.00 119.50
134.50 119.50
135.00 120.00
135.50 120.50
136.00 121.00
136.50 121.50
136.50 122.00
136.50 122.50
136.50 123.00
136.50 123.50
136.50 124.00
136.50 124.50
136.50 125.00
136.00 125.50
136.00 126.00
136.00 126.50
136.00 127.00
135.50 127.50
135.50 128.00
135.50 128.50
135.50 129.00
135.00 129.50
135.00 130.00
134.50 130.50
