131.00 141.00
130.50 141.00
130.00 141.00
129.50 141.00
129.00 141.00
128.50 141.00
128.00 140.50
127.50 140.50
127.00 140.00
126.50 140.00
126.00 140.00
125.50 139.50
125.00 139.50
124.50 139.00
124.00 138.50
123.50 138.50
123.00 138.00
123.00 137.50
122.50 137.00
122.00 136.50
122.00 136.00
122.00 135.50
121.50 135.00
121.50 134.50
121.50 134.00
121.50 133.50
121.50 133.00
121.50 132.50
121.50 132.00
121.50 131.50
121.50 131.00
121.50 130.50
122.00 130.00
122.00 129.50
122.00 129.00
122.50 128.50
122.50 128.00
122.50 127.50
123.00 127.00
123.50 126.50
123.50 126.00
124.00 125.50
124.00 125.00
124.50 124.50
125.00 124.00
125.50 123.50
126.00 123.00
126.50 122.50
127.00 122.50
127.50 122.00
128.00 121.50
128.50 121.00
129.00 121.00
129.50 121.00
130.00 120.50
130.50 120.50
131.00 120.50
131.50 120.50
132.00 120.00
132.50 120.00
133.00 120.00
133.50 120.00
134.00 120.00
134.50 120.00
135.00 120.00
135.50 120.50
136.00 120.50
136.50 120.50
137.00 120.50
137.50 120.50
138.00 121.00
138.50 121.00
139.00 121.50
139.50 121.50
140.00 121.50
140.50 122.00
141.00 122.00
141.50 122.50
142.00 123.00
142.50 123.00
143.00 123.50
143.50 124.00
144.00 124.50
144.50 125.00
145.00 125.50
145.50 126.00
145.50 126.50
145.50 127.00
146.00 127.50
146.00 128.00
146.00 128.50
146.00 129.00
146.00 129.50
146.00 130.00
145.50 130.50
145.50 131.00
145.00 131.50
144.50 132.00
144.50 132.50
144.00 133.00
143.50 133.50
143.00 134.00
143.00 134.50
142.50 135.00
142.00 135.00
141.50 135.50
141.00 136.00
140.50 136.50
140.00 137.00
139.50 137.00
139.00 137.50
138.50 138.00
138.00 138.50
137.50 139.00
137.00 139.00
136.50 139.50
136.00 139.50
135.50 140.00
135.00 140.00
134.50 140.50
134.00 140.50
133.50 140.50
133.00 140.50
132.50 141.00
132.00 141.00
131.50 141.00
