146.50 134.00
146.00 134.00
145.50 134.50
145.00 134.50
144.50 134.00
144.00 134.00
143.50 133.50
143.50 133.00
143.50 132.50
143.50 132.00
143.50 131.50
144.00 131.00
144.00 130.50
144.00 130.00
144.00 129.50
144.00 129.00
144.00 128.50
144.00 128.00
144.00 127.50
144.00 127.00
144.00 126.50
144.00 126.00
144.00 125.50
144.00 125.00
144.50 124.50
144.50 124.00
144.50 123.50
145.00 123.00
145.50 122.50
146.00 122.50
146.50 123.00
146.50 123.50
146.50 124.00
147.00 124.50
147.00 125.00
147.00 125.50
147.50 126.00
147.50 126.50
147.50 127.00
147.50 127.50
147.50 128.00
148.00 128.50
148.00 129.00
148.00 129.50
148.00 130.00
148.00 130.50
148.00 131.00
148.00 131.50
148.00 132.00
147.50 132.50
147.50 133.00
147.00 133.50
