125.00 137.00
124.50 136.50
124.50 136.00
124.00 135.50
124.00 135.00
124.00 134.50
124.00 134.00
124.00 133.50
124.00 133.00
124.00 132.50
124.00 132.00
124.00 131.50
124.00 131.00
124.00 130.50
124.50 130.00
124.50 129.50
124.50 129.00
124.50 128.50
125.00 128.00
125.00 127.50
125.50 127.00
125.50 126.50
126.00 126.00
126.00 125.50
126.50 125.00
126.50 124.50
127.00 124.00
127.00 123.50
127.50 123.00
128.00 122.50
128.50 122.00
128.50 121.50
129.00 121.00
129.50 120.50
130.00 120.00
130.50 119.50
131.00 119.50
131.50 119.00
132.00 119.00
132.50 118.50
133.00 118.00
133.50 118.00
134.00 118.00
134.50 118.00
135.00 118.00
135.50 118.00
136.00 118.00
136.50 118.50
137.00 118.50
137.50 119.00
138.00 119.50
138.50 119.50
139.00 120.00
139.00 120.50
139.50 121.00
140.00 121.50
140.50 122.00
140.50 122.50
141.00 123.00
141.00 123.50
141.50 124.00
141.50 124.50
141.50 125.00
142.00 125.50
142.00 126.00
142.00 126.50
142.00 127.00
142.50 127.50
142.50 128.00
142.50 128.50
142.50 129.00
142.50 129.50
142.50 130.00
142.50 130.50
142.00 131.00
142.00 131.50
142.00 132.00
141.50 132.50
141.50 133.00
141.00 133.50
141.00 134.00
140.50 134.50
140.00 135.00
139.50 135.50
139.00 136.00
138.50 136.50
138.00 136.50
137.50 137.00
137.00 137.50
136.50 137.50
136.00 138.00
135.50 138.00
135.00 138.00
134.50 138.50
134.00 138.50
133.50 138.50
133.00 138.50
132.50 139.00
132.00 139.00
131.50 139.00
131.00 139.00
130.50 139.00
130.00 139.00
129.50 139.00
129.00 139.00
128.50 139.00
128.00 138.50
127.50 138.50
127.00 138.50
126.50 138.00
126.00 138.00
125.50 137.50
