134.00 135.00
133.50 135.00
133.00 135.00
132.50 135.00
132.00 135.00
131.50 134.50
131.00 134.50
130.50 134.00
130.00 133.50
129.50 133.00
129.00 132.50
128.50 132.00
128.50 131.50
128.50 131.00
128.00 130.50
128.00 130.00
128.00 129.50
128.00 129.00
128.00 128.50
128.00 128.00
128.50 127.50
128.50 127.00
128.50 126.50
128.50 126.00
129.00 125.50
129.00 125.00
129.00 124.50
129.50 124.00
129.50 123.50
129.50 123.00
129.50 122.50
130.00 122.00
130.00 121.50
130.50 121.00
130.50 120.50
130.50 120.00
131.00 119.50
131.50 119.00
131.50 118.50
132.00 118.00
132.50 118.00
133.00 117.50
133.50 117.00
134.00 117.00
134.50 117.00
135.00 116.50
135.50 116.50
136.00 116.50
136.50 116.50
137.00 117.00
137.50 117.00
138.00 117.00
138.50 117.50
139.00 118.00
139.00 118.50
139.00 119.00
139.00 119.50
139.00 120.00
138.50 120.50
138.50 121.00
138.50 121.50
138.00 122.00
138.00 122.50
138.00 123.00
137.50 123.50
137.50 124.00
137.50 124.50
137.50 125.00
137.00 125.50
137.00 126.00
137.00 126.50
137.00 127.00
137.00 127.50
137.00 128.00
137.00 128.50
137.00 129.00
137.00 129.50
136.50 130.00
136.50 130.50
136.50 131.00
136.50 131.50
136.00 132.00
136.00 132.50
136.00 133.00
135.50 133.50
135.50 134.00
135.00 134.50
134.50 135.00
