134.50 129.00
134.00 129.00
133.50 129.00
133.00 128.50
132.50 128.00
132.00 127.50
132.00 127.00
131.50 126.50
131.50 126.00
131.50 125.50
131.50 125.00
131.50 124.50
132.00 124.00
132.50 123.50
133.00 123.50
133.50 123.50
134.00 123.50
134.50 123.50
135.00 123.50
135.50 123.50
136.00 123.50
136.50 123.50
137.00 123.50
137.50 124.00
138.00 124.00
138.50 124.50
139.00 125.00
139.00 125.50
139.00 126.00
139.00 126.50
139.00 127.00
139.00 127.50
138.50 128.00
138.50 128.50
138.00 129.00
137.50 129.00
137.00 129.50
136.50 129.50
136.00 129.50
135.50 129.00
135.00 129.00
