135.50 139.00
135.00 139.00
134.50 139.00
134.00 139.00
133.50 139.00
133.00 139.00
132.50 139.00
132.00 138.50
131.50 138.50
131.00 138.50
130.50 138.00
130.00 138.00
129.50 137.50
129.00 137.00
128.50 137.00
128.00 136.50
127.50 136.00
127.00 135.50
127.00 135.00
126.50 134.50
126.50 134.00
126.00 133.50
126.00 133.00
126.00 132.50
126.00 132.00
126.00 131.50
126.00 131.00
126.00 130.50
126.50 130.00
126.50 129.50
126.50 129.00
127.00 128.50
127.00 128.00
127.50 127.50
127.50 127.00
128.00 126.50
128.50 126.00
129.00 125.50
129.00 125.00
129.50 124.50
130.00 124.00
130.50 124.00
131.00 123.50
131.50 123.00
132.00 123.00
132.50 122.50
133.00 122.50
133.50 122.50
134.00 122.00
134.50 122.00
135.00 122.00
135.50 122.00
136.00 122.00
136.50 122.00
137.00 122.00
137.50 122.00
138.00 122.00
138.50 122.00
139.00 122.50
139.50 122.50
140.00 123.00
140.50 123.00
141.00 123.50
141.50 124.00
142.00 124.50
142.50 125.00
142.50 125.50
143.00 126.00
143.00 126.50
143.50 127.00
143.50 127.50
143.50 128.00
144.00 128.50
144.00 129.00
144.00 129.50
144.00 130.00
144.00 130.50
144.00 131.00
144.00 131.50
144.00 132.00
144.00 132.50
144.00 133.00
143.50 133.50
143.50 134.00
143.50 134.50
143.00 135.00
142.50 135.50
142.50 136.00
142.00 136.50
141.50 137.00
141.00 137.50
140.50 137.50
140.00 138.00
139.50 138.00
139.00 138.50
138.50 138.50
138.00 138.50
137.50 139.00
137.00 139.00
136.50 139.00
136.00 139.00
