147.00 148.50
146.50 149.00
146.00 149.00
145.50 149.50
145.00 150.00
144.50 150.00
144.00 150.50
143.50 150.50
143.00 150.50
142.50 151.00
142.00 151.00
141.50 151.50
141.00 151.50
140.50 151.50
140.00 151.50
139.50 151.50
139.00 152.00
138.50 152.00
138.00 152.00
137.50 152.00
137.00 152.00
136.50 152.00
136.00 152.00
135.50 152.00
135.00 152.00
134.50 152.00
134.00 152.00
133.50 152.00
133.00 152.00
132.50 152.00
132.00 152.00
131.50 151.50
131.00 151.50
130.50 151.50
130.00 151.50
129.50 151.50
129.00 151.00
128.50 151.00
128.00 151.00
127.50 150.50
127.00 150.50
126.50 150.00
126.00 150.00
125.50 150.00
125.00 149.50
124.50 149.00
124.00 149.00
123.50 148.50
123.00 148.50
122.50 148.00
122.00 147.50
121.50 147.50
121.00 147.00
120.50 146.50
120.00 146.00
119.50 145.50
119.00 145.50
118.50 145.00
118.50 144.50
118.00 144.00
118.00 143.50
117.50 143.00
117.00 142.50
117.00 142.00
116.50 141.50
116.50 141.00
116.00 140.50
116.00 140.00
115.50 139.50
115.50 139.00
115.50 138.50
115.00 138.00
115.00 137.50
115.00 137.00
115.00 136.50
115.00 136.00
115.00 135.50
114.50 135.00
114.50 134.50
114.50 134.00
114.50 133.50
114.50 133.00
114.50 132.50
114.50 132.00
114.50 131.50
114.50 131.00
114.50 130.50
115.00 130.00
115.00 129.50
115.00 129.00
115.00 128.50
115.00 128.00
115.00 127.50
115.00 127.00
115.00 126.50
115.50 126.00
115.50 125.50
115.50 125.00
115.50 124.50
116.00 124.00
116.00 123.50
116.00 123.00
116.00 122.50
116.50 122.00
116.50 121.50
116.50 121.00
117.00 120.50
117.00 120.00
117.00 119.50
117.50 119.00
117.50 118.50
117.50 118.00
118.00 117.50
118.50 117.00
118.50 116.50
118.50 116.00
119.00 115.50
119.50 115.00
119.50 114.50
120.00 114.00
120.00 113.50
120.50 113.00
120.50 112.50
121.00 112.00
121.50 111.50
122.00 111.00
122.00 110.50
122.50 110.00
123.00 109.50
123.50 109.00
124.00 108.50
124.50 108.00
125.00 107.50
125.50 107.00
126.00 106.50
126.50 106.50
127.00 106.00
127.50 105.50
128.00 105.00
128.50 105.00
129.00 104.50
129.50 104.50
130.00 104.00
130.50 104.00
131.00 103.50
131.50 103.50
132.00 103.50
132.50 103.00
133.00 103.00
133.50 103.00
134.00 103.00
134.50 102.50
135.00 102.50
135.50 102.50
136.00 102.50
136.50 102.50
137.00 102.50
137.50 102.50
138.00 102.50
138.50 102.50
139.00 102.50
139.50 102.50
140.00 102.50
140.50 102.50
141.00 102.50
141.50 103.00
142.00 103.00
142.50 103.00
143.00 103.50
143.50 103.50
144.00 103.50
144.50 104.00
145.00 104.00
145.50 104.50
146.00 104.50
146.50 105.00
147.00 105.00
147.50 105.50
148.00 106.00
148.50 106.50
149.00 106.50
149.50 107.00
150.00 107.50
150.50 108.00
151.00 108.50
151.50 109.00
152.00 109.50
152.00 110.00
152.50 110.50
153.00 111.00
153.50 111.50
153.50 112.00
154.00 112.50
154.00 113.00
154.50 113.50
154.50 114.00
155.00 114.50
155.00 115.00
155.00 115.50
155.50 116.00
155.50 116.50
156.00 117.00
156.00 117.50
156.00 118.00
156.00 118.50
156.50 119.00
156.50 119.50
156.50 120.00
156.50 120.50
156.50 121.00
156.50 121.50
156.50 122.00
156.50 122.50
156.50 123.00
156.50 123.50
156.50 124.00
156.50 124.50
156.50 125.00
156.50 125.50
156.50 126.00
156.50 126.50
156.50 127.00
156.50 127.50
156.00 128.00
156.00 128.50
156.00 129.00
156.00 129.50
156.00 130.00
155.50 130.50
155.50 131.00
155.50 131.50
155.50 132.00
155.00 132.50
155.00 133.00
155.00 133.50
155.00 134.00
154.50 134.50
154.50 135.00
154.50 135.50
154.00 136.00
154.00 136.50
153.50 137.00
153.50 137.50
153.50 138.00
153.00 138.50
153.00 139.00
153.00 139.50
152.50 140.00
152.50 140.50
152.00 141.00
152.00 141.50
151.50 142.00
151.50 142.50
151.50 143.00
151.00 143.50
150.50 144.00
150.50 144.50
150.00 145.00
149.50 145.50
149.50 146.00
149.00 146.50
148.50 147.00
148.00 147.50
147.50 148.00
