141.50 141.00
141.50 141.50
141.50 142.00
141.50 142.50
141.00 143.00
140.50 143.50
140.50 144.00
140.00 144.50
139.50 144.50
139.00 145.00
138.50 145.00
138.00 145.50
137.50 145.50
137.00 146.00
136.50 146.00
136.00 146.00
135.50 146.00
135.00 146.00
134.50 146.00
134.00 146.00
133.50 145.50
133.00 145.50
132.50 145.00
132.00 144.50
132.00 144.00
131.50 143.50
131.50 143.00
131.50 142.50
132.00 142.00
132.00 141.50
132.00 141.00
132.50 140.50
132.50 140.00
133.00 139.50
133.50 139.50
134.00 139.00
134.50 138.50
135.00 138.00
135.50 137.50
136.00 137.50
136.50 137.50
137.00 137.50
137.50 137.50
138.00 137.50
138.50 137.50
139.00 137.50
139.50 138.00
140.00 138.50
140.50 139.00
141.00 139.50
141.50 140.00
141.50 140.50
