129.00 109.50
129.50 109.50
130.00 109.00
130.50 108.50
131.00 108.50
131.50 108.00
132.00 108.00
132.50 107.50
133.00 107.50
133.50 107.50
134.00 107.50
134.50 107.00
135.00 107.00
135.50 107.00
136.00 107.00
136.50 107.00
137.00 107.00
137.50 107.00
138.00 107.00
138.50 107.00
139.00 107.00
139.50 107.50
140.00 107.50
140.50 107.50
141.00 107.50
141.50 108.00
142.00 108.00
142.50 108.50
143.00 108.50
143.50 109.00
144.00 109.50
144.50 109.50
145.00 110.00
145.50 110.50
146.00 111.00
146.50 111.50
147.00 112.00
147.50 112.50
148.00 113.00
148.00 113.50
148.50 114.00
148.50 114.50
149.00 115.00
149.50 115.50
149.50 116.00
149.50 116.50
150.00 117.00
150.00 117.50
150.50 118.00
150.50 118.50
150.50 119.00
151.00 119.50
151.00 120.00
151.00 120.50
151.00 121.00
151.50 121.50
151.50 122.00
151.50 122.50
151.50 123.00
151.50 123.50
151.50 124.00
151.50 124.50
151.50 125.00
151.50 125.50
151.50 126.00
151.50 126.50
151.50 127.00
151.50 127.50
151.50 128.00
151.50 128.50
151.50 129.00
151.00 129.50
151.00 130.00
151.00 130.50
150.50 131.00
150.50 131.50
150.50 132.00
150.50 132.50
150.00 133.00
149.50 133.50
149.50 134.00
149.50 134.50
149.00 135.00
148.50 135.50
148.50 136.00
148.00 136.50
147.50 137.00
147.00 137.50
147.00 138.00
146.50 138.50
146.00 139.00
145.50 139.50
145.00 140.00
144.50 140.00
144.00 140.50
143.50 141.00
143.00 141.50
142.50 141.50
142.00 142.00
141.50 142.00
141.00 142.00
140.50 142.50
140.00 142.50
139.50 142.50
139.00 142.50
138.50 142.50
138.00 142.50
137.50 142.50
137.00 142.50
136.50 142.50
136.00 142.50
135.50 142.50
135.00 142.00
134.50 142.00
134.00 142.00
133.50 141.50
133.00 141.50
132.50 141.50
132.00 141.00
131.50 140.50
131.00 140.50
130.50 140.00
130.00 140.00
129.50 139.50
129.00 139.00
128.50 138.50
128.00 138.00
127.50 137.50
127.00 137.00
127.00 136.50
126.50 136.00
126.00 135.50
126.00 135.00
125.50 134.50
125.50 134.00
125.50 133.50
125.00 133.00
125.00 132.50
125.00 132.00
124.50 131.50
124.50 131.00
124.50 130.50
124.50 130.00
124.00 129.50
124.00 129.00
124.00 128.50
124.00 128.00
124.00 127.50
124.00 127.00
124.00 126.50
124.00 126.00
123.50 125.50
123.50 125.00
123.50 124.50
123.50 124.00
123.50 123.50
123.50 123.00
123.50 122.50
123.50 122.00
123.50 121.50
123.50 121.00
123.50 120.50
124.00 120.00
124.00 119.50
124.00 119.00
124.00 118.50
124.00 118.00
124.50 117.50
124.50 117.00
124.50 116.50
124.50 116.00
125.00 115.50
125.00 115.00
125.50 114.50
125.50 114.00
126.00 113.50
126.00 113.00
126.50 112.50
127.00 112.00
127.00 111.50
127.50 111.00
128.00 110.50
128.50 110.00
