134.50 96.50
135.00 96.50
135.50 96.50
136.00 96.50
136.50 96.50
137.00 96.50
137.50 96.50
138.00 96.50
138.50 96.50
139.00 97.00
139.50 97.00
140.00 97.00
140.50 97.50
141.00 97.50
141.50 97.50
142.00 98.00
142.50 98.00
143.00 98.00
143.50 98.50
144.00 98.50
144.50 99.00
145.00 99.50
145.50 99.50
146.00 100.00
146.50 100.00
147.00 100.50
147.50 101.00
148.00 101.00
148.50 101.50
149.00 102.00
149.50 102.50
150.00 103.00
150.50 103.00
151.00 103.00
151.50 103.50
152.00 104.00
152.50 104.50
153.00 105.00
153.50 105.50
154.00 106.00
154.50 106.50
155.00 107.00
155.50 107.50
156.00 108.00
156.00 108.50
156.50 109.00
156.50 109.50
157.00 110.00
157.50 110.50
158.00 111.00
158.00 111.50
158.50 112.00
159.00 112.50
159.00 113.00
159.00 113.50
159.50 114.00
159.50 114.50
160.00 115.00
160.00 115.50
160.00 116.00
160.50 116.50
160.50 117.00
160.50 117.50
161.00 118.00
161.00 118.50
161.00 119.00
161.00 119.50
161.00 120.00
161.00 120.50
161.50 121.00
161.50 121.50
161.50 122.00
161.50 122.50
161.50 123.00
161.50 123.50
161.00 124.00
161.00 124.50
161.00 125.00
161.00 125.50
161.00 126.00
161.00 126.50
161.00 127.00
161.00 127.50
160.50 128.00
160.50 128.50
160.50 129.00
160.00 129.50
160.00 130.00
160.00 130.50
159.50 131.00
159.50 131.50
159.00 132.00
159.00 132.50
158.50 133.00
158.50 133.50
158.00 134.00
158.00 134.50
157.50 135.00
157.50 135.50
157.00 136.00
156.50 136.50
156.00 137.00
155.50 137.50
155.50 138.00
155.00 138.50
154.50 139.00
154.00 139.50
153.50 139.50
153.00 140.00
152.50 140.50
152.00 141.00
151.50 141.50
151.00 141.50
150.50 142.00
150.00 142.00
149.50 142.50
149.00 143.00
148.50 143.00
148.00 143.50
147.50 143.50
147.00 143.50
146.50 144.00
146.00 144.00
145.50 144.50
145.00 144.50
144.50 144.50
144.00 145.00
143.50 145.00
143.00 145.00
142.50 145.50
142.00 145.50
141.50 145.50
141.00 145.50
140.50 146.00
140.00 146.00
139.50 146.00
139.00 146.00
138.50 146.00
138.00 146.00
137.50 146.00
137.00 146.50
136.50 146.50
136.00 146.50
135.50 146.50
135.00 146.50
134.50 146.50
134.00 146.50
133.50 146.50
133.00 146.50
132.50 146.50
132.00 146.50
131.50 146.50
131.00 146.00
130.50 146.00
130.00 146.00
129.50 146.00
129.00 146.00
128.50 145.50
128.00 145.50
127.50 145.50
127.00 145.50
126.50 145.00
126.00 145.00
125.50 145.00
125.00 144.50
124.50 144.50
124.00 144.00
123.50 144.00
123.00 143.50
122.50 143.50
122.00 143.00
121.50 142.50
121.00 142.50
120.50 142.00
120.00 141.50
119.50 141.00
119.00 140.50
118.50 140.00
118.00 139.50
117.50 139.00
117.00 138.50
116.50 138.00
116.50 137.50
116.00 137.00
115.50 136.50
115.00 136.00
115.00 135.50
114.50 135.00
114.50 134.50
114.00 134.00
114.00 133.50
114.00 133.00
113.50 132.50
113.00 132.00
113.00 131.50
113.00 131.00
112.50 130.50
112.50 130.00
112.50 129.50
112.00 129.00
112.00 128.50
112.00 128.00
112.00 127.50
111.50 127.00
111.50 126.50
111.50 126.00
111.50 125.50
111.50 125.00
111.50 124.50
111.50 124.00
111.50 123.50
111.00 123.00
111.00 122.50
111.00 122.00
111.00 121.50
111.50 121.00
111.50 120.50
111.50 120.00
111.50 119.50
111.50 119.00
111.50 118.50
111.50 118.00
112.00 117.50
112.00 117.00
112.00 116.50
112.50 116.00
112.50 115.50
112.50 115.00
113.00 114.50
113.00 114.00
113.50 113.50
113.50 113.00
113.50 112.50
114.00 112.00
114.50 111.50
114.50 111.00
115.00 110.50
115.50 110.00
116.00 109.50
116.50 109.00
116.50 108.50
117.00 108.00
117.00 107.50
117.50 107.00
118.00 106.50
118.50 106.00
119.00 105.50
119.50 105.00
120.00 104.50
120.50 104.00
121.00 103.50
121.50 103.50
122.00 103.50
122.50 103.00
123.00 102.50
123.50 102.00
124.00 101.50
124.50 101.00
125.00 100.50
125.50 100.50
126.00 100.00
126.50 99.50
127.00 99.50
127.50 99.00
128.00 99.00
128.50 98.50
129.00 98.00
129.50 98.00
130.00 98.00
130.50 97.50
131.00 97.50
131.50 97.00
132.00 97.00
132.50 97.00
133.00 96.50
133.50 96.50
134.00 96.50
