147.50 96.50
148.00 97.00
148.50 97.00
149.00 97.50
149.50 97.50
150.00 98.00
150.50 98.50
151.00 99.00
151.50 99.00
152.00 99.50
152.50 100.00
153.00 100.50
153.50 101.00
154.00 101.50
154.50 102.00
154.50 102.50
155.00 103.00
155.50 103.50
156.00 104.00
156.00 104.50
156.50 105.00
156.50 105.50
157.00 106.00
157.50 106.50
157.50 107.00
158.00 107.50
158.00 108.00
158.00 108.50
158.50 109.00
158.50 109.50
159.00 110.00
159.50 110.50
159.50 111.00
159.50 111.50
160.00 112.00
160.00 112.50
160.00 113.00
160.50 113.50
160.50 114.00
160.50 114.50
161.00 115.00
161.00 115.50
161.00 116.00
161.50 116.50
161.50 117.00
161.50 117.50
161.50 118.00
162.00 118.50
162.00 119.00
162.00 119.50
162.00 120.00
162.00 120.50
162.00 121.00
162.00 121.50
162.50 122.00
162.50 122.50
162.50 123.00
162.50 123.50
162.50 124.00
162.50 124.50
162.50 125.00
162.50 125.50
162.50 126.00
162.50 126.50
162.00 127.00
162.00 127.50
162.00 128.00
162.00 128.50
162.00 129.00
162.00 129.50
161.50 130.00
161.50 130.50
161.50 131.00
161.50 131.50
161.00 132.00
161.00 132.50
161.00 133.00
160.50 133.50
160.00 134.00
160.00 134.50
160.00 135.00
159.50 135.50
159.00 136.00
159.00 136.50
158.50 137.00
158.50 137.50
158.00 138.00
157.50 138.50
157.00 139.00
156.50 139.50
156.50 140.00
156.00 140.50
155.50 141.00
155.00 141.50
154.50 141.50
154.00 142.00
153.50 142.50
153.00 143.00
152.50 143.50
152.00 144.00
151.50 144.50
151.00 144.50
150.50 145.00
150.00 145.00
149.50 145.50
149.00 146.00
148.50 146.00
148.00 146.50
147.50 146.50
147.00 147.00
146.50 147.00
146.00 147.00
145.50 147.50
145.00 147.50
144.50 147.50
144.00 148.00
143.50 148.00
143.00 148.00
142.50 148.00
142.00 148.50
141.50 148.50
141.00 148.50
140.50 148.50
140.00 148.50
139.50 148.50
139.00 148.50
138.50 148.50
138.00 148.50
137.50 148.50
137.00 148.50
136.50 148.50
136.00 148.00
135.50 148.00
135.00 148.00
134.50 148.00
134.00 147.50
133.50 147.50
133.00 147.50
132.50 147.50
132.00 147.00
131.50 147.00
131.00 146.50
130.50 146.50
130.00 146.50
129.50 146.00
129.00 146.00
128.50 145.50
128.00 145.00
127.50 145.00
127.00 144.50
126.50 144.00
126.00 144.00
125.50 144.00
125.00 143.50
124.50 143.00
124.00 142.50
123.50 142.00
123.00 142.00
122.50 141.50
122.00 141.00
121.50 140.50
121.00 140.00
120.50 139.50
120.00 139.00
119.50 138.50
119.00 138.00
118.50 137.50
118.00 137.00
117.50 136.50
117.00 136.00
116.50 135.50
116.50 135.00
116.00 134.50
115.50 134.00
115.50 133.50
115.00 133.00
115.00 132.50
114.50 132.00
114.00 131.50
114.00 131.00
113.50 130.50
113.50 130.00
113.00 129.50
113.00 129.00
113.00 128.50
112.50 128.00
112.50 127.50
112.50 127.00
112.00 126.50
112.00 126.00
112.00 125.50
112.00 125.00
112.00 124.50
112.00 124.00
112.00 123.50
111.50 123.00
111.50 122.50
111.50 122.00
111.50 121.50
112.00 121.00
112.00 120.50
112.00 120.00
112.00 119.50
112.00 119.00
112.00 118.50
112.00 118.00
112.50 117.50
112.50 117.00
112.50 116.50
112.50 116.00
112.50 115.50
113.00 115.00
113.00 114.50
113.50 114.00
113.50 113.50
113.50 113.00
114.00 112.50
114.50 112.00
114.50 111.50
115.00 111.00
115.00 110.50
115.50 110.00
116.00 109.50
116.50 109.00
116.50 108.50
117.00 108.00
117.50 107.50
118.00 107.00
118.50 106.50
119.00 106.00
119.50 105.50
120.00 105.50
120.50 105.00
121.00 104.50
121.50 104.00
122.00 103.50
122.50 103.50
123.00 103.00
123.50 102.50
124.00 102.50
124.50 102.00
125.00 102.00
125.50 101.50
126.00 101.50
126.50 101.00
127.00 100.50
127.50 100.50
128.00 100.50
128.50 100.00
129.00 100.00
129.50 99.50
130.00 99.50
130.50 99.50
131.00 99.00
131.50 99.00
132.00 98.50
132.50 98.50
133.00 98.00
133.50 98.00
134.00 98.00
134.50 97.50
135.00 97.50
135.50 97.50
136.00 97.00
136.50 97.00
137.00 97.00
137.50 96.50
138.00 96.50
138.50 96.50
139.00 96.50
139.50 96.00
140.00 96.00
140.50 96.00
141.00 96.00
141.50 96.00
142.00 96.00
142.50 96.00
143.00 96.00
143.50 96.00
144.00 96.00
144.50 96.00
145.00 96.00
145.50 96.00
146.00 96.50
146.50 96.50
147.00 96.50
