162.00 108.50
162.00 109.00
162.50 109.50
162.50 110.00
163.00 110.50
163.00 111.00
163.50 111.50
163.50 112.00
163.50 112.50
164.00 113.00
164.00 113.50
164.00 114.00
164.50 114.50
164.50 115.00
164.50 115.50
164.50 116.00
165.00 116.50
165.00 117.00
165.00 117.50
165.00 118.00
165.50 118.50
165.50 119.00
165.50 119.50
165.50 120.00
165.50 120.50
165.50 121.00
165.50 121.50
165.50 122.00
165.50 122.50
165.50 123.00
165.50 123.50
165.50 124.00
165.00 124.50
165.00 125.00
165.00 125.50
165.00 126.00
165.00 126.50
164.50 127.00
164.50 127.50
164.50 128.00
164.00 128.50
164.00 129.00
164.00 129.50
163.50 130.00
163.50 130.50
163.00 131.00
163.00 131.50
163.00 132.00
162.50 132.50
162.50 133.00
162.50 133.50
162.00 134.00
161.50 134.50
161.50 135.00
161.00 135.50
161.00 136.00
161.00 136.50
160.50 137.00
160.50 137.50
160.00 138.00
160.00 138.50
159.50 139.00
159.50 139.50
159.50 140.00
159.00 140.50
158.50 141.00
158.00 141.50
157.50 142.00
157.00 142.00
156.50 142.50
156.00 143.00
155.50 143.50
155.00 144.00
154.50 144.00
154.00 144.50
153.50 145.00
153.00 145.00
152.50 145.50
152.00 146.00
151.50 146.00
151.00 146.00
150.50 146.50
150.00 146.50
149.50 147.00
149.00 147.50
148.50 147.50
148.00 147.50
147.50 148.00
147.00 148.00
146.50 148.50
146.00 148.50
145.50 148.50
145.00 148.50
144.50 149.00
144.00 149.00
143.50 149.00
143.00 149.50
142.50 149.50
142.00 149.50
141.50 150.00
141.00 150.00
140.50 150.00
140.00 150.00
139.50 150.00
139.00 150.50
138.50 150.50
138.00 150.50
137.50 150.50
137.00 150.50
136.50 151.00
136.00 151.00
135.50 151.00
135.00 151.00
134.50 151.00
134.00 151.00
133.50 151.00
133.00 151.00
132.50 151.00
132.00 151.00
131.50 151.00
131.00 151.00
130.50 151.00
130.00 151.00
129.50 151.00
129.00 151.00
128.50 150.50
128.00 150.50
127.50 150.50
127.00 150.50
126.50 150.50
126.00 150.00
125.50 150.00
125.00 149.50
124.50 149.50
124.00 149.50
123.50 149.00
123.00 148.50
122.50 148.50
122.00 148.00
121.50 147.50
121.00 147.50
120.50 147.00
120.00 146.50
119.50 146.00
119.00 145.50
118.50 145.00
118.00 144.50
117.50 144.00
117.00 143.50
117.00 143.00
116.50 142.50
116.00 142.00
115.50 141.50
115.50 141.00
115.50 140.50
115.00 140.00
114.50 139.50
114.50 139.00
114.50 138.50
114.00 138.00
114.00 137.50
113.50 137.00
113.50 136.50
113.00 136.00
113.00 135.50
113.00 135.00
113.00 134.50
112.50 134.00
112.50 133.50
112.50 133.00
112.50 132.50
112.00 132.00
112.00 131.50
112.00 131.00
112.00 130.50
112.00 130.00
112.00 129.50
112.00 129.00
111.50 128.50
111.50 128.00
111.50 127.50
111.50 127.00
111.50 126.50
111.50 126.00
111.50 125.50
111.50 125.00
111.50 124.50
111.50 124.00
111.50 123.50
111.50 123.00
111.50 122.50
111.50 122.00
111.50 121.50
111.50 121.00
111.50 120.50
111.50 120.00
111.50 119.50
111.50 119.00
112.00 118.50
112.00 118.00
112.00 117.50
112.00 117.00
112.00 116.50
112.50 116.00
112.50 115.50
112.50 115.00
112.50 114.50
113.00 114.00
113.00 113.50
113.00 113.00
113.50 112.50
113.50 112.00
113.50 111.50
114.00 111.00
114.50 110.50
114.50 110.00
114.50 109.50
115.00 109.00
115.50 108.50
116.00 108.00
116.50 107.50
116.50 107.00
117.00 106.50
117.50 106.00
118.00 105.50
118.50 105.00
119.00 104.50
119.50 104.00
120.00 104.00
120.50 103.50
121.00 103.00
121.50 102.50
122.00 102.50
122.50 102.00
123.00 101.50
123.50 101.50
124.00 101.00
124.50 100.50
125.00 100.50
125.50 100.00
126.00 100.00
126.50 99.50
127.00 99.00
127.50 99.00
128.00 98.50
128.50 98.00
129.00 98.00
129.50 98.00
130.00 97.50
130.50 97.00
131.00 97.00
131.50 96.50
132.00 96.50
132.50 96.50
133.00 96.00
133.50 96.00
134.00 96.00
134.50 95.50
135.00 95.50
135.50 95.50
136.00 95.50
136.50 95.00
137.00 95.00
137.50 95.00
138.00 95.00
138.50 95.00
139.00 95.00
139.50 95.00
140.00 95.00
140.50 95.00
141.00 95.00
141.50 95.00
142.00 95.00
142.50 95.50
143.00 95.50
143.50 95.50
144.00 95.50
144.50 96.00
145.00 96.00
145.50 96.00
146.00 96.50
146.50 96.50
147.00 97.00
147.50 97.00
148.00 97.00
148.50 97.50
149.00 98.00
149.50 98.00
150.00 98.50
150.50 98.50
151.00 99.00
151.50 99.00
152.00 99.50
152.50 100.00
153.00 100.50
153.50 101.00
154.00 101.00
154.50 101.50
155.00 101.50
155.50 102.00
156.00 102.50
156.50 103.00
157.00 103.50
157.50 104.00
158.00 104.50
158.50 105.00
159.00 105.50
159.50 105.50
160.00 106.00
160.50 106.50
160.50 107.00
161.00 107.50
161.50 108.00
