142.00 144.00
141.50 144.00
141.00 144.00
140.50 144.00
140.00 144.50
139.50 144.50
139.00 144.50
138.50 144.50
138.00 144.50
137.50 144.50
137.00 144.50
136.50 144.50
136.00 144.00
135.50 144.00
135.00 144.00
134.50 144.00
134.00 144.00
133.50 144.00
133.00 143.50
132.50 143.50
132.00 143.50
131.50 143.50
131.00 143.00
130.50 143.00
130.00 143.00
129.50 142.50
129.00 142.50
128.50 142.00
128.00 142.00
127.50 141.50
127.00 141.50
126.50 141.50
126.00 141.00
125.50 141.00
125.00 140.50
124.50 140.50
124.00 140.00
123.50 139.50
123.00 139.50
122.50 139.00
122.00 139.00
121.50 138.50
121.00 138.00
120.50 137.50
120.00 137.00
119.50 137.00
119.00 136.50
118.50 136.00
118.00 135.50
117.50 135.00
117.00 134.50
116.50 134.00
116.00 133.50
115.50 133.00
115.00 132.50
115.00 132.00
114.50 131.50
114.50 131.00
114.00 130.50
113.50 130.00
113.50 129.50
113.50 129.00
113.00 128.50
113.00 128.00
113.00 127.50
112.50 127.00
112.50 126.50
112.50 126.00
112.50 125.50
112.50 125.00
112.50 124.50
112.50 124.00
112.50 123.50
112.50 123.00
112.50 122.50
112.50 122.00
112.50 121.50
112.50 121.00
112.50 120.50
112.50 120.00
113.00 119.50
113.00 119.00
113.00 118.50
113.00 118.00
113.50 117.50
113.50 117.00
113.50 116.50
114.00 116.00
114.00 115.50
114.00 115.00
114.50 114.50
114.50 114.00
115.00 113.50
115.00 113.00
115.50 112.50
115.50 112.00
116.00 111.50
116.00 111.00
116.50 110.50
116.50 110.00
117.00 109.50
117.50 109.00
117.50 108.50
118.00 108.00
118.50 107.50
118.50 107.00
119.00 106.50
119.50 106.00
119.50 105.50
120.00 105.00
120.50 104.50
121.00 104.00
121.50 103.50
122.00 103.00
122.50 102.50
123.00 102.00
123.50 101.50
124.00 101.00
124.50 100.50
125.00 100.00
125.50 100.00
126.00 99.50
126.50 99.00
127.00 99.00
127.50 98.50
128.00 98.50
128.50 98.00
129.00 98.00
129.50 98.00
130.00 98.00
130.50 98.00
131.00 97.50
131.50 97.50
132.00 97.50
132.50 97.50
133.00 97.50
133.50 97.50
134.00 97.50
134.50 97.50
135.00 97.50
135.50 97.50
136.00 98.00
136.50 98.00
137.00 98.00
137.50 98.50
138.00 98.50
138.50 98.50
139.00 98.50
139.50 99.00
140.00 99.00
140.50 99.50
141.00 99.50
141.50 100.00
142.00 100.00
142.50 100.50
143.00 100.50
143.50 101.00
144.00 101.00
144.50 101.50
145.00 102.00
145.50 102.00
146.00 102.50
146.50 102.50
147.00 103.00
147.50 103.00
148.00 103.50
148.50 103.50
149.00 104.00
149.50 104.50
150.00 104.50
150.50 105.00
151.00 105.50
151.50 106.00
152.00 106.50
152.50 106.50
153.00 107.00
153.50 107.50
154.00 108.00
154.50 108.50
155.00 109.00
155.50 109.50
155.50 110.00
156.00 110.50
156.50 111.00
157.00 111.50
157.00 112.00
157.50 112.50
157.50 113.00
158.00 113.50
158.00 114.00
158.50 114.50
158.50 115.00
158.50 115.50
159.00 116.00
159.00 116.50
159.00 117.00
159.50 117.50
159.50 118.00
159.50 118.50
159.50 119.00
159.50 119.50
159.50 120.00
159.50 120.50
160.00 121.00
160.00 121.50
160.00 122.00
160.00 122.50
160.00 123.00
159.50 123.50
159.50 124.00
159.50 124.50
159.50 125.00
159.50 125.50
159.50 126.00
159.00 126.50
159.00 127.00
159.00 127.50
159.00 128.00
158.50 128.50
158.50 129.00
158.50 129.50
158.50 130.00
158.00 130.50
158.00 131.00
157.50 131.50
157.00 132.00
157.00 132.50
157.00 133.00
156.50 133.50
156.50 134.00
156.00 134.50
155.50 135.00
155.00 135.50
155.00 136.00
154.50 136.50
154.00 137.00
153.50 137.50
153.00 138.00
152.50 138.50
152.00 139.00
151.50 139.50
151.00 140.00
150.50 140.50
150.00 140.50
149.50 141.00
149.00 141.50
148.50 141.50
148.00 141.50
147.50 142.00
147.00 142.50
146.50 142.50
146.00 143.00
145.50 143.00
145.00 143.00
144.50 143.50
144.00 143.50
143.50 143.50
143.00 144.00
142.50 144.00
