141.00 141.50
141.00 142.00
140.50 142.50
140.00 143.00
139.50 143.00
139.00 143.00
138.50 143.00
138.00 143.00
137.50 143.00
137.00 143.50
136.50 143.50
136.00 143.00
135.50 143.00
135.00 143.00
134.50 143.00
134.00 143.00
133.50 143.00
133.00 143.00
132.50 143.00
132.00 143.00
131.50 143.00
131.00 142.50
130.50 142.50
130.00 142.50
129.50 142.50
129.00 142.50
128.50 142.00
128.00 142.00
127.50 141.50
127.00 141.50
126.50 141.00
126.00 140.50
126.00 140.00
126.00 139.50
126.50 139.00
127.00 138.50
127.50 138.00
128.00 137.50
128.50 137.00
129.00 136.50
129.50 136.50
130.00 136.00
130.50 136.00
131.00 136.00
131.50 136.00
132.00 135.50
132.50 135.50
133.00 135.50
133.50 135.50
134.00 135.50
134.50 135.50
135.00 135.50
135.50 135.50
136.00 136.00
136.50 136.00
137.00 136.00
137.50 136.50
138.00 137.00
138.50 137.50
139.00 138.00
139.50 138.50
140.00 139.00
140.00 139.50
140.50 140.00
141.00 140.50
141.00 141.00
