149.50 144.00
149.00 144.00
148.50 144.00
148.00 144.00
147.50 144.50
147.00 144.50
146.50 144.50
146.00 144.50
145.50 144.50
145.00 144.50
144.50 144.50
144.00 144.50
143.50 145.00
143.00 145.00
142.50 145.00
142.00 145.00
141.50 145.00
141.00 145.00
140.50 145.00
140.00 145.00
139.50 145.50
139.00 145.50
138.50 145.50
138.00 145.50
137.50 145.50
137.00 145.50
136.50 145.50
136.00 145.50
135.50 145.50
135.00 145.50
134.50 145.50
134.00 145.50
133.50 145.50
133.00 145.50
132.50 145.50
132.00 145.50
131.50 145.50
131.00 145.00
130.50 145.00
130.00 145.00
129.50 145.00
129.00 145.00
128.50 145.00
128.00 144.50
127.50 144.50
127.00 144.50
126.50 144.00
126.00 144.00
125.50 144.00
125.00 143.50
124.50 143.00
124.00 143.00
123.50 143.00
123.00 142.50
122.50 142.00
122.00 141.50
121.50 141.00
121.00 140.50
120.50 140.00
120.00 139.50
119.50 139.00
119.50 138.50
119.00 138.00
119.00 137.50
118.50 137.00
118.50 136.50
118.00 136.00
117.50 135.50
117.50 135.00
117.00 134.50
117.00 134.00
117.00 133.50
117.00 133.00
116.50 132.50
116.50 132.00
116.00 131.50
116.00 131.00
115.50 130.50
115.50 130.00
115.50 129.50
115.00 129.00
115.00 128.50
115.00 128.00
114.50 127.50
114.50 127.00
114.50 126.50
114.00 126.00
114.00 125.50
114.00 125.00
114.00 124.50
114.00 124.00
114.00 123.50
114.00 123.00
114.00 122.50
114.00 122.00
114.00 121.50
114.00 121.00
114.00 120.50
114.00 120.00
114.00 119.50
114.00 119.00
114.00 118.50
114.00 118.00
114.00 117.50
114.00 117.00
114.50 116.50
114.50 116.00
114.50 115.50
115.00 115.00
115.00 114.50
115.00 114.00
115.50 113.50
115.50 113.00
115.50 112.50
116.00 112.00
116.50 111.50
116.50 111.00
117.00 110.50
117.00 110.00
117.50 109.50
118.00 109.00
118.50 108.50
118.50 108.00
119.00 107.50
119.50 107.00
120.00 106.50
120.50 106.00
121.00 105.50
121.50 105.00
122.00 104.50
122.50 104.00
123.00 104.00
123.50 103.50
124.00 103.00
124.50 103.00
125.00 102.50
125.50 102.00
126.00 102.00
126.50 102.00
127.00 101.50
127.50 101.00
128.00 101.00
128.50 101.00
129.00 100.50
129.50 100.50
130.00 100.50
130.50 100.00
131.00 100.00
131.50 100.00
132.00 100.00
132.50 100.00
133.00 99.50
133.50 99.50
134.00 99.50
134.50 99.50
135.00 99.50
135.50 99.50
136.00 99.50
136.50 99.50
137.00 99.50
137.50 99.50
138.00 100.00
138.50 100.00
139.00 100.00
139.50 100.00
140.00 100.00
140.50 100.00
141.00 100.50
141.50 100.50
142.00 100.50
142.50 101.00
143.00 101.00
143.50 101.00
144.00 101.50
144.50 101.50
145.00 101.50
145.50 102.00
146.00 102.00
146.50 102.50
147.00 103.00
147.50 103.00
148.00 103.50
148.50 103.50
149.00 104.00
149.50 104.50
150.00 104.50
150.50 105.00
151.00 105.50
151.50 106.00
152.00 106.00
152.50 106.50
152.50 107.00
153.00 107.50
153.50 108.00
154.00 108.50
154.50 109.00
155.00 109.50
155.50 110.00
155.50 110.50
156.00 111.00
156.50 111.50
156.50 112.00
157.00 112.50
157.00 113.00
157.50 113.50
157.50 114.00
157.50 114.50
158.00 115.00
158.00 115.50
158.00 116.00
158.50 116.50
158.50 117.00
158.50 117.50
158.50 118.00
158.50 118.50
159.00 119.00
159.00 119.50
159.00 120.00
159.00 120.50
159.00 121.00
159.00 121.50
159.00 122.00
159.00 122.50
159.00 123.00
159.00 123.50
159.00 124.00
159.00 124.50
158.50 125.00
158.50 125.50
158.50 126.00
158.50 126.50
158.50 127.00
158.50 127.50
158.00 128.00
158.00 128.50
158.00 129.00
158.00 129.50
158.00 130.00
157.50 130.50
157.50 131.00
157.50 131.50
157.00 132.00
157.00 132.50
157.00 133.00
156.50 133.50
156.50 134.00
156.50 134.50
156.00 135.00
156.00 135.50
155.50 136.00
155.50 136.50
155.00 137.00
155.00 137.50
154.50 138.00
154.00 138.50
154.00 139.00
153.50 139.50
153.00 140.00
153.00 140.50
152.50 141.00
152.00 141.50
151.50 142.00
151.00 142.50
150.50 142.50
150.00 143.00
150.00 143.50
