156.50 127.00
156.00 127.50
155.50 128.00
155.00 128.00
154.50 128.50
154.00 128.50
153.50 128.50
153.00 129.00
152.50 129.00
152.00 129.00
151.50 129.00
151.00 129.00
150.50 128.50
150.00 128.50
149.50 128.00
149.00 127.50
148.50 127.00
148.00 126.50
148.00 126.00
147.50 125.50
147.50 125.00
147.50 124.50
147.50 124.00
147.00 123.50
147.00 123.00
147.00 122.50
147.00 122.00
147.00 121.50
147.00 121.00
146.50 120.50
146.50 120.00
146.50 119.50
146.50 119.00
146.50 118.50
146.50 118.00
146.50 117.50
147.00 117.00
147.00 116.50
147.00 116.00
147.50 115.50
148.00 115.00
148.50 115.00
149.00 114.50
149.50 114.50
150.00 114.50
150.50 114.50
151.00 114.50
151.50 114.50
152.00 114.50
152.50 115.00
153.00 115.00
153.50 115.00
154.00 115.50
154.50 116.00
155.00 116.00
155.50 116.50
156.00 117.00
156.50 117.50
157.00 118.00
157.00 118.50
157.00 119.00
157.50 119.50
157.50 120.00
157.50 120.50
157.50 121.00
157.50 121.50
157.50 122.00
157.50 122.50
157.50 123.00
157.50 123.50
157.50 124.00
157.50 124.50
157.50 125.00
157.50 125.50
157.00 126.00
157.00 126.50
