148.00 141.00
147.50 141.50
147.00 141.50
146.50 142.00
146.00 142.50
145.50 142.50
145.00 143.00
144.50 143.50
144.00 144.00
143.50 144.00
143.00 144.50
142.50 145.00
142.00 145.00
141.50 145.50
141.00 145.50
140.50 145.50
140.00 145.50
139.50 145.50
139.00 145.50
138.50 145.50
138.00 145.50
137.50 145.50
137.00 145.50
136.50 145.50
136.00 145.50
135.50 145.50
135.00 145.50
134.50 145.50
134.00 145.50
133.50 145.50
133.00 145.50
132.50 145.50
132.00 145.50
131.50 145.00
131.00 145.00
130.50 145.00
130.00 145.00
129.50 144.50
129.50 144.00
129.00 143.50
128.50 143.50
128.00 143.00
127.50 142.50
127.00 142.50
126.50 142.00
126.00 142.00
125.50 141.50
125.00 141.50
124.50 141.00
124.00 140.50
123.50 140.50
123.00 140.00
122.50 139.50
122.00 139.00
121.50 139.00
121.00 138.50
120.50 138.00
120.00 137.50
119.50 137.00
119.00 136.50
118.50 136.00
118.50 135.50
118.00 135.00
117.50 134.50
117.00 134.00
117.00 133.50
116.50 133.00
116.50 132.50
116.00 132.00
116.00 131.50
116.00 131.00
115.50 130.50
115.50 130.00
115.50 129.50
115.50 129.00
115.50 128.50
115.50 128.00
115.50 127.50
115.50 127.00
115.50 126.50
115.50 126.00
115.50 125.50
115.50 125.00
115.50 124.50
115.50 124.00
115.50 123.50
115.50 123.00
115.50 122.50
116.00 122.00
116.00 121.50
116.00 121.00
116.00 120.50
116.50 120.00
117.00 119.50
117.00 119.00
117.50 118.50
117.50 118.00
117.50 117.50
118.00 117.00
118.00 116.50
118.50 116.00
118.50 115.50
119.00 115.00
119.00 114.50
119.50 114.00
120.00 113.50
120.00 113.00
120.50 112.50
121.00 112.00
121.50 111.50
122.00 111.00
122.00 110.50
122.50 110.00
123.00 109.50
123.50 109.00
124.00 108.50
124.50 108.00
125.00 107.50
125.50 107.50
126.00 107.00
126.50 106.50
127.00 106.50
127.50 106.00
128.00 105.50
128.50 105.50
129.00 105.00
129.50 104.50
130.00 104.50
130.50 104.00
131.00 104.00
131.50 104.00
132.00 103.50
132.50 103.50
133.00 103.00
133.50 103.00
134.00 103.00
134.50 103.00
135.00 102.50
135.50 102.50
136.00 102.50
136.50 102.50
137.00 102.50
137.50 102.50
138.00 102.50
138.50 102.50
139.00 102.50
139.50 103.00
140.00 103.00
140.50 103.00
141.00 103.00
141.50 103.50
142.00 103.50
142.50 103.50
143.00 104.00
143.50 104.50
144.00 104.50
144.50 105.00
145.00 105.50
145.50 106.00
146.00 106.00
146.50 106.50
147.00 107.00
147.50 107.50
147.50 108.00
148.00 108.50
148.50 109.00
149.00 109.50
149.50 110.00
149.50 110.50
150.00 111.00
150.00 111.50
150.50 112.00
151.00 112.50
151.00 113.00
151.50 113.50
151.50 114.00
151.50 114.50
152.00 115.00
152.00 115.50
152.00 116.00
152.50 116.50
152.50 117.00
152.50 117.50
153.00 118.00
153.00 118.50
153.00 119.00
153.00 119.50
153.00 120.00
153.00 120.50
153.50 121.00
153.50 121.50
153.50 122.00
153.50 122.50
153.50 123.00
153.50 123.50
153.50 124.00
153.50 124.50
153.50 125.00
153.50 125.50
153.00 126.00
153.00 126.50
153.00 127.00
153.00 127.50
153.00 128.00
153.00 128.50
153.00 129.00
152.50 129.50
152.50 130.00
152.50 130.50
152.50 131.00
152.50 131.50
152.00 132.00
152.00 132.50
152.00 133.00
151.50 133.50
151.50 134.00
151.50 134.50
151.00 135.00
151.00 135.50
151.00 136.00
150.50 136.50
150.50 137.00
150.00 137.50
150.00 138.00
149.50 138.50
149.50 139.00
149.00 139.50
149.00 140.00
148.50 140.50
