139.50 91.50
140.00 91.50
140.50 92.00
141.00 92.00
141.50 92.00
142.00 92.50
142.50 92.50
143.00 92.50
143.50 92.50
144.00 93.00
144.50 93.00
145.00 93.00
145.50 93.50
146.00 93.50
146.50 94.00
147.00 94.00
147.50 94.50
148.00 94.50
148.50 95.00
149.00 95.00
149.50 95.50
150.00 95.50
150.50 96.00
151.00 96.50
151.50 96.50
152.00 97.00
152.50 97.50
153.00 98.00
153.50 98.50
154.00 99.00
154.50 99.50
155.00 100.00
155.50 100.50
156.00 101.00
156.50 101.50
156.50 102.00
157.00 102.50
157.50 103.00
158.00 103.50
158.50 104.00
158.50 104.50
159.00 105.00
159.00 105.50
159.50 106.00
159.50 106.50
160.00 107.00
160.00 107.50
160.50 108.00
160.50 108.50
161.00 109.00
161.00 109.50
161.50 110.00
161.50 110.50
161.50 111.00
162.00 111.50
162.00 112.00
162.00 112.50
162.50 113.00
162.50 113.50
162.50 114.00
163.00 114.50
163.00 115.00
163.00 115.50
163.00 116.00
163.00 116.50
163.00 117.00
163.50 117.50
163.50 118.00
163.50 118.50
163.50 119.00
163.50 119.50
163.50 120.00
163.50 120.50
164.00 121.00
164.00 121.50
164.00 122.00
164.00 122.50
164.00 123.00
164.00 123.50
164.00 124.00
164.00 124.50
164.00 125.00
164.00 125.50
164.00 126.00
164.00 126.50
164.00 127.00
163.50 127.50
163.50 128.00
163.50 128.50
163.50 129.00
163.50 129.50
163.50 130.00
163.50 130.50
163.00 131.00
163.00 131.50
163.00 132.00
163.00 132.50
162.50 133.00
162.50 133.50
162.50 134.00
162.50 134.50
162.00 135.00
162.00 135.50
161.50 136.00
161.50 136.50
161.50 137.00
161.00 137.50
161.00 138.00
160.50 138.50
160.50 139.00
160.00 139.50
160.00 140.00
159.50 140.50
159.00 141.00
158.50 141.50
158.50 142.00
158.00 142.50
158.00 143.00
157.50 143.50
157.00 144.00
156.50 144.50
156.00 145.00
156.00 145.50
155.50 146.00
155.00 146.00
154.50 146.50
154.00 147.00
153.50 147.50
153.00 148.00
152.50 148.50
152.00 149.00
151.50 149.00
151.00 149.50
150.50 150.00
150.00 150.00
149.50 150.50
149.00 151.00
148.50 151.00
148.00 151.00
147.50 151.50
147.00 152.00
146.50 152.00
146.00 152.00
145.50 152.50
145.00 152.50
144.50 152.50
144.00 153.00
143.50 153.00
143.00 153.00
142.50 153.50
142.00 153.50
141.50 153.50
141.00 154.00
140.50 154.00
140.00 154.00
139.50 154.00
139.00 154.00
138.50 154.00
138.00 154.50
137.50 154.50
137.00 154.50
136.50 154.50
136.00 154.50
135.50 154.50
135.00 154.50
134.50 154.50
134.00 154.50
133.50 154.50
133.00 154.50
132.50 154.50
132.00 154.50
131.50 154.50
131.00 154.50
130.50 154.50
130.00 154.50
129.50 154.50
129.00 154.50
128.50 154.50
128.00 154.50
127.50 154.50
127.00 154.50
126.50 154.00
126.00 154.00
125.50 154.00
125.00 154.00
124.50 154.00
124.00 153.50
123.50 153.50
123.00 153.50
122.50 153.50
122.00 153.00
121.50 153.00
121.00 153.00
120.50 152.50
120.00 152.50
119.50 152.00
119.00 152.00
118.50 152.00
118.00 151.50
117.50 151.50
117.00 151.00
116.50 151.00
116.00 150.50
115.50 150.00
115.00 150.00
114.50 149.50
114.00 149.00
113.50 148.50
113.00 148.50
112.50 148.00
112.00 147.50
111.50 147.00
111.00 146.50
110.50 146.00
110.00 145.50
109.50 145.00
109.00 144.50
109.00 144.00
108.50 143.50
108.00 143.00
107.50 142.50
107.50 142.00
107.00 141.50
106.50 141.00
106.50 140.50
106.00 140.00
106.00 139.50
106.00 139.00
105.50 138.50
105.50 138.00
105.00 137.50
105.00 137.00
105.00 136.50
104.50 136.00
104.50 135.50
104.50 135.00
104.50 134.50
104.00 134.00
104.00 133.50
104.00 133.00
104.00 132.50
104.00 132.00
103.50 131.50
103.50 131.00
103.50 130.50
103.50 130.00
103.50 129.50
103.50 129.00
103.50 128.50
103.50 128.00
103.50 127.50
103.50 127.00
103.50 126.50
103.50 126.00
103.50 125.50
103.50 125.00
103.50 124.50
103.50 124.00
103.50 123.50
103.50 123.00
104.00 122.50
104.00 122.00
104.00 121.50
104.00 121.00
104.00 120.50
104.50 120.00
104.50 119.50
104.50 119.00
104.50 118.50
104.50 118.00
105.00 117.50
105.00 117.00
105.00 116.50
105.50 116.00
105.50 115.50
105.50 115.00
106.00 114.50
106.00 114.00
106.00 113.50
106.50 113.00
106.50 112.50
106.50 112.00
107.00 111.50
107.00 111.00
107.00 110.50
107.50 110.00
107.50 109.50
108.00 109.00
108.00 108.50
108.50 108.00
108.50 107.50
109.00 107.00
109.00 106.50
109.50 106.00
110.00 105.50
110.00 105.00
110.50 104.50
110.50 104.00
111.00 103.50
111.50 103.00
111.50 102.50
112.00 102.00
112.50 101.50
112.50 101.00
113.00 100.50
113.50 100.00
114.00 99.50
114.50 99.00
115.00 98.50
115.50 98.00
116.00 97.50
116.50 97.00
117.00 97.00
117.50 96.50
118.00 96.00
118.50 95.50
119.00 95.50
119.50 95.00
120.00 94.50
120.50 94.50
121.00 94.00
121.50 94.00
122.00 93.50
122.50 93.00
123.00 93.00
123.50 93.00
124.00 92.50
124.50 92.50
125.00 92.50
125.50 92.00
126.00 92.00
126.50 91.50
127.00 91.50
127.50 91.50
128.00 91.50
128.50 91.50
129.00 91.00
129.50 91.00
130.00 91.00
130.50 91.00
131.00 91.00
131.50 91.00
132.00 91.00
132.50 91.00
133.00 91.00
133.50 91.00
134.00 91.00
134.50 91.00
135.00 91.00
135.50 91.00
136.00 91.00
136.50 91.00
137.00 91.00
137.50 91.50
138.00 91.50
138.50 91.50
139.00 91.50
