140.00 141.50
139.50 142.00
139.00 142.00
138.50 142.00
138.00 142.00
137.50 142.00
137.00 142.00
136.50 142.00
136.00 142.00
135.50 142.00
135.00 142.00
134.50 142.50
134.00 142.50
133.50 142.50
133.00 142.50
132.50 142.50
132.00 142.00
131.50 142.00
131.00 142.00
130.50 141.50
130.00 141.50
129.50 141.00
129.00 141.00
128.50 140.50
128.00 140.00
127.50 139.50
127.00 139.00
127.00 138.50
127.00 138.00
127.00 137.50
127.50 137.00
127.50 136.50
128.00 136.00
128.50 135.50
129.00 135.50
129.50 135.00
130.00 134.50
130.50 134.50
131.00 134.50
131.50 134.50
132.00 134.50
132.50 135.00
133.00 135.50
133.50 135.50
134.00 136.00
134.50 136.50
135.00 137.00
135.50 137.50
136.00 137.50
136.50 138.00
137.00 138.50
137.50 139.00
138.00 139.00
138.50 139.50
139.00 139.50
139.50 140.00
140.00 140.50
140.50 141.00
140.00 141.50
