146.00 116.00
146.00 116.50
146.00 117.00
146.50 117.50
146.50 118.00
146.50 118.50
147.00 119.00
147.00 119.50
147.00 120.00
147.50 120.50
147.50 121.00
147.50 121.50
147.50 122.00
147.50 122.50
148.00 123.00
148.00 123.50
148.00 124.00
148.00 124.50
148.00 125.00
148.00 125.50
148.00 126.00
148.00 126.50
148.00 127.00
147.50 127.50
147.50 128.00
147.50 128.50
147.50 129.00
147.00 129.50
147.00 130.00
147.00 130.50
146.50 131.00
146.00 131.50
146.00 132.00
145.50 132.50
145.00 133.00
144.50 133.50
144.00 134.00
143.50 134.50
143.00 135.00
142.50 135.50
142.00 136.00
141.50 136.00
141.00 136.50
140.50 137.00
140.00 137.00
139.50 137.00
139.00 137.00
138.50 137.50
138.00 137.50
137.50 137.50
137.00 137.50
136.50 137.50
136.00 137.50
135.50 137.50
135.00 137.50
134.50 137.50
134.00 137.00
133.50 137.00
133.00 137.00
132.50 137.00
132.00 137.00
131.50 136.50
131.00 136.50
130.50 136.50
130.00 136.50
129.50 136.00
129.00 135.50
128.50 135.50
128.00 135.50
127.50 135.00
127.00 135.00
126.50 134.50
126.00 134.00
125.50 134.00
125.00 133.50
124.50 133.50
124.00 133.00
123.50 132.50
123.00 132.00
122.50 131.50
122.00 131.00
122.00 130.50
121.50 130.00
121.00 129.50
120.50 129.00
120.50 128.50
120.00 128.00
120.00 127.50
119.50 127.00
119.50 126.50
119.00 126.00
119.00 125.50
119.00 125.00
119.00 124.50
118.50 124.00
118.50 123.50
118.50 123.00
118.50 122.50
118.50 122.00
118.50 121.50
118.50 121.00
118.50 120.50
118.50 120.00
118.50 119.50
119.00 119.00
119.00 118.50
119.00 118.00
119.00 117.50
119.50 117.00
119.50 116.50
120.00 116.00
120.00 115.50
120.50 115.00
121.00 114.50
121.00 114.00
121.50 113.50
121.50 113.00
122.00 112.50
122.00 112.00
122.50 111.50
122.50 111.00
123.00 110.50
123.00 110.00
123.50 109.50
124.00 109.00
124.50 109.50
125.00 109.00
125.50 108.50
126.00 108.50
126.50 108.00
127.00 107.50
127.50 107.00
128.00 107.00
128.50 106.50
129.00 106.50
129.50 106.00
130.00 106.00
130.50 106.00
131.00 105.50
131.50 105.50
132.00 105.50
132.50 105.50
133.00 105.50
133.50 105.50
134.00 105.50
134.50 105.50
135.00 105.50
135.50 105.50
136.00 106.00
136.50 106.00
137.00 106.00
137.50 106.50
138.00 106.50
138.50 106.50
139.00 107.00
139.50 107.50
140.00 107.50
140.50 108.00
141.00 108.50
141.50 109.00
142.00 109.50
142.50 110.00
143.00 110.50
143.50 111.00
143.50 111.50
143.50 112.00
144.00 112.50
144.00 113.00
144.50 113.50
144.50 114.00
145.00 114.50
145.00 115.00
145.50 115.50
