133.50 107.00
134.00 107.00
134.50 107.50
135.00 107.50
135.50 108.00
136.00 108.00
136.50 108.50
137.00 108.50
137.50 109.00
138.00 109.00
138.50 109.00
139.00 109.50
139.50 110.00
140.00 110.00
140.50 110.50
141.00 111.00
141.50 111.00
142.00 111.50
142.50 112.00
143.00 112.50
143.50 113.00
144.00 113.50
144.50 114.00
144.50 114.50
145.00 115.00
145.50 115.50
146.00 116.00
146.50 116.50
146.50 117.00
147.00 117.50
147.50 118.00
148.00 118.50
148.00 119.00
148.50 119.50
148.50 120.00
149.00 120.50
149.00 121.00
149.50 121.50
149.50 122.00
150.00 122.50
150.00 123.00
150.00 123.50
150.00 124.00
150.00 124.50
150.00 125.00
150.00 125.50
150.00 126.00
150.00 126.50
150.00 127.00
150.00 127.50
150.00 128.00
150.00 128.50
150.00 129.00
150.00 129.50
149.50 130.00
149.50 130.50
149.00 131.00
148.50 131.50
148.50 132.00
148.00 132.50
147.50 133.00
147.50 133.50
147.00 134.00
146.50 134.50
146.00 135.00
145.50 135.50
145.00 135.50
144.50 136.00
144.00 136.00
143.50 136.50
143.00 136.50
142.50 137.00
142.00 137.00
141.50 137.00
141.00 137.00
140.50 137.50
140.00 137.50
139.50 137.50
139.00 137.50
138.50 137.50
138.00 137.50
137.50 137.50
137.00 137.50
136.50 138.00
136.00 138.00
135.50 138.00
135.00 137.50
134.50 137.50
134.00 137.50
133.50 137.50
133.00 137.50
132.50 137.50
132.00 137.50
131.50 137.50
131.00 137.00
130.50 137.00
130.00 137.00
129.50 136.50
129.00 136.50
128.50 136.50
128.00 136.00
127.50 136.00
127.00 135.50
126.50 135.50
126.00 135.00
125.50 134.50
125.00 134.50
124.50 134.00
124.00 133.50
123.50 133.00
123.00 132.50
122.50 132.50
122.00 132.00
122.00 131.50
121.50 131.00
121.00 130.50
121.00 130.00
120.50 129.50
120.50 129.00
120.00 128.50
120.00 128.00
120.00 127.50
119.50 127.00
119.50 126.50
119.00 126.00
119.00 125.50
119.00 125.00
119.00 124.50
119.00 124.00
119.00 123.50
119.00 123.00
119.00 122.50
119.00 122.00
119.00 121.50
119.00 121.00
119.00 120.50
119.00 120.00
119.00 119.50
119.00 119.00
119.00 118.50
119.50 118.00
119.50 117.50
119.50 117.00
119.50 116.50
120.00 116.00
120.00 115.50
120.00 115.00
120.50 114.50
120.50 114.00
120.50 113.50
121.00 113.00
121.00 112.50
121.50 112.00
121.50 111.50
122.00 111.00
122.00 110.50
122.50 110.00
123.00 109.50
123.50 109.00
124.00 108.50
124.00 108.00
124.50 107.50
125.00 107.00
125.50 106.50
126.00 106.50
126.50 106.00
127.00 106.00
127.50 106.00
128.00 105.50
128.50 105.50
129.00 105.50
129.50 105.50
130.00 105.50
130.50 105.50
131.00 105.50
131.50 106.00
132.00 106.00
132.50 106.50
133.00 106.50
