135.50 90.50
136.00 90.50
136.50 90.50
137.00 90.50
137.50 90.50
138.00 90.50
138.50 90.50
139.00 90.50
139.50 91.00
140.00 91.00
140.50 91.00
141.00 91.00
141.50 91.00
142.00 91.50
142.50 91.50
143.00 91.50
143.50 91.50
144.00 92.00
144.50 92.00
145.00 92.00
145.50 92.50
146.00 92.50
146.50 93.00
147.00 93.00
147.50 93.00
148.00 93.50
148.50 93.50
149.00 94.00
149.50 94.00
150.00 94.50
150.50 95.00
151.00 95.00
151.50 95.50
152.00 95.50
152.50 96.00
153.00 96.00
153.50 96.50
154.00 97.00
154.50 97.50
155.00 97.50
155.50 98.00
156.00 98.50
156.50 99.00
157.00 99.00
157.50 99.50
158.00 100.00
158.50 100.50
159.00 101.00
159.50 101.50
160.00 102.00
160.50 102.50
161.00 103.00
161.50 103.50
162.00 104.00
162.50 104.50
162.50 105.00
163.00 105.50
163.50 106.00
164.00 106.50
164.00 107.00
164.50 107.50
165.00 108.00
165.00 108.50
165.50 109.00
165.50 109.50
166.00 110.00
166.50 110.50
166.50 111.00
167.00 111.50
167.00 112.00
167.00 112.50
167.50 113.00
167.50 113.50
168.00 114.00
168.00 114.50
168.00 115.00
168.50 115.50
168.50 116.00
168.50 116.50
168.50 117.00
168.50 117.50
169.00 118.00
169.00 118.50
169.00 119.00
169.00 119.50
169.00 120.00
169.00 120.50
169.00 121.00
169.00 121.50
169.00 122.00
169.00 122.50
169.00 123.00
169.00 123.50
169.00 124.00
168.50 124.50
168.50 125.00
168.50 125.50
168.50 126.00
168.50 126.50
168.50 127.00
168.00 127.50
168.00 128.00
168.00 128.50
168.00 129.00
167.50 129.50
167.50 130.00
167.50 130.50
167.50 131.00
167.00 131.50
167.00 132.00
167.00 132.50
166.50 133.00
166.50 133.50
166.00 134.00
166.00 134.50
165.50 135.00
165.50 135.50
165.50 136.00
165.00 136.50
165.00 137.00
164.50 137.50
164.50 138.00
164.00 138.50
163.50 139.00
163.50 139.50
163.00 140.00
163.00 140.50
162.50 141.00
162.00 141.50
162.00 142.00
161.50 142.50
161.00 143.00
160.50 143.50
160.50 144.00
160.00 144.50
159.50 145.00
159.00 145.50
158.50 146.00
158.00 146.50
157.50 147.00
157.00 147.50
156.50 148.00
156.00 148.00
155.50 148.50
155.00 149.00
154.50 149.00
154.00 149.50
153.50 150.00
153.00 150.00
152.50 150.00
152.00 150.50
151.50 151.00
151.00 151.00
150.50 151.50
150.00 151.50
149.50 151.50
149.00 152.00
148.50 152.00
148.00 152.00
147.50 152.00
147.00 152.50
146.50 152.50
146.00 152.50
145.50 153.00
145.00 153.00
144.50 153.00
144.00 153.00
143.50 153.00
143.00 153.50
142.50 153.50
142.00 153.50
141.50 153.50
141.00 153.50
140.50 153.50
140.00 153.50
139.50 153.50
139.00 153.50
138.50 153.50
138.00 153.50
137.50 153.50
137.00 153.50
136.50 153.50
136.00 153.50
135.50 153.50
135.00 153.50
134.50 153.50
134.00 153.50
133.50 153.50
133.00 153.50
132.50 153.50
132.00 153.00
131.50 153.00
131.00 153.00
130.50 153.00
130.00 153.00
129.50 152.50
129.00 152.50
128.50 152.50
128.00 152.50
127.50 152.00
127.00 152.00
126.50 152.00
126.00 151.50
125.50 151.50
125.00 151.50
124.50 151.00
124.00 151.00
123.50 151.00
123.00 150.50
122.50 150.00
122.00 150.00
121.50 150.00
121.00 149.50
120.50 149.00
120.00 149.00
119.50 148.50
119.00 148.50
118.50 148.00
118.00 147.50
117.50 147.50
117.00 147.00
116.50 146.50
116.00 146.00
115.50 146.00
115.00 145.50
114.50 145.00
114.00 145.00
113.50 144.50
113.50 144.00
113.00 143.50
112.50 143.00
112.00 142.50
111.50 142.00
111.00 141.50
110.50 141.00
110.00 140.50
109.50 140.00
109.50 139.50
109.00 139.00
108.50 138.50
108.00 138.00
108.00 137.50
108.00 137.00
107.50 136.50
107.00 136.00
106.50 135.50
106.50 135.00
106.50 134.50
106.00 134.00
106.00 133.50
106.00 133.00
105.50 132.50
105.50 132.00
105.00 131.50
105.00 131.00
105.00 130.50
104.50 130.00
104.50 129.50
104.50 129.00
104.50 128.50
104.50 128.00
104.50 127.50
104.00 127.00
104.00 126.50
104.00 126.00
104.00 125.50
104.00 125.00
104.00 124.50
104.00 124.00
104.00 123.50
104.00 123.00
104.00 122.50
104.00 122.00
104.00 121.50
104.50 121.00
104.50 120.50
104.50 120.00
104.50 119.50
104.50 119.00
104.50 118.50
105.00 118.00
105.00 117.50
105.00 117.00
105.00 116.50
105.50 116.00
105.50 115.50
105.50 115.00
106.00 114.50
106.00 114.00
106.00 113.50
106.50 113.00
106.50 112.50
107.00 112.00
107.00 111.50
107.50 111.00
107.50 110.50
108.00 110.00
108.00 109.50
108.50 109.00
108.50 108.50
109.00 108.00
109.00 107.50
109.50 107.00
110.00 106.50
110.00 106.00
110.50 105.50
111.00 105.00
111.50 104.50
111.50 104.00
112.00 103.50
112.50 103.00
113.00 102.50
113.50 102.00
114.00 101.50
114.50 101.00
114.50 100.50
115.00 100.00
115.50 99.50
116.00 99.00
116.50 98.50
117.00 98.00
117.50 98.00
118.00 97.50
118.50 97.00
119.00 96.50
119.50 96.00
120.00 96.00
120.50 95.50
121.00 95.50
121.50 95.00
122.00 95.00
122.50 94.50
123.00 94.00
123.50 94.00
124.00 93.50
124.50 93.50
125.00 93.00
125.50 93.00
126.00 92.50
126.50 92.50
127.00 92.50
127.50 92.00
128.00 92.00
128.50 91.50
129.00 91.50
129.50 91.50
130.00 91.50
130.50 91.00
131.00 91.00
131.50 91.00
132.00 91.00
132.50 91.00
133.00 90.50
133.50 90.50
134.00 90.50
134.50 90.50
135.00 90.50
