132.00 132.00
131.50 131.50
131.00 131.50
130.50 131.50
130.00 131.00
129.50 130.50
129.50 130.00
129.00 129.50
129.00 129.00
128.50 128.50
128.50 128.00
128.50 127.50
128.50 127.00
128.50 126.50
128.50 126.00
128.50 125.50
128.50 125.00
129.00 124.50
129.00 124.00
129.00 123.50
129.50 123.00
130.00 122.50
130.00 122.00
130.50 121.50
131.00 121.50
131.50 121.00
132.00 120.50
132.50 120.50
133.00 120.50
133.50 120.50
134.00 120.50
134.50 121.00
135.00 121.50
135.50 121.50
136.00 122.00
136.50 122.50
137.00 123.00
137.00 123.50
137.50 124.00
138.00 124.50
138.00 125.00
138.50 125.50
138.50 126.00
138.50 126.50
138.50 127.00
138.50 127.50
138.50 128.00
138.50 128.50
138.50 129.00
138.50 129.50
138.00 130.00
138.00 130.50
137.50 131.00
137.00 131.50
136.50 132.00
136.00 132.00
135.50 132.00
135.00 132.00
134.50 132.50
134.00 132.50
133.50 132.50
133.00 132.50
132.50 132.00
