151.00 115.00
150.50 115.50
150.00 116.00
149.50 116.00
149.00 116.50
148.50 116.50
148.00 116.50
147.50 116.50
147.00 117.00
146.50 117.00
146.00 117.00
145.50 117.00
145.00 117.00
144.50 117.00
144.00 117.00
143.50 117.00
143.00 116.50
142.50 116.50
142.00 116.00
141.50 115.50
141.00 115.00
140.50 114.50
140.50 114.00
141.00 113.50
141.50 113.50
142.00 113.00
142.50 113.00
143.00 113.00
143.50 113.00
144.00 113.00
144.50 113.00
145.00 113.00
145.50 113.00
146.00 113.00
146.50 113.00
147.00 113.00
147.50 113.00
148.00 113.00
148.50 112.50
149.00 113.00
149.50 113.00
150.00 113.00
150.50 113.50
151.00 114.00
151.00 114.50
