128.00 143.50
127.50 143.00
127.00 143.00
126.50 142.50
126.00 142.50
125.50 142.00
125.00 142.00
124.50 141.50
124.00 141.00
123.50 140.50
123.00 140.00
123.00 139.50
122.50 139.00
122.00 138.50
121.50 138.00
121.00 137.50
121.00 137.00
120.50 136.50
120.50 136.00
120.00 135.50
120.00 135.00
119.50 134.50
119.50 134.00
119.50 133.50
119.00 133.00
119.00 132.50
118.50 132.00
118.50 131.50
118.50 131.00
118.50 130.50
118.50 130.00
118.00 129.50
118.00 129.00
118.00 128.50
118.00 128.00
118.00 127.50
118.00 127.00
118.00 126.50
118.00 126.00
118.00 125.50
118.00 125.00
118.00 124.50
118.00 124.00
118.00 123.50
118.50 123.00
118.50 122.50
118.50 122.00
118.50 121.50
119.00 121.00
119.00 120.50
119.00 120.00
119.50 119.50
120.00 119.00
120.00 118.50
120.00 118.00
120.50 117.50
121.00 117.00
121.00 116.50
121.50 116.00
122.00 115.50
122.50 115.00
122.50 114.50
123.00 114.00
123.50 113.50
124.00 113.00
124.50 112.50
125.00 112.50
125.50 112.00
126.00 111.50
126.50 111.00
127.00 110.50
127.50 110.50
128.00 110.00
128.50 109.50
129.00 109.50
129.50 109.50
130.00 109.00
130.50 109.00
131.00 108.50
131.50 108.50
132.00 108.00
132.50 108.00
133.00 107.50
133.50 107.50
134.00 107.50
134.50 107.50
135.00 107.50
135.50 107.00
136.00 107.00
136.50 107.00
137.00 107.00
137.50 107.00
138.00 107.00
138.50 107.00
139.00 107.00
139.50 107.00
140.00 107.00
140.50 107.00
141.00 107.00
141.50 107.00
142.00 107.00
142.50 107.50
143.00 107.50
143.50 107.50
144.00 108.00
144.50 108.00
145.00 108.50
145.50 109.00
146.00 109.50
146.50 110.00
147.00 110.50
147.00 111.00
147.50 111.50
147.50 112.00
148.00 112.50
148.00 113.00
148.00 113.50
148.00 114.00
148.50 114.50
148.50 115.00
148.50 115.50
148.50 116.00
149.00 116.50
149.00 117.00
149.00 117.50
149.50 118.00
149.50 118.50
149.50 119.00
149.50 119.50
149.50 120.00
149.50 120.50
150.00 121.00
150.00 121.50
150.00 122.00
150.00 122.50
150.00 123.00
150.00 123.50
150.50 124.00
150.50 124.50
150.50 125.00
150.50 125.50
150.50 126.00
150.50 126.50
150.50 127.00
150.50 127.50
150.50 128.00
150.50 128.50
150.50 129.00
150.50 129.50
150.50 130.00
150.00 130.50
150.00 131.00
150.00 131.50
150.00 132.00
149.50 132.50
149.50 133.00
149.50 133.50
149.00 134.00
149.00 134.50
148.50 135.00
148.50 135.50
148.50 136.00
148.00 136.50
147.50 137.00
147.50 137.50
147.00 138.00
146.50 138.50
146.00 139.00
145.50 139.50
145.00 140.00
144.50 140.50
144.00 141.00
143.50 141.00
143.00 141.50
142.50 142.00
142.00 142.50
141.50 142.50
141.00 143.00
140.50 143.00
140.00 143.50
139.50 143.50
139.00 144.00
138.50 144.00
138.00 144.00
137.50 144.00
137.00 144.50
136.50 144.50
136.00 144.50
135.50 144.50
135.00 144.50
134.50 144.50
134.00 144.50
133.50 144.50
133.00 144.50
132.50 144.50
132.00 144.50
131.50 144.50
131.00 144.50
130.50 144.50
130.00 144.00
129.50 144.00
129.00 144.00
128.50 144.00
