142.00 140.50
141.50 141.00
141.00 141.00
140.50 141.00
140.00 141.50
139.50 141.50
139.00 141.50
138.50 142.00
138.00 142.00
137.50 142.00
137.00 142.50
136.50 142.50
136.00 142.50
135.50 142.50
135.00 142.50
134.50 142.50
134.00 142.50
133.50 142.50
133.00 142.50
132.50 142.50
132.00 142.50
131.50 142.50
131.00 142.00
130.50 142.00
130.00 142.00
129.50 142.00
129.00 142.00
128.50 141.50
128.00 141.50
127.50 141.50
127.00 141.00
126.50 141.00
126.00 140.50
125.50 140.50
125.00 140.50
124.50 140.00
124.00 140.00
123.50 139.50
123.00 139.00
122.50 139.00
122.00 139.00
121.50 138.50
121.00 138.00
120.50 137.50
120.00 137.00
119.50 136.50
119.00 136.00
118.50 135.50
118.00 135.00
118.00 134.50
117.50 134.00
117.00 133.50
117.00 133.00
116.50 132.50
116.00 132.00
116.00 131.50
115.50 131.00
115.50 130.50
115.50 130.00
115.00 129.50
115.00 129.00
115.00 128.50
114.50 128.00
114.50 127.50
114.50 127.00
114.50 126.50
114.00 126.00
114.00 125.50
114.00 125.00
114.00 124.50
114.00 124.00
114.00 123.50
114.00 123.00
114.00 122.50
114.00 122.00
114.50 121.50
114.50 121.00
114.50 120.50
114.50 120.00
115.00 119.50
115.00 119.00
115.00 118.50
115.50 118.00
115.50 117.50
116.00 117.00
116.00 116.50
116.50 116.00
117.00 115.50
117.50 115.00
118.00 114.50
118.00 114.00
118.50 113.50
119.00 113.00
119.50 113.00
120.00 112.50
120.50 112.00
121.00 111.50
121.50 111.00
122.00 111.00
122.50 110.50
123.00 110.50
123.50 110.00
124.00 110.00
124.50 109.50
125.00 109.50
125.50 109.50
126.00 109.00
126.50 109.00
127.00 109.00
127.50 108.50
128.00 108.50
128.50 108.50
129.00 108.50
129.50 108.50
130.00 108.50
130.50 108.50
131.00 108.50
131.50 108.50
132.00 108.50
132.50 108.50
133.00 108.50
133.50 108.50
134.00 108.50
134.50 108.50
135.00 108.50
135.50 109.00
136.00 109.00
136.50 109.00
137.00 109.50
137.50 109.50
138.00 109.50
138.50 110.00
139.00 110.00
139.50 110.50
140.00 110.50
140.50 111.00
141.00 111.00
141.50 111.50
142.00 112.00
142.50 112.00
143.00 112.50
143.50 113.00
144.00 113.50
144.50 114.00
145.00 114.50
145.50 115.00
146.00 115.50
146.50 116.00
146.50 116.50
147.00 117.00
147.00 117.50
147.50 118.00
148.00 118.50
148.00 119.00
148.00 119.50
148.50 120.00
148.50 120.50
148.50 121.00
149.00 121.50
149.00 122.00
149.00 122.50
149.00 123.00
149.50 123.50
149.50 124.00
149.50 124.50
149.50 125.00
149.50 125.50
149.50 126.00
149.50 126.50
149.50 127.00
149.50 127.50
149.50 128.00
149.50 128.50
149.50 129.00
149.00 129.50
149.00 130.00
149.00 130.50
149.00 131.00
149.00 131.50
148.50 132.00
148.50 132.50
148.00 133.00
148.00 133.50
147.50 134.00
147.50 134.50
147.00 135.00
147.00 135.50
146.50 136.00
146.00 136.50
146.00 137.00
145.50 137.50
145.00 138.00
144.50 138.50
144.00 139.00
143.50 139.50
143.00 140.00
142.50 140.00
