132.50 138.00
132.00 138.00
131.50 138.00
131.00 138.00
130.50 138.00
130.00 137.50
129.50 137.50
129.00 137.50
128.50 137.50
128.00 137.00
127.50 137.00
127.00 136.50
126.50 136.50
126.00 136.50
125.50 136.00
125.00 135.50
124.50 135.00
124.00 135.00
123.50 134.50
123.00 134.00
122.50 133.50
122.00 133.00
121.50 132.50
121.00 132.00
120.50 131.50
120.00 131.00
120.00 130.50
119.50 130.00
119.00 129.50
119.00 129.00
119.00 128.50
118.50 128.00
118.50 127.50
118.50 127.00
118.00 126.50
118.00 126.00
118.00 125.50
118.00 125.00
118.00 124.50
118.00 124.00
118.00 123.50
118.00 123.00
118.00 122.50
118.00 122.00
118.00 121.50
118.00 121.00
118.50 120.50
118.50 120.00
118.50 119.50
118.50 119.00
119.00 118.50
119.00 118.00
119.50 117.50
119.50 117.00
120.00 116.50
120.00 116.00
120.00 115.50
120.50 115.00
121.00 114.50
121.50 114.00
121.50 113.50
122.00 113.00
122.50 112.50
123.00 112.00
123.50 111.50
124.00 111.00
124.50 111.00
125.00 110.50
125.50 110.00
126.00 110.00
126.50 109.50
127.00 109.50
127.50 109.00
128.00 109.00
128.50 109.00
129.00 109.00
129.50 108.50
130.00 108.50
130.50 108.50
131.00 108.50
131.50 108.50
132.00 109.00
132.50 109.00
133.00 109.00
133.50 109.00
134.00 109.50
134.50 109.50
135.00 109.50
135.50 110.00
136.00 110.00
136.50 110.00
137.00 110.50
137.50 110.50
138.00 111.00
138.50 111.50
139.00 111.50
139.50 112.00
140.00 112.50
140.50 112.50
141.00 113.00
141.50 113.50
142.00 114.00
142.50 114.50
143.00 115.00
143.50 115.50
144.00 116.00
144.50 116.50
145.00 117.00
145.50 117.50
146.00 118.00
146.00 118.50
146.50 119.00
146.50 119.50
147.00 120.00
147.50 120.50
147.50 121.00
147.50 121.50
148.00 122.00
148.00 122.50
148.50 123.00
148.50 123.50
148.50 124.00
148.50 124.50
148.50 125.00
148.50 125.50
148.50 126.00
148.50 126.50
148.50 127.00
148.50 127.50
148.00 128.00
148.00 128.50
148.00 129.00
147.50 129.50
147.50 130.00
147.50 130.50
147.00 131.00
146.50 131.50
146.00 132.00
145.50 132.50
145.00 133.00
144.50 133.50
144.00 134.00
143.50 134.50
143.00 135.00
142.50 135.00
142.00 135.50
141.50 135.50
141.00 136.00
140.50 136.00
140.00 136.50
139.50 136.50
139.00 137.00
138.50 137.00
138.00 137.00
137.50 137.50
137.00 137.50
136.50 137.50
136.00 137.50
135.50 138.00
135.00 138.00
134.50 138.00
134.00 138.00
133.50 138.00
133.00 138.00
