129.50 109.00
130.00 109.00
130.50 108.50
131.00 108.50
131.50 108.50
132.00 108.50
132.50 108.00
133.00 108.00
133.50 108.00
134.00 108.00
134.50 108.00
135.00 107.50
135.50 107.50
136.00 107.50
136.50 107.50
137.00 108.00
137.50 108.00
138.00 108.00
138.50 108.00
139.00 108.50
139.50 109.00
140.00 109.00
140.50 109.50
141.00 110.00
141.50 110.50
142.00 111.00
142.50 111.50
142.50 112.00
142.50 112.50
143.00 113.00
143.50 113.50
143.50 114.00
144.00 114.50
144.00 115.00
144.00 115.50
144.50 116.00
144.50 116.50
145.00 117.00
145.00 117.50
145.00 118.00
145.50 118.50
145.50 119.00
145.50 119.50
146.00 120.00
146.00 120.50
146.00 121.00
146.00 121.50
146.00 122.00
146.50 122.50
146.50 123.00
146.50 123.50
146.50 124.00
146.50 124.50
146.50 125.00
146.50 125.50
146.50 126.00
146.50 126.50
146.50 127.00
146.50 127.50
146.50 128.00
146.50 128.50
146.50 129.00
146.50 129.50
146.50 130.00
146.00 130.50
145.50 131.00
145.50 131.50
145.00 132.00
144.50 132.50
144.00 133.00
143.50 133.50
143.00 133.50
142.50 134.00
142.00 134.00
141.50 134.50
141.00 134.50
140.50 135.00
140.00 135.00
139.50 135.00
139.00 135.00
138.50 135.50
138.00 135.50
137.50 135.50
137.00 135.50
136.50 135.50
136.00 135.50
135.50 136.00
135.00 136.00
134.50 136.00
134.00 136.00
133.50 136.00
133.00 135.50
132.50 135.50
132.00 135.50
131.50 135.50
131.00 135.50
130.50 135.00
130.00 135.00
129.50 135.00
129.00 134.50
128.50 134.50
128.00 134.00
127.50 134.00
127.00 133.50
126.50 133.00
126.00 133.00
125.50 132.50
125.00 132.00
124.50 131.50
124.00 131.00
124.00 130.50
123.50 130.00
123.00 129.50
123.00 129.00
122.50 128.50
122.00 128.00
122.00 127.50
122.00 127.00
122.00 126.50
121.50 126.00
121.50 125.50
121.50 125.00
121.50 124.50
121.50 124.00
121.50 123.50
121.50 123.00
121.50 122.50
121.50 122.00
121.50 121.50
121.50 121.00
121.50 120.50
121.50 120.00
121.50 119.50
121.50 119.00
121.50 118.50
122.00 118.00
122.50 117.50
122.50 117.00
123.00 116.50
123.00 116.00
123.50 115.50
123.50 115.00
124.00 114.50
124.00 114.00
124.00 113.50
124.50 113.00
125.00 112.50
125.50 112.00
126.00 111.50
126.50 111.00
127.00 110.50
127.50 110.50
128.00 110.00
128.50 109.50
129.00 109.50
