154.50 96.50
155.00 97.00
155.50 97.50
156.00 98.00
156.50 98.50
157.00 99.00
157.50 99.50
158.00 100.00
158.50 100.50
159.00 101.00
159.50 101.50
160.00 102.00
160.50 102.50
160.50 103.00
161.00 103.50
161.50 104.00
162.00 104.50
162.50 105.00
163.00 105.50
163.00 106.00
163.50 106.50
164.00 107.00
164.00 107.50
164.50 108.00
164.50 108.50
165.00 109.00
165.00 109.50
165.50 110.00
165.50 110.50
166.00 111.00
166.00 111.50
166.50 112.00
166.50 112.50
167.00 113.00
167.00 113.50
167.00 114.00
167.00 114.50
167.50 115.00
167.50 115.50
167.50 116.00
167.50 116.50
168.00 117.00
168.00 117.50
168.00 118.00
168.00 118.50
168.00 119.00
168.00 119.50
168.00 120.00
168.00 120.50
168.00 121.00
168.00 121.50
168.00 122.00
168.00 122.50
168.00 123.00
168.00 123.50
168.00 124.00
168.00 124.50
168.00 125.00
168.00 125.50
167.50 126.00
167.50 126.50
167.50 127.00
167.50 127.50
167.50 128.00
167.00 128.50
167.00 129.00
167.00 129.50
167.00 130.00
166.50 130.50
166.50 131.00
166.50 131.50
166.00 132.00
166.00 132.50
165.50 133.00
165.50 133.50
165.50 134.00
165.00 134.50
165.00 135.00
164.50 135.50
164.50 136.00
164.00 136.50
164.00 137.00
164.00 137.50
163.50 138.00
163.50 138.50
163.00 139.00
162.50 139.50
162.50 140.00
162.00 140.50
162.00 141.00
161.50 141.50
161.00 142.00
161.00 142.50
160.50 143.00
160.00 143.50
160.00 144.00
159.50 144.50
159.00 145.00
158.50 145.50
158.00 146.00
157.50 146.50
157.00 147.00
156.50 147.50
156.00 148.00
155.50 148.50
155.00 149.00
154.50 149.50
154.00 149.50
153.50 149.50
153.00 150.00
152.50 150.50
152.00 150.50
151.50 151.00
151.00 151.00
150.50 151.00
150.00 151.50
149.50 151.50
149.00 151.50
148.50 152.00
148.00 152.00
147.50 152.00
147.00 152.00
146.50 152.50
146.00 152.50
145.50 152.50
145.00 152.50
144.50 153.00
144.00 153.00
143.50 153.00
143.00 153.00
142.50 153.00
142.00 153.00
141.50 153.00
141.00 153.50
140.50 153.50
140.00 153.50
139.50 153.50
139.00 153.50
138.50 153.50
138.00 153.50
137.50 153.50
137.00 154.00
136.50 154.00
136.00 154.00
135.50 154.00
135.00 154.00
134.50 154.00
134.00 154.00
133.50 154.00
133.00 154.00
132.50 154.00
132.00 154.00
131.50 154.00
131.00 154.00
130.50 154.00
130.00 154.00
129.50 154.00
129.00 154.00
128.50 154.00
128.00 154.00
127.50 154.00
127.00 154.00
126.50 154.00
126.00 153.50
125.50 153.50
125.00 153.50
124.50 153.00
124.00 153.00
123.50 153.00
123.00 152.50
122.50 152.50
122.00 152.00
121.50 152.00
121.00 151.50
120.50 151.00
120.00 151.00
119.50 150.50
119.00 150.00
118.50 150.00
118.00 149.50
117.50 149.00
117.00 148.50
116.50 148.00
116.00 147.50
115.50 147.00
115.00 146.50
114.50 146.00
114.00 145.50
113.50 145.00
113.00 144.50
112.50 144.00
112.00 143.50
111.50 143.00
111.00 142.50
110.50 142.00
110.50 141.50
110.00 141.00
109.50 140.50
109.00 140.00
109.00 139.50
108.50 139.00
108.00 138.50
107.50 138.00
107.50 137.50
107.00 137.00
106.50 136.50
106.50 136.00
106.00 135.50
106.00 135.00
105.50 134.50
105.50 134.00
105.00 133.50
105.00 133.00
105.00 132.50
104.50 132.00
104.50 131.50
104.50 131.00
104.00 130.50
104.00 130.00
104.00 129.50
104.00 129.00
104.00 128.50
103.50 128.00
103.50 127.50
103.50 127.00
103.50 126.50
103.50 126.00
103.50 125.50
103.50 125.00
103.50 124.50
103.50 124.00
103.50 123.50
103.50 123.00
103.50 122.50
103.50 122.00
103.50 121.50
103.50 121.00
103.50 120.50
104.00 120.00
104.00 119.50
104.00 119.00
104.00 118.50
104.00 118.00
104.50 117.50
104.50 117.00
104.50 116.50
104.50 116.00
105.00 115.50
105.00 115.00
105.00 114.50
105.00 114.00
105.50 113.50
105.50 113.00
105.50 112.50
106.00 112.00
106.50 111.50
106.50 111.00
106.50 110.50
107.00 110.00
107.00 109.50
107.50 109.00
107.50 108.50
108.00 108.00
108.50 107.50
108.50 107.00
109.00 106.50
109.50 106.00
110.00 105.50
110.00 105.00
110.50 104.50
111.00 104.00
111.50 103.50
112.00 103.00
112.50 102.50
113.00 102.00
113.50 102.00
114.00 101.50
114.50 101.00
115.00 100.50
115.50 100.00
116.00 100.00
116.50 99.50
117.00 99.50
117.50 99.00
118.00 98.50
118.50 98.50
119.00 98.00
119.50 98.00
120.00 97.50
120.50 97.00
121.00 97.00
121.50 96.50
122.00 96.50
122.50 96.00
123.00 96.00
123.50 95.50
124.00 95.00
124.50 95.00
125.00 94.50
125.50 94.00
126.00 94.00
126.50 93.50
127.00 93.00
127.50 92.50
128.00 92.50
128.50 92.00
129.00 91.50
129.50 91.50
130.00 91.50
130.50 91.50
131.00 91.50
131.50 91.50
132.00 91.50
132.50 91.00
133.00 91.00
133.50 91.00
134.00 91.00
134.50 91.00
135.00 91.00
135.50 91.00
136.00 91.00
136.50 91.00
137.00 91.00
137.50 91.00
138.00 91.00
138.50 91.00
139.00 91.00
139.50 91.00
140.00 91.00
140.50 91.00
141.00 91.00
141.50 91.00
142.00 91.00
142.50 91.50
143.00 91.50
143.50 91.50
144.00 91.50
144.50 92.00
145.00 92.00
145.50 92.00
146.00 92.50
146.50 92.50
147.00 92.50
147.50 93.00
148.00 93.00
148.50 93.00
149.00 93.50
149.50 93.50
150.00 94.00
150.50 94.00
151.00 94.50
151.50 94.50
152.00 95.00
152.50 95.50
153.00 95.50
153.50 95.50
154.00 96.00
