136.00 93.50
136.50 93.50
137.00 93.50
137.50 93.50
138.00 93.50
138.50 93.50
139.00 93.50
139.50 93.50
140.00 93.50
140.50 94.00
141.00 94.00
141.50 94.00
142.00 94.00
142.50 94.00
143.00 94.00
143.50 94.50
144.00 94.50
144.50 94.50
145.00 94.50
145.50 95.00
146.00 95.00
146.50 95.00
147.00 95.50
147.50 95.50
148.00 96.00
148.50 96.00
149.00 96.00
149.50 96.50
150.00 97.00
150.50 97.00
151.00 97.00
151.50 97.50
152.00 98.00
152.50 98.00
153.00 98.50
153.50 99.00
154.00 99.50
154.50 99.50
155.00 100.00
155.50 100.50
156.00 101.00
156.50 101.50
157.00 102.00
157.50 102.50
158.00 103.00
158.50 103.50
159.00 104.00
159.00 104.50
159.50 105.00
160.00 105.50
160.50 106.00
161.00 106.50
161.00 107.00
161.50 107.50
162.00 108.00
162.50 108.50
162.50 109.00
162.50 109.50
163.00 110.00
163.50 110.50
163.50 111.00
163.50 111.50
164.00 112.00
164.50 112.50
164.50 113.00
165.00 113.50
165.00 114.00
165.00 114.50
165.50 115.00
165.50 115.50
165.50 116.00
165.50 116.50
166.00 117.00
166.00 117.50
166.00 118.00
166.00 118.50
166.00 119.00
166.00 119.50
166.00 120.00
166.00 120.50
166.00 121.00
166.00 121.50
166.00 122.00
166.00 122.50
166.00 123.00
166.00 123.50
166.00 124.00
166.00 124.50
165.50 125.00
165.50 125.50
165.50 126.00
165.50 126.50
165.50 127.00
165.00 127.50
165.00 128.00
165.00 128.50
165.00 129.00
164.50 129.50
164.50 130.00
164.50 130.50
164.00 131.00
164.00 131.50
164.00 132.00
163.50 132.50
163.50 133.00
163.50 133.50
163.00 134.00
163.00 134.50
163.00 135.00
162.50 135.50
162.50 136.00
162.00 136.50
161.50 137.00
161.50 137.50
161.50 138.00
161.00 138.50
160.50 139.00
160.50 139.50
160.00 140.00
159.50 140.50
159.50 141.00
159.00 141.50
158.50 142.00
158.00 142.50
157.50 143.00
157.00 143.50
156.50 144.00
156.00 144.50
155.50 145.00
155.00 145.00
154.50 145.50
154.00 146.00
153.50 146.00
153.00 146.50
152.50 146.50
152.00 147.00
151.50 147.00
151.00 147.50
150.50 147.50
150.00 148.00
149.50 148.00
149.00 148.00
148.50 148.50
148.00 148.50
147.50 148.50
147.00 149.00
146.50 149.00
146.00 149.00
145.50 149.00
145.00 149.50
144.50 149.50
144.00 149.50
143.50 149.50
143.00 150.00
142.50 150.00
142.00 150.00
141.50 150.00
141.00 150.00
140.50 150.00
140.00 150.00
139.50 150.00
139.00 150.50
138.50 150.50
138.00 150.50
137.50 150.50
137.00 150.50
136.50 150.00
136.00 150.00
135.50 150.00
135.00 150.00
134.50 150.00
134.00 150.00
133.50 150.00
133.00 150.00
132.50 149.50
132.00 149.50
131.50 149.50
131.00 149.50
130.50 149.00
130.00 149.00
129.50 149.00
129.00 148.50
128.50 148.50
128.00 148.50
127.50 148.00
127.00 148.00
126.50 148.00
126.00 147.50
125.50 147.50
125.00 147.00
124.50 147.00
124.00 146.50
123.50 146.50
123.00 146.00
122.50 145.50
122.00 145.00
121.50 145.00
121.00 144.50
120.50 144.00
120.00 144.00
119.50 143.50
119.00 143.00
118.50 143.00
118.00 142.50
117.50 142.00
117.00 141.50
116.50 141.50
116.00 141.00
115.50 140.50
115.00 140.00
114.50 139.50
114.00 139.00
113.50 138.50
113.00 138.00
112.50 137.50
112.00 137.00
112.00 136.50
111.50 136.00
111.00 135.50
110.50 135.00
110.50 134.50
110.00 134.00
110.00 133.50
110.00 133.00
109.50 132.50
109.50 132.00
109.00 131.50
109.00 131.00
109.00 130.50
109.00 130.00
109.00 129.50
109.00 129.00
109.00 128.50
109.00 128.00
109.00 127.50
109.00 127.00
109.00 126.50
109.00 126.00
109.00 125.50
109.00 125.00
109.00 124.50
109.00 124.00
109.50 123.50
109.50 123.00
109.50 122.50
109.50 122.00
109.50 121.50
110.00 121.00
110.00 120.50
110.00 120.00
110.50 119.50
110.50 119.00
110.50 118.50
110.50 118.00
111.00 117.50
111.00 117.00
111.00 116.50
111.50 116.00
111.50 115.50
111.50 115.00
112.00 114.50
112.00 114.00
112.00 113.50
112.50 113.00
112.50 112.50
112.50 112.00
113.00 111.50
113.00 111.00
113.00 110.50
113.50 110.00
113.50 109.50
113.50 109.00
114.00 108.50
114.00 108.00
114.00 107.50
114.50 107.00
114.50 106.50
115.00 106.00
115.00 105.50
115.50 105.00
115.50 104.50
116.00 104.00
116.50 103.50
116.50 103.00
117.00 102.50
117.50 102.00
118.00 101.50
118.00 101.00
118.50 100.50
119.00 100.00
119.50 100.00
120.00 99.50
120.50 99.00
121.00 98.50
121.50 98.50
122.00 98.00
122.50 97.50
123.00 97.50
123.50 97.00
124.00 96.50
124.50 96.50
125.00 96.50
125.50 96.00
126.00 96.00
126.50 95.50
127.00 95.50
127.50 95.00
128.00 95.00
128.50 95.00
129.00 94.50
129.50 94.50
130.00 94.50
130.50 94.50
131.00 94.00
131.50 94.00
132.00 94.00
132.50 94.00
133.00 94.00
133.50 93.50
134.00 93.50
134.50 93.50
135.00 93.50
135.50 93.50
