138.00 147.50
137.50 147.50
137.00 147.50
136.50 147.50
136.00 147.50
135.50 147.50
135.00 147.50
134.50 147.50
134.00 147.50
133.50 147.50
133.00 147.50
132.50 147.00
132.00 147.00
131.50 147.00
131.00 147.00
130.50 147.00
130.00 147.00
129.50 146.50
129.00 146.50
128.50 146.50
128.00 146.00
127.50 146.00
127.00 146.00
126.50 145.50
126.00 145.50
125.50 145.50
125.00 145.00
124.50 145.00
124.00 144.50
123.50 144.50
123.00 144.50
122.50 144.00
122.00 143.50
121.50 143.00
121.00 143.00
120.50 143.00
120.00 142.50
119.50 142.00
119.00 141.50
118.50 141.00
118.00 140.50
117.50 140.00
117.00 139.50
116.50 139.00
116.00 138.50
115.50 138.00
115.50 137.50
115.00 137.00
115.00 136.50
114.50 136.00
114.50 135.50
114.00 135.00
113.50 134.50
113.50 134.00
113.50 133.50
113.00 133.00
113.00 132.50
112.50 132.00
112.50 131.50
112.50 131.00
112.50 130.50
112.00 130.00
112.00 129.50
112.00 129.00
112.00 128.50
112.00 128.00
112.00 127.50
111.50 127.00
111.50 126.50
111.50 126.00
111.50 125.50
111.50 125.00
111.50 124.50
111.50 124.00
111.50 123.50
111.50 123.00
111.50 122.50
111.50 122.00
111.50 121.50
111.50 121.00
111.50 120.50
112.00 120.00
112.00 119.50
112.00 119.00
112.00 118.50
112.00 118.00
112.00 117.50
112.50 117.00
112.50 116.50
112.50 116.00
112.50 115.50
113.00 115.00
113.00 114.50
113.50 114.00
113.50 113.50
113.50 113.00
114.00 112.50
114.00 112.00
114.50 111.50
114.50 111.00
115.00 110.50
115.00 110.00
115.50 109.50
116.00 109.00
116.00 108.50
116.50 108.00
116.50 107.50
117.00 107.00
117.50 106.50
117.50 106.00
118.00 105.50
118.50 105.00
119.00 104.50
119.50 104.00
120.00 103.50
120.50 103.00
121.00 102.50
121.50 102.00
122.00 101.50
122.50 101.00
123.00 100.50
123.50 100.00
124.00 100.00
124.50 99.50
125.00 99.50
125.50 99.00
126.00 98.50
126.50 98.50
127.00 98.00
127.50 97.50
128.00 97.50
128.50 97.50
129.00 97.00
129.50 97.00
130.00 96.50
130.50 96.50
131.00 96.50
131.50 96.50
132.00 96.00
132.50 96.00
133.00 96.00
133.50 95.50
134.00 95.50
134.50 95.50
135.00 95.50
135.50 95.50
136.00 95.50
136.50 95.50
137.00 95.50
137.50 95.50
138.00 95.50
138.50 95.50
139.00 95.50
139.50 95.50
140.00 95.50
140.50 95.50
141.00 95.50
141.50 95.50
142.00 96.00
142.50 96.00
143.00 96.00
143.50 96.00
144.00 96.00
144.50 96.50
145.00 96.50
145.50 97.00
146.00 97.00
146.50 97.00
147.00 97.50
147.50 97.50
148.00 98.00
148.50 98.50
149.00 98.50
149.50 98.50
150.00 99.00
150.50 99.50
151.00 100.00
151.50 100.00
152.00 100.50
152.50 101.00
153.00 101.50
153.50 102.00
154.00 102.50
154.00 103.00
154.50 103.50
155.00 104.00
155.50 104.50
155.50 105.00
156.00 105.50
156.00 106.00
156.50 106.50
156.50 107.00
157.00 107.50
157.00 108.00
157.50 108.50
157.50 109.00
158.00 109.50
158.00 110.00
158.00 110.50
158.50 111.00
158.50 111.50
159.00 112.00
159.00 112.50
159.00 113.00
159.50 113.50
159.50 114.00
160.00 114.50
160.00 115.00
160.50 115.50
160.50 116.00
160.50 116.50
160.50 117.00
161.00 117.50
161.00 118.00
161.50 118.50
161.50 119.00
161.50 119.50
161.50 120.00
162.00 120.50
162.00 121.00
162.00 121.50
162.00 122.00
162.50 122.50
162.50 123.00
162.50 123.50
162.50 124.00
162.50 124.50
162.50 125.00
162.50 125.50
162.50 126.00
162.50 126.50
162.50 127.00
162.50 127.50
162.00 128.00
162.00 128.50
162.00 129.00
162.00 129.50
162.00 130.00
161.50 130.50
161.50 131.00
161.50 131.50
161.00 132.00
161.00 132.50
160.50 133.00
160.50 133.50
160.00 134.00
160.00 134.50
159.50 135.00
159.50 135.50
159.00 136.00
158.50 136.50
158.00 137.00
157.50 137.50
157.50 138.00
157.00 138.50
156.50 139.00
156.00 139.50
155.50 140.00
155.00 140.50
154.50 141.00
154.00 141.50
153.50 141.50
153.00 142.00
152.50 142.50
152.00 143.00
151.50 143.50
151.00 143.50
150.50 144.00
150.00 144.50
149.50 144.50
149.00 145.00
148.50 145.00
148.00 145.00
147.50 145.50
147.00 145.50
146.50 146.00
146.00 146.00
145.50 146.00
145.00 146.00
144.50 146.50
144.00 146.50
143.50 146.50
143.00 147.00
142.50 147.00
142.00 147.00
141.50 147.00
141.00 147.00
140.50 147.50
140.00 147.50
139.50 147.50
139.00 147.50
138.50 147.50
