139.50 143.50
139.00 143.50
138.50 143.50
138.00 143.50
137.50 143.50
137.00 143.00
136.50 143.00
136.00 142.50
135.50 142.00
135.00 141.50
135.00 141.00
134.50 140.50
134.00 140.00
134.00 139.50
134.50 139.00
135.00 139.50
135.50 139.50
136.00 140.00
136.50 140.00
137.00 140.00
137.50 140.50
138.00 140.50
138.50 141.00
139.00 141.00
139.50 141.00
140.00 141.50
140.50 141.50
141.00 141.50
141.50 141.50
142.00 142.00
142.50 142.00
143.00 142.50
142.50 143.00
142.00 143.00
141.50 143.00
141.00 143.00
140.50 143.50
140.00 143.50
