135.50 108.00
136.00 108.00
136.50 108.00
137.00 108.00
137.50 108.50
138.00 108.50
138.50 108.50
139.00 109.00
139.50 109.00
140.00 109.50
140.50 110.00
141.00 110.00
141.50 110.50
142.00 111.00
142.50 111.00
143.00 111.50
143.50 112.00
144.00 112.50
144.50 113.00
145.00 113.50
145.50 114.00
145.50 114.50
146.00 115.00
146.50 115.50
146.50 116.00
147.00 116.50
147.50 117.00
147.50 117.50
148.00 118.00
148.00 118.50
148.50 119.00
148.50 119.50
149.00 120.00
149.00 120.50
149.50 121.00
149.50 121.50
149.50 122.00
150.00 122.50
150.00 123.00
150.50 123.50
150.50 124.00
150.50 124.50
150.50 125.00
151.00 125.50
151.00 126.00
151.00 126.50
151.00 127.00
151.00 127.50
151.00 128.00
151.00 128.50
151.00 129.00
151.00 129.50
151.00 130.00
151.00 130.50
151.00 131.00
151.00 131.50
151.00 132.00
151.00 132.50
150.50 133.00
150.50 133.50
150.50 134.00
150.50 134.50
150.00 135.00
150.00 135.50
150.00 136.00
149.50 136.50
149.50 137.00
149.00 137.50
148.50 138.00
148.50 138.50
148.50 139.00
148.00 139.50
147.50 140.00
147.00 140.50
146.50 141.00
146.50 141.50
146.00 142.00
145.50 142.50
145.00 143.00
144.50 143.00
144.00 143.50
143.50 144.00
143.00 144.00
142.50 144.50
142.00 145.00
141.50 145.00
141.00 145.00
140.50 145.50
140.00 145.50
139.50 145.50
139.00 146.00
138.50 146.00
138.00 146.00
137.50 146.00
137.00 146.00
136.50 146.00
136.00 146.00
135.50 146.00
135.00 146.00
134.50 146.00
134.00 146.00
133.50 146.00
133.00 146.00
132.50 146.00
132.00 146.00
131.50 145.50
131.00 145.50
130.50 145.50
130.00 145.00
129.50 145.00
129.00 145.00
128.50 145.00
128.00 144.50
127.50 144.00
127.00 144.00
126.50 143.50
126.00 143.50
125.50 143.00
125.00 142.50
124.50 142.00
124.00 142.00
123.50 141.50
123.00 141.00
122.50 140.50
122.00 140.00
122.00 139.50
121.50 139.00
121.00 138.50
121.00 138.00
120.50 137.50
120.50 137.00
120.00 136.50
120.00 136.00
120.00 135.50
119.50 135.00
119.50 134.50
119.50 134.00
119.50 133.50
119.00 133.00
119.00 132.50
119.00 132.00
119.00 131.50
119.00 131.00
119.00 130.50
119.00 130.00
119.00 129.50
119.00 129.00
119.00 128.50
119.00 128.00
119.00 127.50
119.00 127.00
119.00 126.50
119.00 126.00
119.00 125.50
119.50 125.00
119.50 124.50
119.50 124.00
119.50 123.50
120.00 123.00
120.00 122.50
120.00 122.00
120.50 121.50
120.50 121.00
121.00 120.50
121.00 120.00
121.50 119.50
121.50 119.00
121.50 118.50
122.00 118.00
122.00 117.50
122.50 117.00
123.00 116.50
123.00 116.00
123.50 115.50
124.00 115.00
124.00 114.50
124.50 114.00
125.00 113.50
125.50 113.00
126.00 112.50
126.50 112.00
127.00 111.50
127.50 111.00
128.00 111.00
128.50 110.50
129.00 110.00
129.50 109.50
130.00 109.50
130.50 109.00
131.00 109.00
131.50 109.00
132.00 108.50
132.50 108.50
133.00 108.50
133.50 108.00
134.00 108.00
134.50 108.00
135.00 108.00
