155.50 120.50
155.00 120.50
154.50 121.00
154.00 121.00
153.50 121.00
153.00 121.00
152.50 121.00
152.00 121.00
151.50 121.00
151.00 121.00
150.50 120.50
150.00 120.50
149.50 120.50
149.00 120.50
148.50 120.50
148.00 120.50
147.50 120.50
147.00 120.50
146.50 120.00
146.00 120.00
145.50 120.00
145.00 119.50
144.50 119.00
144.50 118.50
144.00 118.00
144.00 117.50
144.00 117.00
144.00 116.50
144.00 116.00
144.00 115.50
144.00 115.00
144.50 114.50
145.00 114.00
145.00 113.50
145.50 113.00
146.00 113.00
146.50 112.50
147.00 112.00
147.50 111.50
148.00 111.50
148.50 111.50
149.00 111.50
149.50 111.50
150.00 111.50
150.50 111.50
151.00 111.50
151.50 112.00
152.00 112.00
152.50 112.50
153.00 112.50
153.50 113.00
154.00 113.50
154.50 113.50
155.00 114.00
155.50 114.50
156.00 115.00
156.50 115.50
157.00 116.00
157.50 116.50
158.00 117.00
158.00 117.50
158.00 118.00
157.50 118.50
157.50 119.00
157.00 119.50
156.50 120.00
156.00 120.50
