150.00 102.00
150.50 102.00
151.00 102.50
151.50 103.00
151.50 103.50
152.00 104.00
152.50 104.50
153.00 105.00
153.00 105.50
153.50 106.00
154.00 106.50
154.50 107.00
154.50 107.50
155.00 108.00
155.00 108.50
155.00 109.00
155.50 109.50
155.50 110.00
156.00 110.50
156.00 111.00
156.00 111.50
156.50 112.00
156.50 112.50
156.50 113.00
156.50 113.50
157.00 114.00
157.00 114.50
157.00 115.00
157.50 115.50
157.50 116.00
157.50 116.50
157.50 117.00
158.00 117.50
158.00 118.00
158.00 118.50
158.50 119.00
158.50 119.50
158.50 120.00
158.50 120.50
158.50 121.00
158.50 121.50
159.00 122.00
159.00 122.50
159.00 123.00
159.00 123.50
159.00 124.00
159.00 124.50
159.00 125.00
159.00 125.50
159.00 126.00
159.00 126.50
159.00 127.00
159.00 127.50
159.00 128.00
159.00 128.50
159.00 129.00
159.00 129.50
159.00 130.00
159.00 130.50
159.00 131.00
159.00 131.50
158.50 132.00
158.50 132.50
158.50 133.00
158.50 133.50
158.00 134.00
158.00 134.50
157.50 135.00
157.50 135.50
157.00 136.00
157.00 136.50
156.50 137.00
156.50 137.50
156.00 138.00
155.50 138.50
155.00 139.00
155.00 139.50
154.50 140.00
154.00 140.50
153.50 141.00
153.00 141.50
152.50 142.00
152.00 142.50
151.50 143.00
151.00 143.50
150.50 143.50
150.00 144.00
149.50 144.50
149.00 144.50
148.50 145.00
148.00 145.00
147.50 145.50
147.00 145.50
146.50 146.00
146.00 146.00
145.50 146.50
145.00 146.50
144.50 146.50
144.00 147.00
143.50 147.00
143.00 147.00
142.50 147.00
142.00 147.50
141.50 147.50
141.00 147.50
140.50 147.50
140.00 147.50
139.50 148.00
139.00 148.00
138.50 148.00
138.00 148.00
137.50 148.00
137.00 148.00
136.50 148.00
136.00 148.00
135.50 147.50
135.00 147.50
134.50 147.50
134.00 147.50
133.50 147.50
133.00 147.50
132.50 147.50
132.00 147.00
131.50 147.00
131.00 147.00
130.50 147.00
130.00 146.50
129.50 146.50
129.00 146.50
128.50 146.00
128.00 146.00
127.50 146.00
127.00 145.50
126.50 145.50
126.00 145.00
125.50 145.00
125.00 145.00
124.50 144.50
124.00 144.50
123.50 144.00
123.00 144.00
122.50 143.50
122.00 143.50
121.50 143.00
121.00 143.00
120.50 142.50
120.00 142.00
119.50 142.00
119.00 141.50
118.50 141.00
118.00 140.50
117.50 140.50
117.00 140.00
116.50 139.50
116.00 139.50
115.50 139.00
115.00 138.50
114.50 138.00
114.00 137.50
114.00 137.00
113.50 136.50
113.00 136.00
112.50 135.50
112.50 135.00
112.00 134.50
111.50 134.00
111.50 133.50
111.00 133.00
111.00 132.50
110.50 132.00
110.50 131.50
110.50 131.00
110.00 130.50
110.00 130.00
110.00 129.50
109.50 129.00
109.50 128.50
109.50 128.00
109.50 127.50
109.50 127.00
109.00 126.50
109.00 126.00
109.00 125.50
109.00 125.00
109.00 124.50
109.00 124.00
109.00 123.50
109.00 123.00
109.00 122.50
109.00 122.00
109.00 121.50
109.00 121.00
109.00 120.50
109.50 120.00
109.50 119.50
109.50 119.00
109.50 118.50
109.50 118.00
110.00 117.50
110.00 117.00
110.50 116.50
110.50 116.00
110.50 115.50
111.00 115.00
111.00 114.50
111.00 114.00
111.50 113.50
112.00 113.00
112.00 112.50
112.50 112.00
113.00 111.50
113.50 111.00
114.00 110.50
114.00 110.00
114.50 109.50
115.00 109.00
115.50 108.50
116.00 108.00
116.50 107.50
117.00 107.00
117.50 106.50
118.00 106.50
118.50 106.00
119.00 105.50
119.50 105.00
120.00 104.50
120.50 104.50
121.00 104.00
121.50 104.00
122.00 103.50
122.50 103.00
123.00 103.00
123.50 102.50
124.00 102.50
124.50 102.00
125.00 102.00
125.50 102.00
126.00 101.50
126.50 101.50
127.00 101.00
127.50 101.00
128.00 101.00
128.50 100.50
129.00 100.50
129.50 100.50
130.00 100.00
130.50 100.00
131.00 100.00
131.50 100.00
132.00 99.50
132.50 99.50
133.00 99.50
133.50 99.50
134.00 99.50
134.50 99.00
135.00 99.00
135.50 99.00
136.00 99.00
136.50 99.00
137.00 99.00
137.50 99.00
138.00 99.00
138.50 99.00
139.00 99.00
139.50 99.00
140.00 99.00
140.50 99.00
141.00 99.00
141.50 99.00
142.00 99.00
142.50 99.00
143.00 99.00
143.50 99.00
144.00 99.50
144.50 99.50
145.00 99.50
145.50 99.50
146.00 100.00
146.50 100.00
147.00 100.00
147.50 100.50
148.00 100.50
148.50 101.00
149.00 101.00
149.50 101.50
