123.00 118.50
123.00 118.00
123.50 117.50
123.50 117.00
124.00 116.50
124.00 116.00
124.50 115.50
124.50 115.00
125.00 114.50
125.00 114.00
125.50 113.50
126.00 113.00
126.50 112.50
127.00 112.00
127.50 112.00
128.00 111.50
128.50 111.50
129.00 111.00
129.50 111.00
130.00 111.00
130.50 111.00
131.00 110.50
131.50 110.50
132.00 110.50
132.50 110.50
133.00 110.50
133.50 110.50
134.00 110.50
134.50 110.50
135.00 111.00
135.50 111.00
136.00 111.00
136.50 111.00
137.00 111.50
137.50 111.50
138.00 111.50
138.50 112.00
139.00 112.00
139.50 112.50
140.00 113.00
140.50 113.50
141.00 113.50
141.50 114.00
142.00 114.50
142.00 115.00
142.50 115.50
143.00 116.00
143.00 116.50
143.50 117.00
143.50 117.50
143.50 118.00
143.50 118.50
144.00 119.00
144.00 119.50
144.00 120.00
144.00 120.50
144.00 121.00
144.00 121.50
144.00 122.00
144.00 122.50
144.00 123.00
144.00 123.50
144.00 124.00
143.50 124.50
143.50 125.00
143.50 125.50
143.50 126.00
143.00 126.50
143.00 127.00
143.00 127.50
142.50 128.00
142.50 128.50
142.00 129.00
142.00 129.50
141.50 130.00
141.00 130.50
140.50 131.00
140.00 131.50
139.50 132.00
139.00 132.50
138.50 132.50
138.00 133.00
137.50 133.50
137.00 133.50
136.50 133.50
136.00 133.50
135.50 134.00
135.00 134.00
134.50 134.00
134.00 134.00
133.50 134.00
133.00 134.00
132.50 133.50
132.00 133.50
131.50 133.50
131.00 133.50
130.50 133.50
130.00 133.00
129.50 133.00
129.00 132.50
128.50 132.50
128.00 132.50
127.50 132.00
127.00 131.50
126.50 131.00
126.00 130.50
125.50 130.00
125.00 129.50
125.00 129.00
124.50 128.50
124.50 128.00
124.00 127.50
124.00 127.00
123.50 126.50
123.50 126.00
123.00 125.50
123.00 125.00
122.50 124.50
123.00 124.00
123.50 123.50
123.50 123.00
123.50 122.50
123.50 122.00
123.00 121.50
123.00 121.00
123.00 120.50
123.00 120.00
123.50 119.50
123.50 119.00
