138.00 98.00
138.50 98.00
139.00 98.00
139.50 98.00
140.00 98.00
140.50 98.00
141.00 98.50
141.50 98.50
142.00 98.50
142.50 98.50
143.00 99.00
143.50 99.00
144.00 99.00
144.50 99.00
145.00 99.50
145.50 99.50
146.00 99.50
146.50 100.00
147.00 100.50
147.50 100.50
148.00 100.50
148.50 101.00
149.00 101.50
149.50 101.50
150.00 102.00
150.50 102.00
151.00 102.50
151.50 103.00
152.00 103.50
152.50 104.00
153.00 104.50
153.50 105.00
154.00 105.50
154.50 106.00
154.50 106.50
155.00 107.00
155.50 107.50
156.00 108.00
156.00 108.50
156.50 109.00
157.00 109.50
157.00 110.00
157.00 110.50
157.50 111.00
157.50 111.50
158.00 112.00
158.00 112.50
158.50 113.00
158.50 113.50
158.50 114.00
159.00 114.50
159.00 115.00
159.00 115.50
159.00 116.00
159.50 116.50
159.50 117.00
159.50 117.50
159.50 118.00
159.50 118.50
160.00 119.00
160.00 119.50
160.00 120.00
160.00 120.50
160.00 121.00
160.00 121.50
160.00 122.00
160.00 122.50
160.00 123.00
160.00 123.50
160.00 124.00
160.00 124.50
160.00 125.00
160.00 125.50
160.00 126.00
159.50 126.50
159.50 127.00
159.50 127.50
159.50 128.00
159.50 128.50
159.00 129.00
159.00 129.50
159.00 130.00
159.00 130.50
158.50 131.00
158.50 131.50
158.00 132.00
158.00 132.50
158.00 133.00
157.50 133.50
157.50 134.00
157.00 134.50
157.00 135.00
156.50 135.50
156.50 136.00
156.00 136.50
156.00 137.00
155.50 137.50
155.50 138.00
155.00 138.50
154.50 139.00
154.00 139.50
154.00 140.00
153.50 140.50
153.00 141.00
153.00 141.50
152.50 142.00
152.00 142.50
151.50 142.50
151.00 143.00
150.50 143.50
150.00 144.00
149.50 144.50
149.00 145.00
148.50 145.50
148.00 145.50
147.50 146.00
147.00 146.50
146.50 146.50
146.00 147.00
145.50 147.00
145.00 147.50
144.50 147.50
144.00 147.50
143.50 148.00
143.00 148.00
142.50 148.00
142.00 148.50
141.50 148.50
141.00 148.50
140.50 148.50
140.00 148.50
139.50 149.00
139.00 149.00
138.50 149.00
138.00 149.00
137.50 149.00
137.00 149.00
136.50 149.00
136.00 149.00
135.50 149.00
135.00 149.00
134.50 149.00
134.00 149.00
133.50 149.00
133.00 148.50
132.50 148.50
132.00 148.50
131.50 148.50
131.00 148.50
130.50 148.00
130.00 148.00
129.50 148.00
129.00 147.50
128.50 147.50
128.00 147.50
127.50 147.00
127.00 147.00
126.50 147.00
126.00 146.50
125.50 146.00
125.00 146.00
124.50 145.50
124.00 145.50
123.50 145.00
123.00 144.50
122.50 144.50
122.00 144.00
121.50 143.50
121.00 143.00
120.50 142.50
120.00 142.00
119.50 141.50
119.00 141.00
118.50 140.50
118.00 140.00
117.50 139.50
117.00 139.00
117.00 138.50
116.50 138.00
116.00 137.50
116.00 137.00
115.50 136.50
115.00 136.00
115.00 135.50
114.50 135.00
114.00 134.50
114.00 134.00
113.50 133.50
113.50 133.00
113.00 132.50
113.00 132.00
112.50 131.50
112.50 131.00
112.50 130.50
112.00 130.00
112.00 129.50
111.50 129.00
111.50 128.50
111.50 128.00
111.50 127.50
111.50 127.00
111.00 126.50
111.00 126.00
111.00 125.50
111.00 125.00
111.00 124.50
111.00 124.00
111.00 123.50
111.00 123.00
111.00 122.50
111.00 122.00
111.50 121.50
111.50 121.00
111.50 120.50
111.50 120.00
111.50 119.50
112.00 119.00
112.00 118.50
112.00 118.00
112.50 117.50
112.50 117.00
112.50 116.50
113.00 116.00
113.00 115.50
113.00 115.00
113.50 114.50
113.50 114.00
114.00 113.50
114.00 113.00
114.50 112.50
114.50 112.00
115.00 111.50
115.00 111.00
115.50 110.50
116.00 110.00
116.50 109.50
116.50 109.00
117.00 108.50
117.50 108.00
117.50 107.50
118.00 107.00
118.50 106.50
119.00 106.00
119.00 105.50
119.50 105.00
120.00 105.00
120.50 104.50
120.50 104.00
121.00 103.50
121.50 103.50
122.00 103.00
122.50 102.50
123.00 102.00
123.50 102.00
124.00 101.50
124.50 101.00
125.00 101.00
125.50 100.50
126.00 100.50
126.50 100.00
127.00 100.00
127.50 99.50
128.00 99.50
128.50 99.50
129.00 99.00
129.50 99.00
130.00 99.00
130.50 99.00
131.00 98.50
131.50 98.50
132.00 98.50
132.50 98.50
133.00 98.00
133.50 98.00
134.00 98.00
134.50 98.00
135.00 98.00
135.50 98.00
136.00 98.00
136.50 98.00
137.00 98.00
137.50 98.00
