134.00 125.50
134.00 126.00
134.50 126.50
134.50 127.00
135.00 127.50
135.00 128.00
135.00 128.50
135.00 129.00
135.50 129.50
135.50 130.00
135.50 130.50
135.50 131.00
135.50 131.50
135.50 132.00
135.50 132.50
135.50 133.00
135.00 133.50
134.50 134.00
134.00 134.50
133.50 134.50
133.00 134.50
132.50 134.50
132.00 134.50
131.50 134.00
131.00 134.00
130.50 133.50
130.50 133.00
130.50 132.50
130.50 132.00
130.50 131.50
130.50 131.00
130.50 130.50
130.50 130.00
131.00 129.50
131.00 129.00
131.00 128.50
130.50 128.00
130.00 128.50
129.50 128.50
129.00 129.00
128.50 129.50
128.00 129.50
127.50 129.50
127.00 129.00
126.50 129.00
126.00 128.50
125.50 128.00
125.50 127.50
125.50 127.00
125.50 126.50
125.50 126.00
125.50 125.50
126.00 125.00
126.00 124.50
126.50 124.00
127.00 123.50
127.50 123.00
128.00 123.00
128.50 122.50
129.00 122.50
129.50 122.50
130.00 122.50
130.50 122.50
131.00 122.50
131.50 122.50
132.00 123.00
132.50 123.50
133.00 124.00
133.50 124.50
133.50 125.00
