137.00 145.00
136.50 145.00
136.00 145.50
135.50 146.00
135.00 146.00
134.50 146.50
134.00 147.00
133.50 147.00
133.00 147.00
132.50 147.50
132.00 148.00
131.50 148.00
131.00 148.00
130.50 148.50
130.00 148.50
129.50 148.50
129.00 148.50
128.50 149.00
128.00 149.00
127.50 149.00
127.00 149.00
126.50 149.50
126.00 149.50
125.50 149.50
125.00 149.50
124.50 149.50
124.00 149.50
123.50 149.50
123.00 149.50
122.50 149.50
122.00 149.50
121.50 149.50
121.00 149.50
120.50 149.50
120.00 149.00
119.50 149.00
119.00 149.00
118.50 149.00
118.00 149.00
117.50 149.00
117.00 148.50
116.50 148.50
116.00 148.50
115.50 148.00
115.00 148.00
114.50 148.00
114.00 147.50
113.50 147.50
113.00 147.00
112.50 147.00
112.00 146.50
111.50 146.00
111.00 146.00
110.50 145.50
110.00 145.00
109.50 145.00
109.00 144.50
108.50 144.00
108.00 143.50
107.50 143.00
107.00 142.50
107.00 142.00
106.50 141.50
106.00 141.00
105.50 140.50
105.50 140.00
105.00 139.50
104.50 139.00
104.50 138.50
104.00 138.00
104.00 137.50
104.00 137.00
103.50 136.50
103.50 136.00
103.50 135.50
103.00 135.00
103.00 134.50
103.00 134.00
103.00 133.50
103.00 133.00
102.50 132.50
102.50 132.00
102.50 131.50
102.50 131.00
102.50 130.50
102.50 130.00
102.50 129.50
102.50 129.00
102.50 128.50
102.50 128.00
102.50 127.50
102.50 127.00
102.50 126.50
102.50 126.00
103.00 125.50
103.00 125.00
103.00 124.50
103.00 124.00
103.00 123.50
103.50 123.00
103.50 122.50
103.50 122.00
104.00 121.50
104.00 121.00
104.50 120.50
104.50 120.00
105.00 119.50
105.00 119.00
105.50 118.50
105.50 118.00
106.00 117.50
106.50 117.00
106.50 116.50
107.00 116.00
107.50 115.50
108.00 115.00
108.50 114.50
108.50 114.00
109.00 113.50
109.50 113.50
110.00 113.00
110.00 112.50
110.50 112.00
111.00 112.00
111.50 111.50
112.00 111.00
112.50 110.50
113.00 110.50
113.50 110.00
114.00 110.00
114.50 109.50
115.00 109.50
115.50 109.00
116.00 108.50
116.50 108.50
117.00 108.50
117.50 108.00
118.00 108.00
118.50 108.00
119.00 108.00
119.50 107.50
120.00 107.50
120.50 107.50
121.00 107.50
121.50 107.50
122.00 107.50
122.50 107.50
123.00 107.50
123.50 107.50
124.00 107.50
124.50 107.50
125.00 107.50
125.50 107.50
126.00 107.50
126.50 107.50
127.00 107.50
127.50 108.00
128.00 108.00
128.50 108.00
129.00 108.00
129.50 108.50
130.00 108.50
130.50 108.50
131.00 109.00
131.50 109.00
132.00 109.00
132.50 109.50
133.00 109.50
133.50 110.00
134.00 110.50
134.50 110.50
135.00 111.00
135.50 111.00
136.00 111.50
136.50 112.00
137.00 112.00
137.50 112.50
138.00 113.00
138.50 113.50
139.00 114.00
139.50 114.50
140.00 115.00
140.50 115.50
141.00 116.00
141.50 116.50
142.00 117.00
142.00 117.50
142.50 118.00
142.50 118.50
143.00 119.00
143.00 119.50
143.50 120.00
143.50 120.50
144.00 121.00
144.00 121.50
144.00 122.00
144.50 122.50
144.50 123.00
145.00 123.50
145.00 124.00
145.00 124.50
145.00 125.00
145.00 125.50
145.50 126.00
145.50 126.50
145.50 127.00
145.50 127.50
145.50 128.00
145.50 128.50
145.50 129.00
145.50 129.50
145.50 130.00
145.50 130.50
145.50 131.00
145.50 131.50
145.00 132.00
145.00 132.50
145.00 133.00
145.00 133.50
145.00 134.00
144.50 134.50
144.50 135.00
144.00 135.50
144.00 136.00
144.00 136.50
143.50 137.00
143.50 137.50
143.00 138.00
143.00 138.50
142.50 139.00
142.00 139.50
141.50 140.00
141.50 140.50
141.00 141.00
141.00 141.50
140.50 142.00
140.00 142.00
139.50 142.50
139.00 143.00
138.50 143.50
138.00 144.00
137.50 144.50
