140.50 123.00
141.00 123.50
141.50 124.00
142.00 124.50
142.00 125.00
142.00 125.50
142.50 126.00
142.50 126.50
142.50 127.00
143.00 127.50
143.00 128.00
143.00 128.50
143.50 129.00
143.50 129.50
143.50 130.00
143.50 130.50
143.50 131.00
143.50 131.50
143.50 132.00
143.50 132.50
143.50 133.00
143.50 133.50
143.50 134.00
143.00 134.50
143.00 135.00
143.00 135.50
142.50 136.00
142.50 136.50
142.50 137.00
142.00 137.50
142.00 138.00
141.50 138.50
141.50 139.00
141.00 139.50
141.00 140.00
140.50 140.50
140.50 141.00
140.00 141.50
140.00 142.00
139.50 142.50
139.00 143.00
138.50 143.50
138.50 144.00
138.00 144.50
137.50 144.50
137.00 145.00
136.50 145.50
136.00 146.00
135.50 146.50
135.00 147.00
134.50 147.50
134.00 147.50
133.50 147.50
133.00 148.00
132.50 148.50
132.00 148.50
131.50 149.00
131.00 149.00
130.50 149.00
130.00 149.50
129.50 149.50
129.00 150.00
128.50 150.00
128.00 150.00
127.50 150.50
127.00 150.50
126.50 150.50
126.00 150.50
125.50 150.50
125.00 150.50
124.50 150.50
124.00 150.50
123.50 150.50
123.00 150.50
122.50 150.50
122.00 150.50
121.50 150.50
121.00 150.50
120.50 150.50
120.00 150.00
119.50 150.00
119.00 150.00
118.50 149.50
118.00 149.50
117.50 149.50
117.00 149.00
116.50 148.50
116.00 148.50
115.50 148.00
115.00 148.00
114.50 147.50
114.00 147.00
113.50 146.50
113.00 146.50
112.50 146.00
112.00 145.50
112.00 145.00
111.50 144.50
111.00 144.00
111.00 143.50
111.00 143.00
110.50 142.50
110.50 142.00
110.50 141.50
110.50 141.00
110.50 140.50
110.50 140.00
110.50 139.50
110.50 139.00
110.50 138.50
110.50 138.00
110.50 137.50
110.50 137.00
110.50 136.50
110.50 136.00
110.50 135.50
111.00 135.00
111.00 134.50
111.00 134.00
111.00 133.50
111.00 133.00
111.50 132.50
111.50 132.00
111.50 131.50
111.00 131.00
111.50 130.50
111.50 130.00
112.00 129.50
112.00 129.00
112.50 128.50
113.00 128.00
113.00 127.50
113.50 127.00
114.00 126.50
114.50 126.00
114.50 125.50
115.00 125.00
115.50 124.50
115.50 124.00
116.00 123.50
116.50 123.00
117.00 123.00
117.50 122.50
118.00 122.00
118.50 121.50
119.00 121.00
119.50 121.00
120.00 120.50
120.50 120.50
121.00 120.00
121.50 120.00
122.00 119.50
122.50 119.50
123.00 119.50
123.50 119.00
124.00 119.00
124.50 119.00
125.00 119.00
125.50 118.50
126.00 118.50
126.50 118.50
127.00 118.50
127.50 118.50
128.00 118.50
128.50 118.50
129.00 118.50
129.50 118.50
130.00 118.50
130.50 118.50
131.00 118.50
131.50 119.00
132.00 119.00
132.50 119.00
133.00 119.00
133.50 119.00
134.00 119.50
134.50 119.50
135.00 119.50
135.50 119.50
136.00 120.00
136.50 120.50
137.00 120.50
137.50 121.00
138.00 121.00
138.50 121.50
139.00 122.00
139.50 122.00
140.00 122.50
