118.50 131.50
118.50 131.00
118.00 130.50
118.00 130.00
117.50 129.50
117.50 129.00
117.50 128.50
117.50 128.00
117.50 127.50
117.50 127.00
117.50 126.50
117.50 126.00
117.50 125.50
117.50 125.00
117.50 124.50
117.50 124.00
117.50 123.50
118.00 123.00
118.00 122.50
118.00 122.00
118.50 121.50
118.50 121.00
119.00 120.50
119.00 120.00
119.50 119.50
119.50 119.00
120.00 118.50
120.00 118.00
120.50 117.50
121.00 117.00
121.50 116.50
122.00 116.00
122.50 115.50
123.00 115.50
123.50 115.00
124.00 115.00
124.50 114.50
125.00 114.50
125.50 114.50
126.00 114.00
126.50 114.00
127.00 114.00
127.50 114.00
128.00 114.00
128.50 114.00
129.00 114.00
129.50 114.00
130.00 114.00
130.50 114.50
131.00 114.50
131.50 114.50
132.00 114.50
132.50 115.00
133.00 115.00
133.50 115.00
134.00 115.50
134.50 116.00
135.00 116.00
135.50 116.00
136.00 116.50
136.50 117.00
137.00 117.50
137.50 118.00
138.00 118.50
138.50 119.00
139.00 119.50
139.50 120.00
139.50 120.50
140.00 121.00
140.00 121.50
140.50 122.00
140.50 122.50
140.50 123.00
141.00 123.50
141.00 124.00
141.00 124.50
141.00 125.00
141.00 125.50
141.00 126.00
141.00 126.50
141.00 127.00
141.00 127.50
141.00 128.00
141.00 128.50
141.00 129.00
141.00 129.50
140.50 130.00
140.50 130.50
140.00 131.00
140.00 131.50
139.50 132.00
139.50 132.50
139.00 133.00
138.50 133.50
138.00 134.00
137.50 134.50
137.00 135.00
136.50 135.00
136.00 135.50
135.50 135.50
135.00 136.00
134.50 136.00
134.00 136.50
133.50 136.50
133.00 136.50
132.50 136.50
132.00 136.50
131.50 137.00
131.00 137.00
130.50 137.00
130.00 137.00
129.50 137.00
129.00 136.50
128.50 136.50
128.00 136.50
127.50 136.50
127.00 136.50
126.50 136.50
126.00 136.00
125.50 136.00
125.00 136.00
124.50 135.50
124.00 135.50
123.50 135.00
123.00 135.00
122.50 135.00
122.00 134.50
121.50 134.50
121.00 134.00
120.50 133.50
120.00 133.00
119.50 132.50
119.00 132.00
