114.00 136.50
114.00 136.00
114.00 135.50
113.50 135.00
113.50 134.50
113.50 134.00
113.00 133.50
113.00 133.00
113.00 132.50
113.00 132.00
113.00 131.50
113.00 131.00
113.00 130.50
113.00 130.00
113.00 129.50
113.00 129.00
113.50 128.50
113.50 128.00
113.50 127.50
114.00 127.00
114.00 126.50
114.00 126.00
114.50 125.50
114.50 125.00
115.00 124.50
115.50 124.00
116.00 123.50
116.50 123.00
117.00 123.00
117.50 122.50
118.00 122.50
118.50 122.50
119.00 122.50
119.50 122.50
120.00 122.50
120.50 122.50
121.00 122.50
121.50 122.50
122.00 122.50
122.50 122.50
123.00 122.50
123.50 122.50
124.00 123.00
124.50 123.00
125.00 123.50
125.50 123.50
126.00 123.50
126.50 124.00
127.00 124.50
127.50 124.50
128.00 125.00
128.50 125.50
129.00 125.50
129.50 126.00
130.00 126.50
130.00 127.00
130.50 127.50
131.00 128.00
131.00 128.50
131.50 129.00
131.50 129.50
132.00 130.00
132.00 130.50
132.00 131.00
132.00 131.50
132.00 132.00
132.00 132.50
132.00 133.00
132.00 133.50
131.50 134.00
131.50 134.50
131.50 135.00
131.50 135.50
131.00 136.00
130.50 136.50
130.50 137.00
130.00 137.50
129.50 138.00
129.00 138.50
128.50 139.00
128.00 139.50
127.50 140.00
127.00 140.50
126.50 140.50
126.00 140.50
125.50 141.00
125.00 141.00
124.50 141.00
124.00 141.50
123.50 141.50
123.00 141.50
122.50 141.50
122.00 141.50
121.50 141.50
121.00 141.50
120.50 141.50
120.00 141.00
119.50 141.00
119.00 141.00
118.50 140.50
118.00 140.50
117.50 140.00
117.00 139.50
116.50 139.50
116.00 139.00
115.50 138.50
115.00 138.00
115.00 137.50
114.50 137.00
