132.00 132.50
132.00 132.00
131.50 131.50
131.00 131.00
130.50 131.00
130.00 131.00
129.50 131.00
129.00 130.50
128.50 130.50
128.00 130.00
127.50 129.50
127.00 129.00
127.00 128.50
127.00 128.00
127.00 127.50
127.00 127.00
127.00 126.50
127.00 126.00
127.00 125.50
127.00 125.00
127.50 124.50
127.00 124.00
127.00 123.50
127.00 123.00
127.00 122.50
127.00 122.00
127.50 121.50
127.50 121.00
128.00 120.50
128.50 120.00
129.00 119.50
129.50 119.50
130.00 119.00
130.50 119.00
131.00 119.00
131.50 119.00
132.00 119.00
132.50 119.00
133.00 119.50
133.50 119.50
134.00 120.00
134.50 120.50
134.50 121.00
135.00 121.50
135.00 122.00
135.00 122.50
135.00 123.00
135.00 123.50
134.50 124.00
134.50 124.50
134.00 125.00
133.50 125.50
133.00 126.00
132.50 126.50
132.00 126.50
131.50 126.50
131.00 126.50
130.50 126.50
130.00 127.00
130.00 127.50
130.00 128.00
130.00 128.50
130.50 129.00
131.00 129.00
131.50 129.00
132.00 129.00
132.50 129.00
133.00 129.00
133.50 129.00
134.00 129.50
134.50 129.50
135.00 130.00
135.00 130.50
135.00 131.00
135.00 131.50
135.00 132.00
134.50 132.50
134.00 133.00
133.50 133.00
133.00 133.00
132.50 133.00
132.00 133.00
131.50 133.00
132.00 132.50
