122.00 147.00
121.50 147.00
121.00 146.50
120.50 146.50
120.00 146.50
119.50 146.00
119.00 146.00
118.50 146.00
118.00 145.50
117.50 145.00
117.00 145.00
116.50 144.50
116.00 144.00
115.50 143.50
115.00 143.00
114.50 142.50
114.50 142.00
114.00 141.50
113.50 141.00
113.50 140.50
113.50 140.00
113.50 139.50
113.50 139.00
113.50 138.50
113.50 138.00
113.50 137.50
113.50 137.00
113.50 136.50
113.50 136.00
113.50 135.50
113.50 135.00
113.50 134.50
114.00 134.00
114.00 133.50
114.00 133.00
114.50 132.50
115.00 132.00
115.00 131.50
115.00 131.00
115.50 130.50
116.00 130.00
116.00 129.50
116.50 129.00
117.00 128.50
117.00 128.00
117.50 127.50
118.00 127.00
118.50 126.50
119.00 126.00
119.50 126.00
120.00 125.50
120.50 125.00
121.00 125.00
121.50 124.50
122.00 124.00
122.50 124.00
123.00 124.00
123.50 123.50
124.00 123.50
124.50 123.50
125.00 123.00
125.50 123.00
126.00 123.00
126.50 123.00
127.00 123.00
127.50 123.00
128.00 123.00
128.50 123.00
129.00 123.00
129.50 123.00
130.00 123.00
130.50 123.50
131.00 123.50
131.50 123.50
132.00 123.50
132.50 124.00
133.00 124.00
133.50 124.50
134.00 125.00
134.50 125.00
135.00 125.50
135.50 126.00
136.00 126.50
136.50 127.00
136.50 127.50
137.00 128.00
137.00 128.50
137.50 129.00
137.50 129.50
137.50 130.00
137.50 130.50
138.00 131.00
138.00 131.50
138.00 132.00
138.00 132.50
138.00 133.00
138.00 133.50
138.00 134.00
138.00 134.50
138.00 135.00
138.00 135.50
138.00 136.00
137.50 136.50
137.50 137.00
137.50 137.50
137.50 138.00
137.00 138.50
137.00 139.00
137.00 139.50
136.50 140.00
136.00 140.50
136.00 141.00
136.00 141.50
135.50 142.00
135.00 142.50
134.50 143.00
134.00 143.50
133.50 144.00
133.00 144.50
132.50 144.50
132.00 145.00
131.50 145.50
131.00 145.50
130.50 146.00
130.00 146.00
129.50 146.50
129.00 146.50
128.50 146.50
128.00 147.00
127.50 147.00
127.00 147.00
126.50 147.00
126.00 147.00
125.50 147.00
125.00 147.00
124.50 147.00
124.00 147.00
123.50 147.00
123.00 147.00
122.50 147.00
