120.50 144.00
120.00 143.50
119.50 143.50
119.00 143.50
118.50 143.00
118.00 143.00
117.50 142.50
117.00 142.50
116.50 142.00
116.00 141.50
115.50 141.50
115.00 141.00
114.50 140.50
114.00 140.00
113.50 139.50
113.00 139.00
113.00 138.50
112.50 138.00
112.50 137.50
112.00 137.00
112.00 136.50
111.50 136.00
111.50 135.50
111.50 135.00
111.50 134.50
111.00 134.00
111.00 133.50
111.00 133.00
111.00 132.50
111.00 132.00
111.00 131.50
111.00 131.00
111.00 130.50
111.00 130.00
111.00 129.50
111.00 129.00
111.00 128.50
111.00 128.00
111.00 127.50
111.00 127.00
111.00 126.50
111.00 126.00
111.00 125.50
111.50 125.00
111.50 124.50
111.50 124.00
112.00 123.50
112.00 123.00
112.50 122.50
112.50 122.00
113.00 121.50
113.00 121.00
113.50 120.50
114.00 120.00
114.50 119.50
114.50 119.00
115.00 118.50
115.50 118.00
116.00 117.50
116.50 117.00
117.00 116.50
117.50 116.50
118.00 116.00
118.50 116.00
119.00 115.50
119.50 115.50
120.00 115.00
120.50 115.00
121.00 114.50
121.50 114.50
122.00 114.50
122.50 114.00
123.00 114.00
123.50 114.00
124.00 114.00
124.50 114.00
125.00 114.00
125.50 114.00
126.00 114.00
126.50 114.00
127.00 114.00
127.50 114.00
128.00 114.00
128.50 114.00
129.00 114.50
129.50 114.50
130.00 114.50
130.50 115.00
131.00 115.00
131.50 115.50
132.00 115.50
132.50 116.00
133.00 116.00
133.50 116.50
134.00 117.00
134.50 117.00
135.00 117.50
135.50 118.00
136.00 118.50
136.50 119.00
137.00 119.50
137.50 120.00
138.00 120.50
138.00 121.00
138.50 121.50
139.00 122.00
139.00 122.50
139.00 123.00
139.50 123.50
139.50 124.00
140.00 124.50
140.00 125.00
140.00 125.50
140.50 126.00
140.50 126.50
140.50 127.00
140.50 127.50
140.50 128.00
140.50 128.50
140.50 129.00
140.50 129.50
140.50 130.00
140.50 130.50
140.50 131.00
140.50 131.50
140.50 132.00
140.00 132.50
140.00 133.00
140.00 133.50
140.00 134.00
139.50 134.50
139.50 135.00
139.50 135.50
139.00 136.00
138.50 136.50
138.50 137.00
138.50 137.50
138.00 138.00
137.50 138.50
137.00 139.00
137.00 139.50
136.50 140.00
136.00 140.50
135.50 141.00
135.00 141.50
134.50 142.00
134.00 142.00
133.50 142.50
133.00 142.50
132.50 143.00
132.00 143.50
131.50 143.50
131.00 143.50
130.50 144.00
130.00 144.00
129.50 144.50
129.00 144.50
128.50 144.50
128.00 144.50
127.50 144.50
127.00 144.50
126.50 144.50
126.00 144.50
125.50 144.50
125.00 144.50
124.50 144.50
124.00 144.50
123.50 144.50
123.00 144.50
122.50 144.50
122.00 144.50
121.50 144.00
121.00 144.00
