144.00 123.00
144.50 123.50
144.50 124.00
144.50 124.50
145.00 125.00
145.00 125.50
145.00 126.00
145.00 126.50
145.00 127.00
145.50 127.50
145.50 128.00
145.50 128.50
145.50 129.00
145.50 129.50
145.50 130.00
145.50 130.50
145.50 131.00
145.50 131.50
145.50 132.00
145.50 132.50
145.50 133.00
145.00 133.50
145.00 134.00
145.00 134.50
144.50 135.00
144.00 135.50
144.00 136.00
143.50 136.50
143.50 137.00
143.00 137.50
142.50 138.00
142.00 138.50
141.50 138.50
141.00 139.00
140.50 139.50
140.00 140.00
139.50 140.50
139.00 140.50
138.50 141.00
138.00 141.00
137.50 141.50
137.00 142.00
136.50 142.00
136.00 142.00
135.50 142.50
135.00 142.50
134.50 143.00
134.00 143.00
133.50 143.00
133.00 143.50
132.50 143.50
132.00 143.50
131.50 144.00
131.00 144.00
130.50 144.00
130.00 144.00
129.50 144.00
129.00 144.00
128.50 144.50
128.00 144.50
127.50 144.50
127.00 144.50
126.50 144.50
126.00 144.50
125.50 144.50
125.00 144.50
124.50 144.00
124.00 144.00
123.50 144.00
123.00 144.00
122.50 144.00
122.00 143.50
121.50 143.50
121.00 143.50
120.50 143.00
120.00 143.00
119.50 142.50
119.00 142.50
118.50 142.00
118.00 142.00
117.50 141.50
117.00 141.00
116.50 140.50
116.00 140.50
115.50 140.00
115.00 139.50
114.50 139.00
114.00 138.50
113.50 138.00
113.00 137.50
113.00 137.00
112.50 136.50
112.00 136.00
112.00 135.50
111.50 135.00
111.50 134.50
111.00 134.00
111.00 133.50
110.50 133.00
110.50 132.50
110.50 132.00
110.00 131.50
110.00 131.00
110.00 130.50
110.00 130.00
110.00 129.50
109.50 129.00
109.50 128.50
109.50 128.00
109.50 127.50
109.50 127.00
109.50 126.50
109.50 126.00
109.50 125.50
109.50 125.00
109.50 124.50
109.50 124.00
109.50 123.50
109.50 123.00
109.50 122.50
109.50 122.00
109.50 121.50
109.50 121.00
109.50 120.50
109.50 120.00
110.00 119.50
110.00 119.00
110.00 118.50
110.00 118.00
110.00 117.50
110.50 117.00
110.50 116.50
110.50 116.00
111.00 115.50
111.00 115.00
111.50 114.50
111.50 114.00
112.00 113.50
112.00 113.00
112.50 112.50
113.00 112.00
113.50 111.50
114.00 111.00
114.50 110.50
115.00 110.50
115.50 110.00
116.00 110.00
116.50 109.50
117.00 109.50
117.50 109.00
118.00 109.00
118.50 109.00
119.00 109.00
119.50 108.50
120.00 108.50
120.50 108.50
121.00 108.50
121.50 108.50
122.00 108.00
122.50 108.00
123.00 108.00
123.50 108.00
124.00 108.00
124.50 108.00
125.00 108.00
125.50 108.00
126.00 108.00
126.50 108.00
127.00 108.00
127.50 108.00
128.00 108.00
128.50 108.00
129.00 108.00
129.50 108.00
130.00 108.50
130.50 108.50
131.00 108.50
131.50 108.50
132.00 108.50
132.50 109.00
133.00 109.00
133.50 109.00
134.00 109.00
134.50 109.50
135.00 109.50
135.50 110.00
136.00 110.00
136.50 110.50
137.00 111.00
137.50 111.00
138.00 111.50
138.50 112.00
139.00 112.50
139.50 113.00
140.00 113.50
140.00 114.00
140.50 114.50
141.00 115.00
141.50 115.50
141.50 116.00
141.50 116.50
142.00 117.00
142.00 117.50
142.50 118.00
142.50 118.50
143.00 119.00
143.00 119.50
143.00 120.00
143.50 120.50
143.50 121.00
143.50 121.50
144.00 122.00
144.00 122.50
