130.00 151.50
129.50 151.50
129.00 151.50
128.50 152.00
128.00 152.00
127.50 152.50
127.00 152.50
126.50 152.50
126.00 153.00
125.50 153.00
125.00 153.00
124.50 153.00
124.00 153.50
123.50 153.50
123.00 153.50
122.50 153.50
122.00 154.00
121.50 154.00
121.00 154.00
120.50 154.00
120.00 154.00
119.50 154.00
119.00 154.00
118.50 154.00
118.00 154.00
117.50 154.00
117.00 153.50
116.50 153.50
116.00 153.50
115.50 153.50
115.00 153.00
114.50 153.00
114.00 153.00
113.50 152.50
113.00 152.50
112.50 152.00
112.00 152.00
111.50 151.50
111.00 151.00
110.50 151.00
110.00 150.50
109.50 150.00
109.00 149.50
108.50 149.00
108.00 148.50
107.50 148.00
107.50 147.50
107.00 147.00
107.00 146.50
106.50 146.00
106.00 145.50
106.00 145.00
106.00 144.50
105.50 144.00
105.00 143.50
105.00 143.00
105.00 142.50
104.50 142.00
104.50 141.50
104.50 141.00
104.50 140.50
104.00 140.00
104.00 139.50
104.00 139.00
104.00 138.50
104.00 138.00
103.50 137.50
103.50 137.00
103.50 136.50
103.50 136.00
103.50 135.50
103.50 135.00
103.50 134.50
103.50 134.00
103.50 133.50
103.50 133.00
103.50 132.50
103.50 132.00
103.50 131.50
103.50 131.00
103.50 130.50
103.50 130.00
103.50 129.50
103.50 129.00
103.50 128.50
104.00 128.00
104.00 127.50
104.00 127.00
104.00 126.50
104.50 126.00
104.50 125.50
104.50 125.00
105.00 124.50
105.00 124.00
105.50 123.50
105.50 123.00
105.50 122.50
106.00 122.00
106.00 121.50
106.50 121.00
107.00 120.50
107.50 120.00
107.50 119.50
108.00 119.00
108.50 118.50
109.00 118.00
109.50 117.50
110.00 117.00
110.50 116.50
111.00 116.00
111.50 115.50
112.00 115.00
112.50 114.50
113.00 114.50
113.50 114.00
114.00 113.50
114.50 113.50
115.00 113.00
115.50 113.00
116.00 112.50
116.50 112.00
117.00 112.00
117.50 112.00
118.00 111.50
118.50 111.50
119.00 111.00
119.50 111.00
120.00 111.00
120.50 110.50
121.00 110.50
121.50 110.50
122.00 110.50
122.50 110.50
123.00 110.00
123.50 110.00
124.00 110.00
124.50 110.00
125.00 110.00
125.50 110.00
126.00 110.00
126.50 110.00
127.00 110.00
127.50 110.00
128.00 110.00
128.50 110.00
129.00 110.00
129.50 110.00
130.00 110.00
130.50 110.50
131.00 110.50
131.50 110.50
132.00 110.50
132.50 111.00
133.00 111.00
133.50 111.00
134.00 111.00
134.50 111.50
135.00 112.00
135.50 112.00
136.00 112.00
136.50 112.50
137.00 113.00
137.50 113.00
138.00 113.50
138.50 113.50
139.00 114.00
139.50 114.50
140.00 115.00
140.50 115.50
141.00 116.00
141.50 116.00
142.00 116.50
142.00 117.00
142.50 117.50
142.50 118.00
143.00 118.50
143.50 119.00
144.00 119.50
144.00 120.00
144.00 120.50
144.50 121.00
144.50 121.50
145.00 122.00
145.00 122.50
145.00 123.00
145.50 123.50
145.50 124.00
145.50 124.50
145.50 125.00
146.00 125.50
146.00 126.00
146.00 126.50
146.00 127.00
146.00 127.50
146.00 128.00
146.00 128.50
146.00 129.00
146.00 129.50
146.00 130.00
146.00 130.50
146.00 131.00
146.00 131.50
146.00 132.00
146.00 132.50
146.00 133.00
146.00 133.50
145.50 134.00
145.50 134.50
145.50 135.00
145.50 135.50
145.50 136.00
145.00 136.50
145.00 137.00
145.00 137.50
145.00 138.00
144.50 138.50
144.50 139.00
144.50 139.50
144.00 140.00
144.00 140.50
143.50 141.00
143.50 141.50
143.00 142.00
142.50 142.50
142.50 143.00
142.00 143.50
142.00 144.00
141.50 144.50
141.00 145.00
140.50 145.50
140.00 146.00
139.50 146.50
139.00 147.00
138.50 147.00
138.00 147.50
137.50 148.00
137.00 148.00
136.50 148.50
136.00 148.50
135.50 149.00
135.00 149.00
134.50 149.50
134.00 149.50
133.50 149.50
133.00 150.00
132.50 150.00
132.00 150.50
131.50 150.50
131.00 150.50
130.50 151.00
