119.00 117.00
119.50 116.50
120.00 116.50
120.50 116.00
121.00 116.00
121.50 115.50
122.00 115.50
122.50 115.00
123.00 115.00
123.50 115.00
124.00 115.00
124.50 114.50
125.00 114.50
125.50 114.50
126.00 114.50
126.50 114.50
127.00 114.50
127.50 114.50
128.00 114.50
128.50 114.50
129.00 114.50
129.50 114.50
130.00 114.50
130.50 115.00
131.00 115.00
131.50 115.00
132.00 115.00
132.50 115.00
133.00 115.50
133.50 115.50
134.00 115.50
134.50 116.00
135.00 116.00
135.50 116.50
136.00 116.50
136.50 117.00
137.00 117.50
137.50 118.00
138.00 118.50
138.50 119.00
138.50 119.50
139.00 120.00
139.00 120.50
139.00 121.00
139.50 121.50
139.50 122.00
139.50 122.50
139.50 123.00
139.50 123.50
139.50 124.00
139.50 124.50
139.50 125.00
139.50 125.50
139.50 126.00
139.50 126.50
139.00 127.00
139.00 127.50
139.00 128.00
139.00 128.50
138.50 129.00
138.50 129.50
138.50 130.00
138.50 130.50
138.00 131.00
138.00 131.50
138.00 132.00
138.00 132.50
137.50 133.00
137.50 133.50
137.00 134.00
137.00 134.50
136.50 135.00
136.00 135.50
135.50 136.00
135.00 136.50
134.50 137.00
134.00 137.50
133.50 138.00
133.00 138.00
132.50 138.00
132.00 138.00
131.50 138.50
131.00 138.50
130.50 138.50
130.00 138.50
129.50 138.50
129.00 138.50
128.50 138.50
128.00 138.50
127.50 138.00
127.00 138.00
126.50 138.00
126.00 138.00
125.50 137.50
125.00 137.50
124.50 137.50
124.00 137.00
123.50 136.50
123.00 136.50
122.50 136.00
122.00 136.00
121.50 135.50
121.00 135.00
120.50 134.50
120.00 134.00
119.50 133.50
119.50 133.00
119.00 132.50
118.50 132.00
118.00 131.50
117.50 131.00
117.50 130.50
117.50 130.00
117.00 129.50
117.00 129.00
117.00 128.50
116.50 128.00
116.50 127.50
116.00 127.00
116.00 126.50
116.00 126.00
116.00 125.50
116.00 125.00
116.00 124.50
115.50 124.00
115.50 123.50
115.50 123.00
116.00 122.50
116.00 122.00
116.00 121.50
116.00 121.00
116.50 120.50
116.50 120.00
117.00 119.50
117.00 119.00
117.50 118.50
118.00 118.00
118.50 117.50
