123.50 119.50
124.00 119.50
124.50 119.00
125.00 119.00
125.50 118.50
126.00 118.50
126.50 118.50
127.00 118.00
127.50 118.00
128.00 117.50
128.50 117.50
129.00 117.50
129.50 117.50
130.00 117.50
130.50 117.50
131.00 117.50
131.50 117.50
132.00 118.00
132.50 118.00
133.00 118.50
133.50 119.00
134.00 119.50
134.50 120.00
134.50 120.50
135.00 121.00
135.50 121.50
135.50 122.00
135.50 122.50
135.50 123.00
136.00 123.50
136.00 124.00
136.00 124.50
136.00 125.00
136.00 125.50
136.00 126.00
136.00 126.50
135.50 127.00
135.50 127.50
135.50 128.00
135.00 128.50
135.00 129.00
134.50 129.50
134.00 130.00
133.50 130.50
133.00 131.00
132.50 131.50
132.00 132.00
131.50 132.00
131.00 132.50
130.50 133.00
130.00 133.00
129.50 133.00
129.00 133.50
128.50 133.50
128.00 133.50
127.50 134.00
127.00 134.00
126.50 134.00
126.00 134.00
125.50 134.00
125.00 134.00
124.50 133.50
124.00 133.50
123.50 133.50
123.00 133.00
122.50 132.50
122.00 132.00
121.50 131.50
121.00 131.00
121.00 130.50
120.50 130.00
120.50 129.50
120.00 129.00
120.00 128.50
120.00 128.00
119.50 127.50
119.50 127.00
119.50 126.50
119.50 126.00
119.50 125.50
119.50 125.00
119.50 124.50
119.50 124.00
119.50 123.50
119.50 123.00
119.50 122.50
119.50 122.00
120.00 121.50
120.50 121.00
121.00 120.50
121.50 120.50
122.00 120.00
122.50 120.00
123.00 119.50
