123.00 142.00
122.50 142.50
122.00 143.00
121.50 143.00
121.00 143.00
120.50 142.50
120.50 142.00
120.00 141.50
119.50 141.00
119.00 140.50
118.50 140.00
118.00 139.50
117.50 139.00
117.00 138.50
117.00 138.00
116.50 137.50
116.50 137.00
116.50 136.50
117.00 136.00
117.50 135.50
118.00 135.00
118.50 135.00
119.00 135.00
119.50 134.50
120.00 134.50
120.50 134.50
121.00 134.50
121.50 134.50
122.00 135.00
122.00 135.50
122.00 136.00
122.00 136.50
122.00 137.00
122.50 137.50
123.00 138.00
123.50 138.00
124.00 138.00
124.50 138.00
125.00 138.00
125.50 138.00
126.00 138.00
126.50 138.00
127.00 138.50
127.00 139.00
126.50 139.50
126.50 140.00
126.50 140.50
126.00 141.00
125.50 141.50
125.00 141.50
124.50 142.00
124.00 142.00
123.50 142.00
