136.00 112.50
136.50 112.50
137.00 113.00
137.50 113.50
138.00 114.00
138.50 114.50
139.00 114.50
139.50 115.00
140.00 115.50
140.50 116.00
141.00 116.50
141.50 117.00
141.50 117.50
142.00 118.00
142.00 118.50
142.50 119.00
142.50 119.50
142.50 120.00
143.00 120.50
143.00 121.00
143.00 121.50
143.50 122.00
144.00 122.50
144.00 123.00
144.00 123.50
144.00 124.00
144.00 124.50
144.50 125.00
144.50 125.50
144.50 126.00
144.50 126.50
144.50 127.00
144.50 127.50
144.50 128.00
144.50 128.50
144.50 129.00
144.00 129.50
144.00 130.00
144.00 130.50
144.00 131.00
143.50 131.50
143.50 132.00
143.00 132.50
143.00 133.00
143.00 133.50
142.50 134.00
142.00 134.50
142.00 135.00
141.50 135.50
141.50 136.00
141.00 136.50
140.50 137.00
140.00 137.50
139.50 138.00
139.00 138.50
138.50 138.50
138.00 139.00
137.50 139.50
137.00 140.00
136.50 140.00
136.00 140.50
135.50 140.50
135.00 140.50
134.50 141.00
134.00 141.00
133.50 141.00
133.00 141.00
132.50 141.50
132.00 141.50
131.50 141.50
131.00 141.50
130.50 141.50
130.00 141.50
129.50 141.50
129.00 141.50
128.50 141.50
128.00 141.50
127.50 141.50
127.00 141.50
126.50 141.50
126.00 141.50
125.50 141.00
125.00 141.00
124.50 141.00
124.00 141.00
123.50 140.50
123.00 140.50
122.50 140.00
122.00 140.00
121.50 140.00
121.00 139.50
120.50 139.00
120.00 139.00
119.50 138.50
119.00 138.50
118.50 138.00
118.00 137.50
117.50 137.50
117.00 137.00
116.50 136.50
116.00 136.00
116.00 135.50
115.50 135.00
115.00 134.50
114.50 134.00
114.00 133.50
114.00 133.00
113.50 132.50
113.50 132.00
113.00 131.50
113.00 131.00
113.00 130.50
112.50 130.00
112.50 129.50
112.50 129.00
112.50 128.50
112.50 128.00
112.00 127.50
112.00 127.00
112.00 126.50
112.00 126.00
112.00 125.50
112.50 125.00
112.50 124.50
112.50 124.00
112.50 123.50
112.50 123.00
112.50 122.50
113.00 122.00
113.00 121.50
113.00 121.00
113.50 120.50
113.50 120.00
113.50 119.50
114.00 119.00
114.00 118.50
114.50 118.00
114.50 117.50
115.00 117.00
115.50 116.50
116.00 116.00
116.00 115.50
116.50 115.00
117.00 114.50
117.50 114.00
118.00 113.50
118.50 113.00
119.00 112.50
119.50 112.50
120.00 112.00
120.50 111.50
121.00 111.00
121.50 111.00
122.00 111.00
122.50 110.50
123.00 110.50
123.50 110.50
124.00 110.00
124.50 110.00
125.00 110.00
125.50 110.00
126.00 110.00
126.50 110.00
127.00 110.00
127.50 110.00
128.00 110.00
128.50 110.00
129.00 110.00
129.50 110.00
130.00 110.00
130.50 110.00
131.00 110.50
131.50 110.50
132.00 110.50
132.50 111.00
133.00 111.00
133.50 111.00
134.00 111.50
134.50 111.50
135.00 111.50
135.50 112.00
