110.50 130.00
110.50 129.50
111.00 129.00
111.50 129.00
112.00 128.50
112.50 128.00
113.00 127.50
113.50 127.00
114.00 127.00
114.50 126.50
115.00 126.00
115.50 125.50
116.00 125.50
116.50 125.00
117.00 125.00
117.50 125.00
118.00 124.50
118.50 124.50
119.00 124.00
119.50 124.00
120.00 124.00
120.50 123.50
121.00 123.50
121.50 123.00
121.50 122.50
122.00 122.00
122.50 122.50
123.00 122.50
123.50 122.50
124.00 122.50
124.50 123.00
125.00 123.00
125.50 123.00
126.00 123.00
126.50 123.50
127.00 123.50
127.50 124.00
128.00 124.00
128.50 124.50
129.00 125.00
129.50 125.50
130.00 126.00
130.50 126.50
131.00 127.00
131.50 127.50
132.00 128.00
132.00 128.50
132.50 129.00
132.50 129.50
133.00 130.00
133.00 130.50
133.00 131.00
133.00 131.50
133.00 132.00
133.50 132.50
133.00 133.00
133.00 133.50
133.00 134.00
133.00 134.50
133.00 135.00
133.00 135.50
132.50 136.00
132.50 136.50
132.00 137.00
132.00 137.50
131.50 138.00
131.50 138.50
131.00 139.00
130.50 139.50
130.00 140.00
129.50 140.50
129.00 141.00
128.50 141.50
128.00 142.00
127.50 142.50
127.00 143.00
126.50 143.00
126.00 143.50
125.50 143.50
125.00 143.50
124.50 144.00
124.00 144.00
123.50 144.00
123.00 144.00
122.50 144.50
122.00 144.50
121.50 144.50
121.00 144.50
120.50 144.50
120.00 144.50
119.50 144.50
119.00 144.50
118.50 144.00
118.00 144.00
117.50 144.00
117.00 144.00
116.50 143.50
116.00 143.50
115.50 143.00
115.00 143.00
114.50 142.50
114.00 142.00
113.50 141.50
113.00 141.50
112.50 141.00
112.50 140.50
112.00 140.00
111.50 139.50
111.00 139.00
111.00 138.50
110.50 138.00
110.50 137.50
110.50 137.00
110.50 136.50
110.00 136.00
110.00 135.50
110.00 135.00
110.00 134.50
110.00 134.00
110.00 133.50
110.00 133.00
110.50 132.50
110.50 132.00
110.50 131.50
111.00 131.00
110.50 130.50
110.00 130.50
110.50 130.00
