111.00 123.50
111.50 123.00
112.00 122.50
112.50 122.00
113.00 121.50
113.00 121.00
113.50 120.50
114.00 120.50
114.50 120.00
115.00 119.50
115.50 119.00
116.00 118.50
116.50 118.50
117.00 118.00
117.50 118.00
118.00 118.00
118.50 117.50
119.00 117.50
119.50 117.50
120.00 117.50
120.50 117.50
121.00 117.00
121.50 117.00
122.00 117.00
122.50 116.50
123.00 116.50
123.50 116.50
124.00 116.50
124.50 116.50
125.00 116.50
125.50 116.50
126.00 116.50
126.50 116.50
127.00 116.50
127.50 116.50
128.00 117.00
128.50 117.00
129.00 117.00
129.50 117.00
130.00 117.50
130.50 117.50
131.00 117.50
131.50 118.00
132.00 118.50
132.50 118.50
133.00 118.50
133.50 119.00
134.00 119.50
134.50 120.00
135.00 120.00
135.50 120.00
136.00 120.50
136.50 121.00
137.00 121.50
137.50 122.00
138.00 122.50
138.50 123.00
139.00 123.50
139.00 124.00
139.50 124.50
140.00 125.00
140.00 125.50
140.50 126.00
140.50 126.50
141.00 127.00
141.00 127.50
141.00 128.00
141.50 128.50
141.50 129.00
141.50 129.50
141.50 130.00
141.50 130.50
141.50 131.00
141.50 131.50
141.50 132.00
141.50 132.50
141.50 133.00
141.50 133.50
141.50 134.00
141.50 134.50
141.00 135.00
141.00 135.50
141.00 136.00
141.00 136.50
140.50 137.00
140.50 137.50
140.50 138.00
140.00 138.50
140.00 139.00
139.50 139.50
139.00 140.00
138.50 140.50
138.50 141.00
138.00 141.50
137.50 142.00
137.00 142.50
137.00 143.00
136.50 143.50
136.00 144.00
135.50 144.50
135.00 144.50
134.50 145.00
134.00 145.50
133.50 145.50
133.00 146.00
132.50 146.50
132.00 146.50
131.50 146.50
131.00 147.00
130.50 147.50
130.00 147.50
129.50 147.50
129.00 148.00
128.50 148.00
128.00 148.00
127.50 148.50
127.00 148.50
126.50 148.50
126.00 148.50
125.50 149.00
125.00 149.00
124.50 149.00
124.00 149.00
123.50 149.00
123.00 149.00
122.50 149.00
122.00 149.00
121.50 149.00
121.00 149.00
120.50 149.00
120.00 149.00
119.50 149.00
119.00 149.00
118.50 149.00
118.00 149.00
117.50 148.50
117.00 148.50
116.50 148.00
116.00 148.00
115.50 147.50
115.00 147.00
114.50 146.50
114.00 146.00
113.50 145.50
113.50 145.00
113.00 144.50
112.50 144.00
112.50 143.50
112.50 143.00
112.00 142.50
112.00 142.00
111.50 141.50
111.50 141.00
111.50 140.50
111.00 140.00
111.00 139.50
111.00 139.00
111.00 138.50
110.50 138.00
110.50 137.50
110.50 137.00
110.50 136.50
110.00 136.00
110.00 135.50
110.00 135.00
110.00 134.50
109.50 134.00
109.50 133.50
109.50 133.00
109.50 132.50
109.50 132.00
109.50 131.50
109.50 131.00
109.50 130.50
109.50 130.00
109.50 129.50
109.50 129.00
109.50 128.50
109.50 128.00
109.50 127.50
109.50 127.00
109.50 126.50
110.00 126.00
110.00 125.50
110.00 125.00
110.00 124.50
110.50 124.00
