117.00 125.50
117.00 125.00
117.00 124.50
117.00 124.00
117.00 123.50
117.00 123.00
117.00 122.50
117.50 122.00
117.50 121.50
117.50 121.00
118.00 120.50
118.50 120.00
119.00 120.00
119.50 119.50
120.00 119.00
120.50 119.00
121.00 119.00
121.50 118.50
122.00 118.50
122.50 118.00
123.00 118.00
123.50 118.00
124.00 118.00
124.50 118.00
125.00 118.00
125.50 118.00
126.00 118.00
126.50 118.00
127.00 118.00
127.50 118.00
128.00 118.00
128.50 118.50
129.00 119.00
129.50 119.00
130.00 119.50
130.50 120.00
131.00 120.50
131.00 121.00
131.50 121.50
132.00 122.00
132.00 122.50
132.00 123.00
132.50 123.50
132.50 124.00
132.50 124.50
132.50 125.00
133.00 125.50
133.00 126.00
133.00 126.50
133.00 127.00
133.00 127.50
133.00 128.00
133.00 128.50
132.50 129.00
132.50 129.50
132.50 130.00
132.00 130.50
131.50 131.00
131.50 131.50
131.00 132.00
130.50 132.00
130.00 132.50
129.50 132.50
129.00 132.50
128.50 132.50
128.00 133.00
127.50 133.00
127.00 133.00
126.50 133.00
126.00 133.50
125.50 133.50
125.00 133.50
124.50 133.50
124.00 133.50
123.50 133.50
123.00 133.50
122.50 133.50
122.00 133.00
121.50 133.00
121.00 133.00
120.50 132.50
120.00 132.50
119.50 132.00
119.00 131.50
118.50 131.00
118.00 130.50
117.50 130.00
117.50 129.50
117.50 129.00
117.00 128.50
117.00 128.00
117.00 127.50
117.00 127.00
117.00 126.50
117.00 126.00
