119.50 147.50
119.00 147.50
118.50 147.50
118.00 147.50
117.50 147.50
117.00 147.00
116.50 147.00
116.00 147.00
115.50 146.50
115.00 146.50
114.50 146.00
114.00 146.00
113.50 146.00
113.00 145.50
112.50 145.00
112.00 144.50
111.50 144.00
111.00 143.50
111.00 143.00
110.50 142.50
110.50 142.00
110.50 141.50
110.00 141.00
110.00 140.50
110.00 140.00
109.50 139.50
109.50 139.00
109.50 138.50
109.50 138.00
109.50 137.50
109.50 137.00
109.50 136.50
109.50 136.00
109.50 135.50
109.50 135.00
109.50 134.50
109.50 134.00
109.50 133.50
109.50 133.00
109.50 132.50
109.50 132.00
110.00 131.50
110.00 131.00
110.00 130.50
110.00 130.00
110.00 129.50
110.50 129.00
110.50 128.50
110.50 128.00
111.00 127.50
111.50 127.00
111.50 126.50
112.00 126.00
112.50 125.50
113.00 125.00
113.50 124.50
114.00 124.00
114.50 124.00
115.00 123.50
115.50 123.50
116.00 123.00
116.50 123.00
117.00 123.00
117.50 122.50
118.00 122.50
118.50 122.50
119.00 122.50
119.50 122.50
120.00 122.50
120.50 122.50
121.00 122.50
121.50 122.50
122.00 122.50
122.50 123.00
123.00 123.00
123.50 123.00
124.00 123.50
124.50 123.50
125.00 123.50
125.50 124.00
126.00 124.50
126.50 125.00
126.50 125.50
127.00 126.00
127.50 126.50
127.50 127.00
128.00 127.50
128.00 128.00
128.00 128.50
128.50 129.00
128.50 129.50
128.50 130.00
129.00 130.50
129.00 131.00
129.00 131.50
129.00 132.00
129.00 132.50
129.00 133.00
129.50 133.50
129.50 134.00
129.50 134.50
129.50 135.00
129.50 135.50
129.00 136.00
129.00 136.50
129.00 137.00
129.00 137.50
129.00 138.00
128.50 138.50
128.50 139.00
128.50 139.50
128.00 140.00
128.00 140.50
127.50 141.00
127.50 141.50
127.00 142.00
126.50 142.50
126.00 143.00
125.50 143.50
125.00 144.00
124.50 144.50
124.00 145.00
123.50 145.00
123.00 145.50
122.50 146.00
122.00 146.00
121.50 146.50
121.00 146.50
120.50 146.50
120.00 147.00
