153.00 125.00
153.50 125.50
153.50 126.00
153.50 126.50
153.50 127.00
153.50 127.50
153.50 128.00
154.00 128.50
154.00 129.00
154.00 129.50
154.00 130.00
154.00 130.50
154.00 131.00
154.00 131.50
154.00 132.00
154.00 132.50
154.00 133.00
154.00 133.50
154.00 134.00
153.50 134.50
153.50 135.00
153.50 135.50
153.50 136.00
153.50 136.50
153.50 137.00
153.00 137.50
153.00 138.00
153.00 138.50
153.00 139.00
152.50 139.50
152.50 140.00
152.50 140.50
152.00 141.00
152.00 141.50
151.50 142.00
151.50 142.50
151.00 143.00
151.00 143.50
151.00 144.00
150.50 144.50
150.00 145.00
150.00 145.50
149.50 146.00
149.50 146.50
149.00 147.00
148.50 147.50
148.00 148.00
147.50 148.50
147.00 149.00
147.00 149.50
146.50 150.00
146.00 150.00
145.50 150.50
145.00 151.00
144.50 151.50
144.00 151.50
143.50 152.00
143.00 152.50
142.50 152.50
142.00 153.00
141.50 153.50
141.00 153.50
140.50 154.00
140.00 154.00
139.50 154.00
139.00 154.50
138.50 154.50
138.00 155.00
137.50 155.00
137.00 155.50
136.50 155.50
136.00 155.50
135.50 155.50
135.00 156.00
134.50 156.00
134.00 156.00
133.50 156.00
133.00 156.00
132.50 156.50
132.00 156.50
131.50 156.50
131.00 156.50
130.50 156.50
130.00 156.50
129.50 156.50
129.00 156.50
128.50 156.50
128.00 156.50
127.50 156.50
127.00 156.50
126.50 156.50
126.00 156.50
125.50 156.50
125.00 156.50
124.50 156.50
124.00 156.50
123.50 156.50
123.00 156.50
122.50 156.50
122.00 156.00
121.50 156.00
121.00 156.00
120.50 156.00
120.00 156.00
119.50 155.50
119.00 155.50
118.50 155.50
118.00 155.00
117.50 155.00
117.00 155.00
116.50 154.50
116.00 154.50
115.50 154.50
115.00 154.00
114.50 154.00
114.00 153.50
113.50 153.50
113.00 153.00
112.50 153.00
112.00 152.50
111.50 152.50
111.00 152.00
110.50 151.50
110.00 151.00
109.50 151.00
109.00 150.50
108.50 150.00
108.00 149.50
107.50 149.00
107.00 148.50
106.50 148.00
106.00 147.50
105.50 147.00
105.00 146.50
104.50 146.00
104.00 145.50
104.00 145.00
103.50 144.50
103.50 144.00
103.00 143.50
103.00 143.00
103.00 142.50
102.50 142.00
102.50 141.50
102.00 141.00
102.00 140.50
102.00 140.00
102.00 139.50
102.00 139.00
101.50 138.50
101.50 138.00
101.50 137.50
101.50 137.00
101.50 136.50
101.50 136.00
101.50 135.50
101.50 135.00
101.50 134.50
101.50 134.00
101.50 133.50
101.50 133.00
101.50 132.50
101.50 132.00
101.50 131.50
101.50 131.00
101.50 130.50
101.50 130.00
101.50 129.50
101.50 129.00
101.50 128.50
102.00 128.00
102.00 127.50
102.00 127.00
102.00 126.50
102.00 126.00
102.00 125.50
102.50 125.00
102.50 124.50
102.50 124.00
102.50 123.50
102.50 123.00
103.00 122.50
103.00 122.00
103.00 121.50
103.00 121.00
103.50 120.50
103.50 120.00
103.50 119.50
104.00 119.00
104.00 118.50
104.00 118.00
104.50 117.50
104.50 117.00
105.00 116.50
105.00 116.00
105.50 115.50
105.50 115.00
106.00 114.50
106.50 114.00
106.50 113.50
107.00 113.00
107.00 112.50
107.50 112.00
108.00 111.50
108.50 111.00
109.00 110.50
109.50 110.00
110.00 109.50
110.50 109.50
111.00 109.00
111.50 108.50
112.00 108.00
112.50 107.50
113.00 107.50
113.50 107.00
114.00 106.50
114.50 106.50
115.00 106.00
115.50 106.00
116.00 105.50
116.50 105.50
117.00 105.50
117.50 105.00
118.00 105.00
118.50 104.50
119.00 104.50
119.50 104.50
120.00 104.50
120.50 104.00
121.00 104.00
121.50 104.00
122.00 104.00
122.50 104.00
123.00 103.50
123.50 103.50
124.00 103.50
124.50 103.50
125.00 103.50
125.50 103.50
126.00 103.50
126.50 103.50
127.00 103.50
127.50 103.50
128.00 103.50
128.50 103.50
129.00 103.50
129.50 104.00
130.00 104.00
130.50 104.00
131.00 104.00
131.50 104.00
132.00 104.50
132.50 104.50
133.00 104.50
133.50 104.50
134.00 105.00
134.50 105.00
135.00 105.50
135.50 105.50
136.00 105.50
136.50 106.00
137.00 106.00
137.50 106.50
138.00 107.00
138.50 107.00
139.00 107.50
139.50 107.50
140.00 108.00
140.50 108.50
141.00 108.50
141.50 109.00
142.00 109.50
142.50 110.00
143.00 110.50
143.50 110.50
144.00 111.00
144.50 111.50
145.00 112.00
145.50 112.50
146.00 113.00
146.50 113.50
147.00 114.00
147.50 114.50
148.00 115.00
148.00 115.50
148.50 116.00
149.00 116.50
149.50 117.00
149.50 117.50
150.00 118.00
150.50 118.50
150.50 119.00
151.00 119.50
151.00 120.00
151.50 120.50
152.00 121.00
152.00 121.50
152.00 122.00
152.50 122.50
152.50 123.00
152.50 123.50
153.00 124.00
153.00 124.50
