147.00 133.50
146.50 134.00
146.50 134.50
146.50 135.00
146.50 135.50
146.00 136.00
146.00 136.50
146.00 137.00
145.50 137.50
145.50 138.00
145.00 138.50
145.00 139.00
145.00 139.50
144.50 140.00
144.50 140.50
144.00 141.00
144.00 141.50
143.50 142.00
143.50 142.50
143.00 143.00
143.00 143.50
142.50 144.00
142.00 144.50
141.50 145.00
141.00 145.50
140.50 146.00
140.00 146.50
139.50 147.00
139.00 147.50
138.50 148.00
138.00 148.00
137.50 148.50
137.00 149.00
136.50 149.00
136.00 149.50
135.50 149.50
135.00 150.00
134.50 150.00
134.00 150.00
133.50 150.50
133.00 150.50
132.50 150.50
132.00 151.00
131.50 151.00
131.00 151.00
130.50 151.00
130.00 151.00
129.50 151.00
129.00 151.00
128.50 151.50
128.00 151.50
127.50 151.50
127.00 151.50
126.50 151.50
126.00 151.50
125.50 151.50
125.00 151.50
124.50 151.50
124.00 151.00
123.50 151.00
123.00 151.00
122.50 151.00
122.00 151.00
121.50 151.00
121.00 150.50
120.50 150.50
120.00 150.50
119.50 150.50
119.00 150.00
118.50 150.00
118.00 150.00
117.50 149.50
117.00 149.50
116.50 149.00
116.00 149.00
115.50 148.50
115.00 148.50
114.50 148.00
114.00 147.50
113.50 147.50
113.00 147.00
112.50 146.50
112.00 146.50
111.50 146.00
111.00 145.50
111.00 145.00
110.50 144.50
110.00 144.00
109.50 143.50
109.50 143.00
109.00 142.50
109.00 142.00
108.50 141.50
108.50 141.00
108.00 140.50
108.00 140.00
108.00 139.50
108.00 139.00
107.50 138.50
107.50 138.00
107.50 137.50
107.50 137.00
107.50 136.50
107.50 136.00
107.00 135.50
107.00 135.00
107.00 134.50
107.00 134.00
107.00 133.50
107.00 133.00
107.00 132.50
107.50 132.00
107.50 131.50
107.50 131.00
107.50 130.50
107.50 130.00
107.50 129.50
107.50 129.00
108.00 128.50
108.00 128.00
108.00 127.50
108.00 127.00
108.50 126.50
108.50 126.00
108.50 125.50
109.00 125.00
109.00 124.50
109.50 124.00
109.50 123.50
110.00 123.00
110.00 122.50
110.50 122.00
110.50 121.50
111.00 121.00
111.50 120.50
111.50 120.00
112.00 119.50
112.50 119.00
113.00 118.50
113.50 118.00
114.00 117.50
114.50 117.00
115.00 116.50
115.50 116.00
116.00 115.50
116.50 115.50
117.00 115.00
117.50 114.50
118.00 114.50
118.50 114.00
119.00 113.50
119.50 113.50
120.00 113.00
120.50 113.00
121.00 112.50
121.50 112.50
122.00 112.00
122.50 112.00
123.00 112.00
123.50 111.50
124.00 111.50
124.50 111.50
125.00 111.00
125.50 111.00
126.00 111.00
126.50 111.00
127.00 111.00
127.50 111.00
128.00 111.00
128.50 110.50
129.00 110.50
129.50 110.50
130.00 110.50
130.50 110.50
131.00 111.00
131.50 111.00
132.00 111.00
132.50 111.00
133.00 111.00
133.50 111.00
134.00 111.00
134.50 111.50
135.00 111.50
135.50 111.50
136.00 112.00
136.50 112.00
137.00 112.00
137.50 112.50
138.00 112.50
138.50 113.00
139.00 113.00
139.50 113.50
140.00 114.00
140.50 114.00
141.00 114.50
141.50 115.00
142.00 115.00
142.50 115.50
143.00 116.00
143.50 116.50
144.00 117.00
144.50 117.50
145.00 118.00
145.00 118.50
145.50 119.00
146.00 119.50
146.00 120.00
146.50 120.50
146.50 121.00
147.00 121.50
147.00 122.00
147.00 122.50
147.50 123.00
147.50 123.50
147.50 124.00
147.50 124.50
147.50 125.00
147.50 125.50
147.50 126.00
148.00 126.50
148.00 127.00
148.00 127.50
147.50 128.00
147.50 128.50
147.50 129.00
147.50 129.50
147.50 130.00
147.50 130.50
147.50 131.00
147.50 131.50
147.00 132.00
147.00 132.50
147.00 133.00
