123.50 135.00
123.50 135.50
123.50 136.00
123.50 136.50
123.50 137.00
123.50 137.50
123.50 138.00
123.50 138.50
123.50 139.00
123.00 139.50
123.00 140.00
123.00 140.50
122.50 141.00
122.00 141.50
121.50 142.00
121.00 142.00
120.50 142.00
120.00 142.00
119.50 142.50
119.00 142.50
118.50 142.50
118.00 142.50
117.50 142.50
117.00 142.50
116.50 142.50
116.00 142.50
115.50 142.00
115.00 141.50
114.50 141.50
114.00 141.50
113.50 141.50
113.00 141.00
112.50 141.00
112.00 140.50
111.50 140.00
111.00 139.50
110.50 139.00
110.50 138.50
110.50 138.00
110.50 137.50
110.50 137.00
110.50 136.50
110.50 136.00
110.50 135.50
110.50 135.00
110.50 134.50
111.00 134.00
111.00 133.50
111.50 133.00
111.50 132.50
112.00 132.00
112.00 131.50
112.50 131.00
113.00 131.00
113.50 130.50
114.00 130.00
114.50 130.00
115.00 130.00
115.50 130.00
116.00 130.00
116.50 130.00
117.00 130.00
117.50 130.00
118.00 130.00
118.50 130.50
119.00 130.50
119.50 130.50
120.00 130.50
120.50 131.00
121.00 131.00
121.50 131.50
122.00 132.00
122.50 132.50
122.50 133.00
122.50 133.50
123.00 134.00
123.00 134.50
