113.00 125.50
113.00 125.00
113.50 124.50
114.00 124.00
114.50 123.50
115.00 123.00
115.50 122.50
116.00 122.00
116.50 121.50
117.00 121.00
117.50 121.00
118.00 121.00
118.50 120.50
119.00 120.50
119.50 120.00
120.00 120.00
120.50 120.00
121.00 120.00
121.50 120.00
122.00 120.00
122.50 120.00
123.00 120.00
123.50 120.00
124.00 120.00
124.50 120.00
125.00 120.50
125.50 120.50
126.00 120.50
126.50 121.00
127.00 121.00
127.50 121.50
128.00 121.50
128.50 122.00
129.00 122.50
129.50 122.50
130.00 123.00
130.50 123.50
131.00 123.50
131.50 124.00
132.00 124.50
132.00 125.00
132.50 125.50
133.00 125.50
133.50 126.00
133.50 126.50
134.00 127.00
134.00 127.50
134.50 128.00
134.50 128.50
134.50 129.00
135.00 129.50
135.00 130.00
135.00 130.50
135.00 131.00
135.00 131.50
135.00 132.00
135.00 132.50
135.00 133.00
134.50 133.50
134.50 134.00
134.50 134.50
134.50 135.00
134.00 135.50
134.00 136.00
133.50 136.50
133.50 137.00
133.00 137.50
133.00 138.00
132.50 138.50
132.50 139.00
132.00 139.50
131.50 140.00
131.00 140.50
130.50 141.00
130.50 141.50
130.00 142.00
129.50 142.50
129.00 143.00
128.50 143.50
128.00 143.50
127.50 144.00
127.00 144.00
126.50 144.50
126.00 144.50
125.50 145.00
125.00 145.00
124.50 145.50
124.00 145.50
123.50 145.50
123.00 145.50
122.50 145.50
122.00 145.50
121.50 145.50
121.00 145.50
120.50 145.50
120.00 145.50
119.50 145.50
119.00 145.50
118.50 145.50
118.00 145.00
117.50 145.00
117.00 144.50
116.50 144.50
116.00 144.50
115.50 144.00
115.00 144.00
114.50 143.50
114.00 143.00
113.50 142.50
113.00 142.00
112.50 141.50
112.50 141.00
112.00 140.50
112.00 140.00
111.50 139.50
111.50 139.00
111.00 138.50
111.00 138.00
111.00 137.50
111.00 137.00
110.50 136.50
110.50 136.00
110.50 135.50
110.50 135.00
110.50 134.50
110.50 134.00
110.50 133.50
110.50 133.00
110.50 132.50
110.50 132.00
110.50 131.50
110.50 131.00
111.00 130.50
111.00 130.00
111.00 129.50
111.00 129.00
111.50 128.50
111.50 128.00
112.00 127.50
112.00 127.00
112.50 126.50
112.50 126.00
