136.50 140.50
136.50 141.00
136.00 141.50
136.00 142.00
135.50 142.50
135.00 143.00
134.50 143.50
134.00 144.00
133.50 144.50
133.00 144.50
132.50 145.00
132.00 145.50
131.50 146.00
131.00 146.00
130.50 146.50
130.00 146.50
129.50 147.00
129.00 147.00
128.50 147.00
128.00 147.50
127.50 147.50
127.00 148.00
126.50 148.00
126.00 148.00
125.50 148.50
125.00 148.50
124.50 148.50
124.00 148.50
123.50 148.50
123.00 149.00
122.50 149.00
122.00 149.00
121.50 149.00
121.00 149.00
120.50 149.00
120.00 149.00
119.50 149.00
119.00 149.00
118.50 149.00
118.00 149.00
117.50 148.50
117.00 148.50
116.50 148.50
116.00 148.50
115.50 148.00
115.00 148.00
114.50 147.50
114.00 147.00
113.50 147.00
113.00 146.50
112.50 146.00
112.00 146.00
111.50 145.50
111.00 145.00
110.50 144.50
110.50 144.00
110.00 143.50
109.50 143.00
109.00 142.50
109.00 142.00
108.50 141.50
108.00 141.00
108.00 140.50
107.50 140.00
107.50 139.50
107.50 139.00
107.00 138.50
107.00 138.00
107.00 137.50
106.50 137.00
106.50 136.50
106.50 136.00
106.50 135.50
106.00 135.00
106.00 134.50
106.00 134.00
106.00 133.50
106.00 133.00
106.00 132.50
106.00 132.00
106.00 131.50
106.00 131.00
106.00 130.50
106.00 130.00
106.50 129.50
106.50 129.00
106.50 128.50
106.50 128.00
107.00 127.50
107.00 127.00
107.00 126.50
107.50 126.00
107.50 125.50
108.00 125.00
108.00 124.50
108.50 124.00
108.50 123.50
109.00 123.00
109.50 122.50
110.00 122.00
110.50 121.50
111.00 121.00
111.50 120.50
112.00 120.00
112.50 119.50
113.00 119.00
113.50 118.50
114.00 118.00
114.50 118.00
115.00 118.00
115.50 117.50
116.00 117.00
116.50 117.00
117.00 117.00
117.50 116.50
118.00 116.50
118.50 116.00
119.00 116.00
119.50 116.00
120.00 116.00
120.50 116.00
121.00 115.50
121.50 115.50
122.00 115.50
122.50 115.50
123.00 115.50
123.50 115.50
124.00 115.50
124.50 115.50
125.00 115.50
125.50 115.50
126.00 115.50
126.50 115.50
127.00 116.00
127.50 116.00
128.00 116.00
128.50 116.00
129.00 116.50
129.50 116.50
130.00 116.50
130.50 117.00
131.00 117.00
131.50 117.50
132.00 117.50
132.50 118.00
133.00 118.00
133.50 118.50
134.00 119.00
134.50 119.50
135.00 120.00
135.50 120.50
136.00 121.00
136.00 121.50
136.50 122.00
136.50 122.50
137.00 123.00
137.00 123.50
137.50 124.00
137.50 124.50
137.50 125.00
138.00 125.50
138.00 126.00
138.00 126.50
138.00 127.00
138.00 127.50
138.00 128.00
138.50 128.50
138.50 129.00
138.50 129.50
138.50 130.00
138.50 130.50
138.50 131.00
138.50 131.50
138.50 132.00
138.50 132.50
138.50 133.00
138.50 133.50
138.50 134.00
138.50 134.50
138.50 135.00
138.50 135.50
138.50 136.00
138.00 136.50
138.00 137.00
138.00 137.50
138.00 138.00
137.50 138.50
137.50 139.00
137.50 139.50
137.00 140.00
