144.50 152.00
144.00 152.50
143.50 152.50
143.00 153.00
142.50 153.00
142.00 153.50
141.50 154.00
141.00 154.00
140.50 154.50
140.00 154.50
139.50 155.00
139.00 155.00
138.50 155.50
138.00 155.50
137.50 155.50
137.00 156.00
136.50 156.00
136.00 156.00
135.50 156.50
135.00 156.50
134.50 156.50
134.00 156.50
133.50 157.00
133.00 157.00
132.50 157.00
132.00 157.00
131.50 157.50
131.00 157.50
130.50 157.50
130.00 157.50
129.50 157.50
129.00 158.00
128.50 158.00
128.00 158.00
127.50 158.00
127.00 158.00
126.50 158.00
126.00 158.00
125.50 158.50
125.00 158.50
124.50 158.50
124.00 158.50
123.50 158.50
123.00 158.50
122.50 158.50
122.00 158.50
121.50 158.50
121.00 158.50
120.50 158.50
120.00 158.50
119.50 158.50
119.00 158.50
118.50 158.50
118.00 158.50
117.50 158.50
117.00 158.50
116.50 158.00
116.00 158.00
115.50 158.00
115.00 158.00
114.50 158.00
114.00 157.50
113.50 157.50
113.00 157.00
112.50 157.00
112.00 157.00
111.50 156.50
111.00 156.50
110.50 156.00
110.00 155.50
109.50 155.50
109.00 155.00
108.50 154.50
108.00 154.00
107.50 153.50
107.00 153.00
106.50 152.50
106.00 152.00
106.00 151.50
105.50 151.00
105.00 150.50
104.50 150.00
104.00 149.50
104.00 149.00
103.50 148.50
103.50 148.00
103.00 147.50
103.00 147.00
102.50 146.50
102.50 146.00
102.00 145.50
102.00 145.00
102.00 144.50
101.50 144.00
101.50 143.50
101.00 143.00
101.00 142.50
101.00 142.00
101.00 141.50
101.00 141.00
100.50 140.50
100.50 140.00
100.50 139.50
100.50 139.00
100.50 138.50
100.00 138.00
100.00 137.50
100.00 137.00
100.00 136.50
100.00 136.00
100.00 135.50
100.00 135.00
100.00 134.50
100.00 134.00
100.00 133.50
100.00 133.00
100.00 132.50
100.00 132.00
100.00 131.50
100.00 131.00
100.00 130.50
100.00 130.00
100.00 129.50
100.00 129.00
100.50 128.50
100.50 128.00
100.50 127.50
100.50 127.00
100.50 126.50
100.50 126.00
101.00 125.50
101.00 125.00
101.00 124.50
101.00 124.00
101.00 123.50
101.50 123.00
101.50 122.50
101.50 122.00
101.50 121.50
102.00 121.00
102.00 120.50
102.00 120.00
102.50 119.50
102.50 119.00
103.00 118.50
103.00 118.00
103.50 117.50
103.50 117.00
104.00 116.50
104.00 116.00
104.50 115.50
104.50 115.00
105.00 114.50
105.00 114.00
105.50 113.50
105.50 113.00
106.00 112.50
106.50 112.00
107.00 111.50
107.50 111.00
108.00 110.50
108.50 110.00
109.00 110.00
109.50 109.50
110.00 109.00
110.50 108.50
111.00 108.00
111.50 108.00
112.00 108.00
112.50 107.50
113.00 107.00
113.50 107.00
114.00 106.50
114.50 106.50
115.00 106.50
115.50 106.00
116.00 106.00
116.50 106.00
117.00 105.50
117.50 105.50
118.00 105.50
118.50 105.00
119.00 105.00
119.50 105.00
120.00 105.00
120.50 105.00
121.00 105.00
121.50 104.50
122.00 104.50
122.50 104.50
123.00 104.50
123.50 104.50
124.00 104.50
124.50 104.50
125.00 104.50
125.50 104.50
126.00 104.50
126.50 104.50
127.00 104.50
127.50 104.50
128.00 104.50
128.50 104.50
129.00 104.50
129.50 105.00
130.00 105.00
130.50 105.00
131.00 105.00
131.50 105.00
132.00 105.00
132.50 105.50
133.00 105.50
133.50 105.50
134.00 105.50
134.50 106.00
135.00 106.00
135.50 106.50
136.00 106.50
136.50 106.50
137.00 107.00
137.50 107.00
138.00 107.50
138.50 107.50
139.00 108.00
139.50 108.00
140.00 108.00
140.50 108.50
141.00 109.00
141.50 109.00
142.00 109.50
142.50 110.00
143.00 110.50
143.50 110.50
144.00 111.00
144.50 111.50
145.00 112.00
145.50 112.50
146.00 113.00
146.50 113.50
147.00 114.00
147.50 114.50
147.50 115.00
148.00 115.50
148.50 116.00
149.00 116.50
149.50 117.00
149.50 117.50
150.00 118.00
150.00 118.50
150.50 119.00
151.00 119.50
151.00 120.00
151.50 120.50
151.50 121.00
151.50 121.50
152.00 122.00
152.00 122.50
152.50 123.00
152.50 123.50
152.50 124.00
152.50 124.50
153.00 125.00
153.00 125.50
153.00 126.00
153.00 126.50
153.50 127.00
153.50 127.50
153.50 128.00
153.50 128.50
153.50 129.00
153.50 129.50
153.50 130.00
153.50 130.50
153.50 131.00
153.50 131.50
153.50 132.00
153.50 132.50
153.50 133.00
153.50 133.50
153.50 134.00
153.50 134.50
153.50 135.00
153.50 135.50
153.00 136.00
153.00 136.50
153.00 137.00
153.00 137.50
153.00 138.00
152.50 138.50
152.50 139.00
152.50 139.50
152.00 140.00
152.00 140.50
152.00 141.00
151.50 141.50
151.50 142.00
151.00 142.50
151.00 143.00
151.00 143.50
150.50 144.00
150.50 144.50
150.00 145.00
150.00 145.50
149.50 146.00
149.00 146.50
149.00 147.00
148.50 147.50
148.50 148.00
148.00 148.50
147.50 149.00
147.00 149.50
146.50 150.00
146.00 150.50
145.50 151.00
145.00 151.50
