144.50 139.50
144.00 140.00
143.50 140.50
143.50 141.00
143.00 141.50
142.50 142.00
142.50 142.50
142.00 143.00
141.50 143.50
141.50 144.00
141.00 144.50
140.50 145.00
140.00 145.50
139.50 146.00
139.00 146.50
138.50 147.00
138.00 147.50
137.50 148.00
137.00 148.50
136.50 148.50
136.00 149.00
135.50 149.50
135.00 149.50
134.50 149.50
134.00 150.00
133.50 150.00
133.00 150.50
132.50 150.50
132.00 150.50
131.50 151.00
131.00 151.00
130.50 151.00
130.00 151.50
129.50 151.50
129.00 151.50
128.50 151.50
128.00 151.50
127.50 151.50
127.00 151.50
126.50 151.50
126.00 151.50
125.50 151.50
125.00 151.50
124.50 151.50
124.00 151.50
123.50 151.50
123.00 151.50
122.50 151.50
122.00 151.50
121.50 151.00
121.00 151.00
120.50 151.00
120.00 151.00
119.50 150.50
119.00 150.50
118.50 150.00
118.00 150.00
117.50 150.00
117.00 149.50
116.50 149.50
116.00 149.00
115.50 148.50
115.00 148.00
114.50 148.00
114.00 147.50
113.50 147.00
113.00 146.50
112.50 146.00
112.00 145.50
111.50 145.00
111.00 144.50
110.50 144.00
110.50 143.50
110.00 143.00
110.00 142.50
109.50 142.00
109.00 141.50
108.50 141.00
108.50 140.50
108.50 140.00
108.00 139.50
108.00 139.00
107.50 138.50
107.50 138.00
107.50 137.50
107.00 137.00
107.00 136.50
107.00 136.00
107.00 135.50
106.50 135.00
106.50 134.50
106.50 134.00
106.50 133.50
106.50 133.00
106.50 132.50
106.00 132.00
106.00 131.50
106.00 131.00
106.00 130.50
106.00 130.00
106.00 129.50
106.00 129.00
106.00 128.50
106.00 128.00
106.00 127.50
106.50 127.00
106.50 126.50
106.50 126.00
106.50 125.50
106.50 125.00
107.00 124.50
107.00 124.00
107.00 123.50
107.00 123.00
107.50 122.50
107.50 122.00
107.50 121.50
108.00 121.00
108.00 120.50
108.50 120.00
108.50 119.50
109.00 119.00
109.00 118.50
109.50 118.00
110.00 117.50
110.00 117.00
110.50 116.50
111.00 116.00
111.50 115.50
112.00 115.00
112.50 114.50
113.00 114.00
113.50 113.50
114.00 113.00
114.50 112.50
115.00 112.50
115.50 112.00
116.00 112.00
116.50 111.50
117.00 111.50
117.50 111.00
118.00 111.00
118.50 110.50
119.00 110.50
119.50 110.00
120.00 110.00
120.50 110.00
121.00 109.50
121.50 109.50
122.00 109.50
122.50 109.50
123.00 109.00
123.50 109.00
124.00 109.00
124.50 109.00
125.00 109.00
125.50 109.00
126.00 109.00
126.50 108.50
127.00 108.50
127.50 108.50
128.00 108.50
128.50 108.50
129.00 108.50
129.50 108.50
130.00 108.50
130.50 109.00
131.00 109.00
131.50 109.00
132.00 109.00
132.50 109.00
133.00 109.50
133.50 109.50
134.00 109.50
134.50 109.50
135.00 110.00
135.50 110.00
136.00 110.50
136.50 110.50
137.00 110.50
137.50 111.00
138.00 111.00
138.50 111.50
139.00 112.00
139.50 112.00
140.00 112.50
140.50 113.00
141.00 113.50
141.50 114.00
142.00 114.50
142.50 115.00
143.00 115.50
143.50 116.00
143.50 116.50
144.00 117.00
144.50 117.50
144.50 118.00
145.00 118.50
145.00 119.00
145.00 119.50
145.50 120.00
145.50 120.50
146.00 121.00
146.00 121.50
146.00 122.00
146.50 122.50
146.50 123.00
146.50 123.50
146.50 124.00
147.00 124.50
147.00 125.00
147.00 125.50
147.00 126.00
147.00 126.50
147.00 127.00
147.00 127.50
147.00 128.00
147.00 128.50
147.00 129.00
147.00 129.50
147.00 130.00
147.00 130.50
147.00 131.00
147.00 131.50
147.00 132.00
146.50 132.50
146.50 133.00
146.50 133.50
146.50 134.00
146.50 134.50
146.00 135.00
146.00 135.50
146.00 136.00
145.50 136.50
145.50 137.00
145.00 137.50
145.00 138.00
144.50 138.50
144.50 139.00
