123.00 117.00
123.50 117.00
124.00 117.00
124.50 117.00
125.00 117.00
125.50 117.00
126.00 117.50
126.50 117.50
127.00 117.50
127.50 118.00
128.00 118.00
128.50 118.50
129.00 118.50
129.50 119.00
130.00 119.00
130.50 119.50
131.00 120.00
131.50 120.50
132.00 121.00
132.50 121.50
133.00 122.00
133.00 122.50
133.50 123.00
133.50 123.50
134.00 124.00
134.00 124.50
134.00 125.00
134.00 125.50
134.50 126.00
134.50 126.50
134.50 127.00
134.50 127.50
134.50 128.00
134.50 128.50
134.50 129.00
134.50 129.50
134.50 130.00
134.50 130.50
134.50 131.00
134.00 131.50
134.00 132.00
134.00 132.50
134.00 133.00
133.50 133.50
133.50 134.00
133.50 134.50
133.50 135.00
133.00 135.50
133.00 136.00
132.50 136.50
132.50 137.00
132.50 137.50
132.00 138.00
131.50 138.50
131.00 139.00
131.00 139.50
130.50 140.00
130.00 140.50
130.00 141.00
129.50 141.50
129.00 141.50
128.50 142.00
128.00 142.50
127.50 142.50
127.00 143.00
126.50 143.00
126.00 143.00
125.50 143.50
125.00 143.50
124.50 143.50
124.00 144.00
123.50 144.00
123.00 144.00
122.50 144.00
122.00 144.00
121.50 144.00
121.00 144.00
120.50 144.00
120.00 144.00
119.50 144.00
119.00 143.50
118.50 143.50
118.00 143.50
117.50 143.00
117.00 143.00
116.50 142.50
116.00 142.50
115.50 142.00
115.00 141.50
114.50 141.00
114.00 140.50
113.50 140.00
113.00 139.50
113.00 139.00
112.50 138.50
112.50 138.00
112.50 137.50
112.00 137.00
112.00 136.50
112.00 136.00
112.00 135.50
112.00 135.00
112.00 134.50
112.00 134.00
112.00 133.50
112.00 133.00
112.00 132.50
112.00 132.00
112.00 131.50
112.00 131.00
112.00 130.50
112.00 130.00
112.00 129.50
112.00 129.00
112.00 128.50
112.00 128.00
112.00 127.50
112.00 127.00
112.50 126.50
112.50 126.00
112.50 125.50
112.50 125.00
112.50 124.50
113.00 124.00
113.00 123.50
113.00 123.00
113.00 122.50
113.50 122.00
114.00 121.50
114.00 121.00
114.50 120.50
115.00 120.00
115.50 119.50
116.00 119.00
116.50 119.00
117.00 118.50
117.50 118.00
118.00 118.00
118.50 118.00
119.00 117.50
119.50 117.50
120.00 117.50
120.50 117.00
121.00 117.00
121.50 117.00
122.00 117.00
122.50 117.00
