144.00 132.00
144.00 132.50
144.00 133.00
143.50 133.50
143.50 134.00
143.50 134.50
143.50 135.00
143.00 135.50
143.00 136.00
143.00 136.50
142.50 137.00
142.50 137.50
142.00 138.00
142.00 138.50
141.50 139.00
141.50 139.50
141.00 140.00
140.50 140.50
140.50 141.00
140.00 141.50
139.50 142.00
139.00 142.50
138.50 143.00
138.00 143.50
137.50 144.00
137.00 144.50
136.50 145.00
136.00 145.50
135.50 145.50
135.00 146.00
134.50 146.50
134.00 147.00
133.50 147.00
133.00 147.50
132.50 147.50
132.00 148.00
131.50 148.00
131.00 148.00
130.50 148.50
130.00 148.50
129.50 148.50
129.00 148.50
128.50 149.00
128.00 149.00
127.50 149.00
127.00 149.00
126.50 149.00
126.00 149.50
125.50 149.50
125.00 149.50
124.50 149.50
124.00 149.50
123.50 149.50
123.00 149.50
122.50 149.50
122.00 149.50
121.50 149.50
121.00 149.00
120.50 149.00
120.00 149.00
119.50 149.00
119.00 149.00
118.50 148.50
118.00 148.50
117.50 148.50
117.00 148.00
116.50 148.00
116.00 148.00
115.50 147.50
115.00 147.00
114.50 147.00
114.00 146.50
113.50 146.00
113.00 146.00
112.50 145.50
112.00 145.00
111.50 144.50
111.00 144.00
110.50 143.50
110.00 143.00
110.00 142.50
109.50 142.00
109.00 141.50
109.00 141.00
108.50 140.50
108.50 140.00
108.00 139.50
108.00 139.00
108.00 138.50
107.50 138.00
107.50 137.50
107.50 137.00
107.50 136.50
107.50 136.00
107.00 135.50
107.00 135.00
107.00 134.50
107.00 134.00
107.00 133.50
107.00 133.00
107.00 132.50
107.00 132.00
107.00 131.50
107.00 131.00
107.00 130.50
107.00 130.00
107.50 129.50
107.50 129.00
107.50 128.50
107.50 128.00
107.50 127.50
108.00 127.00
108.00 126.50
108.00 126.00
108.50 125.50
108.50 125.00
109.00 124.50
109.00 124.00
109.50 123.50
109.50 123.00
110.00 122.50
110.00 122.00
110.50 121.50
111.00 121.00
111.50 120.50
111.50 120.00
112.00 119.50
112.50 119.00
113.00 118.50
113.50 118.00
114.00 117.50
114.50 117.00
115.00 117.00
115.50 116.50
116.00 116.00
116.50 115.50
117.00 115.00
117.50 115.00
118.00 114.50
118.50 114.00
119.00 114.00
119.50 113.50
120.00 113.50
120.50 113.00
121.00 113.00
121.50 112.50
122.00 112.50
122.50 112.00
123.00 112.00
123.50 112.00
124.00 111.50
124.50 111.50
125.00 111.50
125.50 111.50
126.00 111.50
126.50 111.50
127.00 111.50
127.50 111.00
128.00 111.00
128.50 111.00
129.00 111.50
129.50 111.50
130.00 111.50
130.50 111.50
131.00 111.50
131.50 111.50
132.00 112.00
132.50 112.00
133.00 112.50
133.50 112.50
134.00 112.50
134.50 113.00
135.00 113.50
135.50 113.50
136.00 114.00
136.50 114.50
137.00 114.50
137.50 115.00
138.00 115.50
138.50 116.00
139.00 116.50
139.50 117.00
139.50 117.50
140.00 118.00
140.50 118.50
141.00 119.00
141.50 119.50
141.50 120.00
142.00 120.50
142.00 121.00
142.00 121.50
142.50 122.00
143.00 122.50
143.00 123.00
143.00 123.50
143.50 124.00
143.50 124.50
143.50 125.00
143.50 125.50
144.00 126.00
144.00 126.50
144.00 127.00
144.00 127.50
144.00 128.00
144.00 128.50
144.00 129.00
144.00 129.50
144.00 130.00
144.00 130.50
144.00 131.00
144.00 131.50
