115.00 110.50
115.50 110.00
116.00 110.00
116.50 109.50
117.00 109.50
117.50 109.00
118.00 109.00
118.50 109.00
119.00 108.50
119.50 108.50
120.00 108.50
120.50 108.50
121.00 108.00
121.50 108.00
122.00 108.00
122.50 108.00
123.00 108.00
123.50 107.50
124.00 107.50
124.50 107.50
125.00 107.50
125.50 107.50
126.00 107.50
126.50 107.50
127.00 107.50
127.50 107.50
128.00 107.50
128.50 107.50
129.00 107.50
129.50 107.50
130.00 107.50
130.50 107.50
131.00 107.50
131.50 107.50
132.00 108.00
132.50 108.00
133.00 108.00
133.50 108.00
134.00 108.50
134.50 108.50
135.00 109.00
135.50 109.00
136.00 109.00
136.50 109.50
137.00 109.50
137.50 110.00
138.00 110.00
138.50 110.00
139.00 110.50
139.50 111.00
140.00 111.00
140.50 111.50
141.00 112.00
141.50 112.00
142.00 112.50
142.50 113.00
143.00 113.50
143.50 114.00
144.00 114.50
144.50 115.00
145.00 115.50
145.50 116.00
146.00 116.50
146.00 117.00
146.50 117.50
147.00 118.00
147.50 118.50
147.50 119.00
148.00 119.50
148.00 120.00
148.50 120.50
148.50 121.00
149.00 121.50
149.00 122.00
149.50 122.50
149.50 123.00
149.50 123.50
150.00 124.00
150.00 124.50
150.00 125.00
150.50 125.50
150.50 126.00
150.50 126.50
150.50 127.00
150.50 127.50
150.50 128.00
151.00 128.50
151.00 129.00
151.00 129.50
151.00 130.00
151.00 130.50
151.00 131.00
151.00 131.50
151.00 132.00
151.00 132.50
151.00 133.00
151.00 133.50
151.00 134.00
150.50 134.50
150.50 135.00
150.50 135.50
150.50 136.00
150.50 136.50
150.00 137.00
150.00 137.50
150.00 138.00
150.00 138.50
149.50 139.00
149.50 139.50
149.50 140.00
149.00 140.50
148.50 141.00
148.50 141.50
148.00 142.00
148.00 142.50
147.50 143.00
147.00 143.50
147.00 144.00
146.50 144.50
146.00 145.00
145.50 145.50
145.50 146.00
145.00 146.50
144.50 147.00
144.00 147.50
143.50 148.00
143.00 148.00
142.50 148.50
142.00 149.00
141.50 149.50
141.00 149.50
140.50 150.00
140.00 150.50
139.50 150.50
139.00 151.00
138.50 151.00
138.00 151.50
137.50 151.50
137.00 152.00
136.50 152.00
136.00 152.50
135.50 152.50
135.00 153.00
134.50 153.00
134.00 153.00
133.50 153.50
133.00 153.50
132.50 153.50
132.00 153.50
131.50 153.50
131.00 154.00
130.50 154.00
130.00 154.00
129.50 154.00
129.00 154.00
128.50 154.00
128.00 154.00
127.50 154.00
127.00 154.00
126.50 154.00
126.00 154.00
125.50 154.00
125.00 154.00
124.50 154.00
124.00 154.00
123.50 154.00
123.00 154.00
122.50 154.00
122.00 154.00
121.50 154.00
121.00 153.50
120.50 153.50
120.00 153.50
119.50 153.50
119.00 153.50
118.50 153.00
118.00 153.00
117.50 153.00
117.00 152.50
116.50 152.50
116.00 152.50
115.50 152.00
115.00 152.00
114.50 152.00
114.00 151.50
113.50 151.50
113.00 151.00
112.50 151.00
112.00 150.50
111.50 150.50
111.00 150.00
110.50 149.50
110.00 149.00
109.50 149.00
109.00 148.50
108.50 148.00
108.00 147.50
107.50 147.00
107.00 146.50
107.00 146.00
106.50 145.50
106.00 145.00
106.00 144.50
105.50 144.00
105.00 143.50
105.00 143.00
104.50 142.50
104.00 142.00
104.00 141.50
103.50 141.00
103.50 140.50
103.50 140.00
103.00 139.50
103.00 139.00
103.00 138.50
103.00 138.00
102.50 137.50
102.50 137.00
102.50 136.50
102.00 136.00
102.00 135.50
102.00 135.00
102.00 134.50
102.00 134.00
102.00 133.50
102.00 133.00
102.00 132.50
102.00 132.00
101.50 131.50
101.50 131.00
101.50 130.50
101.50 130.00
101.50 129.50
101.50 129.00
102.00 128.50
102.00 128.00
102.00 127.50
102.00 127.00
102.00 126.50
102.00 126.00
102.00 125.50
102.50 125.00
102.50 124.50
102.50 124.00
102.50 123.50
103.00 123.00
103.00 122.50
103.00 122.00
103.50 121.50
103.50 121.00
104.00 120.50
104.00 120.00
104.50 119.50
104.50 119.00
105.00 118.50
105.00 118.00
105.50 117.50
106.00 117.00
106.50 116.50
107.00 116.00
107.50 115.50
108.00 115.00
108.50 114.50
109.00 114.00
109.50 113.50
110.00 113.00
110.50 112.50
111.00 112.50
111.50 112.50
112.00 112.00
112.50 111.50
113.00 111.00
113.50 111.00
114.00 111.00
114.50 110.50
