111.00 122.00
111.50 121.50
112.00 121.50
112.50 121.00
113.00 120.50
113.50 120.50
114.00 120.00
114.50 120.00
115.00 119.50
115.50 119.50
116.00 119.50
116.50 119.00
117.00 119.00
117.50 119.00
118.00 119.00
118.50 118.50
119.00 118.50
119.50 118.50
120.00 118.50
120.50 118.50
121.00 118.50
121.50 118.50
122.00 118.50
122.50 118.50
123.00 118.50
123.50 118.50
124.00 119.00
124.50 119.00
125.00 119.00
125.50 119.00
126.00 119.50
126.50 119.50
127.00 119.50
127.50 120.00
128.00 120.00
128.50 120.50
129.00 120.50
129.50 121.00
130.00 121.50
130.50 121.50
131.00 122.00
131.50 122.50
132.00 122.50
132.50 123.00
133.00 123.50
133.00 124.00
133.50 124.50
134.00 125.00
134.50 125.50
134.50 126.00
135.00 126.50
135.00 127.00
135.50 127.50
135.50 128.00
136.00 128.50
136.00 129.00
136.00 129.50
136.00 130.00
136.50 130.50
136.50 131.00
136.50 131.50
136.50 132.00
136.50 132.50
136.50 133.00
136.50 133.50
136.50 134.00
136.50 134.50
136.50 135.00
136.50 135.50
136.50 136.00
136.50 136.50
136.50 137.00
136.50 137.50
136.50 138.00
136.00 138.50
136.00 139.00
136.00 139.50
136.00 140.00
135.50 140.50
135.50 141.00
135.50 141.50
135.00 142.00
135.00 142.50
134.50 143.00
134.50 143.50
134.50 144.00
134.00 144.50
133.50 145.00
133.50 145.50
133.00 146.00
132.50 146.50
132.50 147.00
132.00 147.50
131.50 148.00
131.00 148.50
130.50 149.00
130.00 149.50
129.50 150.00
129.00 150.50
128.50 150.50
128.00 151.00
127.50 151.50
127.00 151.50
126.50 152.00
126.00 152.00
125.50 152.50
125.00 152.50
124.50 153.00
124.00 153.00
123.50 153.00
123.00 153.50
122.50 153.50
122.00 153.50
121.50 153.50
121.00 154.00
120.50 154.00
120.00 154.00
119.50 154.00
119.00 154.00
118.50 154.00
118.00 154.00
117.50 154.00
117.00 154.00
116.50 154.00
116.00 154.00
115.50 154.00
115.00 154.00
114.50 153.50
114.00 153.50
113.50 153.50
113.00 153.00
112.50 153.00
112.00 152.50
111.50 152.00
111.00 152.00
110.50 151.50
110.50 151.00
110.00 150.50
109.50 150.00
109.50 149.50
109.00 149.00
108.50 148.50
108.50 148.00
108.50 147.50
108.00 147.00
108.00 146.50
107.50 146.00
107.50 145.50
107.50 145.00
107.00 144.50
107.00 144.00
106.50 143.50
106.50 143.00
106.50 142.50
106.50 142.00
106.00 141.50
106.00 141.00
106.00 140.50
105.50 140.00
105.50 139.50
105.50 139.00
105.50 138.50
105.50 138.00
105.00 137.50
105.00 137.00
105.00 136.50
105.00 136.00
105.00 135.50
105.00 135.00
105.00 134.50
105.00 134.00
105.00 133.50
105.00 133.00
105.00 132.50
105.00 132.00
105.00 131.50
105.50 131.00
105.50 130.50
105.50 130.00
105.50 129.50
106.00 129.00
106.00 128.50
106.50 128.00
106.50 127.50
107.00 127.00
107.00 126.50
107.50 126.00
108.00 125.50
108.00 125.00
108.50 124.50
109.00 124.00
109.50 123.50
110.00 123.00
110.50 122.50
