124.00 145.50
124.50 145.00
125.00 145.00
125.50 145.00
126.00 144.50
126.50 144.00
127.00 143.50
127.50 143.00
128.00 142.50
128.50 142.00
129.00 142.00
129.50 141.50
130.00 141.50
130.50 141.50
131.00 141.50
131.50 142.00
132.00 142.00
132.50 142.50
133.00 143.00
133.00 143.50
133.00 144.00
133.00 144.50
133.00 145.00
133.00 145.50
132.50 146.00
132.00 146.00
131.50 146.50
131.00 146.50
130.50 146.50
130.00 147.00
129.50 147.00
129.00 147.00
128.50 147.00
128.00 147.00
127.50 147.50
127.00 147.50
126.50 147.50
126.00 147.50
125.50 147.50
125.00 147.50
124.50 147.50
124.00 147.50
123.50 147.00
123.00 146.50
122.50 146.00
122.00 146.50
121.50 147.00
121.00 147.00
120.50 147.00
120.00 147.00
119.50 147.00
119.00 147.00
118.50 147.00
118.00 146.50
117.50 146.00
117.00 145.50
116.50 145.00
116.50 144.50
116.50 144.00
116.50 143.50
116.50 143.00
116.50 142.50
116.50 142.00
116.50 141.50
117.00 141.00
117.50 140.50
118.00 140.00
118.50 140.00
119.00 140.00
119.50 140.00
120.00 140.00
120.50 140.00
121.00 140.50
121.50 140.50
122.00 141.00
122.50 141.50
123.00 142.00
123.00 142.50
123.50 143.00
123.50 143.50
123.50 144.00
123.50 144.50
123.50 145.00
124.00 145.50
