109.00 128.50
109.50 128.00
110.00 127.50
110.50 127.00
111.00 126.50
111.50 126.50
112.00 126.50
112.50 126.00
113.00 126.00
113.50 126.00
114.00 126.00
114.50 125.50
115.00 125.50
115.50 125.50
116.00 125.50
116.50 125.50
117.00 125.50
117.50 125.50
118.00 125.50
118.50 125.50
119.00 125.50
119.50 125.50
120.00 125.50
120.50 125.50
121.00 126.00
121.50 126.00
122.00 126.00
122.50 126.00
123.00 126.50
123.50 126.50
124.00 126.50
124.50 127.00
125.00 127.50
125.50 127.50
126.00 128.00
126.50 128.50
127.00 129.00
127.50 129.50
128.00 130.00
128.00 130.50
128.50 131.00
128.50 131.50
129.00 132.00
129.00 132.50
129.50 133.00
129.50 133.50
129.50 134.00
129.50 134.50
130.00 135.00
130.00 135.50
130.00 136.00
130.00 136.50
130.00 137.00
130.00 137.50
130.00 138.00
130.00 138.50
130.00 139.00
130.00 139.50
130.00 140.00
130.00 140.50
130.00 141.00
129.50 141.50
129.50 142.00
129.50 142.50
129.00 143.00
128.50 143.50
128.50 144.00
128.00 144.50
127.50 145.00
127.00 145.50
126.50 145.50
126.00 146.00
125.50 146.00
125.00 146.00
124.50 146.00
124.00 146.50
123.50 146.50
123.00 146.50
122.50 146.50
122.00 146.50
121.50 146.50
121.00 146.50
120.50 146.50
120.00 146.50
119.50 146.50
119.00 146.50
118.50 146.00
118.00 146.00
117.50 146.00
117.00 146.00
116.50 146.00
116.00 146.00
115.50 145.50
115.00 145.50
114.50 145.50
114.00 145.50
113.50 145.50
113.00 145.00
112.50 145.00
112.00 145.00
111.50 144.50
111.00 144.50
110.50 144.00
110.00 144.00
109.50 143.50
109.00 143.50
108.50 143.00
108.50 142.50
108.00 142.00
107.50 141.50
107.50 141.00
107.00 140.50
107.00 140.00
106.50 139.50
106.50 139.00
106.50 138.50
106.50 138.00
106.50 137.50
106.50 137.00
106.50 136.50
106.50 136.00
106.50 135.50
106.50 135.00
106.50 134.50
106.50 134.00
106.50 133.50
107.00 133.00
107.00 132.50
107.00 132.00
107.50 131.50
107.50 131.00
108.00 130.50
108.00 130.00
108.50 129.50
108.50 129.00
