114.50 140.50
114.00 140.00
113.50 139.50
113.00 139.00
112.50 138.50
112.00 138.00
112.00 137.50
111.50 137.00
111.50 136.50
111.50 136.00
111.50 135.50
111.50 135.00
111.50 134.50
111.50 134.00
111.50 133.50
111.50 133.00
111.50 132.50
112.00 132.00
112.00 131.50
112.00 131.00
112.50 130.50
112.50 130.00
113.00 129.50
113.50 129.00
114.00 128.50
114.50 128.50
115.00 128.00
115.50 128.00
116.00 127.50
116.50 127.50
117.00 127.50
117.50 127.00
118.00 127.00
118.50 127.00
119.00 127.00
119.50 127.00
120.00 127.00
120.50 127.00
121.00 127.00
121.50 127.00
122.00 127.50
122.50 127.50
123.00 127.50
123.50 128.00
124.00 128.50
124.50 129.00
125.00 129.50
125.50 130.00
125.50 130.50
126.00 131.00
126.00 131.50
126.00 132.00
126.00 132.50
126.00 133.00
126.00 133.50
126.00 134.00
126.00 134.50
126.00 135.00
126.00 135.50
126.00 136.00
125.50 136.50
125.50 137.00
125.50 137.50
125.00 138.00
125.00 138.50
124.50 139.00
124.00 139.00
123.50 139.50
123.00 140.00
122.50 140.50
122.00 141.00
121.50 141.00
121.00 141.00
120.50 141.50
120.00 141.50
119.50 141.50
119.00 141.50
118.50 141.50
118.00 141.50
117.50 141.50
117.00 141.50
116.50 141.00
116.00 141.00
115.50 141.00
115.00 141.00
