112.50 125.00
113.00 124.50
113.50 124.00
114.00 123.50
114.50 123.50
115.00 123.00
115.50 123.00
116.00 122.50
116.50 122.50
117.00 122.50
117.50 122.50
118.00 122.00
118.50 122.00
119.00 122.00
119.50 122.00
120.00 122.00
120.50 122.00
121.00 122.00
121.50 122.00
122.00 122.00
122.50 122.00
123.00 122.00
123.50 122.50
124.00 122.50
124.50 122.50
125.00 122.50
125.50 123.00
126.00 123.00
126.50 123.50
127.00 123.50
127.50 124.00
128.00 124.50
128.50 125.00
129.00 125.50
129.00 126.00
129.50 126.50
129.50 127.00
129.50 127.50
129.50 128.00
130.00 128.50
130.00 129.00
130.00 129.50
130.00 130.00
130.00 130.50
130.00 131.00
130.00 131.50
130.00 132.00
130.00 132.50
130.00 133.00
130.00 133.50
130.00 134.00
130.00 134.50
130.00 135.00
129.50 135.50
129.50 136.00
129.50 136.50
129.00 137.00
129.00 137.50
128.50 138.00
128.00 138.50
128.00 139.00
127.50 139.50
127.00 140.00
126.50 140.50
126.00 141.00
125.50 141.50
125.00 141.50
124.50 142.00
124.00 142.00
123.50 142.50
123.00 142.50
122.50 142.50
122.00 143.00
121.50 143.00
121.00 143.00
120.50 143.00
120.00 143.00
119.50 143.00
119.00 143.00
118.50 143.00
118.00 143.00
117.50 142.50
117.00 142.50
116.50 142.00
116.00 142.00
115.50 142.00
115.00 141.50
114.50 141.50
114.00 141.00
113.50 140.50
113.00 140.00
112.50 139.50
112.50 139.00
112.00 138.50
111.50 138.00
111.50 137.50
111.00 137.00
111.00 136.50
111.00 136.00
110.50 135.50
110.50 135.00
110.50 134.50
110.50 134.00
110.00 133.50
110.00 133.00
110.00 132.50
110.00 132.00
110.00 131.50
110.00 131.00
110.00 130.50
110.00 130.00
110.00 129.50
110.50 129.00
110.50 128.50
110.50 128.00
111.00 127.50
111.50 127.00
111.50 126.50
111.50 126.00
112.00 125.50
