135.50 131.00
135.50 131.50
136.00 132.00
136.00 132.50
136.00 133.00
136.00 133.50
135.50 134.00
135.00 134.00
134.50 134.00
134.00 133.50
133.50 133.50
133.00 133.00
132.50 133.00
132.00 133.00
131.50 132.50
131.00 132.50
130.50 132.00
130.00 132.00
129.50 132.00
129.00 132.00
128.50 131.50
128.00 131.50
127.50 131.00
127.00 130.50
127.00 130.00
127.00 129.50
126.50 129.00
126.50 128.50
126.50 128.00
127.00 127.50
127.00 127.00
127.50 126.50
128.00 126.00
128.50 125.50
129.00 125.00
129.50 125.00
130.00 124.50
130.50 124.50
131.00 124.00
131.50 124.00
132.00 124.00
132.50 124.50
133.00 125.00
133.50 125.50
133.50 126.00
134.00 126.50
134.00 127.00
134.00 127.50
134.50 128.00
135.00 128.50
135.00 129.00
135.00 129.50
135.50 130.00
135.50 130.50
