140.50 122.00
141.00 122.50
141.00 123.00
141.00 123.50
141.50 124.00
142.00 124.50
142.00 125.00
142.00 125.50
142.50 126.00
142.50 126.50
142.50 127.00
143.00 127.50
143.00 128.00
143.00 128.50
143.00 129.00
143.50 129.50
143.50 130.00
143.50 130.50
143.50 131.00
143.50 131.50
143.50 132.00
143.50 132.50
143.50 133.00
144.00 133.50
144.00 134.00
144.00 134.50
143.50 135.00
143.50 135.50
143.50 136.00
143.50 136.50
143.50 137.00
143.50 137.50
143.50 138.00
143.50 138.50
143.00 139.00
143.00 139.50
143.00 140.00
143.00 140.50
142.50 141.00
142.50 141.50
142.50 142.00
142.00 142.50
142.00 143.00
141.50 143.50
141.00 144.00
141.00 144.50
140.50 145.00
140.00 145.50
140.00 146.00
139.50 146.50
139.00 147.00
138.50 147.50
138.00 148.00
137.50 148.50
137.00 148.50
136.50 149.00
136.00 149.50
135.50 150.00
135.00 150.50
134.50 150.50
134.00 151.00
133.50 151.00
133.00 151.50
132.50 151.50
132.00 152.00
131.50 152.00
131.00 152.50
130.50 152.50
130.00 152.50
129.50 152.50
129.00 153.00
128.50 153.00
128.00 153.00
127.50 153.50
127.00 153.50
126.50 153.50
126.00 153.50
125.50 153.50
125.00 154.00
124.50 154.00
124.00 154.00
123.50 154.00
123.00 154.00
122.50 154.00
122.00 154.00
121.50 154.00
121.00 154.00
120.50 154.00
120.00 154.00
119.50 154.00
119.00 154.00
118.50 154.00
118.00 153.50
117.50 153.50
117.00 153.50
116.50 153.50
116.00 153.50
115.50 153.00
115.00 153.00
114.50 153.00
114.00 153.00
113.50 152.50
113.00 152.00
112.50 152.00
112.00 152.00
111.50 151.50
111.00 151.50
110.50 151.00
110.00 150.50
109.50 150.00
109.00 149.50
108.50 149.00
108.00 148.50
108.00 148.00
107.50 147.50
107.50 147.00
107.00 146.50
107.00 146.00
106.50 145.50
106.50 145.00
106.50 144.50
106.00 144.00
106.00 143.50
106.00 143.00
106.00 142.50
106.00 142.00
105.50 141.50
105.50 141.00
105.50 140.50
105.50 140.00
105.50 139.50
105.50 139.00
105.50 138.50
105.50 138.00
105.50 137.50
105.50 137.00
105.50 136.50
105.50 136.00
105.50 135.50
105.50 135.00
105.50 134.50
105.50 134.00
105.50 133.50
105.50 133.00
106.00 132.50
106.00 132.00
106.00 131.50
106.00 131.00
106.00 130.50
106.00 130.00
106.50 129.50
106.50 129.00
106.50 128.50
106.50 128.00
107.00 127.50
107.00 127.00
107.00 126.50
107.50 126.00
107.50 125.50
108.00 125.00
108.00 124.50
108.00 124.00
108.50 123.50
108.50 123.00
109.00 122.50
109.50 122.00
110.00 121.50
110.00 121.00
110.50 120.50
111.00 120.00
111.50 119.50
112.00 119.00
112.50 118.50
113.00 118.00
113.50 117.50
114.00 117.50
114.50 117.00
115.00 116.50
115.50 116.50
116.00 116.00
116.50 115.50
117.00 115.50
117.50 115.00
118.00 115.00
118.50 114.50
119.00 114.50
119.50 114.50
120.00 114.50
120.50 114.00
121.00 114.00
121.50 114.00
122.00 113.50
122.50 113.50
123.00 113.50
123.50 113.50
124.00 113.50
124.50 113.50
125.00 113.50
125.50 113.50
126.00 113.50
126.50 113.50
127.00 113.50
127.50 113.50
128.00 113.50
128.50 113.50
129.00 113.50
129.50 114.00
130.00 114.00
130.50 114.00
131.00 114.50
131.50 114.50
132.00 115.00
132.50 115.00
133.00 115.00
133.50 115.50
134.00 116.00
134.50 116.00
135.00 116.50
135.50 116.50
136.00 117.00
136.50 117.50
137.00 118.00
137.50 118.50
138.00 119.00
138.50 119.50
139.00 120.00
139.50 120.50
139.50 121.00
140.00 121.50
