136.50 128.00
136.00 128.00
135.50 128.50
135.00 128.50
134.50 128.50
134.00 128.50
133.50 128.50
133.00 128.50
132.50 128.00
132.00 128.00
131.50 127.50
131.00 127.50
130.50 127.50
130.00 127.00
129.50 126.50
129.00 126.00
128.50 125.50
128.50 125.00
129.00 124.50
129.50 124.00
130.00 123.50
130.50 123.50
131.00 123.00
131.50 123.00
132.00 123.00
132.50 123.00
133.00 122.50
133.50 122.50
134.00 122.50
134.50 122.50
135.00 122.50
135.50 122.50
136.00 122.50
136.50 123.00
137.00 123.50
137.50 124.00
137.50 124.50
137.50 125.00
137.50 125.50
137.50 126.00
137.50 126.50
137.00 127.00
137.00 127.50
