121.00 144.50
120.50 144.50
120.50 144.00
120.50 143.50
120.00 143.00
120.00 142.50
120.00 142.00
120.00 141.50
120.50 141.00
120.50 140.50
121.00 140.00
121.00 139.50
121.50 139.00
122.00 138.50
122.50 138.00
123.00 138.00
123.50 138.00
124.00 138.00
124.50 138.50
125.00 139.00
125.00 139.50
125.50 140.00
125.50 140.50
125.50 141.00
125.50 141.50
125.50 142.00
125.50 142.50
125.00 143.00
125.00 143.50
124.50 144.00
124.00 144.50
123.50 145.00
123.00 145.00
122.50 145.00
122.00 145.00
121.50 145.00
