128.00 101.50
128.50 101.00
129.00 101.00
129.50 101.00
130.00 101.00
130.50 101.00
131.00 100.50
131.50 100.50
132.00 100.50
132.50 100.50
133.00 100.50
133.50 100.50
134.00 100.50
134.50 100.50
135.00 100.50
135.50 100.50
136.00 100.50
136.50 100.50
137.00 100.50
137.50 100.50
138.00 100.50
138.50 100.50
139.00 100.50
139.50 100.50
140.00 100.50
140.50 101.00
141.00 101.00
141.50 101.00
142.00 101.50
142.50 101.50
143.00 101.50
143.50 102.00
144.00 102.00
144.50 102.50
145.00 102.50
145.50 102.50
146.00 103.00
146.50 103.50
147.00 103.50
147.50 104.00
148.00 104.50
148.50 105.00
149.00 105.00
149.50 105.50
150.00 106.00
150.50 106.50
151.00 107.00
151.50 107.50
151.50 108.00
152.00 108.50
152.50 109.00
153.00 109.50
153.50 110.00
153.50 110.50
154.00 111.00
154.50 111.50
154.50 112.00
155.00 112.50
155.00 113.00
155.50 113.50
155.50 114.00
156.00 114.50
156.00 115.00
156.50 115.50
157.00 116.00
157.00 116.50
157.50 117.00
157.50 117.50
157.50 118.00
158.00 118.50
158.00 119.00
158.00 119.50
158.50 120.00
158.50 120.50
158.50 121.00
159.00 121.50
159.00 122.00
159.00 122.50
159.50 123.00
159.50 123.50
159.50 124.00
159.50 124.50
159.50 125.00
160.00 125.50
160.00 126.00
160.00 126.50
160.00 127.00
160.00 127.50
160.00 128.00
160.00 128.50
160.00 129.00
160.00 129.50
160.00 130.00
160.00 130.50
160.00 131.00
160.00 131.50
160.00 132.00
160.00 132.50
160.00 133.00
160.00 133.50
159.50 134.00
159.50 134.50
159.50 135.00
159.00 135.50
159.00 136.00
159.00 136.50
158.50 137.00
158.50 137.50
158.00 138.00
158.00 138.50
158.00 139.00
157.50 139.50
157.00 140.00
157.00 140.50
156.50 141.00
156.50 141.50
156.00 142.00
155.50 142.50
155.00 143.00
154.50 143.50
154.50 144.00
154.00 144.50
153.50 145.00
153.00 145.50
152.50 146.00
152.00 146.50
151.50 146.50
151.00 147.00
151.00 147.50
150.50 148.00
150.00 148.00
149.50 148.50
149.00 149.00
148.50 149.50
148.00 149.50
147.50 150.00
147.00 150.50
146.50 150.50
146.00 151.00
145.50 151.00
145.00 151.50
144.50 151.50
144.00 152.00
143.50 152.50
143.00 152.50
142.50 152.50
142.00 153.00
141.50 153.00
141.00 153.50
140.50 153.50
140.00 153.50
139.50 153.50
139.00 154.00
138.50 154.00
138.00 154.00
137.50 154.50
137.00 154.50
136.50 154.50
136.00 154.50
135.50 154.50
135.00 155.00
134.50 155.00
134.00 155.00
133.50 155.00
133.00 155.00
132.50 155.00
132.00 155.00
131.50 155.00
131.00 155.00
130.50 155.00
130.00 155.00
129.50 155.00
129.00 155.00
128.50 155.00
128.00 154.50
127.50 154.50
127.00 154.50
126.50 154.50
126.00 154.50
125.50 154.00
125.00 154.00
124.50 154.00
124.00 153.50
123.50 153.00
123.00 153.00
122.50 153.00
122.00 152.50
121.50 152.00
121.00 151.50
120.50 151.50
120.00 151.00
119.50 150.50
119.00 150.50
118.50 150.00
118.00 149.50
117.50 149.00
117.00 148.50
116.50 148.00
116.50 147.50
116.50 147.00
116.00 146.50
115.50 146.00
115.00 145.50
115.00 145.00
114.50 144.50
114.50 144.00
114.00 143.50
114.00 143.00
114.00 142.50
113.50 142.00
113.50 141.50
113.00 141.00
113.00 140.50
113.00 140.00
112.50 139.50
112.50 139.00
112.50 138.50
112.50 138.00
112.50 137.50
112.00 137.00
112.00 136.50
112.00 136.00
112.00 135.50
112.00 135.00
111.50 134.50
111.50 134.00
111.50 133.50
111.50 133.00
111.50 132.50
111.50 132.00
111.50 131.50
111.50 131.00
111.50 130.50
111.50 130.00
111.50 129.50
111.50 129.00
111.50 128.50
111.50 128.00
111.50 127.50
111.50 127.00
111.50 126.50
111.50 126.00
111.50 125.50
111.50 125.00
111.50 124.50
111.50 124.00
111.50 123.50
112.00 123.00
112.00 122.50
112.00 122.00
112.00 121.50
112.00 121.00
112.00 120.50
112.50 120.00
112.50 119.50
112.50 119.00
112.50 118.50
113.00 118.00
113.00 117.50
113.00 117.00
113.00 116.50
113.50 116.00
113.50 115.50
113.50 115.00
114.00 114.50
114.00 114.00
114.00 113.50
114.50 113.00
114.50 112.50
115.00 112.00
115.00 111.50
115.50 111.00
115.50 110.50
116.00 110.00
116.50 109.50
116.50 109.00
117.00 108.50
117.50 108.00
118.00 107.50
118.50 107.00
119.00 106.50
119.50 106.00
120.00 105.50
120.50 105.00
121.00 104.50
121.50 104.50
122.00 104.00
122.50 103.50
123.00 103.50
123.50 103.50
124.00 103.00
124.50 102.50
125.00 102.50
125.50 102.50
126.00 102.00
126.50 102.00
127.00 101.50
127.50 101.50
