132.50 146.50
132.00 146.00
132.00 145.50
132.00 145.00
132.00 144.50
132.00 144.00
132.00 143.50
132.50 143.00
133.00 142.50
133.50 142.00
134.00 141.50
134.50 141.00
135.00 140.50
135.50 140.50
136.00 140.00
136.50 139.50
137.00 139.50
137.50 139.50
138.00 139.00
138.50 139.00
139.00 138.50
139.50 138.50
140.00 138.50
140.50 138.50
141.00 138.50
141.50 138.50
142.00 138.50
142.50 139.00
143.00 139.50
143.50 140.00
143.50 140.50
143.50 141.00
143.50 141.50
143.50 142.00
143.00 142.50
142.50 143.00
142.00 143.50
141.50 143.50
141.00 143.50
140.50 143.50
140.00 143.50
139.50 143.50
139.00 143.00
138.50 143.00
138.00 143.00
137.50 143.00
137.00 143.50
136.50 144.00
136.50 144.50
136.00 145.00
136.00 145.50
135.50 146.00
135.00 146.50
134.50 147.00
134.00 147.00
133.50 147.00
133.00 147.00
