146.00 127.00
146.00 127.50
146.00 128.00
146.00 128.50
146.00 129.00
146.00 129.50
145.50 130.00
145.00 130.00
144.50 130.00
144.00 130.00
143.50 129.50
143.00 129.50
142.50 129.00
142.50 128.50
142.00 128.00
142.00 127.50
142.50 127.00
142.50 126.50
142.50 126.00
142.50 125.50
142.50 125.00
143.00 124.50
143.00 124.00
143.00 123.50
143.50 123.00
143.50 122.50
143.50 122.00
143.50 121.50
143.00 121.00
142.50 121.50
142.00 121.50
141.50 122.00
141.00 122.50
140.50 122.50
140.00 122.50
139.50 123.00
139.00 123.00
138.50 123.50
138.00 123.50
137.50 124.00
137.00 124.00
136.50 124.00
136.00 124.00
135.50 124.00
135.00 124.00
134.50 124.00
134.00 124.00
133.50 123.50
133.00 123.00
133.00 122.50
132.50 122.00
132.50 121.50
132.50 121.00
132.50 120.50
132.50 120.00
133.00 119.50
133.00 119.00
133.50 118.50
134.00 118.00
134.50 117.50
135.00 117.00
135.50 117.00
136.00 117.00
136.50 116.50
137.00 116.50
137.50 116.50
138.00 116.00
138.50 116.00
139.00 116.00
139.50 116.00
140.00 116.00
140.50 116.00
141.00 116.00
141.50 116.50
142.00 116.50
142.50 117.00
143.00 117.50
143.00 118.00
143.50 118.50
144.00 119.00
144.50 119.50
145.00 120.00
145.50 120.00
146.00 120.50
146.50 120.50
147.00 121.00
147.50 121.50
148.00 122.00
148.00 122.50
148.00 123.00
148.00 123.50
148.00 124.00
148.00 124.50
147.50 125.00
147.00 125.50
146.50 126.00
146.00 126.50
