148.00 124.50
148.00 125.00
148.00 125.50
148.50 126.00
148.50 126.50
148.50 127.00
148.50 127.50
148.50 128.00
148.50 128.50
148.00 129.00
148.00 129.50
148.00 130.00
148.00 130.50
148.00 131.00
148.00 131.50
147.50 132.00
147.50 132.50
147.50 133.00
147.00 133.50
147.00 134.00
147.00 134.50
146.50 135.00
146.00 135.50
146.00 136.00
146.00 136.50
145.50 137.00
145.00 137.50
144.50 138.00
144.50 138.50
144.00 139.00
143.50 139.50
143.00 140.00
142.50 140.50
142.00 140.50
141.50 141.00
141.00 141.50
140.50 142.00
140.00 142.00
139.50 142.50
139.00 143.00
138.50 143.00
138.00 143.00
137.50 143.50
137.00 143.50
136.50 144.00
136.00 144.00
135.50 144.00
135.00 144.50
134.50 144.50
134.00 144.50
133.50 144.50
133.00 144.50
132.50 144.50
132.00 144.50
131.50 144.50
131.00 144.50
130.50 144.50
130.00 144.50
129.50 144.50
129.00 144.00
128.50 144.00
128.00 144.00
127.50 143.50
127.00 143.50
126.50 143.50
126.00 143.00
125.50 142.50
125.00 142.00
124.50 142.00
124.00 141.50
123.50 141.00
123.00 140.50
122.50 140.00
122.00 139.50
121.50 139.00
121.00 138.50
120.50 138.00
120.50 137.50
120.00 137.00
120.00 136.50
119.50 136.00
119.50 135.50
119.00 135.00
119.00 134.50
119.00 134.00
118.50 133.50
118.50 133.00
118.50 132.50
118.00 132.00
118.00 131.50
118.00 131.00
118.00 130.50
118.00 130.00
117.50 129.50
117.50 129.00
117.50 128.50
117.50 128.00
117.50 127.50
117.50 127.00
117.00 126.50
117.00 126.00
117.00 125.50
117.00 125.00
117.00 124.50
117.00 124.00
117.00 123.50
117.00 123.00
117.00 122.50
117.00 122.00
117.00 121.50
117.00 121.00
117.00 120.50
117.50 120.00
117.50 119.50
117.50 119.00
117.50 118.50
118.00 118.00
118.00 117.50
118.00 117.00
118.50 116.50
118.50 116.00
119.00 115.50
119.50 115.00
120.00 114.50
120.00 114.00
120.50 113.50
121.00 113.00
121.50 113.00
122.00 112.50
122.50 112.00
123.00 112.00
123.50 111.50
124.00 111.00
124.50 111.00
125.00 111.00
125.50 110.50
126.00 110.50
126.50 110.50
127.00 110.00
127.50 110.00
128.00 110.00
128.50 109.50
129.00 109.50
129.50 109.50
130.00 109.50
130.50 109.50
131.00 109.50
131.50 109.50
132.00 109.50
132.50 109.50
133.00 109.50
133.50 109.50
134.00 109.50
134.50 110.00
135.00 110.00
135.50 110.00
136.00 110.00
136.50 110.50
137.00 110.50
137.50 110.50
138.00 111.00
138.50 111.50
139.00 111.50
139.50 111.50
140.00 112.00
140.50 112.50
141.00 112.50
141.50 113.00
142.00 113.50
142.50 114.00
143.00 114.50
143.50 115.00
144.00 115.50
144.50 116.00
145.00 116.50
145.00 117.00
145.50 117.50
145.50 118.00
146.00 118.50
146.00 119.00
146.50 119.50
147.00 120.00
147.00 120.50
147.00 121.00
147.50 121.50
147.50 122.00
147.50 122.50
148.00 123.00
148.00 123.50
148.00 124.00
