133.50 141.00
133.00 141.50
132.50 142.00
132.00 142.50
131.50 142.50
131.00 143.00
130.50 143.00
130.00 143.50
129.50 143.50
129.00 143.00
128.50 143.00
128.00 143.00
127.50 142.50
127.50 142.00
127.00 141.50
127.00 141.00
127.00 140.50
127.00 140.00
127.00 139.50
127.00 139.00
127.50 138.50
128.00 138.00
128.50 137.50
129.00 137.50
129.50 137.50
130.00 137.50
130.50 137.50
131.00 137.50
131.50 137.50
132.00 137.50
132.50 137.50
133.00 137.50
133.50 137.50
134.00 137.50
134.50 137.50
135.00 137.50
135.50 137.50
136.00 138.00
136.50 138.50
137.00 138.50
137.50 139.00
138.00 139.50
138.50 140.00
139.00 140.50
139.00 141.00
139.50 141.50
139.50 142.00
139.50 142.50
140.00 143.00
140.00 143.50
139.50 144.00
139.50 144.50
139.00 145.00
138.50 145.50
138.00 145.50
137.50 146.00
137.00 146.00
136.50 146.00
136.00 146.00
135.50 146.00
135.00 146.00
134.50 146.00
134.00 146.00
133.50 145.50
133.00 145.00
133.00 144.50
133.50 144.00
133.50 143.50
134.00 143.00
134.00 142.50
134.00 142.00
134.00 141.50
133.50 141.00
