114.00 135.00
114.00 134.50
114.00 134.00
114.00 133.50
114.00 133.00
114.00 132.50
114.00 132.00
114.50 131.50
114.50 131.00
114.50 130.50
115.00 130.00
115.00 129.50
115.00 129.00
115.50 128.50
115.50 128.00
116.00 127.50
116.50 127.00
116.50 126.50
117.00 126.00
117.50 125.50
118.00 125.00
118.50 124.50
119.00 124.00
119.50 123.50
120.00 123.00
120.50 123.00
121.00 122.50
121.50 122.00
122.00 121.50
122.50 121.50
123.00 121.00
123.50 121.00
124.00 121.00
124.50 120.50
125.00 120.50
125.50 120.00
126.00 120.00
126.50 120.00
127.00 120.00
127.50 120.00
128.00 120.00
128.50 119.50
129.00 119.50
129.50 119.50
130.00 119.50
130.50 119.50
131.00 119.50
131.50 120.00
132.00 120.00
132.50 120.00
133.00 120.00
133.50 120.50
134.00 120.50
134.50 121.00
135.00 121.50
135.50 122.00
136.00 122.50
136.00 123.00
136.50 123.50
137.00 124.00
137.00 124.50
137.00 125.00
137.00 125.50
137.50 126.00
137.50 126.50
137.50 127.00
137.50 127.50
138.00 128.00
138.00 128.50
138.00 129.00
138.00 129.50
138.00 130.00
138.00 130.50
138.00 131.00
138.00 131.50
138.00 132.00
138.00 132.50
138.00 133.00
138.00 133.50
137.50 134.00
137.50 134.50
137.50 135.00
137.50 135.50
137.00 136.00
137.00 136.50
137.00 137.00
136.50 137.50
136.50 138.00
136.00 138.50
136.00 139.00
135.50 139.50
135.50 140.00
135.00 140.50
134.50 141.00
134.00 141.50
133.50 142.00
133.00 142.50
132.50 143.00
132.00 143.50
131.50 143.50
131.00 144.00
130.50 144.50
130.00 144.50
129.50 145.00
129.00 145.00
128.50 145.00
128.00 145.50
127.50 145.50
127.00 145.50
126.50 146.00
126.00 146.00
125.50 146.00
125.00 146.00
124.50 146.00
124.00 146.00
123.50 146.00
123.00 146.00
122.50 146.00
122.00 146.00
121.50 145.50
121.00 145.50
120.50 145.50
120.00 145.00
119.50 145.00
119.00 144.50
118.50 144.00
118.00 144.00
117.50 143.50
117.00 143.00
116.50 142.50
116.00 142.00
115.50 141.50
115.50 141.00
115.00 140.50
115.00 140.00
115.00 139.50
114.50 139.00
114.50 138.50
114.50 138.00
114.00 137.50
114.00 137.00
114.00 136.50
114.00 136.00
114.00 135.50
