141.50 121.00
142.00 121.50
142.50 122.00
142.50 122.50
143.00 123.00
143.50 123.50
143.50 124.00
143.50 124.50
143.50 125.00
144.00 125.50
144.00 126.00
144.00 126.50
144.00 127.00
143.50 127.50
143.50 128.00
143.50 128.50
143.50 129.00
143.50 129.50
143.00 130.00
143.00 130.50
142.50 131.00
142.50 131.50
142.00 132.00
142.00 132.50
141.50 133.00
141.50 133.50
141.00 134.00
140.50 134.50
140.00 135.00
139.50 135.50
139.00 136.00
138.50 136.50
138.00 136.50
137.50 137.00
137.00 137.50
136.50 137.50
136.00 137.50
135.50 138.00
135.00 138.00
134.50 138.50
134.00 138.50
133.50 138.50
133.00 138.50
132.50 138.50
132.00 138.50
131.50 138.50
131.00 138.50
130.50 138.50
130.00 138.50
129.50 138.50
129.00 138.50
128.50 138.50
128.00 138.00
127.50 138.00
127.00 138.00
126.50 137.50
126.00 137.50
125.50 137.00
125.00 137.00
124.50 136.50
124.00 136.00
123.50 136.00
123.00 135.50
123.00 135.00
122.50 134.50
122.00 134.00
121.50 133.50
121.00 133.00
121.00 132.50
121.00 132.00
120.50 131.50
120.50 131.00
120.50 130.50
120.50 130.00
120.50 129.50
120.50 129.00
120.50 128.50
120.50 128.00
120.50 127.50
120.50 127.00
120.50 126.50
120.50 126.00
120.50 125.50
121.00 125.00
120.50 124.50
120.50 124.00
120.50 123.50
120.50 123.00
120.50 122.50
121.00 122.00
121.00 121.50
121.00 121.00
121.50 120.50
121.50 120.00
122.00 119.50
122.00 119.00
122.50 118.50
123.00 118.00
123.50 118.00
124.00 117.50
124.50 117.00
125.00 117.00
125.50 116.50
126.00 116.50
126.50 116.00
127.00 116.00
127.50 116.00
128.00 115.50
128.50 115.50
129.00 115.50
129.50 115.50
130.00 115.50
130.50 115.00
131.00 115.00
131.50 115.00
132.00 115.00
132.50 115.00
133.00 115.50
133.50 115.50
134.00 115.50
134.50 115.50
135.00 116.00
135.50 116.00
136.00 116.50
136.50 116.50
137.00 117.00
137.50 117.00
138.00 117.50
138.50 118.00
139.00 118.00
139.50 118.50
139.50 119.00
140.00 119.50
140.50 119.50
141.00 120.00
141.50 120.50
