119.00 135.00
118.50 134.50
118.00 134.50
117.50 134.00
117.50 133.50
117.00 133.00
116.50 132.50
116.00 132.00
115.50 131.50
115.50 131.00
115.50 130.50
115.50 130.00
115.50 129.50
115.50 129.00
115.00 128.50
115.50 128.00
115.50 127.50
115.50 127.00
115.50 126.50
115.50 126.00
115.50 125.50
115.50 125.00
116.00 124.50
116.00 124.00
116.00 123.50
116.50 123.00
116.50 122.50
116.50 122.00
117.00 121.50
117.00 121.00
117.50 120.50
117.50 120.00
118.00 119.50
118.00 119.00
118.50 118.50
119.00 118.00
119.50 117.50
119.50 117.00
120.00 116.50
120.00 116.00
120.50 115.50
121.00 115.00
121.50 115.00
122.00 114.50
122.50 114.00
123.00 114.00
123.50 114.00
124.00 114.00
124.50 114.00
125.00 114.00
125.50 114.00
126.00 114.00
126.50 114.00
127.00 114.00
127.50 114.00
128.00 114.00
128.50 114.50
129.00 114.50
129.50 114.50
130.00 115.00
130.50 115.00
131.00 115.00
131.50 115.50
132.00 115.50
132.50 115.50
133.00 115.50
133.50 115.50
134.00 115.50
134.50 115.50
135.00 115.50
135.50 116.00
136.00 116.00
136.50 116.00
137.00 116.00
137.50 116.00
138.00 116.50
138.50 116.50
139.00 117.00
139.50 117.00
140.00 117.50
140.50 117.50
141.00 118.00
141.50 118.50
142.00 118.50
142.50 119.00
143.00 119.50
143.50 120.00
144.00 120.50
144.00 121.00
144.50 121.50
145.00 122.00
145.00 122.50
145.50 123.00
146.00 123.50
146.00 124.00
146.00 124.50
146.50 125.00
146.50 125.50
146.50 126.00
147.00 126.50
147.00 127.00
147.00 127.50
147.00 128.00
147.00 128.50
147.00 129.00
147.00 129.50
147.00 130.00
147.00 130.50
147.00 131.00
147.00 131.50
147.00 132.00
147.00 132.50
147.00 133.00
147.00 133.50
147.00 134.00
146.50 134.50
146.50 135.00
146.50 135.50
146.50 136.00
146.00 136.50
146.00 137.00
145.50 137.50
145.50 138.00
145.00 138.50
145.00 139.00
144.50 139.50
144.00 140.00
144.00 140.50
143.50 141.00
143.50 141.50
143.00 142.00
142.50 142.50
142.50 143.00
142.00 143.50
141.50 144.00
141.00 144.50
141.00 145.00
140.50 145.50
140.00 145.50
139.50 146.00
139.00 146.50
138.50 147.00
138.00 147.50
137.50 148.00
137.00 148.00
136.50 148.00
136.00 148.50
135.50 148.50
135.00 148.50
134.50 148.50
134.00 149.00
133.50 149.00
133.00 149.00
132.50 149.00
132.00 149.00
131.50 149.00
131.00 149.00
130.50 148.50
130.00 148.50
129.50 148.50
129.00 148.50
128.50 148.50
128.00 148.00
127.50 148.00
127.00 148.00
126.50 147.50
126.00 147.50
125.50 147.00
125.00 147.00
124.50 146.50
124.00 146.00
123.50 146.00
123.00 145.50
122.50 145.00
122.00 144.50
121.50 144.00
121.00 143.50
120.50 143.00
120.50 142.50
120.00 142.00
120.00 141.50
119.50 141.00
119.50 140.50
119.50 140.00
119.50 139.50
119.00 139.00
119.00 138.50
119.00 138.00
119.00 137.50
119.00 137.00
119.00 136.50
119.00 136.00
119.00 135.50
