152.00 127.00
152.00 127.50
152.00 128.00
152.00 128.50
152.00 129.00
152.00 129.50
152.00 130.00
151.50 130.50
151.50 131.00
151.50 131.50
151.50 132.00
151.50 132.50
151.50 133.00
151.00 133.50
151.00 134.00
151.00 134.50
151.00 135.00
151.00 135.50
150.50 136.00
150.50 136.50
150.00 137.00
150.00 137.50
150.00 138.00
149.50 138.50
149.00 139.00
149.00 139.50
148.50 140.00
148.00 140.50
147.50 141.00
147.00 141.50
146.50 142.00
146.00 142.50
145.50 143.00
145.00 143.00
144.50 143.50
144.00 144.00
143.50 144.00
143.00 144.50
142.50 144.50
142.00 145.00
141.50 145.00
141.00 145.50
140.50 145.50
140.00 145.50
139.50 145.50
139.00 146.00
138.50 146.00
138.00 146.00
137.50 146.00
137.00 146.00
136.50 146.00
136.00 146.00
135.50 146.00
135.00 146.00
134.50 146.00
134.00 146.00
133.50 146.00
133.00 146.00
132.50 145.50
132.00 145.50
131.50 145.50
131.00 145.50
130.50 145.00
130.00 145.00
129.50 145.00
129.00 144.50
128.50 144.00
128.00 144.00
127.50 144.00
127.00 143.50
126.50 143.00
126.00 143.00
125.50 142.50
125.00 142.00
124.50 141.50
124.00 141.50
123.50 141.00
123.00 140.50
122.50 140.00
122.00 139.50
121.50 139.00
121.50 138.50
121.00 138.00
120.50 137.50
120.50 137.00
120.00 136.50
119.50 136.00
119.50 135.50
119.50 135.00
119.00 134.50
119.00 134.00
119.00 133.50
119.00 133.00
118.50 132.50
118.50 132.00
118.50 131.50
118.50 131.00
118.50 130.50
118.00 130.00
118.00 129.50
118.00 129.00
118.00 128.50
118.00 128.00
118.00 127.50
118.00 127.00
118.00 126.50
118.00 126.00
118.00 125.50
118.00 125.00
118.00 124.50
118.00 124.00
118.00 123.50
118.00 123.00
118.00 122.50
118.00 122.00
118.00 121.50
118.00 121.00
118.00 120.50
118.00 120.00
118.50 119.50
118.50 119.00
118.50 118.50
118.50 118.00
118.50 117.50
118.50 117.00
119.00 116.50
119.00 116.00
119.00 115.50
119.50 115.00
119.50 114.50
120.00 114.00
120.00 113.50
120.50 113.00
121.00 112.50
121.50 112.00
122.00 111.50
122.50 111.00
123.00 110.50
123.50 110.00
124.00 109.50
124.50 109.00
125.00 109.00
125.50 108.50
126.00 108.00
126.50 108.00
127.00 108.00
127.50 107.50
128.00 107.50
128.50 107.00
129.00 107.00
129.50 107.00
130.00 107.00
130.50 107.00
131.00 107.00
131.50 107.00
132.00 107.00
132.50 107.00
133.00 107.00
133.50 107.00
134.00 107.50
134.50 107.50
135.00 107.50
135.50 108.00
136.00 108.00
136.50 108.00
137.00 108.50
137.50 108.50
138.00 109.00
138.50 109.00
139.00 109.50
139.50 109.50
140.00 110.00
140.50 110.00
141.00 110.50
141.50 110.50
142.00 111.00
142.50 111.50
143.00 111.50
143.50 111.50
144.00 112.00
144.50 112.50
145.00 112.50
145.50 113.00
146.00 113.50
146.50 113.50
147.00 114.00
147.50 114.00
148.00 114.50
148.50 115.00
149.00 115.50
149.50 116.00
150.00 116.50
150.00 117.00
150.50 117.50
151.00 118.00
151.00 118.50
151.00 119.00
151.50 119.50
151.50 120.00
151.50 120.50
151.50 121.00
152.00 121.50
152.00 122.00
152.00 122.50
152.00 123.00
152.00 123.50
152.00 124.00
152.00 124.50
152.00 125.00
152.00 125.50
152.00 126.00
152.00 126.50
