139.00 147.50
138.50 148.00
138.00 148.00
137.50 148.00
137.00 148.50
136.50 148.50
136.00 148.50
135.50 148.50
135.00 148.50
134.50 149.00
134.00 149.00
133.50 149.00
133.00 149.00
132.50 149.00
132.00 149.00
131.50 149.00
131.00 149.00
130.50 149.00
130.00 148.50
129.50 148.50
129.00 148.00
128.50 148.00
128.00 148.00
127.50 147.50
127.00 147.00
126.50 146.50
126.00 146.00
125.50 145.50
125.00 145.00
124.50 144.50
124.00 144.00
124.00 143.50
123.50 143.00
123.50 142.50
123.00 142.00
122.50 141.50
122.50 141.00
122.50 140.50
122.00 140.00
122.00 139.50
121.50 139.00
121.50 138.50
121.00 138.00
121.00 137.50
120.50 137.00
120.50 136.50
120.50 136.00
120.00 135.50
120.00 135.00
120.00 134.50
120.00 134.00
119.50 133.50
119.50 133.00
119.50 132.50
119.50 132.00
119.50 131.50
119.50 131.00
119.50 130.50
119.00 130.00
119.00 129.50
119.00 129.00
119.00 128.50
119.00 128.00
119.00 127.50
119.00 127.00
119.00 126.50
119.00 126.00
119.00 125.50
119.00 125.00
119.00 124.50
119.00 124.00
119.00 123.50
119.00 123.00
119.00 122.50
119.50 122.00
119.50 121.50
119.50 121.00
119.50 120.50
119.50 120.00
119.50 119.50
120.00 119.00
120.00 118.50
120.00 118.00
120.00 117.50
120.50 117.00
121.00 116.50
121.00 116.00
121.00 115.50
121.50 115.00
121.50 114.50
122.00 114.00
122.00 113.50
122.50 113.00
123.00 112.50
123.50 112.00
124.00 111.50
124.50 111.00
125.00 110.50
125.50 110.00
126.00 109.50
126.50 109.50
127.00 109.00
127.50 109.00
128.00 109.00
128.50 108.50
129.00 108.00
129.50 108.00
130.00 108.00
130.50 107.50
131.00 107.50
131.50 107.50
132.00 107.50
132.50 107.00
133.00 107.00
133.50 107.00
134.00 107.00
134.50 107.00
135.00 107.00
135.50 107.00
136.00 107.00
136.50 107.00
137.00 107.00
137.50 107.00
138.00 107.00
138.50 107.50
139.00 107.50
139.50 107.50
140.00 108.00
140.50 108.00
141.00 108.00
141.50 108.50
142.00 108.50
142.50 109.00
143.00 109.00
143.50 109.50
144.00 109.50
144.50 110.00
145.00 110.50
145.50 110.50
146.00 111.00
146.50 111.50
147.00 112.00
147.50 112.50
148.00 113.00
148.50 113.50
149.00 114.00
149.50 114.50
149.50 115.00
150.00 115.50
150.50 116.00
151.00 116.50
151.00 117.00
151.50 117.50
151.50 118.00
152.00 118.50
152.00 119.00
152.50 119.50
152.50 120.00
153.00 120.50
153.00 121.00
153.00 121.50
153.50 122.00
153.50 122.50
153.50 123.00
154.00 123.50
154.00 124.00
154.00 124.50
154.00 125.00
154.00 125.50
154.50 126.00
154.50 126.50
154.50 127.00
154.50 127.50
154.50 128.00
154.50 128.50
154.50 129.00
154.50 129.50
154.50 130.00
154.50 130.50
154.50 131.00
154.50 131.50
154.50 132.00
154.50 132.50
154.00 133.00
154.00 133.50
154.00 134.00
154.00 134.50
153.50 135.00
153.50 135.50
153.50 136.00
153.50 136.50
153.00 137.00
153.00 137.50
152.50 138.00
152.50 138.50
152.00 139.00
152.00 139.50
151.50 140.00
151.00 140.50
150.50 141.00
150.50 141.50
150.00 142.00
149.50 142.00
149.00 142.50
148.50 143.00
148.00 143.50
147.50 144.00
147.00 144.00
146.50 144.50
146.00 145.00
145.50 145.00
145.00 145.00
144.50 145.50
144.00 146.00
143.50 146.00
143.00 146.00
142.50 146.50
142.00 146.50
141.50 147.00
141.00 147.00
140.50 147.00
140.00 147.50
139.50 147.50
