132.50 135.00
132.00 135.00
131.50 135.00
131.00 135.00
130.50 135.50
130.00 135.50
129.50 135.50
129.00 135.50
128.50 135.50
128.00 135.00
127.50 135.00
127.00 134.50
126.50 134.50
126.00 134.00
125.50 133.50
125.00 133.00
124.50 132.50
124.50 132.00
124.00 131.50
123.50 131.50
123.00 131.00
123.00 130.50
122.50 130.00
122.50 129.50
122.50 129.00
122.50 128.50
122.00 128.00
122.00 127.50
122.00 127.00
122.00 126.50
122.00 126.00
122.00 125.50
122.00 125.00
122.00 124.50
122.00 124.00
122.00 123.50
122.50 123.00
122.50 122.50
122.50 122.00
123.00 121.50
123.00 121.00
123.50 120.50
124.00 120.00
124.50 119.50
125.00 119.00
125.50 118.50
126.00 118.50
126.50 118.00
127.00 118.00
127.50 118.00
128.00 117.50
128.50 117.50
129.00 117.50
129.50 117.50
130.00 117.50
130.50 117.50
131.00 117.50
131.50 117.50
132.00 117.50
132.50 117.50
133.00 117.50
133.50 117.50
134.00 118.00
134.50 118.00
135.00 118.00
135.50 118.00
136.00 118.50
136.50 118.50
137.00 119.00
137.50 119.00
138.00 119.50
138.50 120.00
139.00 120.50
139.50 121.00
139.50 121.50
140.00 122.00
140.00 122.50
140.00 123.00
140.50 123.50
140.50 124.00
140.50 124.50
140.50 125.00
140.50 125.50
140.50 126.00
140.50 126.50
140.50 127.00
140.50 127.50
140.50 128.00
140.50 128.50
140.50 129.00
140.00 129.50
140.00 130.00
140.00 130.50
139.50 131.00
139.00 131.50
138.50 132.00
138.00 132.50
137.50 133.00
137.00 133.50
136.50 134.00
136.00 134.00
135.50 134.00
135.00 134.50
134.50 134.50
134.00 135.00
133.50 135.00
133.00 135.00
