135.50 149.50
135.00 149.50
134.50 150.00
134.00 150.00
133.50 150.00
133.00 150.00
132.50 150.00
132.00 150.00
131.50 150.00
131.00 150.00
130.50 150.00
130.00 150.00
129.50 149.50
129.00 149.50
128.50 149.50
128.00 149.50
127.50 149.00
127.00 149.00
126.50 149.00
126.00 148.50
125.50 148.50
125.00 148.50
124.50 148.00
124.00 148.00
123.50 147.50
123.00 147.00
122.50 146.50
122.00 146.50
121.50 146.00
121.00 145.50
120.50 145.00
120.00 144.50
120.00 144.00
119.50 143.50
119.00 143.00
118.50 142.50
118.50 142.00
118.00 141.50
118.00 141.00
118.00 140.50
117.50 140.00
117.50 139.50
117.50 139.00
117.50 138.50
117.00 138.00
117.00 137.50
117.00 137.00
117.00 136.50
117.00 136.00
117.00 135.50
117.00 135.00
116.50 134.50
116.50 134.00
116.50 133.50
116.50 133.00
116.50 132.50
117.00 132.00
117.00 131.50
117.00 131.00
117.00 130.50
117.00 130.00
117.00 129.50
117.00 129.00
117.00 128.50
117.50 128.00
117.50 127.50
117.50 127.00
118.00 126.50
118.00 126.00
118.00 125.50
118.50 125.00
118.50 124.50
118.50 124.00
119.00 123.50
119.00 123.00
119.50 122.50
120.00 122.00
120.00 121.50
120.50 121.00
120.50 120.50
121.00 120.00
121.50 119.50
122.00 119.00
122.50 118.50
123.00 118.00
123.50 117.50
124.00 117.00
124.50 117.00
125.00 116.50
125.50 116.00
126.00 115.50
126.50 115.50
127.00 115.00
127.50 115.00
128.00 115.00
128.50 114.50
129.00 114.50
129.50 114.00
130.00 114.00
130.50 114.00
131.00 114.00
131.50 113.50
132.00 113.50
132.50 113.50
133.00 113.50
133.50 113.50
134.00 113.50
134.50 113.50
135.00 113.50
135.50 113.50
136.00 113.50
136.50 113.50
137.00 113.50
137.50 113.50
138.00 113.50
138.50 113.50
139.00 114.00
139.50 114.00
140.00 114.00
140.50 114.50
141.00 114.50
141.50 114.50
142.00 115.00
142.50 115.50
143.00 115.50
143.50 116.00
144.00 116.50
144.50 116.50
145.00 117.00
145.50 117.50
145.50 118.00
146.00 118.50
146.50 119.00
146.50 119.50
147.00 120.00
147.50 120.50
147.50 121.00
147.50 121.50
147.50 122.00
148.00 122.50
148.00 123.00
148.00 123.50
148.00 124.00
148.00 124.50
148.00 125.00
148.00 125.50
148.50 126.00
148.50 126.50
148.50 127.00
148.00 127.50
148.00 128.00
148.00 128.50
148.00 129.00
148.00 129.50
148.00 130.00
148.00 130.50
148.00 131.00
148.00 131.50
148.00 132.00
148.00 132.50
148.00 133.00
148.00 133.50
148.00 134.00
148.00 134.50
147.50 135.00
147.50 135.50
147.50 136.00
147.50 136.50
147.50 137.00
147.50 137.50
147.50 138.00
147.50 138.50
147.00 139.00
147.00 139.50
147.00 140.00
146.50 140.50
146.50 141.00
146.50 141.50
146.00 142.00
145.50 142.50
145.50 143.00
145.00 143.50
145.00 144.00
144.50 144.50
144.00 145.00
143.50 145.00
143.00 145.50
142.50 146.00
142.00 146.50
141.50 147.00
141.00 147.50
140.50 147.50
140.00 148.00
139.50 148.00
139.00 148.50
138.50 148.50
138.00 149.00
137.50 149.00
137.00 149.50
136.50 149.50
136.00 149.50
