144.50 123.00
144.00 123.50
143.50 123.50
143.00 123.50
142.50 123.50
142.00 123.50
141.50 123.50
141.00 123.50
140.50 123.50
140.00 123.00
139.50 122.50
139.00 122.50
138.50 122.00
138.50 121.50
138.00 121.00
138.00 120.50
138.00 120.00
138.50 119.50
139.00 119.00
139.50 118.50
140.00 118.50
140.50 118.50
141.00 118.00
141.50 118.00
142.00 117.50
142.50 117.00
142.00 116.50
141.50 116.50
141.00 116.50
140.50 116.50
140.00 117.00
139.50 117.00
139.00 117.00
138.50 117.50
138.00 118.00
137.50 118.50
137.00 119.00
136.50 119.00
136.00 119.50
135.50 119.00
135.50 118.50
135.50 118.00
135.50 117.50
136.00 117.00
136.50 116.50
136.50 116.00
137.00 115.50
137.50 115.50
138.00 115.00
138.50 114.50
139.00 114.50
139.50 114.50
140.00 114.50
140.50 114.50
141.00 114.50
141.50 114.50
142.00 114.50
142.50 114.50
143.00 115.00
143.50 115.00
144.00 115.50
144.50 116.00
145.00 116.50
145.00 117.00
145.50 117.50
146.00 118.00
146.50 118.50
147.00 119.00
147.50 119.50
148.00 120.00
148.00 120.50
148.50 121.00
148.50 121.50
148.00 122.00
147.50 122.00
147.00 122.50
146.50 122.50
146.00 122.50
145.50 123.00
145.00 123.00
