134.50 134.00
134.00 134.00
133.50 134.50
133.00 134.50
132.50 135.00
132.00 135.00
131.50 135.00
131.00 135.50
130.50 135.50
130.00 135.50
129.50 135.50
129.00 135.50
128.50 135.50
128.00 135.50
127.50 135.00
127.00 135.00
126.50 134.50
126.00 134.50
125.50 134.00
125.00 134.00
124.50 133.50
124.00 133.00
123.50 132.50
123.50 132.00
123.50 131.50
123.50 131.00
123.00 130.50
123.00 130.00
123.00 129.50
123.00 129.00
123.00 128.50
123.50 128.00
123.50 127.50
123.50 127.00
123.50 126.50
124.00 126.00
124.00 125.50
124.00 125.00
124.50 124.50
125.00 124.00
125.50 123.50
126.00 123.00
126.50 122.50
127.00 122.00
127.50 121.50
128.00 121.50
128.50 121.50
129.00 121.00
129.50 121.00
130.00 121.00
130.50 121.00
131.00 121.00
131.50 121.00
132.00 121.00
132.50 121.00
133.00 121.50
133.50 121.50
134.00 122.00
134.50 122.00
135.00 122.50
135.50 123.00
136.00 123.00
136.50 123.50
136.50 124.00
137.00 124.50
137.50 125.00
137.50 125.50
138.00 126.00
138.00 126.50
138.00 127.00
138.00 127.50
138.00 128.00
138.00 128.50
138.00 129.00
138.00 129.50
138.00 130.00
137.50 130.50
137.50 131.00
137.50 131.50
137.00 132.00
136.50 132.50
136.00 133.00
135.50 133.50
135.00 133.50
