134.00 123.00
133.50 122.50
133.00 122.00
133.00 121.50
133.00 121.00
133.00 120.50
133.00 120.00
133.50 119.50
134.00 119.00
134.50 118.50
135.00 118.50
135.50 118.00
136.00 117.50
136.50 117.50
137.00 117.50
137.50 117.00
138.00 117.00
138.50 117.00
139.00 116.50
139.50 116.50
140.00 116.50
140.50 116.00
141.00 116.00
141.50 116.00
142.00 116.00
142.50 116.00
143.00 116.00
143.50 116.00
144.00 116.50
144.00 117.00
144.00 117.50
144.00 118.00
144.00 118.50
144.00 119.00
144.00 119.50
144.50 120.00
145.00 120.00
145.50 120.00
146.00 120.00
146.50 120.00
147.00 120.00
147.50 120.00
148.00 120.50
148.50 121.00
149.00 121.50
149.00 122.00
149.00 122.50
149.00 123.00
149.00 123.50
149.00 124.00
148.50 124.50
148.00 125.00
147.50 125.00
147.00 125.50
146.50 125.50
146.00 126.00
145.50 126.00
145.00 126.00
144.50 125.50
144.00 125.50
143.50 125.00
143.50 124.50
143.50 124.00
143.50 123.50
143.50 123.00
143.00 122.50
142.50 122.50
142.00 123.00
141.50 123.50
141.00 123.50
140.50 123.50
140.00 124.00
139.50 124.00
139.00 124.50
138.50 124.50
138.00 124.50
137.50 124.50
137.00 124.50
136.50 124.50
136.00 124.50
135.50 124.00
135.00 124.00
134.50 123.50
