143.00 146.50
142.50 147.00
142.00 147.00
141.50 147.50
141.00 148.00
140.50 148.00
140.00 148.50
139.50 149.00
139.00 149.00
138.50 149.50
138.00 149.50
137.50 150.00
137.00 150.00
136.50 150.00
136.00 150.50
135.50 150.50
135.00 151.00
134.50 151.00
134.00 151.00
133.50 151.00
133.00 151.00
132.50 151.00
132.00 151.00
131.50 151.00
131.00 151.00
130.50 151.00
130.00 151.00
129.50 150.50
129.00 150.50
128.50 150.00
128.00 150.00
127.50 149.50
127.00 149.50
126.50 149.00
126.00 148.50
125.50 148.00
125.00 147.50
124.50 147.00
124.00 146.50
123.50 146.00
123.50 145.50
123.00 145.00
122.50 144.50
122.50 144.00
122.00 143.50
121.50 143.00
121.50 142.50
121.50 142.00
121.00 141.50
121.00 141.00
120.50 140.50
120.50 140.00
120.50 139.50
120.50 139.00
120.00 138.50
120.00 138.00
120.00 137.50
120.00 137.00
120.00 136.50
119.50 136.00
119.50 135.50
119.50 135.00
119.50 134.50
119.50 134.00
119.50 133.50
119.50 133.00
119.50 132.50
119.50 132.00
119.50 131.50
119.50 131.00
119.50 130.50
119.50 130.00
119.50 129.50
119.50 129.00
119.50 128.50
119.50 128.00
120.00 127.50
120.00 127.00
120.00 126.50
120.00 126.00
120.00 125.50
120.50 125.00
120.50 124.50
120.50 124.00
120.50 123.50
120.50 123.00
121.00 122.50
121.00 122.00
121.50 121.50
121.50 121.00
121.50 120.50
122.00 120.00
122.50 119.50
122.50 119.00
122.50 118.50
123.00 118.00
123.50 117.50
124.00 117.00
124.50 116.50
125.00 116.00
125.50 115.50
125.50 115.00
126.00 114.50
126.50 114.50
127.00 114.00
127.50 113.50
128.00 113.50
128.50 113.00
129.00 112.50
129.50 112.50
130.00 112.50
130.50 112.00
131.00 112.00
131.50 111.50
132.00 111.50
132.50 111.50
133.00 111.00
133.50 111.00
134.00 111.00
134.50 111.00
135.00 111.00
135.50 111.00
136.00 111.00
136.50 111.00
137.00 111.00
137.50 111.00
138.00 111.00
138.50 111.00
139.00 111.50
139.50 111.50
140.00 111.50
140.50 112.00
141.00 112.00
141.50 112.00
142.00 112.50
142.50 113.00
143.00 113.00
143.50 113.50
144.00 114.00
144.50 114.50
145.00 115.00
145.50 115.50
146.00 116.00
146.50 116.50
147.00 117.00
147.50 117.50
147.50 118.00
148.00 118.50
148.50 119.00
148.50 119.50
149.00 120.00
149.00 120.50
149.50 121.00
149.50 121.50
150.00 122.00
150.00 122.50
150.50 123.00
150.50 123.50
150.50 124.00
151.00 124.50
151.00 125.00
151.00 125.50
151.00 126.00
151.50 126.50
151.50 127.00
151.50 127.50
151.50 128.00
151.50 128.50
152.00 129.00
152.00 129.50
152.00 130.00
152.00 130.50
152.00 131.00
152.00 131.50
152.00 132.00
152.00 132.50
152.00 133.00
151.50 133.50
151.50 134.00
151.50 134.50
151.50 135.00
151.50 135.50
151.00 136.00
151.00 136.50
151.00 137.00
151.00 137.50
150.50 138.00
150.00 138.50
150.00 139.00
149.50 139.50
149.50 140.00
149.00 140.50
149.00 141.00
148.50 141.50
148.00 142.00
147.50 142.50
147.00 143.00
146.50 143.50
146.00 143.50
145.50 144.00
145.00 144.50
144.50 145.00
144.00 145.50
143.50 146.00
