134.00 108.50
134.50 108.50
135.00 108.50
135.50 108.50
136.00 108.50
136.50 109.00
137.00 109.00
137.50 109.00
138.00 109.00
138.50 109.50
139.00 109.50
139.50 110.00
140.00 110.00
140.50 110.00
141.00 110.50
141.50 110.50
142.00 111.00
142.50 111.00
143.00 111.50
143.50 112.00
144.00 112.50
144.50 112.50
145.00 113.00
145.50 113.50
146.00 114.00
146.50 114.50
147.00 115.00
147.50 115.50
148.00 116.00
148.50 116.50
149.00 117.00
149.50 117.50
149.50 118.00
150.00 118.50
150.50 119.00
151.00 119.50
151.00 120.00
151.50 120.50
152.00 121.00
152.00 121.50
152.00 122.00
152.50 122.50
152.50 123.00
153.00 123.50
153.00 124.00
153.50 124.50
153.50 125.00
153.50 125.50
154.00 126.00
154.00 126.50
154.00 127.00
154.00 127.50
154.50 128.00
154.50 128.50
154.50 129.00
154.50 129.50
154.50 130.00
155.00 130.50
155.00 131.00
155.00 131.50
155.00 132.00
155.00 132.50
155.00 133.00
155.00 133.50
155.00 134.00
155.00 134.50
155.00 135.00
155.00 135.50
155.00 136.00
155.00 136.50
155.00 137.00
154.50 137.50
154.50 138.00
154.50 138.50
154.50 139.00
154.00 139.50
154.00 140.00
154.00 140.50
154.00 141.00
153.50 141.50
153.50 142.00
153.50 142.50
153.00 143.00
153.00 143.50
153.00 144.00
152.50 144.50
152.00 145.00
152.00 145.50
151.50 146.00
151.50 146.50
151.00 147.00
150.50 147.50
150.00 148.00
150.00 148.50
149.50 149.00
149.00 149.50
148.50 150.00
148.00 150.50
147.50 151.00
147.00 151.50
146.50 152.00
146.00 152.50
145.50 152.50
145.00 153.00
144.50 153.50
144.00 154.00
143.50 154.00
143.00 154.50
142.50 155.00
142.00 155.00
141.50 155.00
141.00 155.50
140.50 155.50
140.00 156.00
139.50 156.00
139.00 156.00
138.50 156.50
138.00 156.50
137.50 156.50
137.00 156.50
136.50 157.00
136.00 157.00
135.50 157.00
135.00 157.00
134.50 157.00
134.00 157.00
133.50 157.00
133.00 157.50
132.50 157.50
132.00 157.50
131.50 157.50
131.00 157.50
130.50 157.50
130.00 157.00
129.50 157.00
129.00 157.00
128.50 157.00
128.00 157.00
127.50 157.00
127.00 156.50
126.50 156.50
126.00 156.50
125.50 156.50
125.00 156.00
124.50 156.00
124.00 156.00
123.50 155.50
123.00 155.00
122.50 155.00
122.00 154.50
121.50 154.00
121.00 154.00
120.50 153.50
120.50 153.00
120.00 152.50
119.50 152.00
119.00 151.50
118.50 151.00
118.50 150.50
118.00 150.00
118.00 149.50
117.50 149.00
117.50 148.50
117.00 148.00
117.00 147.50
117.00 147.00
116.50 146.50
116.50 146.00
116.00 145.50
116.00 145.00
116.00 144.50
116.00 144.00
115.50 143.50
115.50 143.00
115.50 142.50
115.50 142.00
115.00 141.50
115.00 141.00
115.00 140.50
115.00 140.00
115.00 139.50
114.50 139.00
114.50 138.50
114.50 138.00
114.50 137.50
114.50 137.00
114.50 136.50
114.50 136.00
114.50 135.50
114.00 135.00
114.00 134.50
114.00 134.00
114.00 133.50
114.00 133.00
114.00 132.50
114.00 132.00
114.00 131.50
114.00 131.00
114.00 130.50
114.00 130.00
114.00 129.50
114.00 129.00
114.00 128.50
114.00 128.00
114.00 127.50
114.00 127.00
114.00 126.50
114.00 126.00
114.50 125.50
114.50 125.00
114.50 124.50
114.50 124.00
114.50 123.50
115.00 123.00
115.00 122.50
115.00 122.00
115.50 121.50
115.50 121.00
115.50 120.50
116.00 120.00
116.00 119.50
116.50 119.00
117.00 118.50
117.00 118.00
117.50 117.50
118.00 117.00
118.50 116.50
118.50 116.00
119.00 115.50
119.50 115.00
120.00 114.50
120.50 114.00
121.00 113.50
121.50 113.00
122.00 112.50
122.50 112.50
123.00 112.00
123.50 111.50
124.00 111.50
124.50 111.00
125.00 111.00
125.50 110.50
126.00 110.50
126.50 110.00
127.00 110.00
127.50 110.00
128.00 109.50
128.50 109.50
129.00 109.00
129.50 109.00
130.00 109.00
130.50 109.00
131.00 108.50
131.50 108.50
132.00 108.50
132.50 108.50
133.00 108.50
133.50 108.50
