142.50 139.50
142.00 140.00
141.50 140.00
141.00 140.00
140.50 139.50
140.00 139.00
139.50 138.50
139.00 139.00
139.00 139.50
139.00 140.00
139.50 140.50
140.00 141.00
140.50 141.50
141.00 142.00
141.50 142.50
141.00 143.00
140.50 143.00
140.00 143.50
139.50 143.50
139.00 143.50
138.50 143.00
138.00 143.00
137.50 142.50
137.00 142.00
136.50 141.50
136.00 141.00
135.50 141.00
135.00 140.50
134.50 140.50
134.00 140.00
133.50 140.00
133.00 139.50
133.00 139.00
133.00 138.50
133.00 138.00
133.00 137.50
133.50 137.00
134.00 136.50
134.50 136.50
135.00 136.50
135.50 136.50
136.00 136.50
136.50 136.50
137.00 136.50
137.50 136.50
138.00 136.50
138.50 136.50
139.00 136.00
139.50 136.00
140.00 136.00
140.50 136.50
141.00 136.50
141.50 137.00
142.00 137.50
142.50 138.00
142.50 138.50
142.50 139.00
