124.50 102.50
125.00 102.00
125.50 102.00
126.00 101.50
126.50 101.50
127.00 101.50
127.50 101.50
128.00 101.00
128.50 101.00
129.00 101.00
129.50 101.00
130.00 101.00
130.50 100.50
131.00 100.50
131.50 100.50
132.00 100.50
132.50 100.50
133.00 100.50
133.50 100.50
134.00 100.50
134.50 100.50
135.00 100.50
135.50 100.50
136.00 101.00
136.50 101.00
137.00 101.00
137.50 101.00
138.00 101.00
138.50 101.50
139.00 101.50
139.50 101.50
140.00 101.50
140.50 102.00
141.00 102.00
141.50 102.50
142.00 102.50
142.50 102.50
143.00 103.00
143.50 103.50
144.00 103.50
144.50 104.00
145.00 104.00
145.50 104.50
146.00 105.00
146.50 105.50
147.00 105.50
147.50 106.00
148.00 106.50
148.50 107.00
149.00 107.50
149.00 108.00
149.50 108.50
150.00 109.00
150.50 109.50
151.00 110.00
151.50 110.50
151.50 111.00
152.00 111.50
152.50 112.00
152.50 112.50
153.00 113.00
153.50 113.50
153.50 114.00
154.00 114.50
154.00 115.00
154.50 115.50
154.50 116.00
155.00 116.50
155.00 117.00
155.00 117.50
155.50 118.00
156.00 118.50
156.00 119.00
156.00 119.50
156.00 120.00
156.50 120.50
156.50 121.00
156.50 121.50
157.00 122.00
157.00 122.50
157.00 123.00
157.00 123.50
157.00 124.00
157.50 124.50
157.50 125.00
157.50 125.50
157.50 126.00
157.50 126.50
157.50 127.00
157.50 127.50
157.50 128.00
157.50 128.50
157.50 129.00
157.50 129.50
157.50 130.00
157.50 130.50
157.50 131.00
157.00 131.50
157.00 132.00
157.00 132.50
157.00 133.00
157.00 133.50
156.50 134.00
156.50 134.50
156.50 135.00
156.00 135.50
156.00 136.00
156.00 136.50
155.50 137.00
155.50 137.50
155.50 138.00
155.00 138.50
155.00 139.00
154.50 139.50
154.50 140.00
154.00 140.50
153.50 141.00
153.50 141.50
153.00 142.00
153.00 142.50
152.50 143.00
152.00 143.50
151.50 144.00
151.50 144.50
151.00 145.00
150.50 145.50
150.00 146.00
149.50 146.50
149.00 147.00
148.50 147.50
148.00 148.00
147.50 148.50
147.00 149.00
146.50 149.50
146.00 150.00
145.50 150.00
145.00 150.50
144.50 150.50
144.00 151.00
143.50 151.50
143.00 152.00
142.50 152.00
142.00 152.00
141.50 152.50
141.00 152.50
140.50 153.00
140.00 153.00
139.50 153.50
139.00 153.50
138.50 153.50
138.00 153.50
137.50 154.00
137.00 154.00
136.50 154.00
136.00 154.00
135.50 154.50
135.00 154.50
134.50 154.50
134.00 154.50
133.50 154.50
133.00 154.50
132.50 154.50
132.00 154.50
131.50 154.50
131.00 154.50
130.50 154.50
130.00 154.50
129.50 154.50
129.00 154.50
128.50 154.00
128.00 154.00
127.50 154.00
127.00 154.00
126.50 153.50
126.00 153.50
125.50 153.50
125.00 153.00
124.50 152.50
124.00 152.50
123.50 152.00
123.00 152.00
122.50 151.50
122.00 151.00
121.50 150.50
121.00 150.50
120.50 150.00
120.00 149.50
119.50 149.00
119.00 148.50
119.00 148.00
118.50 147.50
118.00 147.00
118.00 146.50
117.50 146.00
117.00 145.50
116.50 145.00
116.50 144.50
116.00 144.00
116.00 143.50
115.50 143.00
115.00 142.50
114.50 142.00
114.50 141.50
114.50 141.00
114.00 140.50
114.00 140.00
113.50 139.50
113.50 139.00
113.00 138.50
113.00 138.00
113.00 137.50
112.50 137.00
112.50 136.50
112.50 136.00
112.00 135.50
112.00 135.00
112.00 134.50
112.00 134.00
111.50 133.50
111.50 133.00
111.50 132.50
111.50 132.00
111.50 131.50
111.50 131.00
111.00 130.50
111.00 130.00
111.00 129.50
111.00 129.00
111.00 128.50
111.00 128.00
111.00 127.50
111.00 127.00
111.00 126.50
111.00 126.00
111.00 125.50
111.00 125.00
111.00 124.50
111.00 124.00
111.00 123.50
111.00 123.00
111.00 122.50
111.00 122.00
111.00 121.50
111.50 121.00
111.50 120.50
111.50 120.00
111.50 119.50
111.50 119.00
111.50 118.50
112.00 118.00
112.00 117.50
112.00 117.00
112.00 116.50
112.50 116.00
112.50 115.50
112.50 115.00
113.00 114.50
113.00 114.00
113.50 113.50
113.50 113.00
113.50 112.50
114.00 112.00
114.50 111.50
114.50 111.00
115.00 110.50
115.00 110.00
115.50 109.50
116.00 109.00
116.50 108.50
117.00 108.00
117.00 107.50
117.50 107.00
118.00 106.50
118.50 106.00
119.00 105.50
119.50 105.50
120.00 105.00
120.50 104.50
121.00 104.00
121.50 104.00
122.00 103.50
122.50 103.00
123.00 103.00
123.50 103.00
124.00 102.50
