140.50 118.50
140.50 119.00
141.00 119.50
141.50 120.00
141.50 120.50
142.00 121.00
142.00 121.50
142.50 122.00
143.00 122.50
143.00 123.00
143.00 123.50
143.00 124.00
143.50 124.50
143.50 125.00
143.50 125.50
143.50 126.00
143.50 126.50
143.50 127.00
143.50 127.50
143.50 128.00
143.50 128.50
143.00 129.00
143.00 129.50
143.00 130.00
143.00 130.50
142.50 131.00
142.50 131.50
142.00 132.00
141.50 132.50
141.50 133.00
141.00 133.50
140.50 134.00
140.00 134.50
139.50 135.00
139.00 135.00
138.50 135.50
138.00 136.00
137.50 136.00
137.00 136.00
136.50 136.50
136.00 136.50
135.50 136.50
135.00 137.00
134.50 137.00
134.00 137.00
133.50 137.00
133.00 137.00
132.50 137.00
132.00 137.00
131.50 137.00
131.00 137.00
130.50 137.00
130.00 137.00
129.50 137.00
129.00 137.00
128.50 136.50
128.00 136.50
127.50 136.00
127.00 136.00
126.50 135.50
126.00 135.00
125.50 135.00
125.00 134.50
124.50 134.00
124.50 133.50
124.00 133.00
124.00 132.50
124.00 132.00
123.50 131.50
123.50 131.00
123.00 130.50
123.00 130.00
122.50 129.50
122.50 129.00
122.00 128.50
122.00 128.00
122.00 127.50
121.50 127.00
121.50 126.50
121.50 126.00
121.50 125.50
121.50 125.00
121.50 124.50
121.50 124.00
121.50 123.50
121.50 123.00
121.50 122.50
121.50 122.00
122.00 121.50
122.00 121.00
122.00 120.50
122.50 120.00
123.00 119.50
123.00 119.00
123.50 118.50
124.00 118.00
124.00 117.50
124.50 117.00
125.00 117.00
125.50 116.50
126.00 116.00
126.50 116.00
127.00 115.50
127.50 115.50
128.00 115.00
128.50 115.00
129.00 115.00
129.50 115.00
130.00 115.00
130.50 115.00
131.00 115.00
131.50 115.00
132.00 115.00
132.50 115.00
133.00 115.00
133.50 115.00
134.00 115.00
134.50 115.50
135.00 115.50
135.50 116.00
136.00 116.00
136.50 116.00
137.00 116.50
137.50 116.50
138.00 117.00
138.50 117.00
139.00 117.50
139.50 118.00
140.00 118.00
