138.00 107.50
138.50 108.00
139.00 108.00
139.50 108.50
140.00 108.50
140.50 109.00
141.00 109.50
141.50 110.00
142.00 110.50
142.50 110.50
143.00 110.50
143.50 111.00
144.00 111.50
144.50 112.00
145.00 112.50
145.50 113.00
145.50 113.50
146.00 114.00
146.00 114.50
146.50 115.00
147.00 115.50
147.50 116.00
148.00 116.50
148.50 117.00
148.50 117.50
149.00 118.00
149.00 118.50
149.50 119.00
149.50 119.50
150.00 120.00
150.00 120.50
150.00 121.00
150.50 121.50
150.50 122.00
150.50 122.50
150.50 123.00
150.50 123.50
151.00 124.00
151.00 124.50
151.00 125.00
151.00 125.50
151.00 126.00
151.00 126.50
151.00 127.00
151.00 127.50
151.00 128.00
151.00 128.50
151.00 129.00
151.00 129.50
151.00 130.00
151.00 130.50
150.50 131.00
150.50 131.50
150.50 132.00
150.50 132.50
150.50 133.00
150.00 133.50
150.00 134.00
150.00 134.50
150.00 135.00
149.50 135.50
149.50 136.00
149.50 136.50
149.00 137.00
149.00 137.50
148.50 138.00
148.50 138.50
148.00 139.00
148.00 139.50
147.50 140.00
147.50 140.50
147.00 141.00
147.00 141.50
146.50 142.00
146.00 142.50
145.50 143.00
145.00 143.50
144.50 144.00
144.00 144.50
143.50 145.00
143.00 145.50
142.50 146.00
142.00 146.00
141.50 146.50
141.00 147.00
140.50 147.00
140.00 147.00
139.50 147.50
139.00 147.50
138.50 148.00
138.00 148.00
137.50 148.00
137.00 148.00
136.50 148.50
136.00 148.50
135.50 148.50
135.00 148.50
134.50 148.50
134.00 148.50
133.50 148.50
133.00 148.50
132.50 148.50
132.00 148.50
131.50 148.50
131.00 148.50
130.50 148.50
130.00 148.50
129.50 148.50
129.00 148.50
128.50 148.50
128.00 148.00
127.50 148.00
127.00 148.00
126.50 148.00
126.00 148.00
125.50 147.50
125.00 147.50
124.50 147.50
124.00 147.00
123.50 147.00
123.00 146.50
122.50 146.50
122.00 146.00
121.50 146.00
121.00 146.00
120.50 145.50
120.00 145.00
119.50 144.50
119.00 144.50
118.50 144.00
118.00 143.50
117.50 143.00
117.00 142.50
116.50 142.00
116.00 141.50
116.00 141.00
115.50 140.50
115.00 140.00
114.50 139.50
114.50 139.00
114.00 138.50
113.50 138.00
113.50 137.50
113.00 137.00
113.00 136.50
112.50 136.00
112.50 135.50
112.00 135.00
112.00 134.50
112.00 134.00
111.50 133.50
111.50 133.00
111.50 132.50
111.50 132.00
111.50 131.50
111.00 131.00
111.00 130.50
111.00 130.00
111.00 129.50
111.00 129.00
111.00 128.50
111.00 128.00
111.00 127.50
111.00 127.00
111.00 126.50
111.00 126.00
111.00 125.50
111.00 125.00
111.00 124.50
111.50 124.00
111.50 123.50
111.50 123.00
111.50 122.50
111.50 122.00
112.00 121.50
112.00 121.00
112.00 120.50
112.50 120.00
112.50 119.50
113.00 119.00
113.00 118.50
113.50 118.00
113.50 117.50
114.00 117.00
114.50 116.50
115.00 116.00
115.00 115.50
115.50 115.00
116.00 114.50
116.50 114.00
116.50 113.50
117.00 113.00
117.50 112.50
118.00 112.00
118.50 111.50
119.00 111.00
119.50 110.50
120.00 110.00
120.50 110.00
121.00 109.50
121.50 109.50
122.00 109.50
122.50 109.00
123.00 109.00
123.50 108.50
124.00 108.50
124.50 108.00
125.00 108.00
125.50 108.00
126.00 107.50
126.50 107.50
127.00 107.50
127.50 107.50
128.00 107.00
128.50 107.00
129.00 107.00
129.50 107.00
130.00 107.00
130.50 107.00
131.00 107.00
131.50 107.00
132.00 107.00
132.50 107.00
133.00 107.00
133.50 107.00
134.00 107.00
134.50 107.00
135.00 107.00
135.50 107.00
136.00 107.50
136.50 107.50
137.00 107.50
137.50 107.50
