137.00 102.00
137.50 102.00
138.00 102.00
138.50 102.50
139.00 102.50
139.50 102.50
140.00 103.00
140.50 103.00
141.00 103.50
141.50 103.50
142.00 104.00
142.50 104.50
143.00 104.50
143.50 104.50
144.00 105.00
144.50 105.50
145.00 106.00
145.50 106.50
146.00 107.00
146.50 107.50
147.00 108.00
147.50 108.50
148.00 109.00
148.00 109.50
148.50 110.00
149.00 110.50
149.50 111.00
149.50 111.50
150.00 112.00
150.50 112.50
150.50 113.00
151.00 113.50
151.50 114.00
151.50 114.50
152.00 115.00
152.00 115.50
152.50 116.00
152.50 116.50
153.00 117.00
153.00 117.50
153.50 118.00
153.50 118.50
154.00 119.00
154.00 119.50
154.00 120.00
154.50 120.50
154.50 121.00
154.50 121.50
155.00 122.00
155.00 122.50
155.50 123.00
155.50 123.50
155.50 124.00
155.50 124.50
156.00 125.00
156.00 125.50
156.00 126.00
156.00 126.50
156.50 127.00
156.50 127.50
156.50 128.00
156.50 128.50
156.50 129.00
156.50 129.50
156.50 130.00
156.50 130.50
157.00 131.00
157.00 131.50
157.00 132.00
157.00 132.50
157.00 133.00
157.00 133.50
157.00 134.00
156.50 134.50
156.50 135.00
156.50 135.50
156.50 136.00
156.50 136.50
156.50 137.00
156.50 137.50
156.50 138.00
156.00 138.50
156.00 139.00
156.00 139.50
156.00 140.00
155.50 140.50
155.50 141.00
155.00 141.50
155.00 142.00
155.00 142.50
154.50 143.00
154.50 143.50
154.00 144.00
154.00 144.50
153.50 145.00
153.50 145.50
153.00 146.00
152.50 146.50
152.50 147.00
152.00 147.50
151.50 148.00
151.50 148.50
151.00 149.00
150.50 149.50
150.00 150.00
149.50 150.50
149.00 151.00
148.50 151.50
148.00 152.00
147.50 152.00
147.00 152.50
146.50 153.00
146.00 153.50
145.50 154.00
145.00 154.00
144.50 154.50
144.00 154.50
143.50 155.00
143.00 155.00
142.50 155.00
142.00 155.50
141.50 156.00
141.00 156.00
140.50 156.00
140.00 156.50
139.50 156.50
139.00 156.50
138.50 156.50
138.00 157.00
137.50 157.00
137.00 157.00
136.50 157.00
136.00 157.00
135.50 157.50
135.00 157.50
134.50 157.50
134.00 157.50
133.50 157.50
133.00 157.50
132.50 157.50
132.00 157.50
131.50 157.50
131.00 157.50
130.50 157.50
130.00 157.50
129.50 157.50
129.00 157.50
128.50 157.50
128.00 157.50
127.50 157.50
127.00 157.50
126.50 157.00
126.00 157.00
125.50 157.00
125.00 157.00
124.50 156.50
124.00 156.50
123.50 156.50
123.00 156.00
122.50 156.00
122.00 156.00
121.50 155.50
121.00 155.50
120.50 155.00
120.00 155.00
119.50 154.50
119.00 154.00
118.50 154.00
118.00 153.50
117.50 153.00
117.00 152.50
116.50 152.00
116.00 151.50
115.50 151.00
115.00 150.50
115.00 150.00
114.50 149.50
114.00 149.00
114.00 148.50
113.50 148.00
113.50 147.50
113.00 147.00
113.00 146.50
112.50 146.00
112.50 145.50
112.50 145.00
112.00 144.50
112.00 144.00
111.50 143.50
111.50 143.00
111.50 142.50
111.50 142.00
111.00 141.50
111.00 141.00
111.00 140.50
111.00 140.00
111.00 139.50
110.50 139.00
110.50 138.50
110.50 138.00
110.50 137.50
110.50 137.00
110.50 136.50
110.50 136.00
110.50 135.50
110.00 135.00
110.00 134.50
110.00 134.00
110.00 133.50
110.00 133.00
110.00 132.50
110.00 132.00
110.00 131.50
110.00 131.00
110.00 130.50
110.00 130.00
110.50 129.50
110.50 129.00
110.50 128.50
110.50 128.00
110.50 127.50
110.50 127.00
110.50 126.50
111.00 126.00
111.00 125.50
111.00 125.00
111.00 124.50
111.50 124.00
111.50 123.50
111.50 123.00
111.50 122.50
112.00 122.00
112.00 121.50
112.00 121.00
112.50 120.50
112.50 120.00
113.00 119.50
113.00 119.00
113.50 118.50
113.50 118.00
114.00 117.50
114.00 117.00
114.50 116.50
114.50 116.00
115.00 115.50
115.00 115.00
115.50 114.50
116.00 114.00
116.00 113.50
116.50 113.00
117.00 112.50
117.50 112.00
118.00 111.50
118.00 111.00
118.50 110.50
119.00 110.00
119.50 109.50
120.00 109.50
120.50 109.00
120.50 108.50
121.00 108.00
121.50 107.50
122.00 107.50
122.50 107.00
123.00 106.50
123.50 106.50
124.00 106.00
124.50 105.50
125.00 105.50
125.50 105.00
126.00 105.00
126.50 104.50
127.00 104.00
127.50 104.00
128.00 103.50
128.50 103.50
129.00 103.50
129.50 103.00
130.00 103.00
130.50 102.50
131.00 102.50
131.50 102.50
132.00 102.50
132.50 102.00
133.00 102.00
133.50 102.00
134.00 102.00
134.50 102.00
135.00 102.00
135.50 102.00
136.00 102.00
136.50 102.00
