118.00 134.00
117.50 133.50
117.50 133.00
117.50 132.50
117.50 132.00
117.50 131.50
117.50 131.00
117.50 130.50
117.50 130.00
118.00 129.50
118.00 129.00
118.00 128.50
118.00 128.00
118.50 127.50
118.50 127.00
119.00 126.50
119.00 126.00
119.00 125.50
119.50 125.00
120.00 124.50
120.50 124.00
120.50 123.50
121.00 123.00
121.50 122.50
122.00 122.00
122.50 122.00
123.00 121.50
123.50 121.00
124.00 120.50
124.50 120.50
125.00 120.50
125.50 120.00
126.00 120.00
126.50 120.00
127.00 120.00
127.50 119.50
128.00 119.50
128.50 119.50
129.00 119.50
129.50 119.50
130.00 119.50
130.50 120.00
131.00 120.00
131.50 120.00
132.00 120.00
132.50 120.50
133.00 120.50
133.50 120.50
134.00 121.00
134.50 121.00
135.00 121.50
135.50 122.00
136.00 122.50
136.50 123.00
137.00 123.50
137.50 124.00
138.00 124.50
138.00 125.00
138.50 125.50
138.50 126.00
139.00 126.50
139.00 127.00
139.00 127.50
139.50 128.00
139.50 128.50
139.50 129.00
139.50 129.50
139.50 130.00
139.50 130.50
139.50 131.00
139.50 131.50
139.50 132.00
139.50 132.50
139.50 133.00
139.00 133.50
139.00 134.00
139.00 134.50
138.50 135.00
138.50 135.50
138.00 136.00
138.00 136.50
137.50 137.00
137.00 137.50
136.50 138.00
136.00 138.50
135.50 139.00
135.00 139.50
134.50 139.50
134.00 140.00
133.50 140.50
133.00 140.50
132.50 140.50
132.00 141.00
131.50 141.00
131.00 141.50
130.50 141.50
130.00 141.50
129.50 141.50
129.00 141.50
128.50 141.50
128.00 141.50
127.50 141.50
127.00 141.50
126.50 141.50
126.00 141.50
125.50 141.00
125.00 141.00
124.50 141.00
124.00 141.00
123.50 140.50
123.00 140.50
122.50 140.00
122.00 140.00
121.50 139.50
121.00 139.00
120.50 138.50
120.00 138.00
119.50 137.50
119.00 137.00
119.00 136.50
118.50 136.00
118.50 135.50
118.00 135.00
118.00 134.50
