149.50 138.50
149.00 139.00
148.50 139.50
148.50 140.00
148.00 140.50
147.50 141.00
147.50 141.50
147.00 142.00
146.50 142.50
146.00 143.00
145.50 143.50
145.00 144.00
144.50 144.50
144.00 144.50
143.50 145.00
143.00 145.50
142.50 145.50
142.00 146.00
141.50 146.00
141.00 146.50
140.50 147.00
140.00 147.00
139.50 147.00
139.00 147.50
138.50 147.50
138.00 147.50
137.50 148.00
137.00 148.00
136.50 148.00
136.00 148.00
135.50 148.50
135.00 148.50
134.50 148.50
134.00 148.50
133.50 148.50
133.00 148.50
132.50 148.50
132.00 148.50
131.50 148.50
131.00 148.50
130.50 148.50
130.00 148.50
129.50 148.50
129.00 148.00
128.50 148.00
128.00 148.00
127.50 147.50
127.00 147.50
126.50 147.50
126.00 147.00
125.50 146.50
125.00 146.00
124.50 146.00
124.00 145.50
123.50 145.00
123.00 144.50
122.50 144.00
122.50 143.50
122.00 143.00
121.50 142.50
121.50 142.00
121.00 141.50
121.00 141.00
120.50 140.50
120.50 140.00
120.00 139.50
120.00 139.00
119.50 138.50
119.50 138.00
119.50 137.50
119.00 137.00
119.00 136.50
119.00 136.00
118.50 135.50
118.50 135.00
118.50 134.50
118.00 134.00
118.00 133.50
118.00 133.00
118.00 132.50
118.00 132.00
117.50 131.50
117.50 131.00
117.50 130.50
117.50 130.00
117.50 129.50
117.50 129.00
117.00 128.50
117.00 128.00
117.00 127.50
117.00 127.00
117.00 126.50
117.00 126.00
117.00 125.50
117.00 125.00
117.00 124.50
117.50 124.00
117.50 123.50
117.50 123.00
117.50 122.50
117.50 122.00
117.50 121.50
117.50 121.00
118.00 120.50
118.00 120.00
118.00 119.50
118.00 119.00
118.50 118.50
118.50 118.00
118.50 117.50
119.00 117.00
119.00 116.50
119.00 116.00
119.50 115.50
120.00 115.00
120.00 114.50
120.50 114.00
121.00 113.50
121.00 113.00
121.50 112.50
122.00 112.00
122.00 111.50
122.50 111.00
123.00 110.50
123.50 110.50
124.00 110.00
124.50 109.50
125.00 109.00
125.50 109.00
126.00 108.50
126.50 108.50
127.00 108.50
127.50 108.00
128.00 108.00
128.50 108.00
129.00 108.00
129.50 107.50
130.00 107.50
130.50 107.50
131.00 107.50
131.50 107.50
132.00 107.50
132.50 107.50
133.00 107.50
133.50 107.50
134.00 107.50
134.50 107.50
135.00 108.00
135.50 108.00
136.00 108.00
136.50 108.00
137.00 108.50
137.50 108.50
138.00 108.50
138.50 108.50
139.00 109.00
139.50 109.00
140.00 109.00
140.50 109.50
141.00 109.50
141.50 110.00
142.00 110.00
142.50 110.50
143.00 111.00
143.50 111.00
144.00 111.50
144.50 112.00
145.00 112.50
145.50 113.00
146.00 113.50
146.50 114.00
147.00 114.50
147.00 115.00
147.50 115.50
148.00 116.00
148.00 116.50
148.50 117.00
148.50 117.50
149.00 118.00
149.00 118.50
149.50 119.00
149.50 119.50
149.50 120.00
150.00 120.50
150.00 121.00
150.00 121.50
150.50 122.00
150.50 122.50
150.50 123.00
150.50 123.50
150.50 124.00
151.00 124.50
151.00 125.00
151.00 125.50
151.00 126.00
151.00 126.50
151.00 127.00
151.00 127.50
151.00 128.00
151.50 128.50
151.50 129.00
151.50 129.50
151.50 130.00
151.50 130.50
151.00 131.00
151.00 131.50
151.00 132.00
151.00 132.50
151.00 133.00
151.00 133.50
151.00 134.00
151.00 134.50
150.50 135.00
150.50 135.50
150.50 136.00
150.00 136.50
150.00 137.00
150.00 137.50
149.50 138.00
