140.00 141.00
140.00 141.50
139.50 142.00
139.00 142.00
138.50 142.50
138.00 142.50
137.50 142.50
137.00 143.00
136.50 143.00
136.00 143.00
135.50 143.00
135.00 143.00
134.50 143.00
134.00 143.50
133.50 143.50
133.00 143.50
132.50 143.50
132.00 143.50
131.50 143.50
131.00 143.50
130.50 143.50
130.00 143.50
129.50 143.00
129.00 143.00
128.50 142.50
128.00 142.50
127.50 142.50
127.00 142.00
126.50 141.50
126.00 141.00
125.50 140.50
125.50 140.00
125.50 139.50
125.50 139.00
125.50 138.50
126.00 138.00
126.50 137.50
127.00 137.00
127.50 136.50
128.00 136.00
128.50 136.00
129.00 136.00
129.50 136.00
130.00 136.50
130.50 136.50
131.00 137.00
131.50 137.50
132.00 138.00
132.50 138.00
133.00 138.50
133.50 138.50
134.00 138.50
134.50 138.00
135.00 138.00
135.50 137.50
136.00 137.00
136.50 137.00
137.00 136.50
137.50 136.50
138.00 136.50
138.50 137.00
139.00 137.50
139.50 138.00
139.50 138.50
140.00 139.00
140.00 139.50
140.00 140.00
140.00 140.50
