136.50 137.50
136.00 138.00
135.50 138.50
135.00 139.00
134.50 139.50
134.00 140.00
133.50 140.50
133.00 141.00
132.50 141.50
132.00 141.50
131.50 142.00
131.00 142.50
130.50 142.50
130.00 142.50
129.50 143.00
129.00 143.00
128.50 143.50
128.00 143.50
127.50 143.50
127.00 143.50
126.50 143.50
126.00 143.50
125.50 143.50
125.00 143.50
124.50 143.50
124.00 143.00
123.50 143.00
123.00 143.00
122.50 142.50
122.00 142.50
121.50 142.50
121.00 142.00
120.50 142.00
120.00 141.50
119.50 141.00
119.00 141.00
118.50 141.00
118.00 140.50
117.50 140.00
117.00 140.00
116.50 139.50
117.00 139.00
116.50 138.50
116.00 138.00
115.50 137.50
115.50 137.00
115.00 136.50
115.00 136.00
115.00 135.50
114.50 135.00
114.50 134.50
114.50 134.00
114.50 133.50
114.50 133.00
114.50 132.50
114.50 132.00
114.50 131.50
114.50 131.00
114.50 130.50
114.50 130.00
115.00 129.50
115.00 129.00
115.00 128.50
115.50 128.00
115.50 127.50
115.50 127.00
116.00 126.50
116.00 126.00
116.50 125.50
117.00 125.00
117.50 124.50
118.00 124.00
118.50 123.50
119.00 123.50
119.50 123.00
120.00 122.50
120.50 122.50
121.00 122.00
121.50 122.00
122.00 122.00
122.50 121.50
123.00 121.50
123.50 121.50
124.00 121.50
124.50 121.50
125.00 121.50
125.50 121.50
126.00 121.50
126.50 121.50
127.00 121.50
127.50 122.00
128.00 122.00
128.50 122.50
129.00 122.50
129.50 123.00
130.00 123.00
130.50 123.50
131.00 124.00
131.50 124.00
132.00 124.50
132.50 125.00
133.00 125.50
133.00 126.00
133.00 126.50
133.50 127.00
134.00 127.50
134.00 128.00
134.50 128.50
135.00 129.00
135.00 129.50
135.00 130.00
135.50 130.50
135.50 131.00
135.50 131.50
136.00 132.00
136.00 132.50
136.00 133.00
136.00 133.50
136.00 134.00
136.00 134.50
136.00 135.00
136.00 135.50
136.00 136.00
136.00 136.50
136.00 137.00
