132.50 144.00
132.00 144.00
131.50 144.00
131.00 144.00
130.50 144.00
130.00 144.00
129.50 143.50
129.00 143.50
128.50 143.50
128.00 143.50
127.50 143.00
127.00 143.00
126.50 143.00
126.00 142.50
125.50 142.50
125.00 142.00
124.50 142.00
124.00 141.50
123.50 141.50
123.00 141.00
122.50 141.00
122.00 140.50
121.50 140.00
121.00 139.50
120.50 139.00
120.00 138.50
119.50 138.00
119.00 137.50
118.50 137.00
118.00 136.50
117.50 136.00
117.00 135.50
117.00 135.00
116.50 134.50
116.50 134.00
116.00 133.50
116.00 133.00
115.50 132.50
115.50 132.00
115.50 131.50
115.00 131.00
115.00 130.50
115.00 130.00
114.50 129.50
114.50 129.00
114.50 128.50
114.50 128.00
114.50 127.50
114.50 127.00
114.50 126.50
114.50 126.00
114.50 125.50
114.50 125.00
114.50 124.50
114.50 124.00
114.50 123.50
114.50 123.00
114.50 122.50
114.50 122.00
114.50 121.50
114.50 121.00
115.00 120.50
115.00 120.00
115.00 119.50
115.00 119.00
115.50 118.50
115.50 118.00
115.50 117.50
116.00 117.00
116.00 116.50
116.50 116.00
116.50 115.50
117.00 115.00
117.00 114.50
117.50 114.00
118.00 113.50
118.00 113.00
118.50 112.50
119.00 112.00
119.50 111.50
120.00 111.00
120.50 110.50
121.00 110.50
121.50 110.00
122.00 110.00
122.50 109.50
123.00 109.50
123.50 109.00
124.00 109.00
124.50 109.00
125.00 108.50
125.50 108.50
126.00 108.50
126.50 108.50
127.00 108.50
127.50 108.50
128.00 108.50
128.50 108.50
129.00 108.50
129.50 108.50
130.00 108.50
130.50 108.50
131.00 109.00
131.50 109.00
132.00 109.00
132.50 109.00
133.00 109.50
133.50 109.50
134.00 109.50
134.50 109.50
135.00 110.00
135.50 110.00
136.00 110.50
136.50 111.00
137.00 111.00
137.50 111.50
138.00 111.50
138.50 112.00
139.00 112.50
139.50 113.00
140.00 113.00
140.50 113.50
141.00 114.00
141.50 114.50
142.00 115.00
142.00 115.50
142.50 116.00
143.00 116.50
143.50 117.00
143.50 117.50
144.00 118.00
144.00 118.50
144.50 119.00
144.50 119.50
145.00 120.00
145.00 120.50
145.50 121.00
145.50 121.50
146.00 122.00
146.00 122.50
146.50 123.00
146.50 123.50
147.00 124.00
147.00 124.50
147.00 125.00
147.50 125.50
147.50 126.00
147.50 126.50
147.50 127.00
147.50 127.50
148.00 128.00
148.00 128.50
148.00 129.00
148.00 129.50
148.00 130.00
148.00 130.50
148.00 131.00
148.00 131.50
148.00 132.00
148.00 132.50
148.00 133.00
148.00 133.50
148.00 134.00
147.50 134.50
147.50 135.00
147.50 135.50
147.00 136.00
147.00 136.50
147.00 137.00
146.50 137.50
146.00 138.00
145.50 138.50
145.50 139.00
145.00 139.50
144.50 139.50
144.00 140.00
143.50 140.50
143.00 141.00
142.50 141.00
142.00 141.50
141.50 142.00
141.00 142.00
140.50 142.50
140.00 142.50
139.50 142.50
139.00 143.00
138.50 143.00
138.00 143.00
137.50 143.50
137.00 143.50
136.50 143.50
136.00 143.50
135.50 144.00
135.00 144.00
134.50 144.00
134.00 144.00
133.50 144.00
133.00 144.00
