134.50 147.50
134.00 147.50
133.50 147.50
133.00 147.50
132.50 147.50
132.00 147.50
131.50 147.50
131.00 147.00
130.50 147.00
130.00 147.00
129.50 147.00
129.00 146.50
128.50 146.50
128.00 146.50
127.50 146.00
127.00 146.00
126.50 145.50
126.00 145.50
125.50 145.00
125.00 144.50
124.50 144.50
124.00 144.00
123.50 143.50
123.00 143.00
122.50 143.00
122.00 142.50
121.50 142.00
121.00 141.50
120.50 141.00
120.00 140.50
120.00 140.00
119.50 139.50
119.00 139.00
118.50 138.50
118.00 138.00
118.00 137.50
117.50 137.00
117.50 136.50
117.00 136.00
117.00 135.50
116.50 135.00
116.50 134.50
116.50 134.00
116.00 133.50
116.00 133.00
116.00 132.50
116.00 132.00
116.00 131.50
116.00 131.00
116.00 130.50
116.00 130.00
116.00 129.50
116.00 129.00
116.00 128.50
116.00 128.00
116.00 127.50
116.50 127.00
116.50 126.50
117.00 126.00
117.00 125.50
117.00 125.00
117.50 124.50
117.50 124.00
118.00 123.50
118.50 123.00
118.50 122.50
119.00 122.00
119.00 121.50
119.50 121.00
120.00 120.50
120.50 120.00
121.00 119.50
121.50 119.00
122.00 118.50
122.50 118.00
123.00 117.50
123.50 117.50
124.00 117.00
124.50 116.50
125.00 116.50
125.50 116.00
126.00 115.50
126.50 115.50
127.00 115.00
127.50 114.50
128.00 114.50
128.50 114.00
129.00 114.00
129.50 113.50
130.00 113.50
130.50 113.00
131.00 113.00
131.50 113.00
132.00 112.50
132.50 112.50
133.00 112.50
133.50 112.00
134.00 112.00
134.50 112.00
135.00 112.00
135.50 112.00
136.00 111.50
136.50 111.50
137.00 111.50
137.50 111.50
138.00 111.50
138.50 111.50
139.00 111.50
139.50 111.50
140.00 111.50
140.50 112.00
141.00 112.00
141.50 112.00
142.00 112.00
142.50 112.50
143.00 113.00
143.50 113.00
144.00 113.50
144.50 114.00
145.00 114.50
145.50 115.00
145.50 115.50
146.00 116.00
146.00 116.50
146.50 117.00
147.00 117.50
147.00 118.00
147.00 118.50
147.50 119.00
147.50 119.50
147.50 120.00
147.50 120.50
148.00 121.00
148.00 121.50
148.00 122.00
148.00 122.50
148.00 123.00
148.50 123.50
148.50 124.00
148.50 124.50
148.50 125.00
148.50 125.50
148.50 126.00
148.50 126.50
148.50 127.00
148.50 127.50
148.50 128.00
148.50 128.50
148.00 129.00
148.00 129.50
148.00 130.00
148.00 130.50
148.00 131.00
148.00 131.50
147.50 132.00
147.50 132.50
147.50 133.00
147.50 133.50
147.00 134.00
147.00 134.50
147.00 135.00
146.50 135.50
146.50 136.00
146.50 136.50
146.00 137.00
146.00 137.50
145.50 138.00
145.50 138.50
145.50 139.00
145.00 139.50
144.50 140.00
144.50 140.50
144.00 141.00
144.00 141.50
143.50 142.00
143.00 142.50
142.50 143.00
142.00 143.50
141.50 144.00
141.00 144.50
140.50 145.00
140.00 145.50
139.50 146.00
139.00 146.00
138.50 146.50
138.00 146.50
137.50 146.50
137.00 147.00
136.50 147.00
136.00 147.50
135.50 147.50
135.00 147.50
