132.50 154.50
132.00 154.50
131.50 154.50
131.00 154.50
130.50 154.50
130.00 154.50
129.50 154.50
129.00 154.50
128.50 154.50
128.00 154.50
127.50 154.50
127.00 154.50
126.50 154.50
126.00 154.50
125.50 154.00
125.00 154.00
124.50 154.00
124.00 154.00
123.50 153.50
123.00 153.50
122.50 153.50
122.00 153.00
121.50 153.00
121.00 152.50
120.50 152.50
120.00 152.50
119.50 152.00
119.00 151.50
118.50 151.50
118.00 151.00
117.50 151.00
117.00 150.50
116.50 150.00
116.00 149.50
115.50 149.50
115.00 149.00
114.50 148.50
114.00 148.00
113.50 147.50
113.00 147.00
112.50 146.50
112.00 146.00
111.50 145.50
111.00 145.00
111.00 144.50
110.50 144.00
110.50 143.50
110.00 143.00
109.50 142.50
109.00 142.00
109.00 141.50
109.00 141.00
108.50 140.50
108.50 140.00
108.00 139.50
108.00 139.00
108.00 138.50
107.50 138.00
107.50 137.50
107.00 137.00
107.00 136.50
107.00 136.00
107.00 135.50
106.50 135.00
106.50 134.50
106.50 134.00
106.50 133.50
106.50 133.00
106.00 132.50
106.00 132.00
106.00 131.50
106.00 131.00
106.00 130.50
106.00 130.00
106.00 129.50
106.00 129.00
106.00 128.50
106.00 128.00
106.00 127.50
106.00 127.00
106.00 126.50
106.00 126.00
106.00 125.50
106.00 125.00
106.00 124.50
106.00 124.00
106.50 123.50
106.50 123.00
106.50 122.50
106.50 122.00
106.50 121.50
106.50 121.00
107.00 120.50
107.00 120.00
107.00 119.50
107.50 119.00
107.50 118.50
107.50 118.00
108.00 117.50
108.00 117.00
108.00 116.50
108.50 116.00
108.50 115.50
109.00 115.00
109.00 114.50
109.50 114.00
110.00 113.50
110.00 113.00
110.50 112.50
111.00 112.00
111.00 111.50
111.50 111.00
112.00 110.50
112.50 110.00
113.00 109.50
113.50 109.00
114.00 108.50
114.50 108.00
115.00 107.50
115.50 107.50
116.00 107.00
116.50 107.00
117.00 106.50
117.50 106.50
118.00 106.00
118.50 106.00
119.00 105.50
119.50 105.50
120.00 105.00
120.50 105.00
121.00 105.00
121.50 104.50
122.00 104.50
122.50 104.50
123.00 104.00
123.50 104.00
124.00 104.00
124.50 104.00
125.00 104.00
125.50 103.50
126.00 103.50
126.50 103.50
127.00 103.50
127.50 103.50
128.00 103.50
128.50 103.50
129.00 103.50
129.50 103.50
130.00 103.50
130.50 103.50
131.00 103.50
131.50 103.50
132.00 103.50
132.50 103.50
133.00 103.50
133.50 104.00
134.00 104.00
134.50 104.00
135.00 104.00
135.50 104.50
136.00 104.50
136.50 104.50
137.00 104.50
137.50 105.00
138.00 105.00
138.50 105.00
139.00 105.50
139.50 105.50
140.00 106.00
140.50 106.00
141.00 106.50
141.50 106.50
142.00 107.00
142.50 107.00
143.00 107.50
143.50 108.00
144.00 108.00
144.50 108.50
145.00 109.00
145.50 109.50
146.00 110.00
146.50 110.50
146.50 111.00
147.00 111.50
147.50 112.00
148.00 112.50
148.50 113.00
148.50 113.50
149.00 114.00
149.00 114.50
149.50 115.00
150.00 115.50
150.00 116.00
150.50 116.50
150.50 117.00
150.50 117.50
151.00 118.00
151.00 118.50
151.00 119.00
151.50 119.50
151.50 120.00
151.50 120.50
151.50 121.00
152.00 121.50
152.00 122.00
152.00 122.50
152.00 123.00
152.00 123.50
152.50 124.00
152.50 124.50
152.50 125.00
152.50 125.50
152.50 126.00
152.50 126.50
152.50 127.00
152.50 127.50
152.50 128.00
152.50 128.50
152.50 129.00
152.50 129.50
152.50 130.00
152.50 130.50
152.50 131.00
152.00 131.50
152.00 132.00
152.00 132.50
152.00 133.00
152.00 133.50
152.00 134.00
151.50 134.50
151.50 135.00
151.50 135.50
151.00 136.00
151.00 136.50
151.00 137.00
150.50 137.50
150.50 138.00
150.50 138.50
150.00 139.00
150.00 139.50
149.50 140.00
149.50 140.50
149.00 141.00
149.00 141.50
148.50 142.00
148.00 142.50
148.00 143.00
147.50 143.50
147.00 144.00
147.00 144.50
146.50 145.00
146.00 145.50
146.00 146.00
145.50 146.50
145.00 146.50
144.50 147.00
144.50 147.50
144.00 148.00
143.50 148.50
143.00 149.00
142.50 149.50
142.00 150.00
141.50 150.00
141.00 150.50
140.50 151.00
140.00 151.50
139.50 152.00
139.00 152.00
138.50 152.50
138.00 152.50
137.50 153.00
137.00 153.00
136.50 153.50
136.00 153.50
135.50 153.50
135.00 154.00
134.50 154.00
134.00 154.00
133.50 154.50
133.00 154.50
