123.00 148.00
122.50 148.00
122.00 148.00
121.50 147.50
121.00 147.50
120.50 147.50
120.00 147.50
119.50 147.50
119.00 147.00
118.50 147.00
118.00 147.00
117.50 146.50
117.00 146.50
116.50 146.00
116.00 146.00
115.50 145.50
115.00 145.50
114.50 145.00
114.00 144.50
113.50 144.50
113.00 144.00
112.50 143.50
112.00 143.00
111.50 142.50
111.50 142.00
111.00 141.50
110.50 141.00
110.00 140.50
109.50 140.00
109.50 139.50
109.00 139.00
109.00 138.50
109.00 138.00
108.50 137.50
108.50 137.00
108.50 136.50
108.00 136.00
108.00 135.50
108.00 135.00
108.00 134.50
108.00 134.00
108.00 133.50
108.00 133.00
108.00 132.50
108.00 132.00
108.00 131.50
108.00 131.00
108.00 130.50
108.00 130.00
108.00 129.50
108.00 129.00
108.00 128.50
108.50 128.00
108.50 127.50
108.50 127.00
108.50 126.50
109.00 126.00
109.00 125.50
109.50 125.00
109.50 124.50
109.50 124.00
110.00 123.50
110.00 123.00
110.50 122.50
111.00 122.00
111.50 121.50
111.50 121.00
112.00 120.50
112.50 120.00
113.00 119.50
113.50 119.00
114.00 118.50
114.50 118.00
115.00 118.00
115.50 118.00
116.00 117.50
116.50 117.00
117.00 117.00
117.50 117.00
118.00 116.50
118.50 116.50
119.00 116.50
119.50 116.50
120.00 116.00
120.50 116.00
121.00 116.00
121.50 116.00
122.00 116.00
122.50 116.00
123.00 116.00
123.50 116.00
124.00 116.00
124.50 116.00
125.00 116.00
125.50 116.00
126.00 116.00
126.50 116.50
127.00 116.50
127.50 116.50
128.00 117.00
128.50 117.00
129.00 117.00
129.50 117.50
130.00 117.50
130.50 118.00
131.00 118.00
131.50 118.50
132.00 119.00
132.50 119.00
133.00 119.50
133.50 120.00
134.00 120.50
134.50 121.00
134.50 121.50
135.00 122.00
135.50 122.50
135.50 123.00
136.00 123.50
136.00 124.00
136.50 124.50
136.50 125.00
137.00 125.50
137.00 126.00
137.00 126.50
137.00 127.00
137.50 127.50
137.50 128.00
137.50 128.50
137.50 129.00
137.50 129.50
138.00 130.00
138.00 130.50
138.00 131.00
138.00 131.50
138.00 132.00
138.00 132.50
138.00 133.00
138.00 133.50
138.00 134.00
138.00 134.50
138.00 135.00
138.00 135.50
138.00 136.00
138.00 136.50
138.00 137.00
138.00 137.50
138.00 138.00
137.50 138.50
137.50 139.00
137.50 139.50
137.50 140.00
137.50 140.50
137.00 141.00
137.00 141.50
137.00 142.00
136.50 142.50
136.00 143.00
136.00 143.50
135.50 144.00
135.00 144.50
134.50 145.00
134.00 145.50
133.50 146.00
133.00 146.00
132.50 146.50
132.00 146.50
131.50 147.00
131.00 147.00
130.50 147.50
130.00 147.50
129.50 147.50
129.00 147.50
128.50 148.00
128.00 148.00
127.50 148.00
127.00 148.00
126.50 148.00
126.00 148.00
125.50 148.00
125.00 148.00
124.50 148.00
124.00 148.00
123.50 148.00
