140.50 133.00
141.00 133.50
141.50 133.50
142.00 133.50
142.50 134.00
143.00 134.00
143.50 134.50
143.50 135.00
143.50 135.50
143.50 136.00
143.00 136.50
143.00 137.00
142.50 137.50
142.00 138.00
141.50 138.50
141.00 139.00
140.50 139.00
140.00 139.50
139.50 139.50
139.00 140.00
138.50 140.50
138.00 140.50
137.50 140.50
137.00 141.00
136.50 141.00
136.00 141.00
135.50 141.00
135.00 141.00
134.50 141.00
134.00 141.00
133.50 141.00
133.00 140.50
132.50 140.50
132.00 140.00
131.50 139.50
131.00 139.00
131.00 138.50
131.00 138.00
131.00 137.50
131.00 137.00
131.00 136.50
131.00 136.00
131.00 135.50
131.00 135.00
131.00 134.50
131.50 134.00
132.00 133.50
132.50 133.00
133.00 133.00
133.50 132.50
134.00 132.50
134.50 132.50
135.00 132.50
135.50 132.50
136.00 132.50
136.50 132.50
137.00 132.50
137.50 132.50
138.00 132.50
138.50 132.50
139.00 133.00
139.50 133.00
140.00 133.00
