129.50 150.50
129.00 150.50
128.50 150.50
128.00 150.50
127.50 150.50
127.00 150.00
126.50 150.00
126.00 150.00
125.50 149.50
125.00 149.50
124.50 149.00
124.00 149.00
123.50 148.50
123.00 148.50
122.50 148.00
122.00 147.50
121.50 147.50
121.00 147.00
120.50 146.50
120.00 146.00
119.50 146.00
119.00 145.50
119.00 145.00
118.50 144.50
118.00 144.00
117.50 143.50
117.50 143.00
117.00 142.50
116.50 142.00
116.50 141.50
116.00 141.00
116.00 140.50
115.50 140.00
115.50 139.50
115.00 139.00
115.00 138.50
114.50 138.00
114.50 137.50
114.50 137.00
114.00 136.50
114.00 136.00
114.00 135.50
114.00 135.00
114.00 134.50
113.50 134.00
113.50 133.50
113.50 133.00
113.50 132.50
113.50 132.00
113.50 131.50
113.50 131.00
113.50 130.50
113.50 130.00
113.50 129.50
114.00 129.00
114.00 128.50
114.00 128.00
114.00 127.50
114.00 127.00
114.50 126.50
114.50 126.00
114.50 125.50
115.00 125.00
115.00 124.50
115.50 124.00
115.50 123.50
116.00 123.00
116.00 122.50
116.50 122.00
116.50 121.50
117.00 121.00
117.50 120.50
118.00 120.00
118.00 119.50
118.50 119.00
119.00 118.50
119.50 118.00
120.00 118.00
120.50 117.50
121.00 117.00
121.50 117.00
122.00 116.50
122.50 116.00
123.00 116.00
123.50 115.50
124.00 115.00
124.50 115.00
125.00 115.00
125.50 114.50
126.00 114.50
126.50 114.00
127.00 114.00
127.50 114.00
128.00 113.50
128.50 113.50
129.00 113.50
129.50 113.50
130.00 113.00
130.50 113.00
131.00 113.00
131.50 113.00
132.00 113.00
132.50 113.00
133.00 113.00
133.50 113.00
134.00 113.00
134.50 113.00
135.00 113.00
135.50 113.00
136.00 113.50
136.50 113.50
137.00 113.50
137.50 113.50
138.00 114.00
138.50 114.00
139.00 114.00
139.50 114.50
140.00 115.00
140.50 115.00
141.00 115.50
141.50 115.50
142.00 116.00
142.50 116.50
143.00 117.00
143.50 117.50
144.00 118.00
144.00 118.50
144.50 119.00
144.50 119.50
145.00 120.00
145.50 120.50
145.50 121.00
145.50 121.50
146.00 122.00
146.00 122.50
146.00 123.00
146.50 123.50
146.50 124.00
146.50 124.50
146.50 125.00
146.50 125.50
146.50 126.00
146.50 126.50
146.50 127.00
146.50 127.50
147.00 128.00
147.00 128.50
147.00 129.00
147.00 129.50
146.50 130.00
146.50 130.50
146.50 131.00
146.50 131.50
146.50 132.00
146.50 132.50
146.50 133.00
146.50 133.50
146.00 134.00
146.00 134.50
146.00 135.00
146.00 135.50
145.50 136.00
145.50 136.50
145.50 137.00
145.50 137.50
145.00 138.00
145.00 138.50
144.50 139.00
144.50 139.50
144.00 140.00
144.00 140.50
143.50 141.00
143.50 141.50
143.00 142.00
142.50 142.50
142.50 143.00
142.00 143.50
141.50 144.00
141.00 144.50
140.50 145.00
140.00 145.50
139.50 146.00
139.00 146.50
138.50 147.00
138.00 147.50
137.50 147.50
137.00 148.00
136.50 148.50
136.00 148.50
135.50 149.00
135.00 149.00
134.50 149.50
134.00 149.50
133.50 149.50
133.00 150.00
132.50 150.00
132.00 150.00
131.50 150.50
131.00 150.50
130.50 150.50
130.00 150.50
