138.50 124.50
138.00 125.00
137.50 125.50
137.00 126.00
136.50 126.00
136.00 126.00
135.50 126.00
135.00 126.00
134.50 126.00
134.00 126.00
133.50 126.00
133.00 125.50
132.50 125.50
132.00 125.50
131.50 125.50
131.00 125.00
130.50 125.00
130.00 124.50
129.50 124.50
129.00 124.00
128.50 123.50
128.00 123.00
128.00 122.50
128.00 122.00
128.00 121.50
128.00 121.00
128.00 120.50
128.00 120.00
128.50 119.50
128.50 119.00
129.00 118.50
129.50 118.00
130.00 117.50
130.50 117.00
131.00 117.00
131.50 116.50
132.00 116.50
132.50 116.50
133.00 117.00
133.50 117.00
134.00 117.00
134.50 117.50
135.00 117.50
135.50 118.00
136.00 118.50
136.50 119.00
137.00 119.50
137.50 120.00
137.50 120.50
138.00 121.00
138.00 121.50
138.00 122.00
138.50 122.50
138.50 123.00
138.50 123.50
138.50 124.00
