133.00 154.00
132.50 154.00
132.00 154.00
131.50 154.00
131.00 154.00
130.50 154.00
130.00 154.00
129.50 154.00
129.00 154.00
128.50 154.00
128.00 154.00
127.50 154.00
127.00 153.50
126.50 153.50
126.00 153.50
125.50 153.50
125.00 153.00
124.50 153.00
124.00 153.00
123.50 153.00
123.00 152.50
122.50 152.50
122.00 152.00
121.50 152.00
121.00 151.50
120.50 151.50
120.00 151.00
119.50 151.00
119.00 151.00
118.50 150.50
118.00 150.00
117.50 149.50
117.00 149.00
116.50 149.00
116.00 148.50
115.50 148.00
115.00 147.50
114.50 147.00
114.00 146.50
113.50 146.00
113.00 145.50
112.50 145.00
112.50 144.50
112.00 144.00
111.50 143.50
111.50 143.00
111.00 142.50
111.00 142.00
110.50 141.50
110.50 141.00
110.00 140.50
110.00 140.00
110.00 139.50
109.50 139.00
109.50 138.50
109.50 138.00
109.00 137.50
109.00 137.00
109.00 136.50
109.00 136.00
108.50 135.50
108.50 135.00
108.50 134.50
108.50 134.00
108.50 133.50
108.50 133.00
108.50 132.50
108.50 132.00
108.50 131.50
108.00 131.00
108.00 130.50
108.00 130.00
108.00 129.50
108.00 129.00
108.00 128.50
108.50 128.00
108.50 127.50
108.50 127.00
108.50 126.50
108.50 126.00
108.50 125.50
108.50 125.00
108.50 124.50
108.50 124.00
109.00 123.50
109.00 123.00
109.00 122.50
109.00 122.00
109.00 121.50
109.50 121.00
109.50 120.50
109.50 120.00
110.00 119.50
110.00 119.00
110.00 118.50
110.00 118.00
110.50 117.50
110.50 117.00
111.00 116.50
111.00 116.00
111.00 115.50
111.50 115.00
111.50 114.50
112.00 114.00
112.00 113.50
112.50 113.00
112.50 112.50
113.00 112.00
113.00 111.50
113.50 111.00
114.00 110.50
114.00 110.00
114.50 109.50
115.00 109.00
115.50 108.50
116.00 108.00
116.50 107.50
117.00 107.00
117.50 106.50
118.00 106.00
118.50 105.50
119.00 105.00
119.50 104.50
120.00 104.00
120.50 103.50
121.00 103.50
121.50 103.50
122.00 103.00
122.50 102.50
123.00 102.50
123.50 102.50
124.00 102.00
124.50 102.00
125.00 102.00
125.50 101.50
126.00 101.50
126.50 101.50
127.00 101.50
127.50 101.50
128.00 101.00
128.50 101.00
129.00 101.00
129.50 101.00
130.00 101.00
130.50 101.00
131.00 101.00
131.50 101.00
132.00 101.00
132.50 101.00
133.00 101.00
133.50 101.00
134.00 101.00
134.50 101.00
135.00 101.50
135.50 101.50
136.00 101.50
136.50 101.50
137.00 101.50
137.50 102.00
138.00 102.00
138.50 102.00
139.00 102.50
139.50 102.50
140.00 102.50
140.50 103.00
141.00 103.00
141.50 103.00
142.00 103.50
142.50 104.00
143.00 104.00
143.50 104.50
144.00 104.50
144.50 105.00
145.00 105.00
145.50 105.50
146.00 106.00
146.50 106.50
147.00 106.50
147.50 107.00
148.00 107.50
148.50 108.00
149.00 108.50
149.50 109.00
150.00 109.50
150.50 110.00
151.00 110.50
151.00 111.00
151.50 111.50
152.00 112.00
152.50 112.50
152.50 113.00
153.00 113.50
153.50 114.00
153.50 114.50
153.50 115.00
154.00 115.50
154.00 116.00
154.50 116.50
154.50 117.00
155.00 117.50
155.00 118.00
155.50 118.50
155.50 119.00
155.50 119.50
156.00 120.00
156.00 120.50
156.00 121.00
156.00 121.50
156.00 122.00
156.50 122.50
156.50 123.00
156.50 123.50
156.50 124.00
156.50 124.50
156.50 125.00
156.50 125.50
156.50 126.00
156.50 126.50
156.50 127.00
156.50 127.50
156.50 128.00
156.50 128.50
156.50 129.00
156.50 129.50
156.00 130.00
156.00 130.50
156.00 131.00
156.00 131.50
156.00 132.00
155.50 132.50
155.50 133.00
155.50 133.50
155.00 134.00
155.00 134.50
155.00 135.00
154.50 135.50
154.50 136.00
154.50 136.50
154.00 137.00
154.00 137.50
153.50 138.00
153.50 138.50
153.00 139.00
153.00 139.50
152.50 140.00
152.00 140.50
152.00 141.00
151.50 141.50
151.00 142.00
150.50 142.50
150.50 143.00
150.00 143.50
150.00 144.00
149.50 144.50
149.00 145.00
148.50 145.50
148.00 146.00
147.50 146.50
147.00 147.00
146.50 147.50
146.00 148.00
145.50 148.00
145.00 148.50
144.50 149.00
144.00 149.50
143.50 150.00
143.00 150.50
142.50 150.50
142.00 150.50
141.50 151.00
141.00 151.50
140.50 152.00
140.00 152.00
139.50 152.00
139.00 152.50
138.50 152.50
138.00 153.00
137.50 153.00
137.00 153.00
136.50 153.50
136.00 153.50
135.50 153.50
135.00 153.50
134.50 154.00
134.00 154.00
133.50 154.00
