144.50 121.00
144.00 121.50
143.50 122.00
143.00 122.00
142.50 122.50
142.00 122.50
141.50 122.50
141.00 122.50
140.50 122.50
140.00 122.50
139.50 122.50
139.00 122.50
138.50 122.50
138.00 122.50
137.50 122.50
137.00 122.50
136.50 122.50
136.00 122.50
135.50 122.00
135.00 122.00
134.50 122.00
134.00 121.50
133.50 121.00
133.00 120.50
132.50 120.00
132.50 119.50
132.50 119.00
132.50 118.50
132.50 118.00
132.50 117.50
132.50 117.00
133.00 116.50
133.00 116.00
133.50 115.50
133.50 115.00
134.00 114.50
134.50 114.00
135.00 113.50
135.50 113.50
136.00 113.50
136.50 113.00
137.00 113.00
137.50 113.00
138.00 113.50
138.50 113.50
139.00 113.50
139.50 114.00
140.00 114.50
140.50 114.50
141.00 115.00
141.50 115.50
142.00 116.00
142.50 116.50
143.00 117.00
143.50 117.50
144.00 118.00
144.00 118.50
144.50 119.00
144.50 119.50
144.50 120.00
144.50 120.50
