142.00 136.00
142.00 136.50
142.00 137.00
141.50 137.50
141.00 138.00
140.50 138.00
140.00 138.00
139.50 138.50
139.00 139.00
138.50 139.00
138.00 139.50
137.50 139.50
137.00 139.50
136.50 140.00
136.00 140.00
135.50 140.00
135.00 140.00
134.50 140.00
134.00 140.00
133.50 140.00
133.00 140.00
132.50 140.00
132.00 140.00
131.50 140.00
131.00 140.00
130.50 139.50
130.00 139.50
129.50 139.00
129.00 138.50
129.00 138.00
129.00 137.50
129.00 137.00
129.00 136.50
129.50 136.00
130.00 135.50
130.00 135.00
130.50 134.50
131.00 134.00
131.50 134.00
132.00 134.00
132.50 134.00
133.00 134.00
133.50 134.00
134.00 134.00
134.50 134.00
135.00 134.50
135.50 134.50
136.00 134.50
136.50 134.50
137.00 135.00
137.50 135.00
138.00 135.00
138.50 135.00
139.00 135.00
139.50 135.00
140.00 135.00
140.50 135.00
141.00 135.50
141.50 135.50
