135.50 149.50
135.00 149.50
134.50 149.50
134.00 149.50
133.50 150.00
133.00 150.00
132.50 150.00
132.00 150.00
131.50 150.00
131.00 150.00
130.50 150.00
130.00 150.00
129.50 150.00
129.00 149.50
128.50 149.50
128.00 149.50
127.50 149.50
127.00 149.50
126.50 149.00
126.00 149.00
125.50 149.00
125.00 149.00
124.50 148.50
124.00 148.50
123.50 148.50
123.00 148.00
122.50 148.00
122.00 148.00
121.50 147.50
121.00 147.00
120.50 147.00
120.00 147.00
119.50 146.50
119.00 146.00
118.50 145.50
118.00 145.50
117.50 145.00
117.00 145.00
116.50 144.50
116.00 144.00
115.50 143.50
115.00 143.00
114.50 142.50
114.00 142.00
113.50 141.50
113.00 141.00
113.00 140.50
112.50 140.00
112.00 139.50
112.00 139.00
111.50 138.50
111.00 138.00
111.00 137.50
110.50 137.00
110.00 136.50
110.00 136.00
110.00 135.50
109.50 135.00
109.50 134.50
109.50 134.00
109.00 133.50
109.00 133.00
109.00 132.50
108.50 132.00
108.50 131.50
108.50 131.00
108.50 130.50
108.50 130.00
108.00 129.50
108.00 129.00
108.00 128.50
108.00 128.00
108.00 127.50
108.00 127.00
108.00 126.50
108.00 126.00
108.00 125.50
108.00 125.00
108.00 124.50
108.00 124.00
108.00 123.50
108.00 123.00
108.00 122.50
108.00 122.00
108.50 121.50
108.50 121.00
108.50 120.50
108.50 120.00
109.00 119.50
109.00 119.00
109.00 118.50
109.00 118.00
109.50 117.50
109.50 117.00
110.00 116.50
110.00 116.00
110.50 115.50
110.50 115.00
111.00 114.50
111.00 114.00
111.50 113.50
112.00 113.00
112.00 112.50
112.50 112.00
113.00 111.50
113.00 111.00
113.50 110.50
114.00 110.00
114.50 109.50
114.50 109.00
115.00 108.50
115.50 108.50
116.00 108.00
116.50 107.50
117.00 107.00
117.50 106.50
118.00 106.50
118.50 106.00
119.00 105.50
119.50 105.50
120.00 105.50
120.50 105.00
121.00 104.50
121.50 104.50
122.00 104.00
122.50 104.00
123.00 104.00
123.50 103.50
124.00 103.50
124.50 103.00
125.00 103.00
125.50 103.00
126.00 103.00
126.50 103.00
127.00 102.50
127.50 102.50
128.00 102.50
128.50 102.50
129.00 102.50
129.50 102.50
130.00 102.50
130.50 102.50
131.00 102.50
131.50 102.50
132.00 102.50
132.50 102.50
133.00 102.50
133.50 102.50
134.00 102.50
134.50 102.50
135.00 102.50
135.50 103.00
136.00 103.00
136.50 103.00
137.00 103.00
137.50 103.50
138.00 103.50
138.50 103.50
139.00 104.00
139.50 104.00
140.00 104.50
140.50 104.50
141.00 105.00
141.50 105.00
142.00 105.50
142.50 105.50
143.00 106.00
143.50 106.50
144.00 107.00
144.50 107.50
145.00 107.50
145.50 108.00
146.00 108.50
146.50 109.00
147.00 109.50
147.50 110.00
148.00 110.50
148.00 111.00
148.50 111.50
149.00 112.00
149.00 112.50
149.50 113.00
149.50 113.50
150.00 114.00
150.50 114.50
150.50 115.00
151.00 115.50
151.00 116.00
151.00 116.50
151.50 117.00
152.00 117.50
152.00 118.00
152.00 118.50
152.00 119.00
152.50 119.50
152.50 120.00
152.50 120.50
152.50 121.00
153.00 121.50
153.00 122.00
153.00 122.50
153.00 123.00
153.00 123.50
153.00 124.00
153.00 124.50
153.00 125.00
153.00 125.50
153.00 126.00
153.00 126.50
153.00 127.00
153.00 127.50
153.00 128.00
153.00 128.50
153.00 129.00
153.00 129.50
153.00 130.00
153.00 130.50
153.00 131.00
152.50 131.50
152.50 132.00
152.50 132.50
152.50 133.00
152.00 133.50
152.00 134.00
152.00 134.50
151.50 135.00
151.50 135.50
151.50 136.00
151.00 136.50
151.00 137.00
150.50 137.50
150.00 138.00
150.00 138.50
150.00 139.00
149.50 139.50
149.00 140.00
149.00 140.50
148.50 141.00
148.00 141.50
147.50 142.00
147.00 142.50
147.00 143.00
146.50 143.50
146.00 144.00
145.50 144.00
145.00 144.50
145.00 145.00
144.50 145.50
144.00 145.50
143.50 146.00
143.00 146.50
142.50 146.50
142.00 147.00
141.50 147.00
141.00 147.50
140.50 147.50
140.00 148.00
139.50 148.00
139.00 148.50
138.50 148.50
138.00 149.00
137.50 149.00
137.00 149.00
136.50 149.50
136.00 149.50
