142.50 121.50
142.00 122.00
142.00 122.50
141.50 123.00
141.00 123.00
140.50 123.50
140.00 123.50
139.50 123.50
139.00 124.00
138.50 124.00
138.00 124.00
137.50 124.00
137.00 124.00
136.50 124.00
136.00 123.50
135.50 123.50
135.00 123.50
134.50 123.00
134.00 122.50
133.50 122.50
133.00 122.00
132.50 121.50
132.00 121.00
131.50 120.50
131.50 120.00
131.50 119.50
131.50 119.00
131.50 118.50
132.00 118.00
132.50 117.50
132.50 117.00
133.00 116.50
133.50 116.50
134.00 116.00
134.50 116.00
135.00 115.50
135.50 115.50
136.00 115.50
136.50 115.50
137.00 115.50
137.50 115.50
138.00 115.50
138.50 115.50
139.00 115.50
139.50 116.00
140.00 116.00
140.50 116.50
141.00 117.00
141.50 117.50
142.00 118.00
142.00 118.50
142.50 119.00
142.50 119.50
142.50 120.00
142.50 120.50
142.50 121.00
