126.00 143.50
125.50 143.50
125.00 143.50
124.50 143.00
124.00 143.00
123.50 143.00
123.00 143.00
122.50 142.50
122.00 142.50
121.50 142.00
121.00 142.00
120.50 141.50
120.00 141.50
119.50 141.00
119.00 141.00
118.50 140.50
118.00 140.00
117.50 139.50
117.00 139.00
116.50 138.50
116.00 138.00
115.50 137.50
115.00 137.00
114.50 136.50
114.00 136.00
113.50 135.50
113.50 135.00
113.50 134.50
113.00 134.00
113.00 133.50
112.50 133.00
112.50 132.50
112.00 132.00
112.00 131.50
112.00 131.00
112.00 130.50
111.50 130.00
111.50 129.50
111.50 129.00
111.50 128.50
111.50 128.00
111.50 127.50
111.50 127.00
111.50 126.50
111.50 126.00
111.50 125.50
112.00 125.00
112.00 124.50
112.00 124.00
112.00 123.50
112.50 123.00
112.50 122.50
112.50 122.00
113.00 121.50
113.00 121.00
113.50 120.50
113.50 120.00
114.00 119.50
114.00 119.00
114.50 118.50
115.00 118.00
115.50 117.50
116.00 117.00
116.50 116.50
117.00 116.00
117.50 116.00
118.00 115.50
118.50 115.00
119.00 114.50
119.50 114.50
120.00 114.00
120.50 114.00
121.00 114.00
121.50 114.00
122.00 113.50
122.50 113.50
123.00 113.50
123.50 113.50
124.00 113.50
124.50 113.50
125.00 113.50
125.50 113.50
126.00 113.50
126.50 113.50
127.00 113.50
127.50 113.50
128.00 113.50
128.50 113.50
129.00 114.00
129.50 114.00
130.00 114.00
130.50 114.50
131.00 114.50
131.50 114.50
132.00 115.00
132.50 115.00
133.00 115.00
133.50 115.50
134.00 115.50
134.50 116.00
135.00 116.50
135.50 116.50
136.00 117.00
136.50 117.50
137.00 117.50
137.50 118.00
138.00 118.50
138.50 119.00
139.00 119.50
139.50 120.00
140.00 120.50
140.50 121.00
141.00 121.50
141.50 122.00
141.50 122.50
142.00 123.00
142.00 123.50
142.00 124.00
142.50 124.50
143.00 125.00
143.00 125.50
143.00 126.00
143.50 126.50
143.50 127.00
143.50 127.50
143.50 128.00
144.00 128.50
144.00 129.00
144.00 129.50
144.00 130.00
144.00 130.50
144.00 131.00
144.00 131.50
144.00 132.00
143.50 132.50
143.50 133.00
143.50 133.50
143.50 134.00
143.00 134.50
143.00 135.00
143.00 135.50
142.50 136.00
142.00 136.50
142.00 137.00
141.50 137.50
141.00 138.00
140.50 138.50
140.00 139.00
139.50 139.50
139.00 139.50
138.50 140.00
138.00 140.50
137.50 141.00
137.00 141.50
136.50 141.50
136.00 141.50
135.50 142.00
135.00 142.00
134.50 142.50
134.00 142.50
133.50 142.50
133.00 143.00
132.50 143.00
132.00 143.00
131.50 143.00
131.00 143.50
130.50 143.50
130.00 143.50
129.50 143.50
129.00 143.50
128.50 143.50
128.00 143.50
127.50 143.50
127.00 143.50
126.50 143.50
