131.50 106.00
132.00 106.00
132.50 106.00
133.00 106.00
133.50 106.00
134.00 106.00
134.50 106.00
135.00 106.00
135.50 106.50
136.00 106.50
136.50 106.50
137.00 106.50
137.50 107.00
138.00 107.00
138.50 107.50
139.00 107.50
139.50 108.00
140.00 108.00
140.50 108.50
141.00 108.50
141.50 108.50
142.00 109.00
142.50 109.50
143.00 109.50
143.50 110.00
144.00 110.50
144.50 111.00
145.00 111.50
145.50 112.00
146.00 112.00
146.50 112.50
147.00 113.00
147.50 113.50
148.00 114.00
148.50 114.50
149.00 115.00
149.50 115.50
150.00 116.00
150.00 116.50
150.50 117.00
151.00 117.50
151.50 118.00
152.00 118.50
152.00 119.00
152.00 119.50
152.50 120.00
153.00 120.50
153.00 121.00
153.50 121.50
153.50 122.00
154.00 122.50
154.00 123.00
154.00 123.50
154.50 124.00
154.50 124.50
155.00 125.00
155.00 125.50
155.00 126.00
155.00 126.50
155.50 127.00
155.50 127.50
155.50 128.00
155.50 128.50
155.50 129.00
155.50 129.50
155.50 130.00
155.50 130.50
155.50 131.00
155.50 131.50
155.50 132.00
155.50 132.50
155.00 133.00
155.00 133.50
155.00 134.00
155.00 134.50
154.50 135.00
154.50 135.50
154.50 136.00
154.00 136.50
154.00 137.00
153.50 137.50
153.50 138.00
153.00 138.50
153.00 139.00
152.50 139.50
152.00 140.00
151.50 140.50
151.00 141.00
150.50 141.50
150.50 142.00
150.00 142.50
149.50 143.00
149.00 143.50
148.50 144.00
148.00 144.00
147.50 144.50
147.00 145.00
146.50 145.50
146.00 146.00
145.50 146.00
145.00 146.50
144.50 147.00
144.00 147.00
143.50 147.50
143.00 147.50
142.50 148.00
142.00 148.50
141.50 148.50
141.00 149.00
140.50 149.00
140.00 149.50
139.50 149.50
139.00 149.50
138.50 150.00
138.00 150.00
137.50 150.50
137.00 150.50
136.50 150.50
136.00 150.50
135.50 151.00
135.00 151.00
134.50 151.00
134.00 151.00
133.50 151.50
133.00 151.50
132.50 151.50
132.00 151.50
131.50 151.50
131.00 151.50
130.50 151.50
130.00 151.50
129.50 151.50
129.00 151.50
128.50 151.50
128.00 151.50
127.50 151.50
127.00 151.50
126.50 151.00
126.00 151.00
125.50 151.00
125.00 151.00
124.50 150.50
124.00 150.50
123.50 150.00
123.00 149.50
122.50 149.50
122.00 149.00
121.50 148.50
121.00 148.00
120.50 147.50
120.00 147.00
120.00 146.50
119.50 146.00
119.00 145.50
119.00 145.00
118.50 144.50
118.50 144.00
118.00 143.50
118.00 143.00
117.50 142.50
117.50 142.00
117.00 141.50
117.00 141.00
117.00 140.50
116.50 140.00
116.50 139.50
116.00 139.00
116.00 138.50
115.50 138.00
115.50 137.50
115.50 137.00
115.00 136.50
115.00 136.00
115.00 135.50
115.00 135.00
115.00 134.50
115.50 134.00
116.00 134.00
116.50 134.00
117.00 134.00
117.50 134.50
118.00 134.50
118.50 134.50
119.00 135.00
119.50 134.50
119.50 134.00
119.50 133.50
119.50 133.00
120.00 132.50
120.00 132.00
120.00 131.50
120.00 131.00
120.50 130.50
120.50 130.00
120.50 129.50
120.50 129.00
121.00 128.50
121.00 128.00
121.00 127.50
121.00 127.00
121.50 126.50
121.50 126.00
121.50 125.50
121.50 125.00
122.00 124.50
122.00 124.00
122.00 123.50
122.50 123.00
122.50 122.50
122.50 122.00
122.50 121.50
123.00 121.00
123.00 120.50
123.00 120.00
123.50 119.50
123.50 119.00
123.50 118.50
124.00 118.00
124.00 117.50
124.50 117.00
124.50 116.50
124.50 116.00
125.00 115.50
125.50 115.00
125.50 114.50
125.50 114.00
126.00 113.50
126.50 113.00
126.50 112.50
127.00 112.00
126.50 111.50
126.00 111.00
125.50 111.00
125.00 111.00
124.50 110.50
124.00 110.50
123.50 110.00
123.00 109.50
122.50 109.00
122.50 108.50
123.00 108.00
123.50 108.00
124.00 108.00
124.50 107.50
125.00 107.50
125.50 107.50
126.00 107.00
126.50 107.00
127.00 107.00
127.50 107.00
128.00 107.00
128.50 107.00
129.00 107.00
129.50 106.50
130.00 106.50
130.50 106.50
131.00 106.50
