128.50 138.50
128.00 139.00
127.50 139.50
127.00 139.50
126.50 140.00
126.50 140.50
126.00 141.00
125.50 141.00
125.00 141.50
124.50 141.50
124.00 142.00
123.50 142.50
123.00 142.50
122.50 142.50
122.00 142.50
121.50 142.00
121.00 142.00
120.50 141.50
120.00 141.00
120.00 140.50
119.50 140.00
119.00 139.50
119.00 139.00
118.50 138.50
118.50 138.00
118.00 137.50
118.00 137.00
118.00 136.50
117.50 136.00
117.50 135.50
117.50 135.00
117.50 134.50
118.00 134.00
118.00 133.50
118.00 133.00
118.00 132.50
118.50 132.00
119.00 131.50
119.00 131.00
119.50 130.50
120.00 130.00
120.50 129.50
121.00 129.50
121.50 129.00
122.00 129.00
122.50 129.00
123.00 128.50
123.50 128.50
124.00 129.00
124.50 129.00
125.00 129.00
125.50 129.00
126.00 129.50
126.50 130.00
127.00 130.00
127.50 130.50
128.00 131.00
128.50 131.50
128.50 132.00
129.00 132.50
129.00 133.00
129.50 133.50
129.50 134.00
129.50 134.50
129.50 135.00
129.50 135.50
129.50 136.00
129.50 136.50
129.50 137.00
129.00 137.50
129.00 138.00
