132.50 148.50
132.00 148.50
131.50 148.50
131.00 148.50
130.50 148.50
130.00 148.50
129.50 148.50
129.00 148.00
128.50 148.00
128.00 147.50
127.50 147.50
127.00 147.50
126.50 147.00
126.00 147.00
125.50 146.50
125.00 146.50
124.50 146.00
124.00 145.50
123.50 145.00
123.00 145.00
122.50 144.50
122.00 144.00
121.50 143.50
121.00 143.00
120.50 142.50
120.50 142.00
120.00 141.50
119.50 141.00
119.00 140.50
118.50 140.00
118.50 139.50
118.00 139.00
117.50 138.50
117.50 138.00
117.00 137.50
117.00 137.00
116.50 136.50
116.50 136.00
116.50 135.50
116.00 135.00
116.00 134.50
116.00 134.00
115.50 133.50
115.50 133.00
115.50 132.50
115.50 132.00
115.50 131.50
115.00 131.00
115.00 130.50
115.00 130.00
115.00 129.50
115.00 129.00
115.00 128.50
115.00 128.00
115.50 127.50
115.50 127.00
115.50 126.50
115.50 126.00
115.50 125.50
115.50 125.00
116.00 124.50
116.00 124.00
116.00 123.50
116.50 123.00
116.50 122.50
116.50 122.00
117.00 121.50
117.00 121.00
117.50 120.50
118.00 120.00
118.00 119.50
118.00 119.00
118.50 118.50
119.00 118.00
119.00 117.50
119.50 117.00
120.00 116.50
120.50 116.00
121.00 115.50
121.50 115.00
121.50 114.50
122.00 114.00
122.50 114.00
123.00 113.50
123.50 113.00
124.00 113.00
124.50 112.50
125.00 112.00
125.50 112.00
126.00 112.00
126.50 112.00
127.00 111.50
127.50 111.50
128.00 111.50
128.50 111.50
129.00 111.50
129.50 111.50
130.00 111.50
130.50 111.50
131.00 111.50
131.50 112.00
132.00 112.00
132.50 112.00
133.00 112.50
133.50 112.50
134.00 112.50
134.50 113.00
135.00 113.00
135.50 113.50
136.00 114.00
136.50 114.00
137.00 114.50
137.50 114.50
138.00 115.00
138.50 115.50
139.00 116.00
139.50 116.50
140.00 116.50
140.50 117.00
140.50 117.50
141.00 118.00
141.50 118.50
142.00 119.00
142.50 119.50
143.00 120.00
143.00 120.50
143.50 121.00
144.00 121.50
144.50 122.00
144.50 122.50
145.00 123.00
145.00 123.50
145.50 124.00
145.50 124.50
146.00 125.00
146.00 125.50
146.00 126.00
146.00 126.50
146.00 127.00
146.50 127.50
146.50 128.00
146.50 128.50
146.50 129.00
146.50 129.50
146.50 130.00
146.50 130.50
146.50 131.00
146.50 131.50
146.50 132.00
146.50 132.50
146.50 133.00
146.50 133.50
146.50 134.00
146.00 134.50
146.00 135.00
146.00 135.50
146.00 136.00
146.00 136.50
145.50 137.00
145.50 137.50
145.50 138.00
145.00 138.50
144.50 139.00
144.50 139.50
144.00 140.00
144.00 140.50
143.50 141.00
143.50 141.50
143.00 142.00
142.50 142.50
142.00 143.00
142.00 143.50
141.50 144.00
141.00 144.50
140.50 145.00
140.00 145.00
139.50 145.50
139.00 146.00
138.50 146.50
138.00 146.50
137.50 147.00
137.00 147.50
136.50 147.50
136.00 147.50
135.50 148.00
135.00 148.00
134.50 148.00
134.00 148.50
133.50 148.50
133.00 148.50
