126.00 148.50
125.50 148.50
125.00 148.50
124.50 148.50
124.00 148.00
123.50 148.00
123.00 148.00
122.50 148.00
122.00 147.50
121.50 147.50
121.00 147.00
120.50 147.00
120.00 146.50
119.50 146.50
119.00 146.50
118.50 146.00
118.00 145.50
117.50 145.50
117.00 145.00
116.50 144.50
116.00 144.00
115.50 144.00
115.00 143.50
114.50 143.00
114.00 142.50
113.50 142.00
113.00 141.50
112.50 141.00
112.00 140.50
111.50 140.00
111.50 139.50
111.00 139.00
110.50 138.50
110.50 138.00
110.00 137.50
110.00 137.00
109.50 136.50
109.50 136.00
109.00 135.50
108.50 135.00
108.50 134.50
108.50 134.00
108.00 133.50
108.00 133.00
107.50 132.50
107.50 132.00
107.50 131.50
107.50 131.00
107.50 130.50
107.00 130.00
107.00 129.50
107.00 129.00
107.00 128.50
107.00 128.00
107.00 127.50
107.00 127.00
107.00 126.50
107.00 126.00
107.00 125.50
107.00 125.00
107.00 124.50
107.00 124.00
107.50 123.50
107.50 123.00
107.50 122.50
107.50 122.00
108.00 121.50
108.00 121.00
108.50 120.50
108.50 120.00
108.50 119.50
109.00 119.00
109.50 118.50
109.50 118.00
110.00 117.50
110.50 117.00
110.50 116.50
111.00 116.00
111.50 115.50
112.00 115.00
112.50 114.50
113.00 114.00
113.50 113.50
114.00 113.00
114.50 113.00
115.00 112.50
115.50 112.00
116.00 111.50
116.50 111.50
117.00 111.50
117.50 111.00
118.00 110.50
118.50 110.50
119.00 110.50
119.50 110.00
120.00 110.00
120.50 109.50
121.00 109.50
121.50 109.50
122.00 109.50
122.50 109.00
123.00 109.00
123.50 109.00
124.00 109.00
124.50 109.00
125.00 109.00
125.50 109.00
126.00 109.00
126.50 109.00
127.00 109.00
127.50 109.50
128.00 109.50
128.50 109.50
129.00 109.50
129.50 109.50
130.00 110.00
130.50 110.00
131.00 110.50
131.50 111.00
132.00 111.00
132.50 111.00
133.00 111.50
133.50 112.00
134.00 112.00
134.50 112.50
135.00 113.00
135.50 113.00
136.00 113.50
136.50 114.00
137.00 114.50
137.50 115.00
138.00 115.50
138.50 116.00
139.00 116.50
139.50 117.00
140.00 117.50
140.00 118.00
140.50 118.50
141.00 119.00
141.00 119.50
141.50 120.00
142.00 120.50
142.00 121.00
142.50 121.50
142.50 122.00
143.00 122.50
143.00 123.00
143.50 123.50
143.50 124.00
143.50 124.50
144.00 125.00
144.00 125.50
144.00 126.00
144.50 126.50
144.50 127.00
144.50 127.50
144.50 128.00
144.50 128.50
144.50 129.00
144.50 129.50
144.50 130.00
144.50 130.50
144.50 131.00
144.50 131.50
144.50 132.00
144.50 132.50
144.50 133.00
144.50 133.50
144.50 134.00
144.50 134.50
144.50 135.00
144.00 135.50
144.00 136.00
144.00 136.50
143.50 137.00
143.50 137.50
143.50 138.00
143.00 138.50
143.00 139.00
142.50 139.50
142.50 140.00
142.00 140.50
142.00 141.00
141.50 141.50
141.00 142.00
141.00 142.50
140.50 143.00
140.00 143.50
139.50 144.00
139.00 144.50
138.50 145.00
138.00 145.50
137.50 145.50
137.00 146.00
136.50 146.50
136.00 146.50
135.50 147.00
135.00 147.00
134.50 147.00
134.00 147.50
133.50 147.50
133.00 148.00
132.50 148.00
132.00 148.00
131.50 148.00
131.00 148.50
130.50 148.50
130.00 148.50
129.50 148.50
129.00 148.50
128.50 148.50
128.00 148.50
127.50 148.50
127.00 148.50
126.50 148.50
