129.00 151.50
128.50 151.50
128.00 151.50
127.50 151.50
127.00 151.00
126.50 151.00
126.00 151.00
125.50 150.50
125.00 150.50
124.50 150.50
124.00 150.50
123.50 150.00
123.00 150.00
122.50 149.50
122.00 149.50
121.50 149.00
121.00 149.00
120.50 148.50
120.00 148.00
119.50 148.00
119.00 147.50
118.50 147.00
118.00 147.00
117.50 146.50
117.00 146.00
116.50 145.50
116.00 145.00
115.50 144.50
115.00 144.00
114.50 143.50
114.50 143.00
114.00 142.50
113.50 142.00
113.00 141.50
112.50 141.00
112.00 140.50
112.00 140.00
111.50 139.50
111.00 139.00
111.00 138.50
111.00 138.00
110.50 137.50
110.00 137.00
110.00 136.50
110.00 136.00
109.50 135.50
109.50 135.00
109.00 134.50
109.00 134.00
109.00 133.50
108.50 133.00
108.50 132.50
108.50 132.00
108.50 131.50
108.00 131.00
108.00 130.50
108.00 130.00
108.00 129.50
108.00 129.00
108.00 128.50
108.00 128.00
107.50 127.50
107.50 127.00
107.50 126.50
107.50 126.00
107.50 125.50
107.50 125.00
107.50 124.50
107.50 124.00
107.50 123.50
107.50 123.00
108.00 122.50
108.00 122.00
108.00 121.50
108.00 121.00
108.00 120.50
108.00 120.00
108.50 119.50
108.50 119.00
108.50 118.50
108.50 118.00
109.00 117.50
109.00 117.00
109.00 116.50
109.00 116.00
109.50 115.50
109.50 115.00
110.00 114.50
110.00 114.00
110.50 113.50
110.50 113.00
111.00 112.50
111.00 112.00
111.50 111.50
112.00 111.00
112.50 110.50
112.50 110.00
113.00 109.50
113.00 109.00
113.50 108.50
114.00 108.00
114.50 107.50
115.00 107.00
115.50 106.50
116.00 106.00
116.50 105.50
117.00 105.50
117.50 105.00
118.00 104.50
118.50 104.00
119.00 104.00
119.50 103.50
120.00 103.00
120.50 103.00
121.00 103.00
121.50 102.50
122.00 102.00
122.50 102.00
123.00 102.00
123.50 101.50
124.00 101.50
124.50 101.50
125.00 101.50
125.50 101.00
126.00 101.00
126.50 101.00
127.00 101.00
127.50 101.00
128.00 100.50
128.50 100.50
129.00 100.50
129.50 100.50
130.00 100.50
130.50 100.50
131.00 100.50
131.50 100.50
132.00 100.50
132.50 100.50
133.00 100.50
133.50 101.00
134.00 101.00
134.50 101.00
135.00 101.00
135.50 101.00
136.00 101.00
136.50 101.50
137.00 101.50
137.50 101.50
138.00 102.00
138.50 102.00
139.00 102.00
139.50 102.50
140.00 102.50
140.50 103.00
141.00 103.00
141.50 103.00
142.00 103.50
142.50 104.00
143.00 104.50
143.50 104.50
144.00 105.00
144.50 105.00
145.00 105.50
145.50 106.00
146.00 106.50
146.50 107.00
147.00 107.00
147.50 107.50
147.50 108.00
148.00 108.50
148.50 109.00
149.00 109.50
149.50 110.00
149.50 110.50
150.00 111.00
150.50 111.50
151.00 112.00
151.00 112.50
151.50 113.00
151.50 113.50
152.00 114.00
152.00 114.50
152.50 115.00
152.50 115.50
152.50 116.00
153.00 116.50
153.00 117.00
153.50 117.50
153.50 118.00
153.50 118.50
153.50 119.00
154.00 119.50
154.00 120.00
154.00 120.50
154.00 121.00
154.00 121.50
154.50 122.00
154.50 122.50
154.50 123.00
154.50 123.50
154.50 124.00
154.50 124.50
154.50 125.00
154.50 125.50
154.50 126.00
154.50 126.50
154.50 127.00
154.50 127.50
154.50 128.00
154.50 128.50
154.50 129.00
154.50 129.50
154.50 130.00
154.00 130.50
154.00 131.00
154.00 131.50
154.00 132.00
153.50 132.50
153.50 133.00
153.50 133.50
153.00 134.00
153.00 134.50
153.00 135.00
152.50 135.50
152.50 136.00
152.50 136.50
152.00 137.00
152.00 137.50
151.50 138.00
151.50 138.50
151.00 139.00
151.00 139.50
150.50 140.00
150.00 140.50
150.00 141.00
149.50 141.50
149.00 142.00
149.00 142.50
148.50 143.00
148.00 143.50
147.50 144.00
147.00 144.50
146.50 145.00
146.00 145.50
145.50 146.00
145.00 146.50
144.50 147.00
144.00 147.00
143.50 147.50
143.00 148.00
142.50 148.00
142.00 148.50
141.50 149.00
141.00 149.00
140.50 149.50
140.00 149.50
139.50 149.50
139.00 150.00
138.50 150.00
138.00 150.50
137.50 150.50
137.00 150.50
136.50 151.00
136.00 151.00
135.50 151.00
135.00 151.00
134.50 151.50
134.00 151.50
133.50 151.50
133.00 151.50
132.50 151.50
132.00 151.50
131.50 151.50
131.00 151.50
130.50 151.50
130.00 151.50
129.50 151.50
