128.00 143.00
127.50 143.00
127.00 143.00
126.50 143.00
126.00 143.00
125.50 143.00
125.00 143.00
124.50 142.50
124.00 142.50
123.50 142.50
123.00 142.50
122.50 142.00
122.00 142.00
121.50 142.00
121.00 141.50
120.50 141.50
120.00 141.00
119.50 140.50
119.00 140.50
118.50 140.00
118.00 139.50
117.50 139.50
117.00 139.00
116.50 138.50
116.00 138.00
115.50 137.50
115.00 137.00
115.00 136.50
114.50 136.00
114.00 135.50
114.00 135.00
113.50 134.50
113.50 134.00
113.00 133.50
113.00 133.00
113.00 132.50
113.00 132.00
112.50 131.50
112.50 131.00
112.50 130.50
112.50 130.00
112.50 129.50
112.50 129.00
112.50 128.50
112.50 128.00
112.50 127.50
113.00 127.00
113.00 126.50
113.00 126.00
113.00 125.50
113.50 125.00
113.50 124.50
114.00 124.00
114.00 123.50
114.50 123.00
114.50 122.50
115.00 122.00
115.50 121.50
116.00 121.00
116.50 120.50
117.00 120.00
117.50 120.00
118.00 119.50
118.50 119.50
119.00 119.50
119.50 119.00
120.00 119.00
120.50 118.50
121.00 118.50
121.50 118.50
122.00 118.50
122.50 118.50
123.00 118.50
123.50 118.00
124.00 118.00
124.50 118.00
125.00 118.00
125.50 118.00
126.00 118.00
126.50 118.50
127.00 118.50
127.50 118.50
128.00 118.50
128.50 118.50
129.00 118.50
129.50 119.00
130.00 119.00
130.50 119.00
131.00 119.50
131.50 119.50
132.00 119.50
132.50 120.00
133.00 120.00
133.50 120.50
134.00 120.50
134.50 121.00
135.00 121.50
135.50 121.50
136.00 122.00
136.50 122.50
137.00 123.00
137.50 123.50
138.00 124.00
138.00 124.50
138.50 125.00
138.50 125.50
139.00 126.00
139.50 126.50
139.50 127.00
139.50 127.50
139.50 128.00
139.50 128.50
140.00 129.00
140.00 129.50
140.00 130.00
140.00 130.50
140.00 131.00
139.50 131.50
139.50 132.00
139.50 132.50
139.50 133.00
139.50 133.50
139.50 134.00
139.00 134.50
139.00 135.00
138.50 135.50
138.50 136.00
138.50 136.50
138.00 137.00
137.50 137.50
137.50 138.00
137.00 138.50
136.50 139.00
136.00 139.50
135.50 140.00
135.00 140.50
134.50 140.50
134.00 141.00
133.50 141.50
133.00 141.50
132.50 142.00
132.00 142.00
131.50 142.50
131.00 142.50
130.50 142.50
130.00 143.00
129.50 143.00
129.00 143.00
128.50 143.00
