118.50 135.00
119.00 134.50
119.00 134.00
119.00 133.50
119.50 133.00
119.50 132.50
119.50 132.00
120.00 131.50
120.00 131.00
120.00 130.50
120.50 130.00
120.50 129.50
120.50 129.00
121.00 128.50
121.00 128.00
121.50 127.50
121.50 127.00
121.50 126.50
122.00 126.00
122.00 125.50
122.00 125.00
122.50 124.50
122.50 124.00
122.50 123.50
122.50 123.00
123.00 122.50
123.00 122.00
123.50 121.50
123.50 121.00
123.50 120.50
124.00 120.00
124.00 119.50
124.00 119.00
124.50 118.50
124.50 118.00
124.50 117.50
125.00 117.00
125.00 116.50
125.00 116.00
125.50 115.50
125.50 115.00
125.50 114.50
126.00 114.00
126.00 113.50
126.50 113.00
127.00 113.00
127.50 112.50
128.00 112.50
128.50 112.00
129.00 112.00
129.50 112.00
130.00 112.00
130.50 112.00
131.00 112.00
131.50 112.00
132.00 112.00
132.50 112.00
133.00 112.00
133.50 112.50
134.00 112.50
134.50 113.00
135.00 113.00
135.50 113.00
136.00 113.50
136.50 114.00
137.00 114.50
137.50 115.00
138.00 115.50
138.50 116.00
139.00 116.50
139.50 117.00
139.50 117.50
140.00 118.00
140.00 118.50
140.50 119.00
141.00 119.50
141.00 120.00
141.50 120.50
141.50 121.00
141.50 121.50
142.00 122.00
142.00 122.50
142.00 123.00
142.00 123.50
142.50 124.00
142.50 124.50
142.50 125.00
142.50 125.50
142.50 126.00
142.50 126.50
142.50 127.00
142.50 127.50
142.50 128.00
142.50 128.50
142.50 129.00
142.50 129.50
142.00 130.00
142.00 130.50
142.00 131.00
142.00 131.50
141.50 132.00
141.50 132.50
141.00 133.00
141.00 133.50
141.00 134.00
140.50 134.50
140.00 135.00
140.00 135.50
139.50 136.00
139.50 136.50
139.00 137.00
138.50 137.50
138.00 138.00
137.50 138.50
137.00 138.50
136.50 139.00
136.00 139.50
135.50 140.00
135.00 140.50
134.50 140.50
134.00 140.50
133.50 141.00
133.00 141.00
132.50 141.50
132.00 141.50
131.50 141.50
131.00 141.50
130.50 141.50
130.00 141.50
129.50 141.50
129.00 141.50
128.50 141.50
128.00 141.50
127.50 141.50
127.00 141.00
126.50 141.00
126.00 140.50
125.50 140.50
125.00 140.50
124.50 140.00
124.00 140.00
123.50 139.50
123.00 139.00
122.50 138.50
122.00 138.50
121.50 138.00
121.00 137.50
120.50 137.00
120.00 136.50
120.00 136.00
119.50 135.50
119.00 135.50
118.50 135.00
