147.50 154.50
147.00 155.00
147.00 155.50
146.50 156.00
146.00 156.50
145.50 157.00
145.00 157.50
144.50 158.00
144.00 158.50
143.50 159.00
143.00 159.50
142.50 159.50
142.00 160.00
141.50 160.50
141.00 161.00
140.50 161.50
140.00 161.50
139.50 161.50
139.00 162.00
138.50 162.00
138.00 162.50
137.50 162.50
137.00 163.00
136.50 163.00
136.00 163.00
135.50 163.50
135.00 163.50
134.50 163.50
134.00 163.50
133.50 164.00
133.00 164.00
132.50 164.00
132.00 164.00
131.50 164.00
131.00 164.00
130.50 164.00
130.00 164.00
129.50 164.00
129.00 164.00
128.50 164.00
128.00 164.00
127.50 164.00
127.00 164.00
126.50 164.00
126.00 164.00
125.50 164.00
125.00 164.00
124.50 164.00
124.00 164.00
123.50 164.00
123.00 164.00
122.50 163.50
122.00 163.50
121.50 163.50
121.00 163.50
120.50 163.50
120.00 163.50
119.50 163.00
119.00 163.00
118.50 163.00
118.00 163.00
117.50 163.00
117.00 162.50
116.50 162.50
116.00 162.50
115.50 162.50
115.00 162.00
114.50 162.00
114.00 162.00
113.50 161.50
113.00 161.50
112.50 161.50
112.00 161.00
111.50 161.00
111.00 160.50
110.50 160.50
110.00 160.50
109.50 160.00
109.00 160.00
108.50 160.00
108.00 159.50
107.50 159.50
107.00 159.00
106.50 158.50
106.00 158.50
105.50 158.00
105.00 158.00
104.50 157.50
104.00 157.00
103.50 156.50
103.00 156.50
102.50 156.00
102.00 155.50
101.50 155.00
101.00 154.50
100.50 154.00
100.00 153.50
99.50 153.00
99.00 152.50
98.50 152.00
98.00 151.50
98.00 151.00
97.50 150.50
97.00 150.00
97.00 149.50
97.00 149.00
96.50 148.50
96.50 148.00
96.00 147.50
96.00 147.00
95.50 146.50
95.50 146.00
95.50 145.50
95.00 145.00
95.00 144.50
95.00 144.00
94.50 143.50
94.50 143.00
94.50 142.50
94.50 142.00
94.00 141.50
94.00 141.00
94.00 140.50
94.00 140.00
94.00 139.50
94.00 139.00
93.50 138.50
93.50 138.00
93.50 137.50
93.50 137.00
93.50 136.50
93.50 136.00
93.50 135.50
93.50 135.00
93.50 134.50
93.50 134.00
93.50 133.50
93.50 133.00
93.50 132.50
93.50 132.00
93.50 131.50
93.50 131.00
93.50 130.50
93.50 130.00
93.50 129.50
93.50 129.00
93.50 128.50
93.50 128.00
94.00 127.50
94.00 127.00
94.00 126.50
94.00 126.00
94.00 125.50
94.00 125.00
94.00 124.50
94.50 124.00
94.50 123.50
94.50 123.00
94.50 122.50
95.00 122.00
95.00 121.50
95.00 121.00
95.50 120.50
95.50 120.00
95.50 119.50
96.00 119.00
96.00 118.50
96.00 118.00
96.50 117.50
96.50 117.00
97.00 116.50
97.00 116.00
97.50 115.50
97.50 115.00
98.00 114.50
98.50 114.00
99.00 113.50
99.00 113.00
99.50 112.50
100.00 112.00
100.50 111.50
101.00 111.00
101.50 110.50
102.00 110.00
102.50 109.50
103.00 109.50
103.50 109.50
104.00 109.00
104.50 108.50
105.00 108.50
105.50 108.00
106.00 108.00
106.50 107.50
107.00 107.50
107.50 107.50
108.00 107.50
108.50 107.00
109.00 107.00
109.50 107.00
110.00 107.00
110.50 106.50
111.00 106.50
111.50 106.50
112.00 106.50
112.50 106.50
113.00 106.50
113.50 106.50
114.00 106.50
114.50 106.50
115.00 106.50
115.50 106.50
116.00 106.50
116.50 106.50
117.00 106.50
117.50 106.50
118.00 106.50
118.50 106.50
119.00 106.50
119.50 106.50
120.00 106.50
120.50 106.50
121.00 106.50
121.50 107.00
122.00 107.00
122.50 107.00
123.00 107.00
123.50 107.00
124.00 107.00
124.50 107.50
125.00 107.50
125.50 107.50
126.00 107.50
126.50 107.50
127.00 108.00
127.50 108.00
128.00 108.00
128.50 108.50
129.00 108.50
129.50 108.50
130.00 108.50
130.50 109.00
131.00 109.00
131.50 109.50
132.00 109.50
132.50 109.50
133.00 110.00
133.50 110.00
134.00 110.50
134.50 110.50
135.00 110.50
135.50 111.00
136.00 111.50
136.50 111.50
137.00 112.00
137.50 112.00
138.00 112.50
138.50 112.50
139.00 113.00
139.50 113.50
140.00 114.00
140.50 114.00
141.00 114.50
141.50 115.00
142.00 115.50
142.50 116.00
143.00 116.00
143.50 116.50
144.00 117.00
144.50 117.50
145.00 118.00
145.50 118.50
145.50 119.00
146.00 119.50
146.50 120.00
147.00 120.50
147.50 121.00
148.00 121.50
148.00 122.00
148.50 122.50
149.00 123.00
149.00 123.50
149.50 124.00
149.50 124.50
150.00 125.00
150.00 125.50
150.50 126.00
150.50 126.50
151.00 127.00
151.00 127.50
151.50 128.00
151.50 128.50
152.00 129.00
152.00 129.50
152.00 130.00
152.00 130.50
152.50 131.00
152.50 131.50
153.00 132.00
153.00 132.50
153.00 133.00
153.00 133.50
153.00 134.00
153.50 134.50
153.50 135.00
153.50 135.50
153.50 136.00
153.50 136.50
153.50 137.00
153.50 137.50
153.50 138.00
153.50 138.50
153.50 139.00
153.50 139.50
153.50 140.00
153.50 140.50
153.50 141.00
153.50 141.50
153.50 142.00
153.00 142.50
153.00 143.00
153.00 143.50
153.00 144.00
153.00 144.50
152.50 145.00
152.50 145.50
152.50 146.00
152.00 146.50
152.00 147.00
152.00 147.50
151.50 148.00
151.50 148.50
151.00 149.00
151.00 149.50
150.50 150.00
150.00 150.50
150.00 151.00
150.00 151.50
149.50 152.00
149.00 152.50
149.00 153.00
148.50 153.50
148.00 154.00
