156.50 139.50
156.50 140.00
156.50 140.50
156.50 141.00
156.00 141.50
156.00 142.00
156.00 142.50
156.00 143.00
155.50 143.50
155.50 144.00
155.50 144.50
155.50 145.00
155.00 145.50
155.00 146.00
154.50 146.50
154.50 147.00
154.00 147.50
154.00 148.00
153.50 148.50
153.50 149.00
153.00 149.50
152.50 150.00
152.50 150.50
152.00 151.00
151.50 151.50
151.00 152.00
150.50 152.50
150.00 153.00
149.50 153.50
149.00 154.00
148.50 154.50
148.00 154.50
147.50 155.00
147.00 155.50
146.50 155.50
146.00 156.00
145.50 156.50
145.00 156.50
144.50 157.00
144.00 157.00
143.50 157.50
143.00 157.50
142.50 158.00
142.00 158.00
141.50 158.50
141.00 158.50
140.50 158.50
140.00 158.50
139.50 159.00
139.00 159.00
138.50 159.00
138.00 159.50
137.50 159.50
137.00 159.50
136.50 159.50
136.00 160.00
135.50 160.00
135.00 160.00
134.50 160.00
134.00 160.00
133.50 160.50
133.00 160.50
132.50 160.50
132.00 160.50
131.50 160.50
131.00 160.50
130.50 160.50
130.00 160.50
129.50 160.50
129.00 160.50
128.50 160.50
128.00 160.50
127.50 160.50
127.00 160.50
126.50 160.50
126.00 160.50
125.50 160.50
125.00 160.50
124.50 160.50
124.00 160.50
123.50 160.50
123.00 160.50
122.50 160.50
122.00 160.50
121.50 160.00
121.00 160.00
120.50 160.00
120.00 160.00
119.50 160.00
119.00 160.00
118.50 160.00
118.00 159.50
117.50 159.50
117.00 159.50
116.50 159.50
116.00 159.50
115.50 159.00
115.00 159.00
114.50 159.00
114.00 159.00
113.50 158.50
113.00 158.50
112.50 158.50
112.00 158.50
111.50 158.00
111.00 158.00
110.50 158.00
110.00 157.50
109.50 157.50
109.00 157.50
108.50 157.00
108.00 157.00
107.50 156.50
107.00 156.50
106.50 156.50
106.00 156.00
105.50 156.00
105.00 155.50
104.50 155.50
104.00 155.00
103.50 155.00
103.00 154.50
102.50 154.00
102.00 153.50
101.50 153.50
101.00 153.00
100.50 152.50
100.00 152.00
99.50 151.50
99.00 151.50
98.50 151.00
98.50 150.50
98.00 150.00
97.50 149.50
97.00 149.00
96.50 148.50
96.00 148.00
96.00 147.50
95.50 147.00
95.00 146.50
94.50 146.00
94.50 145.50
94.00 145.00
94.00 144.50
93.50 144.00
93.50 143.50
93.00 143.00
93.00 142.50
92.50 142.00
92.50 141.50
92.50 141.00
92.00 140.50
92.00 140.00
91.50 139.50
91.50 139.00
91.50 138.50
91.00 138.00
91.00 137.50
91.00 137.00
91.00 136.50
90.50 136.00
90.50 135.50
90.50 135.00
90.50 134.50
90.00 134.00
90.00 133.50
90.00 133.00
90.00 132.50
90.00 132.00
90.00 131.50
90.00 131.00
90.00 130.50
90.00 130.00
89.50 129.50
89.50 129.00
89.50 128.50
89.50 128.00
89.50 127.50
89.50 127.00
90.00 126.50
90.00 126.00
90.00 125.50
90.00 125.00
90.00 124.50
90.00 124.00
90.00 123.50
90.00 123.00
90.00 122.50
90.50 122.00
90.50 121.50
90.50 121.00
90.50 120.50
91.00 120.00
91.00 119.50
91.00 119.00
91.50 118.50
91.50 118.00
91.50 117.50
92.00 117.00
92.00 116.50
92.00 116.00
92.50 115.50
93.00 115.00
93.00 114.50
93.50 114.00
93.50 113.50
94.00 113.00
94.00 112.50
94.50 112.00
95.00 111.50
95.00 111.00
95.50 110.50
96.00 110.00
96.50 109.50
97.00 109.00
97.50 108.50
98.00 108.00
98.50 107.50
99.00 107.00
99.50 107.00
100.00 106.50
100.50 106.00
101.00 105.50
101.50 105.50
102.00 105.00
102.50 105.00
103.00 104.50
103.50 104.50
104.00 104.00
104.50 103.50
105.00 103.50
105.50 103.50
106.00 103.00
106.50 103.00
107.00 103.00
107.50 102.50
108.00 102.50
108.50 102.50
109.00 102.50
109.50 102.00
110.00 102.00
110.50 102.00
111.00 102.00
111.50 102.00
112.00 102.00
112.50 101.50
113.00 101.50
113.50 101.50
114.00 101.50
114.50 101.50
115.00 101.50
115.50 101.50
116.00 101.50
116.50 101.50
117.00 101.50
117.50 101.50
118.00 101.50
118.50 102.00
119.00 102.00
119.50 102.00
120.00 102.00
120.50 102.00
121.00 102.00
121.50 102.00
122.00 102.50
122.50 102.50
123.00 102.50
123.50 102.50
124.00 103.00
124.50 103.00
125.00 103.00
125.50 103.00
126.00 103.50
126.50 103.50
127.00 103.50
127.50 104.00
128.00 104.00
128.50 104.00
129.00 104.50
129.50 104.50
130.00 105.00
130.50 105.00
131.00 105.00
131.50 105.50
132.00 106.00
132.50 106.00
133.00 106.00
133.50 106.50
134.00 106.50
134.50 107.00
135.00 107.00
135.50 107.50
136.00 108.00
136.50 108.00
137.00 108.50
137.50 108.50
138.00 109.00
138.50 109.00
139.00 109.50
139.50 110.00
140.00 110.50
140.50 110.50
141.00 111.00
141.50 111.50
142.00 111.50
142.50 112.00
143.00 112.50
143.50 113.00
144.00 113.00
144.50 113.50
145.00 114.00
145.50 114.50
146.00 115.00
146.00 115.50
146.50 116.00
147.00 116.50
147.50 117.00
148.00 117.50
148.50 118.00
149.00 118.50
149.50 119.00
149.50 119.50
150.00 120.00
150.50 120.50
151.00 121.00
151.00 121.50
151.50 122.00
152.00 122.50
152.00 123.00
152.50 123.50
153.00 124.00
153.00 124.50
153.50 125.00
153.50 125.50
153.50 126.00
154.00 126.50
154.00 127.00
154.50 127.50
154.50 128.00
155.00 128.50
155.00 129.00
155.00 129.50
155.50 130.00
155.50 130.50
155.50 131.00
156.00 131.50
156.00 132.00
156.00 132.50
156.00 133.00
156.00 133.50
156.50 134.00
156.50 134.50
156.50 135.00
156.50 135.50
156.50 136.00
156.50 136.50
156.50 137.00
156.50 137.50
156.50 138.00
156.50 138.50
156.50 139.00
