122.00 153.50
121.50 153.50
121.00 153.50
120.50 153.00
120.00 153.00
119.50 153.00
119.00 153.00
118.50 152.50
118.00 152.50
117.50 152.50
117.00 152.00
116.50 152.00
116.00 151.50
115.50 151.50
115.00 151.00
114.50 151.00
114.00 150.50
113.50 150.50
113.00 150.00
112.50 150.00
112.00 149.50
111.50 149.00
111.00 148.50
110.50 148.50
110.00 148.00
109.50 147.50
109.00 147.00
108.50 146.50
108.00 146.00
107.50 145.50
107.00 145.00
106.50 144.50
106.00 144.00
106.00 143.50
105.50 143.00
105.00 142.50
105.00 142.00
104.50 141.50
104.50 141.00
104.00 140.50
104.00 140.00
103.50 139.50
103.50 139.00
103.00 138.50
103.00 138.00
103.00 137.50
102.50 137.00
102.50 136.50
102.50 136.00
102.00 135.50
102.00 135.00
102.00 134.50
102.00 134.00
102.00 133.50
101.50 133.00
101.50 132.50
101.50 132.00
101.50 131.50
101.50 131.00
101.50 130.50
101.50 130.00
101.50 129.50
101.50 129.00
101.50 128.50
101.50 128.00
101.50 127.50
101.50 127.00
101.50 126.50
102.00 126.00
102.00 125.50
102.00 125.00
102.00 124.50
102.00 124.00
102.50 123.50
102.50 123.00
102.50 122.50
102.50 122.00
103.00 121.50
103.00 121.00
103.50 120.50
103.50 120.00
103.50 119.50
104.00 119.00
104.00 118.50
104.50 118.00
104.50 117.50
105.00 117.00
105.50 116.50
105.50 116.00
106.00 115.50
106.50 115.00
107.00 114.50
107.50 114.00
107.50 113.50
108.00 113.00
108.50 113.00
109.00 112.50
109.50 112.00
110.00 111.50
110.50 111.00
111.00 111.00
111.50 110.50
112.00 110.00
112.50 110.00
113.00 109.50
113.50 109.50
114.00 109.00
114.50 109.00
115.00 108.50
115.50 108.50
116.00 108.50
116.50 108.00
117.00 108.00
117.50 108.00
118.00 107.50
118.50 107.50
119.00 107.50
119.50 107.50
120.00 107.50
120.50 107.50
121.00 107.50
121.50 107.00
122.00 107.00
122.50 107.00
123.00 107.00
123.50 107.00
124.00 107.50
124.50 107.50
125.00 107.50
125.50 107.50
126.00 107.50
126.50 107.50
127.00 107.50
127.50 108.00
128.00 108.00
128.50 108.00
129.00 108.00
129.50 108.50
130.00 108.50
130.50 108.50
131.00 109.00
131.50 109.00
132.00 109.50
132.50 109.50
133.00 110.00
133.50 110.00
134.00 110.50
134.50 111.00
135.00 111.00
135.50 111.00
136.00 111.50
136.50 112.00
137.00 112.50
137.50 112.50
138.00 113.00
138.50 113.50
139.00 114.00
139.50 114.50
140.00 115.00
140.50 115.50
141.00 116.00
141.50 116.50
142.00 117.00
142.50 117.50
143.00 118.00
143.00 118.50
143.50 119.00
143.50 119.50
144.00 120.00
144.50 120.50
145.00 121.00
145.00 121.50
145.50 122.00
145.50 122.50
145.50 123.00
146.00 123.50
146.50 124.00
146.50 124.50
146.50 125.00
147.00 125.50
147.00 126.00
147.00 126.50
147.00 127.00
147.50 127.50
147.50 128.00
147.50 128.50
147.50 129.00
147.50 129.50
148.00 130.00
148.00 130.50
148.00 131.00
148.00 131.50
148.00 132.00
148.00 132.50
148.00 133.00
148.00 133.50
148.00 134.00
148.00 134.50
148.00 135.00
147.50 135.50
147.50 136.00
147.50 136.50
147.50 137.00
147.00 137.50
147.00 138.00
147.00 138.50
146.50 139.00
146.50 139.50
146.00 140.00
146.00 140.50
145.50 141.00
145.00 141.50
145.00 142.00
144.50 142.50
144.00 143.00
144.00 143.50
143.50 144.00
143.00 144.50
142.50 145.00
142.50 145.50
142.00 146.00
141.50 146.50
141.00 146.50
140.50 147.00
140.00 147.50
139.50 148.00
139.00 148.00
138.50 148.50
138.00 149.00
137.50 149.50
137.00 149.50
136.50 150.00
136.00 150.00
135.50 150.50
135.00 150.50
134.50 151.00
134.00 151.50
133.50 151.50
133.00 151.50
132.50 152.00
132.00 152.00
131.50 152.50
131.00 152.50
130.50 152.50
130.00 153.00
129.50 153.00
129.00 153.00
128.50 153.00
128.00 153.00
127.50 153.50
127.00 153.50
126.50 153.50
126.00 153.50
125.50 153.50
125.00 153.50
124.50 153.50
124.00 153.50
123.50 153.50
123.00 153.50
122.50 153.50
