154.50 145.50
154.50 146.00
154.50 146.50
154.00 147.00
154.00 147.50
154.00 148.00
154.00 148.50
154.00 149.00
153.50 149.50
153.50 150.00
153.50 150.50
153.00 151.00
153.00 151.50
152.50 152.00
152.50 152.50
152.50 153.00
152.00 153.50
152.00 154.00
151.50 154.50
151.50 155.00
151.00 155.50
150.50 156.00
150.50 156.50
150.00 157.00
149.50 157.50
149.00 158.00
148.50 158.50
148.00 159.00
147.50 159.50
147.00 160.00
146.50 160.00
146.00 160.50
145.50 161.00
145.00 161.50
144.50 161.50
144.00 162.00
143.50 162.00
143.00 162.50
142.50 162.50
142.00 162.50
141.50 163.00
141.00 163.00
140.50 163.50
140.00 163.50
139.50 163.50
139.00 164.00
138.50 164.00
138.00 164.00
137.50 164.50
137.00 164.50
136.50 164.50
136.00 164.50
135.50 165.00
135.00 165.00
134.50 165.00
134.00 165.00
133.50 165.50
133.00 165.50
132.50 165.50
132.00 165.50
131.50 165.50
131.00 166.00
130.50 166.00
130.00 166.00
129.50 166.00
129.00 166.00
128.50 166.00
128.00 166.00
127.50 166.00
127.00 166.50
126.50 166.50
126.00 166.50
125.50 166.50
125.00 166.50
124.50 166.50
124.00 166.50
123.50 166.50
123.00 166.50
122.50 166.50
122.00 166.50
121.50 166.50
121.00 166.50
120.50 166.50
120.00 166.50
119.50 166.00
119.00 166.00
118.50 166.00
118.00 166.00
117.50 166.00
117.00 166.00
116.50 166.00
116.00 166.00
115.50 165.50
115.00 165.50
114.50 165.50
114.00 165.50
113.50 165.50
113.00 165.00
112.50 165.00
112.00 165.00
111.50 164.50
111.00 164.50
110.50 164.50
110.00 164.00
109.50 164.00
109.00 164.00
108.50 164.00
108.00 163.50
107.50 163.50
107.00 163.00
106.50 163.00
106.00 162.50
105.50 162.50
105.00 162.00
104.50 162.00
104.00 161.50
103.50 161.50
103.00 161.00
102.50 161.00
102.00 160.50
101.50 160.00
101.00 160.00
100.50 159.50
100.00 159.00
99.50 158.50
99.00 158.00
98.50 158.00
98.00 158.00
97.50 157.50
97.00 157.00
97.00 156.50
96.50 156.00
96.00 155.50
95.50 155.00
95.00 154.50
94.50 154.00
94.00 153.50
94.00 153.00
93.50 152.50
93.00 152.00
92.50 151.50
92.50 151.00
92.00 150.50
92.00 150.00
91.50 149.50
91.00 149.00
91.00 148.50
90.50 148.00
90.50 147.50
90.00 147.00
90.00 146.50
89.50 146.00
89.50 145.50
89.50 145.00
89.50 144.50
89.00 144.00
89.00 143.50
89.00 143.00
88.50 142.50
88.50 142.00
88.50 141.50
88.50 141.00
88.00 140.50
88.00 140.00
88.00 139.50
88.00 139.00
87.50 138.50
87.50 138.00
87.50 137.50
87.50 137.00
87.50 136.50
87.50 136.00
87.50 135.50
87.50 135.00
87.50 134.50
87.50 134.00
87.50 133.50
87.50 133.00
87.50 132.50
87.50 132.00
87.50 131.50
87.50 131.00
87.50 130.50
87.50 130.00
87.50 129.50
87.50 129.00
87.50 128.50
87.50 128.00
87.50 127.50
87.50 127.00
88.00 126.50
88.00 126.00
88.00 125.50
88.00 125.00
88.50 124.50
88.50 124.00
88.50 123.50
88.50 123.00
89.00 122.50
89.00 122.00
89.00 121.50
89.50 121.00
89.50 120.50
90.00 120.00
90.00 119.50
90.00 119.00
90.50 118.50
90.50 118.00
91.00 117.50
91.00 117.00
91.50 116.50
91.50 116.00
92.00 115.50
92.50 115.00
92.50 114.50
93.00 114.00
93.50 113.50
94.00 113.00
94.50 112.50
94.50 112.00
95.00 111.50
95.50 111.00
96.00 110.50
96.50 110.00
97.00 109.50
97.50 109.00
98.00 108.50
98.50 108.50
99.00 108.00
99.50 107.50
100.00 107.00
100.50 107.00
101.00 106.50
101.50 106.00
102.00 106.00
102.50 105.50
103.00 105.50
103.50 105.00
104.00 105.00
104.50 104.50
105.00 104.50
105.50 104.00
106.00 104.00
106.50 104.00
107.00 104.00
107.50 103.50
108.00 103.50
108.50 103.50
109.00 103.50
109.50 103.00
110.00 103.00
110.50 103.00
111.00 103.00
111.50 103.00
112.00 103.00
112.50 103.00
113.00 103.00
113.50 103.00
114.00 103.00
114.50 103.00
115.00 103.00
115.50 103.00
116.00 103.00
116.50 103.50
117.00 103.50
117.50 103.50
118.00 103.50
118.50 103.50
119.00 103.50
119.50 104.00
120.00 104.00
120.50 104.00
121.00 104.00
121.50 104.50
122.00 104.50
122.50 104.50
123.00 105.00
123.50 105.00
124.00 105.50
124.50 105.50
125.00 105.50
125.50 106.00
126.00 106.00
126.50 106.00
127.00 106.50
127.50 106.50
128.00 107.00
128.50 107.00
129.00 107.00
129.50 107.50
130.00 107.50
130.50 108.00
131.00 108.00
131.50 108.50
132.00 108.50
132.50 109.00
133.00 109.00
133.50 109.50
134.00 110.00
134.50 110.50
135.00 110.50
135.50 110.50
136.00 111.00
136.50 111.50
137.00 111.50
137.50 112.00
138.00 112.50
138.50 112.50
139.00 113.00
139.50 113.50
140.00 114.00
140.50 114.00
141.00 114.50
141.50 115.00
142.00 115.50
142.50 116.00
143.00 116.50
143.50 116.50
144.00 117.00
144.50 117.50
145.00 118.00
145.00 118.50
145.50 119.00
146.00 119.50
146.50 120.00
147.00 120.50
147.50 121.00
147.50 121.50
148.00 122.00
148.50 122.50
149.00 123.00
149.00 123.50
149.50 124.00
150.00 124.50
150.00 125.00
150.50 125.50
150.50 126.00
151.00 126.50
151.00 127.00
151.50 127.50
151.50 128.00
152.00 128.50
152.00 129.00
152.50 129.50
152.50 130.00
152.50 130.50
153.00 131.00
153.00 131.50
153.00 132.00
153.50 132.50
153.50 133.00
153.50 133.50
153.50 134.00
154.00 134.50
154.00 135.00
154.00 135.50
154.00 136.00
154.50 136.50
154.50 137.00
154.50 137.50
154.50 138.00
154.50 138.50
154.50 139.00
154.50 139.50
154.50 140.00
154.50 140.50
154.50 141.00
154.50 141.50
154.50 142.00
154.50 142.50
154.50 143.00
154.50 143.50
154.50 144.00
154.50 144.50
154.50 145.00
