93.50 153.50
93.00 153.00
93.00 152.50
92.50 152.00
92.50 151.50
92.50 151.00
92.00 150.50
92.00 150.00
92.00 149.50
92.00 149.00
92.00 148.50
91.50 148.00
91.50 147.50
91.50 147.00
91.50 146.50
91.50 146.00
91.00 145.50
91.00 145.00
91.00 144.50
91.00 144.00
91.00 143.50
91.00 143.00
91.00 142.50
91.00 142.00
91.00 141.50
91.00 141.00
91.00 140.50
91.00 140.00
91.00 139.50
91.00 139.00
91.00 138.50
91.00 138.00
91.00 137.50
91.00 137.00
91.00 136.50
91.00 136.00
91.50 135.50
91.50 135.00
91.50 134.50
91.50 134.00
91.50 133.50
91.50 133.00
92.00 132.50
92.00 132.00
92.00 131.50
92.50 131.00
92.50 130.50
92.50 130.00
93.00 129.50
93.00 129.00
93.00 128.50
93.50 128.00
93.50 127.50
94.00 127.00
94.00 126.50
94.50 126.00
94.50 125.50
95.00 125.00
95.00 124.50
95.50 124.00
95.50 123.50
96.00 123.00
96.50 122.50
96.50 122.00
97.00 121.50
97.50 121.00
98.00 120.50
98.50 120.00
99.00 119.50
99.50 119.00
100.00 118.50
100.50 118.00
101.00 117.50
101.50 117.50
102.00 117.00
102.50 116.50
103.00 116.50
103.50 116.00
104.00 116.00
104.50 115.50
105.00 115.00
105.50 115.00
106.00 114.50
106.50 114.50
107.00 114.00
107.50 114.00
108.00 113.50
108.50 113.50
109.00 113.50
109.50 113.00
110.00 113.00
110.50 113.00
111.00 113.00
111.50 112.50
112.00 112.50
112.50 112.50
113.00 112.50
113.50 112.00
114.00 112.00
114.50 112.00
115.00 112.00
115.50 112.00
116.00 112.00
116.50 112.00
117.00 111.50
117.50 111.50
118.00 111.50
118.50 111.50
119.00 111.50
119.50 111.50
120.00 111.50
120.50 111.50
121.00 111.50
121.50 111.50
122.00 112.00
122.50 112.00
123.00 112.00
123.50 112.00
124.00 112.00
124.50 112.00
125.00 112.50
125.50 112.50
126.00 112.50
126.50 112.50
127.00 113.00
127.50 113.00
128.00 113.00
128.50 113.50
129.00 113.50
129.50 113.50
130.00 114.00
130.50 114.00
131.00 114.00
131.50 114.50
132.00 115.00
132.50 115.00
133.00 115.50
133.50 115.50
134.00 116.00
134.50 116.50
135.00 117.00
135.50 117.00
136.00 117.50
136.50 118.00
137.00 118.50
137.50 119.00
138.00 119.00
138.50 119.50
139.00 120.00
139.50 120.50
139.50 121.00
140.00 121.50
140.50 122.00
141.00 122.50
141.50 123.00
141.50 123.50
142.00 124.00
142.50 124.50
142.50 125.00
143.00 125.50
143.50 126.00
143.50 126.50
143.50 127.00
144.00 127.50
144.00 128.00
144.50 128.50
145.00 129.00
145.00 129.50
145.00 130.00
145.00 130.50
145.50 131.00
145.50 131.50
145.50 132.00
146.00 132.50
146.00 133.00
146.00 133.50
146.50 134.00
146.50 134.50
146.50 135.00
146.50 135.50
146.50 136.00
146.50 136.50
147.00 137.00
147.00 137.50
147.00 138.00
147.00 138.50
147.00 139.00
147.00 139.50
147.00 140.00
147.00 140.50
147.00 141.00
147.00 141.50
147.00 142.00
147.00 142.50
147.00 143.00
147.00 143.50
147.00 144.00
147.00 144.50
147.00 145.00
147.00 145.50
147.00 146.00
146.50 146.50
146.50 147.00
146.50 147.50
146.50 148.00
146.50 148.50
146.00 149.00
146.00 149.50
146.00 150.00
146.00 150.50
145.50 151.00
145.50 151.50
145.50 152.00
145.00 152.50
145.00 153.00
145.00 153.50
144.50 154.00
144.50 154.50
144.00 155.00
144.00 155.50
144.00 156.00
143.50 156.50
143.00 157.00
143.00 157.50
142.50 158.00
142.00 158.50
142.00 159.00
141.50 159.50
141.00 160.00
140.50 160.50
140.50 161.00
140.00 161.50
139.50 162.00
139.00 162.50
138.50 163.00
138.00 163.50
137.50 164.00
137.00 164.50
136.50 165.00
136.00 165.00
135.50 165.50
135.00 166.00
134.50 166.00
134.00 166.50
133.50 166.50
133.00 167.00
132.50 167.50
132.00 167.50
131.50 168.00
131.00 168.00
130.50 168.50
130.00 168.50
129.50 168.50
129.00 169.00
128.50 169.00
128.00 169.00
127.50 169.50
127.00 169.50
126.50 169.50
126.00 170.00
125.50 170.00
125.00 170.00
124.50 170.00
124.00 170.50
123.50 170.50
123.00 170.50
122.50 170.50
122.00 170.50
121.50 170.50
121.00 170.50
120.50 170.50
120.00 170.50
119.50 171.00
119.00 171.00
118.50 171.00
118.00 171.00
117.50 171.00
117.00 171.00
116.50 170.50
116.00 170.50
115.50 170.50
115.00 170.50
114.50 170.50
114.00 170.50
113.50 170.50
113.00 170.50
112.50 170.50
112.00 170.00
111.50 170.00
111.00 170.00
110.50 170.00
110.00 169.50
109.50 169.50
109.00 169.50
108.50 169.00
108.00 169.00
107.50 169.00
107.00 168.50
106.50 168.50
106.00 168.00
105.50 168.00
105.00 167.50
104.50 167.50
104.00 167.00
103.50 166.50
103.00 166.50
102.50 166.00
102.00 165.50
101.50 165.00
101.00 165.00
100.50 164.50
100.00 164.00
99.50 163.50
99.00 163.00
99.00 162.50
98.50 162.00
98.00 161.50
97.50 161.00
97.00 160.50
97.00 160.00
96.50 159.50
96.00 159.00
95.50 158.50
95.50 158.00
95.00 157.50
95.00 157.00
94.50 156.50
94.50 156.00
94.00 155.50
94.00 155.00
93.50 154.50
93.50 154.00
