97.50 146.50
97.50 146.00
97.50 145.50
97.50 145.00
97.00 144.50
97.00 144.00
97.00 143.50
97.00 143.00
96.50 142.50
96.50 142.00
96.50 141.50
96.50 141.00
96.50 140.50
96.50 140.00
96.50 139.50
96.50 139.00
96.50 138.50
96.50 138.00
96.50 137.50
96.50 137.00
96.50 136.50
96.50 136.00
96.50 135.50
96.50 135.00
96.50 134.50
96.50 134.00
96.50 133.50
96.50 133.00
96.50 132.50
96.50 132.00
96.50 131.50
96.50 131.00
97.00 130.50
97.00 130.00
97.00 129.50
97.00 129.00
97.00 128.50
97.00 128.00
97.50 127.50
97.50 127.00
97.50 126.50
97.50 126.00
98.00 125.50
98.00 125.00
98.00 124.50
98.00 124.00
98.50 123.50
98.50 123.00
99.00 122.50
99.00 122.00
99.50 121.50
99.50 121.00
100.00 120.50
100.00 120.00
100.50 119.50
101.00 119.00
101.00 118.50
101.50 118.00
102.00 117.50
102.50 117.00
103.00 116.50
103.50 116.00
104.00 116.00
104.50 115.50
105.00 115.50
105.50 115.00
106.00 114.50
106.50 114.50
107.00 114.50
107.50 114.00
108.00 114.00
108.50 113.50
109.00 113.50
109.50 113.50
110.00 113.00
110.50 113.00
111.00 113.00
111.50 112.50
112.00 112.50
112.50 112.50
113.00 112.50
113.50 112.50
114.00 112.50
114.50 112.00
115.00 112.00
115.50 112.00
116.00 112.00
116.50 112.00
117.00 112.00
117.50 112.00
118.00 112.00
118.50 112.00
119.00 112.00
119.50 112.00
120.00 112.00
120.50 112.00
121.00 112.00
121.50 112.00
122.00 112.00
122.50 112.00
123.00 112.00
123.50 112.50
124.00 112.50
124.50 112.50
125.00 112.50
125.50 112.50
126.00 112.50
126.50 113.00
127.00 113.00
127.50 113.00
128.00 113.00
128.50 113.00
129.00 113.50
129.50 113.50
130.00 113.50
130.50 114.00
131.00 114.00
131.50 114.00
132.00 114.50
132.50 114.50
133.00 114.50
133.50 115.00
134.00 115.00
134.50 115.50
135.00 116.00
135.50 116.00
136.00 116.50
136.50 117.00
137.00 117.00
137.50 117.00
138.00 117.50
138.50 118.00
139.00 118.50
139.50 119.00
140.00 119.50
140.00 120.00
140.50 120.50
141.00 121.00
141.50 121.50
142.00 122.00
142.00 122.50
142.50 123.00
142.50 123.50
143.00 124.00
143.00 124.50
143.50 125.00
143.50 125.50
143.50 126.00
144.00 126.50
144.00 127.00
144.00 127.50
144.50 128.00
144.50 128.50
144.50 129.00
144.50 129.50
144.50 130.00
144.50 130.50
145.00 131.00
145.00 131.50
145.00 132.00
145.00 132.50
145.00 133.00
145.00 133.50
145.00 134.00
145.00 134.50
145.00 135.00
145.00 135.50
145.00 136.00
145.00 136.50
145.00 137.00
145.00 137.50
145.00 138.00
145.00 138.50
145.00 139.00
145.00 139.50
145.00 140.00
145.00 140.50
145.00 141.00
145.00 141.50
144.50 142.00
144.50 142.50
144.50 143.00
144.50 143.50
144.50 144.00
144.50 144.50
144.50 145.00
144.00 145.50
144.00 146.00
144.00 146.50
144.00 147.00
143.50 147.50
143.50 148.00
143.50 148.50
143.50 149.00
143.00 149.50
143.00 150.00
142.50 150.50
142.50 151.00
142.00 151.50
142.00 152.00
142.00 152.50
141.50 153.00
141.50 153.50
141.00 154.00
140.50 154.50
140.50 155.00
140.00 155.50
139.50 156.00
139.50 156.50
139.00 157.00
138.50 157.50
138.00 158.00
137.50 158.50
137.00 159.00
136.50 159.50
136.00 160.00
135.50 160.00
135.00 160.50
134.50 161.00
134.00 161.50
133.50 161.50
133.00 162.00
132.50 162.00
132.00 162.50
131.50 162.50
131.00 163.00
130.50 163.00
130.00 163.00
129.50 163.50
129.00 163.50
128.50 163.50
128.00 164.00
127.50 164.00
127.00 164.00
126.50 164.00
126.00 164.00
125.50 164.50
125.00 164.50
124.50 164.50
124.00 164.50
123.50 164.50
123.00 164.50
122.50 164.50
122.00 164.50
121.50 164.50
121.00 164.50
120.50 164.50
120.00 164.00
119.50 164.00
119.00 164.00
118.50 164.00
118.00 164.00
117.50 164.00
117.00 163.50
116.50 163.50
116.00 163.00
115.50 163.00
115.00 163.00
114.50 162.50
114.00 162.50
113.50 162.00
113.00 162.00
112.50 161.50
112.00 161.50
111.50 161.00
111.00 161.00
110.50 160.50
110.00 160.00
109.50 160.00
109.00 159.50
108.50 159.00
108.00 158.50
107.50 158.00
107.00 158.00
106.50 157.50
106.00 157.00
105.50 156.50
105.00 156.50
104.50 156.00
104.00 155.50
103.50 155.00
103.00 154.50
102.50 154.00
102.00 153.50
102.00 153.00
101.50 152.50
101.00 152.00
100.50 151.50
100.00 151.00
100.00 150.50
99.50 150.00
99.50 149.50
99.00 149.00
98.50 148.50
98.50 148.00
98.00 147.50
98.00 147.00
