147.00 149.00
147.00 149.50
146.50 150.00
146.00 150.50
145.50 151.00
145.00 151.50
145.00 152.00
144.50 152.50
144.00 153.00
143.50 153.50
143.00 154.00
142.50 154.50
142.00 154.50
141.50 155.00
141.00 155.00
140.50 155.50
140.00 155.50
139.50 156.00
139.00 156.00
138.50 156.00
138.00 156.00
137.50 156.50
137.00 156.50
136.50 156.50
136.00 156.50
135.50 156.50
135.00 156.50
134.50 156.50
134.00 156.50
133.50 156.50
133.00 156.50
132.50 156.50
132.00 156.50
131.50 156.00
131.00 156.00
130.50 156.00
130.00 156.00
129.50 156.00
129.00 156.00
128.50 156.00
128.00 156.00
127.50 156.00
127.00 155.50
126.50 155.50
126.00 155.50
125.50 155.50
125.00 155.50
124.50 155.50
124.00 155.50
123.50 155.50
123.00 155.50
122.50 155.00
122.00 155.00
121.50 155.00
121.00 155.00
120.50 155.00
120.00 155.00
119.50 154.50
119.00 154.50
118.50 154.50
118.00 154.50
117.50 154.50
117.00 154.50
116.50 154.00
116.00 154.00
115.50 154.00
115.00 154.00
114.50 153.50
114.00 153.50
113.50 153.00
113.00 153.00
112.50 153.00
112.00 152.50
111.50 152.50
111.00 152.00
110.50 152.00
110.00 152.00
109.50 151.50
109.00 151.50
108.50 151.00
108.00 150.50
107.50 150.50
107.00 150.00
106.50 149.50
106.00 149.00
105.50 148.50
105.00 148.50
104.50 148.00
104.00 147.50
103.50 147.00
103.00 146.50
102.50 146.00
102.00 145.50
101.50 145.00
101.50 144.50
101.00 144.00
100.50 143.50
100.50 143.00
100.00 142.50
99.50 142.00
99.00 141.50
99.00 141.00
99.00 140.50
98.50 140.00
98.00 139.50
98.00 139.00
97.50 138.50
97.50 138.00
97.50 137.50
97.00 137.00
97.00 136.50
97.00 136.00
96.50 135.50
96.50 135.00
96.50 134.50
96.00 134.00
96.00 133.50
96.00 133.00
96.00 132.50
96.00 132.00
95.50 131.50
95.50 131.00
95.50 130.50
95.50 130.00
95.50 129.50
95.50 129.00
95.50 128.50
95.50 128.00
95.50 127.50
95.50 127.00
95.50 126.50
95.50 126.00
95.50 125.50
95.50 125.00
95.50 124.50
95.50 124.00
95.50 123.50
96.00 123.00
96.00 122.50
96.00 122.00
96.00 121.50
96.00 121.00
96.50 120.50
96.50 120.00
96.50 119.50
97.00 119.00
97.00 118.50
97.50 118.00
97.50 117.50
97.50 117.00
98.00 116.50
98.00 116.00
98.50 115.50
99.00 115.00
99.00 114.50
99.50 114.00
99.50 113.50
100.00 113.00
100.50 112.50
100.50 112.00
101.00 111.50
101.50 111.00
102.00 111.00
102.50 110.50
103.00 110.00
103.50 109.50
104.00 109.50
104.50 109.00
105.00 108.50
105.50 108.50
106.00 108.50
106.50 108.00
107.00 108.00
107.50 107.50
108.00 107.50
108.50 107.50
109.00 107.50
109.50 107.00
110.00 107.00
110.50 107.00
111.00 107.00
111.50 106.50
112.00 106.50
112.50 106.50
113.00 106.50
113.50 106.50
114.00 106.50
114.50 106.50
115.00 106.50
115.50 106.50
116.00 106.50
116.50 106.50
117.00 106.50
117.50 106.50
118.00 106.50
118.50 106.50
119.00 106.50
119.50 106.50
120.00 106.50
120.50 107.00
121.00 107.00
121.50 107.00
122.00 107.00
122.50 107.00
123.00 107.50
123.50 107.50
124.00 107.50
124.50 107.50
125.00 108.00
125.50 108.00
126.00 108.00
126.50 108.00
127.00 108.50
127.50 108.50
128.00 108.50
128.50 109.00
129.00 109.00
129.50 109.50
130.00 109.50
130.50 109.50
131.00 110.00
131.50 110.00
132.00 110.50
132.50 110.50
133.00 110.50
133.50 111.00
134.00 111.50
134.50 112.00
135.00 112.00
135.50 112.00
136.00 112.50
136.50 113.00
137.00 113.50
137.50 113.50
138.00 114.00
138.50 114.50
139.00 114.50
139.50 115.00
140.00 115.50
140.50 116.00
141.00 116.50
141.50 117.00
142.00 117.50
142.50 118.00
143.00 118.50
143.50 119.00
144.00 119.50
144.50 120.00
144.50 120.50
145.00 121.00
145.50 121.50
146.00 122.00
146.50 122.50
147.00 123.00
147.00 123.50
147.50 124.00
148.00 124.50
148.00 125.00
148.50 125.50
148.50 126.00
149.00 126.50
149.00 127.00
149.50 127.50
149.50 128.00
150.00 128.50
150.00 129.00
150.00 129.50
150.50 130.00
150.50 130.50
151.00 131.00
151.00 131.50
151.00 132.00
151.00 132.50
151.00 133.00
151.50 133.50
151.50 134.00
151.50 134.50
151.50 135.00
151.50 135.50
151.50 136.00
151.50 136.50
151.50 137.00
151.50 137.50
151.50 138.00
151.50 138.50
151.50 139.00
151.00 139.50
151.00 140.00
151.00 140.50
151.00 141.00
151.00 141.50
150.50 142.00
150.50 142.50
150.00 143.00
150.00 143.50
150.00 144.00
149.50 144.50
149.50 145.00
149.00 145.50
149.00 146.00
148.50 146.50
148.50 147.00
148.00 147.50
147.50 148.00
147.50 148.50
