147.50 144.00
147.50 143.50
147.50 143.00
147.50 142.50
147.00 142.00
147.00 141.50
147.00 141.00
146.50 140.50
146.50 140.00
146.00 139.50
145.50 139.00
145.00 138.50
144.50 138.50
144.00 138.00
143.50 137.50
143.00 137.00
142.50 136.50
142.50 136.00
142.00 135.50
142.00 135.00
141.50 134.50
141.50 134.00
141.00 133.50
141.00 133.00
140.50 132.50
140.00 132.00
139.50 131.50
139.00 131.00
139.00 130.50
139.00 130.00
138.50 129.50
138.50 129.00
138.50 128.50
138.50 128.00
139.00 127.50
139.00 127.00
139.00 126.50
139.00 126.00
139.00 125.50
139.00 125.00
139.00 124.50
139.00 124.00
139.00 123.50
139.00 123.00
139.00 122.50
139.50 122.00
140.00 121.50
140.50 122.00
141.00 122.50
141.00 123.00
141.50 123.50
141.50 124.00
142.00 124.50
142.50 125.00
143.00 125.50
143.50 126.00
144.00 126.50
144.50 127.00
145.00 127.00
145.50 127.50
146.00 127.50
146.50 128.00
147.00 128.50
146.50 129.00
146.00 129.00
145.50 129.00
145.00 128.50
144.50 128.50
144.00 129.00
143.50 129.00
143.00 129.50
143.00 130.00
143.00 130.50
143.50 131.00
143.50 131.50
143.50 132.00
144.00 132.50
144.50 133.00
145.00 133.50
145.00 134.00
145.50 134.50
146.00 135.00
146.50 135.50
147.00 136.00
147.50 136.50
148.00 137.00
148.00 137.50
148.50 138.00
148.50 138.50
149.00 139.00
149.00 139.50
149.00 140.00
149.00 140.50
149.00 141.00
149.00 141.50
149.00 142.00
148.50 142.50
148.50 143.00
148.50 143.50
148.50 144.00
148.00 144.50
147.50 144.00
