101.00 164.50
100.50 164.00
100.00 163.50
99.50 163.00
99.00 163.00
98.50 162.50
98.00 162.00
97.50 161.50
97.00 161.50
96.50 161.00
96.00 160.50
95.50 160.00
95.00 159.50
94.50 159.00
94.00 158.50
94.00 158.00
93.50 157.50
93.00 157.00
92.50 156.50
92.50 156.00
92.00 155.50
92.00 155.00
91.50 154.50
91.00 154.00
90.50 153.50
90.50 153.00
90.00 152.50
90.00 152.00
90.00 151.50
89.50 151.00
89.50 150.50
89.00 150.00
89.00 149.50
88.50 149.00
88.50 148.50
88.50 148.00
88.00 147.50
88.00 147.00
88.00 146.50
88.00 146.00
87.50 145.50
87.50 145.00
87.50 144.50
87.50 144.00
87.50 143.50
87.00 143.00
87.00 142.50
87.00 142.00
87.00 141.50
87.00 141.00
87.00 140.50
87.00 140.00
87.00 139.50
87.00 139.00
86.50 138.50
86.50 138.00
86.50 137.50
86.50 137.00
86.50 136.50
86.50 136.00
86.50 135.50
87.00 135.00
87.00 134.50
87.00 134.00
87.00 133.50
87.00 133.00
87.00 132.50
87.00 132.00
87.00 131.50
87.00 131.00
87.00 130.50
87.50 130.00
87.50 129.50
87.50 129.00
87.50 128.50
87.50 128.00
88.00 127.50
88.00 127.00
88.00 126.50
88.00 126.00
88.50 125.50
88.50 125.00
88.50 124.50
88.50 124.00
89.00 123.50
89.00 123.00
89.00 122.50
89.50 122.00
89.50 121.50
89.50 121.00
90.00 120.50
90.00 120.00
90.00 119.50
90.50 119.00
91.00 118.50
91.00 118.00
91.50 117.50
91.50 117.00
91.50 116.50
92.00 116.00
92.50 115.50
92.50 115.00
93.00 114.50
93.50 114.00
93.50 113.50
94.00 113.00
94.50 112.50
95.00 112.00
95.50 111.50
96.00 111.00
96.00 110.50
96.50 110.00
97.00 110.00
97.50 109.50
98.00 109.00
98.50 108.50
99.00 108.00
99.50 107.50
100.00 107.50
100.50 107.00
101.00 107.00
101.50 106.50
102.00 106.00
102.50 106.00
103.00 105.50
103.50 105.50
104.00 105.00
104.50 105.00
105.00 105.00
105.50 104.50
106.00 104.50
106.50 104.00
107.00 104.00
107.50 104.00
108.00 103.50
108.50 103.50
109.00 103.50
109.50 103.50
110.00 103.00
110.50 103.00
111.00 103.00
111.50 103.00
112.00 103.00
112.50 103.00
113.00 102.50
113.50 102.50
114.00 102.50
114.50 102.50
115.00 102.50
115.50 102.50
116.00 102.50
116.50 102.50
117.00 102.50
117.50 102.50
118.00 102.50
118.50 102.50
119.00 102.50
119.50 102.50
120.00 102.50
120.50 102.50
121.00 102.50
121.50 102.50
122.00 102.50
122.50 102.50
123.00 103.00
123.50 103.00
124.00 103.00
124.50 103.00
125.00 103.00
125.50 103.50
126.00 103.50
126.50 103.50
127.00 103.50
127.50 103.50
128.00 104.00
128.50 104.00
129.00 104.00
129.50 104.50
130.00 104.50
130.50 105.00
131.00 105.00
131.50 105.00
132.00 105.50
132.50 105.50
133.00 105.50
133.50 106.00
134.00 106.50
134.50 106.50
135.00 106.50
135.50 107.00
136.00 107.00
136.50 107.50
137.00 108.00
137.50 108.00
138.00 108.50
138.50 108.50
139.00 109.00
139.50 109.50
140.00 109.50
140.50 110.00
141.00 110.50
141.50 111.00
142.00 111.50
142.50 111.50
143.00 112.00
143.50 112.50
144.00 113.00
144.50 113.50
145.00 114.00
145.50 114.50
146.00 115.00
146.50 115.50
147.00 116.00
147.50 116.50
148.00 117.00
148.00 117.50
148.50 118.00
149.00 118.50
149.50 119.00
150.00 119.50
150.00 120.00
150.50 120.50
151.00 121.00
151.00 121.50
151.50 122.00
152.00 122.50
152.00 123.00
152.50 123.50
152.50 124.00
153.00 124.50
153.00 125.00
153.50 125.50
153.50 126.00
153.50 126.50
154.00 127.00
154.00 127.50
154.50 128.00
154.50 128.50
155.00 129.00
155.00 129.50
155.00 130.00
155.00 130.50
155.50 131.00
155.50 131.50
155.50 132.00
156.00 132.50
156.00 133.00
156.00 133.50
156.00 134.00
156.00 134.50
156.00 135.00
156.50 135.50
156.50 136.00
156.50 136.50
156.50 137.00
156.50 137.50
156.50 138.00
156.50 138.50
156.50 139.00
156.50 139.50
156.50 140.00
156.50 140.50
156.50 141.00
156.50 141.50
156.50 142.00
156.50 142.50
156.50 143.00
156.00 143.50
156.00 144.00
156.00 144.50
156.00 145.00
156.00 145.50
155.50 146.00
155.50 146.50
155.50 147.00
155.50 147.50
155.00 148.00
155.00 148.50
155.00 149.00
154.50 149.50
154.50 150.00
154.50 150.50
154.00 151.00
154.00 151.50
153.50 152.00
153.50 152.50
153.00 153.00
153.00 153.50
152.50 154.00
152.50 154.50
152.00 155.00
151.50 155.50
151.50 156.00
151.00 156.50
150.50 157.00
150.50 157.50
150.00 158.00
149.50 158.50
149.00 159.00
148.50 159.50
148.00 160.00
147.50 160.50
147.00 161.00
146.50 161.50
146.00 162.00
145.50 162.00
145.00 162.50
144.50 163.00
144.00 163.50
143.50 163.50
143.00 164.00
142.50 164.00
142.00 164.50
141.50 164.50
141.00 165.00
140.50 165.00
140.00 165.50
139.50 165.50
139.00 165.50
138.50 166.00
138.00 166.00
137.50 166.50
137.00 166.50
136.50 166.50
136.00 166.50
135.50 167.00
135.00 167.00
134.50 167.00
134.00 167.00
133.50 167.50
133.00 167.50
132.50 167.50
132.00 167.50
131.50 167.50
131.00 168.00
130.50 168.00
130.00 168.00
129.50 168.00
129.00 168.00
128.50 168.00
128.00 168.00
127.50 168.00
127.00 168.50
126.50 168.50
126.00 168.50
125.50 168.50
125.00 168.50
124.50 168.50
124.00 168.50
123.50 168.50
123.00 168.50
122.50 168.50
122.00 168.50
121.50 168.50
121.00 168.50
120.50 168.50
120.00 168.50
119.50 168.50
119.00 168.50
118.50 168.50
118.00 168.50
117.50 168.50
117.00 168.50
116.50 168.50
116.00 168.50
115.50 168.50
115.00 168.50
114.50 168.00
114.00 168.00
113.50 168.00
113.00 168.00
112.50 168.00
112.00 168.00
111.50 168.00
111.00 168.00
110.50 167.50
110.00 167.50
109.50 167.50
109.00 167.50
108.50 167.00
108.00 167.00
107.50 167.00
107.00 167.00
106.50 166.50
106.00 166.50
105.50 166.50
105.00 166.00
104.50 166.00
104.00 166.00
103.50 165.50
103.00 165.50
102.50 165.00
102.00 165.00
101.50 164.50
