110.50 154.00
110.50 153.50
110.50 153.00
110.50 152.50
110.50 152.00
111.00 151.50
111.50 151.00
112.00 151.00
112.50 150.50
113.00 150.50
113.50 150.50
114.00 150.00
114.50 149.50
115.00 149.00
115.00 148.50
115.00 148.00
115.00 147.50
115.50 147.00
116.00 147.00
116.50 146.50
117.00 146.50
117.50 147.00
118.00 147.00
118.50 147.00
119.00 147.50
119.50 148.00
120.00 148.50
120.50 149.00
120.50 149.50
120.50 150.00
120.00 150.50
120.00 151.00
119.50 151.50
119.50 152.00
119.50 152.50
119.50 153.00
119.50 153.50
119.00 154.00
119.00 154.50
118.50 155.00
118.00 155.50
117.50 156.00
117.00 156.00
116.50 156.00
116.00 156.00
115.50 156.00
115.00 156.00
114.50 156.00
114.00 156.00
113.50 155.50
113.00 155.50
112.50 155.50
112.00 155.00
111.50 155.00
111.00 154.50
