97.00 154.00
96.50 153.50
96.00 153.00
96.00 152.50
95.50 152.00
95.50 151.50
95.00 151.00
95.00 150.50
95.00 150.00
94.50 149.50
94.50 149.00
94.50 148.50
94.00 148.00
94.00 147.50
94.00 147.00
94.00 146.50
93.50 146.00
93.50 145.50
93.50 145.00
93.50 144.50
93.50 144.00
93.50 143.50
93.00 143.00
93.00 142.50
93.00 142.00
93.00 141.50
93.00 141.00
93.00 140.50
93.00 140.00
93.00 139.50
93.00 139.00
93.00 138.50
93.00 138.00
93.00 137.50
93.50 137.00
93.50 136.50
93.50 136.00
93.50 135.50
93.50 135.00
93.50 134.50
94.00 134.00
94.00 133.50
94.00 133.00
94.00 132.50
94.50 132.00
94.50 131.50
95.00 131.00
95.00 130.50
95.00 130.00
95.50 129.50
95.50 129.00
96.00 128.50
96.00 128.00
96.50 127.50
97.00 127.00
97.00 126.50
97.50 126.00
98.00 125.50
98.00 125.00
98.50 124.50
99.00 124.00
99.50 123.50
100.00 123.00
100.50 122.50
101.00 122.00
101.50 121.50
102.00 121.00
102.50 120.50
103.00 120.50
103.50 120.00
104.00 120.00
104.50 119.50
105.00 119.00
105.50 119.00
106.00 118.50
106.50 118.50
107.00 118.00
107.50 118.00
108.00 117.50
108.50 117.50
109.00 117.50
109.50 117.00
110.00 117.00
110.50 117.00
111.00 116.50
111.50 116.50
112.00 116.50
112.50 116.50
113.00 116.50
113.50 116.50
114.00 116.00
114.50 116.00
115.00 116.00
115.50 116.00
116.00 116.00
116.50 116.00
117.00 116.00
117.50 116.00
118.00 116.00
118.50 116.00
119.00 116.00
119.50 116.00
120.00 116.00
120.50 116.00
121.00 116.00
121.50 116.50
122.00 116.50
122.50 116.50
123.00 116.50
123.50 117.00
124.00 117.00
124.50 117.00
125.00 117.00
125.50 117.50
126.00 117.50
126.50 117.50
127.00 118.00
127.50 118.00
128.00 118.50
128.50 118.50
129.00 118.50
129.50 119.00
130.00 119.50
130.50 119.50
131.00 120.00
131.50 120.00
132.00 120.50
132.50 121.00
133.00 121.50
133.50 121.50
134.00 122.00
134.50 122.50
135.00 123.00
135.50 123.50
136.00 124.00
136.50 124.50
137.00 125.00
137.50 125.50
138.00 126.00
138.50 126.50
138.50 127.00
139.00 127.50
139.00 128.00
139.50 128.50
140.00 129.00
140.00 129.50
140.50 130.00
140.50 130.50
140.50 131.00
141.00 131.50
141.00 132.00
141.00 132.50
141.50 133.00
141.50 133.50
141.50 134.00
142.00 134.50
142.00 135.00
142.00 135.50
142.00 136.00
142.50 136.50
142.50 137.00
142.50 137.50
142.50 138.00
142.50 138.50
142.50 139.00
142.50 139.50
142.50 140.00
142.50 140.50
142.50 141.00
142.50 141.50
142.50 142.00
142.50 142.50
142.50 143.00
142.50 143.50
142.50 144.00
142.50 144.50
142.50 145.00
142.50 145.50
142.50 146.00
142.00 146.50
142.00 147.00
142.00 147.50
142.00 148.00
141.50 148.50
141.50 149.00
141.50 149.50
141.50 150.00
141.00 150.50
141.00 151.00
141.00 151.50
140.50 152.00
140.50 152.50
140.50 153.00
140.00 153.50
140.00 154.00
139.50 154.50
139.00 155.00
139.00 155.50
138.50 156.00
138.50 156.50
138.50 157.00
138.00 157.50
137.50 158.00
137.00 158.50
136.50 159.00
136.00 159.50
135.50 160.00
135.00 160.50
135.00 161.00
134.50 161.50
134.00 162.00
133.50 162.00
133.00 162.50
132.50 163.00
132.00 163.00
131.50 163.50
131.00 164.00
130.50 164.00
130.00 164.50
129.50 164.50
129.00 164.50
128.50 165.00
128.00 165.00
127.50 165.50
127.00 165.50
126.50 165.50
126.00 165.50
125.50 166.00
125.00 166.00
124.50 166.00
124.00 166.00
123.50 166.00
123.00 166.00
122.50 166.00
122.00 166.50
121.50 166.50
121.00 166.50
120.50 166.50
120.00 166.50
119.50 166.50
119.00 166.50
118.50 166.50
118.00 166.00
117.50 166.00
117.00 166.00
116.50 166.00
116.00 166.00
115.50 166.00
115.00 166.00
114.50 166.00
114.00 165.50
113.50 165.50
113.00 165.50
112.50 165.50
112.00 165.00
111.50 165.00
111.00 165.00
110.50 164.50
110.00 164.50
109.50 164.00
109.00 164.00
108.50 164.00
108.00 164.00
107.50 163.50
107.00 163.50
106.50 163.00
106.00 163.00
105.50 162.50
105.00 162.00
104.50 162.00
104.00 161.50
103.50 161.50
103.00 161.00
102.50 160.50
102.00 160.00
101.50 159.50
101.00 159.00
100.50 159.00
100.00 158.50
100.00 158.00
99.50 157.50
99.00 157.00
98.50 156.50
98.00 156.00
97.50 155.50
97.50 155.00
97.00 154.50
