110.00 154.50
110.50 154.00
111.00 154.00
111.50 154.00
112.00 153.50
112.50 153.50
113.00 153.50
113.50 153.50
114.00 153.00
114.50 153.00
115.00 152.50
115.50 152.50
116.00 152.50
116.50 152.00
117.00 151.50
117.50 151.00
118.00 151.00
118.50 151.00
119.00 150.50
119.50 150.50
120.00 150.50
120.50 150.50
121.00 151.00
121.50 151.50
121.50 152.00
121.50 152.50
121.50 153.00
121.50 153.50
121.50 154.00
121.00 154.50
120.50 154.50
120.00 155.00
119.50 155.00
119.00 155.00
118.50 155.50
118.00 155.50
117.50 155.50
117.00 156.00
116.50 156.00
116.00 156.00
115.50 156.00
115.00 156.00
114.50 156.00
114.00 156.00
113.50 156.00
113.00 156.00
112.50 156.00
112.00 155.50
111.50 155.50
111.00 155.00
110.50 155.00
