134.00 153.00
133.50 153.50
133.00 153.50
132.50 154.00
132.00 154.00
131.50 154.00
131.00 154.50
130.50 154.50
130.00 154.50
129.50 154.50
129.00 155.00
128.50 155.00
128.00 155.00
127.50 155.00
127.00 155.00
126.50 155.50
126.00 155.50
125.50 155.50
125.00 155.50
124.50 155.50
124.00 155.50
123.50 155.50
123.00 155.50
122.50 155.50
122.00 155.50
121.50 155.50
121.00 155.50
120.50 155.50
120.00 155.50
119.50 155.00
119.00 155.00
118.50 155.00
118.00 155.00
117.50 155.00
117.00 155.00
116.50 154.50
116.00 154.50
115.50 154.50
115.00 154.00
114.50 154.00
114.00 154.00
113.50 153.50
113.00 153.50
112.50 153.50
112.00 153.00
111.50 153.00
111.00 152.50
110.50 152.50
110.00 152.00
109.50 152.00
109.00 151.50
108.50 151.00
108.00 151.00
107.50 150.50
107.00 150.00
106.50 150.00
106.00 149.50
105.50 149.00
105.00 148.50
104.50 148.00
104.00 147.50
103.50 147.00
103.00 146.50
102.50 146.00
102.00 145.50
101.50 145.00
101.50 144.50
101.50 144.00
101.00 143.50
100.50 143.00
100.00 142.50
100.00 142.00
99.50 141.50
99.50 141.00
99.00 140.50
99.00 140.00
98.50 139.50
98.50 139.00
98.50 138.50
98.00 138.00
98.00 137.50
98.00 137.00
97.50 136.50
97.50 136.00
97.50 135.50
97.50 135.00
97.00 134.50
97.00 134.00
97.00 133.50
97.00 133.00
97.00 132.50
97.00 132.00
97.00 131.50
97.00 131.00
97.00 130.50
97.00 130.00
96.50 129.50
97.00 129.00
97.00 128.50
97.00 128.00
97.00 127.50
97.00 127.00
97.00 126.50
97.00 126.00
97.00 125.50
97.00 125.00
97.00 124.50
97.50 124.00
97.50 123.50
97.50 123.00
98.00 122.50
98.00 122.00
98.00 121.50
98.50 121.00
98.50 120.50
98.50 120.00
99.00 119.50
99.00 119.00
99.50 118.50
99.50 118.00
100.00 117.50
100.00 117.00
100.50 116.50
101.00 116.00
101.00 115.50
101.50 115.00
102.00 114.50
102.50 114.00
103.00 113.50
103.00 113.00
103.50 112.50
104.00 112.00
104.50 111.50
105.00 111.50
105.50 111.00
106.00 110.50
106.50 110.00
107.00 110.00
107.50 109.50
108.00 109.00
108.50 109.00
109.00 109.00
109.50 108.50
110.00 108.00
110.50 108.00
111.00 108.00
111.50 107.50
112.00 107.50
112.50 107.50
113.00 107.50
113.50 107.50
114.00 107.00
114.50 107.00
115.00 107.00
115.50 107.00
116.00 107.00
116.50 107.00
117.00 107.00
117.50 106.50
118.00 106.50
118.50 106.50
119.00 106.50
119.50 106.50
120.00 106.50
120.50 107.00
121.00 107.00
121.50 107.00
122.00 107.00
122.50 107.00
123.00 107.00
123.50 107.00
124.00 107.00
124.50 107.50
125.00 107.50
125.50 107.50
126.00 107.50
126.50 108.00
127.00 108.00
127.50 108.00
128.00 108.50
128.50 108.50
129.00 108.50
129.50 109.00
130.00 109.00
130.50 109.00
131.00 109.50
131.50 110.00
132.00 110.00
132.50 110.50
133.00 110.50
133.50 111.00
134.00 111.00
134.50 111.50
135.00 112.00
135.50 112.00
136.00 112.50
136.50 113.00
137.00 113.50
137.50 114.00
138.00 114.50
138.50 114.50
139.00 115.00
139.00 115.50
139.50 116.00
140.00 116.50
140.50 117.00
141.00 117.50
141.50 118.00
142.00 118.50
142.00 119.00
142.50 119.50
143.00 120.00
143.00 120.50
143.50 121.00
143.50 121.50
144.00 122.00
144.50 122.50
144.50 123.00
145.00 123.50
145.00 124.00
145.00 124.50
145.50 125.00
145.50 125.50
146.00 126.00
146.00 126.50
146.00 127.00
146.50 127.50
146.50 128.00
147.00 128.50
147.00 129.00
147.00 129.50
147.00 130.00
147.50 130.50
147.50 131.00
147.50 131.50
147.50 132.00
147.50 132.50
148.00 133.00
148.00 133.50
148.00 134.00
148.00 134.50
148.00 135.00
148.00 135.50
148.00 136.00
148.00 136.50
148.00 137.00
148.00 137.50
148.00 138.00
148.00 138.50
147.50 139.00
147.50 139.50
147.50 140.00
147.50 140.50
147.00 141.00
147.00 141.50
147.00 142.00
146.50 142.50
146.50 143.00
146.00 143.50
146.00 144.00
145.50 144.50
145.00 145.00
144.50 145.50
144.50 146.00
144.00 146.50
143.50 147.00
143.00 147.50
142.50 148.00
142.00 148.50
141.50 148.50
141.00 149.00
140.50 149.50
140.00 150.00
139.50 150.50
139.00 150.50
138.50 151.00
138.00 151.00
137.50 151.50
137.00 152.00
136.50 152.00
136.00 152.50
135.50 152.50
135.00 153.00
134.50 153.00
