124.00 157.50
123.50 157.50
123.00 158.00
122.50 158.00
122.00 158.00
121.50 158.00
121.00 158.00
120.50 158.50
120.00 158.50
119.50 158.50
119.00 158.50
118.50 158.50
118.00 158.50
117.50 158.50
117.00 158.50
116.50 158.50
116.00 158.50
115.50 158.50
115.00 158.00
114.50 158.00
114.00 158.00
113.50 158.00
113.00 158.00
112.50 158.00
112.00 157.50
111.50 157.50
111.00 157.50
110.50 157.00
110.00 157.00
109.50 157.00
109.00 156.50
108.50 156.50
108.00 156.00
107.50 156.00
107.00 156.00
106.50 155.50
106.00 155.00
105.50 155.00
105.00 154.50
104.50 154.50
104.00 154.00
103.50 153.50
103.00 153.00
102.50 153.00
102.00 152.50
101.50 152.00
101.00 151.50
100.50 151.00
100.00 150.50
99.50 150.00
99.00 149.50
98.50 149.00
98.00 148.50
97.50 148.00
97.00 147.50
97.00 147.00
96.50 146.50
96.00 146.00
96.00 145.50
95.50 145.00
95.00 144.50
95.00 144.00
95.00 143.50
94.50 143.00
94.00 142.50
94.00 142.00
94.00 141.50
93.50 141.00
93.50 140.50
93.50 140.00
93.50 139.50
93.00 139.00
93.00 138.50
93.00 138.00
93.00 137.50
92.50 137.00
92.50 136.50
92.50 136.00
92.50 135.50
92.50 135.00
92.50 134.50
92.50 134.00
92.50 133.50
92.50 133.00
92.50 132.50
92.50 132.00
93.00 131.50
93.00 131.00
93.00 130.50
93.00 130.00
93.50 129.50
93.50 129.00
93.50 128.50
93.50 128.00
94.00 127.50
94.00 127.00
94.50 126.50
94.50 126.00
95.00 125.50
95.00 125.00
95.50 124.50
96.00 124.00
96.00 123.50
96.50 123.00
97.00 122.50
97.50 122.00
97.50 121.50
98.00 121.00
98.50 120.50
99.00 120.50
99.50 120.00
100.00 119.50
100.50 119.00
101.00 118.50
101.50 118.50
102.00 118.00
102.50 118.00
103.00 117.50
103.50 117.00
104.00 117.00
104.50 116.50
105.00 116.50
105.50 116.50
106.00 116.00
106.50 116.00
107.00 116.00
107.50 116.00
108.00 115.50
108.50 115.50
109.00 115.50
109.50 115.50
110.00 115.50
110.50 115.50
111.00 115.50
111.50 115.50
112.00 115.50
112.50 115.50
113.00 115.50
113.50 115.50
114.00 115.50
114.50 115.50
115.00 116.00
115.50 116.00
116.00 116.00
116.50 116.00
117.00 116.50
117.50 116.50
118.00 116.50
118.50 116.50
119.00 117.00
119.50 117.00
120.00 117.50
120.50 117.50
121.00 117.50
121.50 118.00
122.00 118.00
122.50 118.50
123.00 119.00
123.50 119.00
124.00 119.50
124.50 119.50
125.00 120.00
125.50 120.50
126.00 121.00
126.50 121.00
127.00 121.50
127.50 122.00
128.00 122.50
128.50 123.00
129.00 123.50
129.50 124.00
130.00 124.50
130.50 125.00
131.00 125.50
131.00 126.00
131.50 126.50
131.50 127.00
132.00 127.50
132.00 128.00
132.50 128.50
133.00 129.00
133.00 129.50
133.50 130.00
133.50 130.50
133.50 131.00
134.00 131.50
134.50 132.00
134.50 132.50
134.50 133.00
134.50 133.50
135.00 134.00
135.00 134.50
135.00 135.00
135.00 135.50
135.00 136.00
135.00 136.50
135.00 137.00
135.50 137.50
135.50 138.00
135.50 138.50
135.50 139.00
135.50 139.50
135.50 140.00
135.50 140.50
135.50 141.00
135.50 141.50
135.50 142.00
135.50 142.50
135.50 143.00
135.50 143.50
135.50 144.00
135.50 144.50
135.50 145.00
135.50 145.50
135.50 146.00
135.50 146.50
135.50 147.00
135.00 147.50
135.00 148.00
135.00 148.50
134.50 149.00
134.50 149.50
134.00 150.00
134.00 150.50
133.50 151.00
133.50 151.50
133.00 152.00
132.50 152.50
132.00 153.00
131.50 153.50
131.00 154.00
130.50 154.50
130.00 154.50
129.50 155.00
129.00 155.00
128.50 155.50
128.00 155.50
127.50 156.00
127.00 156.50
126.50 156.50
126.00 157.00
125.50 157.00
125.00 157.00
124.50 157.50
