151.00 148.00
150.50 148.50
150.50 149.00
150.00 149.50
150.00 150.00
149.50 150.50
149.50 151.00
149.00 151.50
148.50 152.00
148.50 152.50
148.00 153.00
147.50 153.50
147.00 154.00
147.00 154.50
146.50 155.00
146.00 155.50
145.50 155.50
145.00 156.00
144.50 156.50
144.00 157.00
143.50 157.50
143.00 157.50
142.50 158.00
142.00 158.50
141.50 158.50
141.00 159.00
140.50 159.00
140.00 159.50
139.50 159.50
139.00 160.00
138.50 160.00
138.00 160.00
137.50 160.00
137.00 160.50
136.50 160.50
136.00 161.00
135.50 161.00
135.00 161.00
134.50 161.00
134.00 161.00
133.50 161.00
133.00 161.50
132.50 161.50
132.00 161.50
131.50 161.50
131.00 161.50
130.50 161.50
130.00 161.50
129.50 161.50
129.00 161.50
128.50 161.50
128.00 161.50
127.50 161.50
127.00 161.50
126.50 161.50
126.00 161.50
125.50 161.50
125.00 161.50
124.50 161.50
124.00 161.50
123.50 161.50
123.00 161.00
122.50 161.00
122.00 161.00
121.50 161.00
121.00 161.00
120.50 161.00
120.00 161.00
119.50 160.50
119.00 160.50
118.50 160.50
118.00 160.50
117.50 160.00
117.00 160.00
116.50 160.00
116.00 160.00
115.50 159.50
115.00 159.50
114.50 159.50
114.00 159.50
113.50 159.00
113.00 159.00
112.50 158.50
112.00 158.50
111.50 158.50
111.00 158.00
110.50 158.00
110.00 158.00
109.50 157.50
109.00 157.50
108.50 157.00
108.00 157.00
107.50 157.00
107.00 156.50
106.50 156.00
106.00 156.00
105.50 155.50
105.00 155.00
104.50 155.00
104.00 154.50
103.50 154.00
103.00 154.00
102.50 153.50
102.00 153.00
101.50 153.00
101.00 152.50
100.50 152.00
100.00 151.50
99.50 151.00
99.00 150.50
98.50 150.00
98.00 149.50
97.50 149.00
97.00 148.50
97.00 148.00
96.50 147.50
96.00 147.00
96.00 146.50
95.50 146.00
95.00 145.50
95.00 145.00
95.00 144.50
94.50 144.00
94.50 143.50
94.00 143.00
94.00 142.50
94.00 142.00
93.50 141.50
93.50 141.00
93.50 140.50
93.50 140.00
93.00 139.50
93.00 139.00
93.00 138.50
93.00 138.00
93.00 137.50
92.50 137.00
92.50 136.50
92.50 136.00
92.50 135.50
92.50 135.00
92.50 134.50
92.50 134.00
92.50 133.50
92.50 133.00
92.50 132.50
92.50 132.00
92.50 131.50
92.50 131.00
92.50 130.50
92.50 130.00
92.50 129.50
92.50 129.00
92.50 128.50
93.00 128.00
93.00 127.50
93.00 127.00
93.00 126.50
93.00 126.00
93.00 125.50
93.50 125.00
93.50 124.50
93.50 124.00
93.50 123.50
94.00 123.00
94.00 122.50
94.00 122.00
94.50 121.50
94.50 121.00
94.50 120.50
95.00 120.00
95.00 119.50
95.00 119.00
95.50 118.50
95.50 118.00
96.00 117.50
96.00 117.00
96.50 116.50
96.50 116.00
97.00 115.50
97.50 115.00
97.50 114.50
98.00 114.00
98.50 113.50
99.00 113.00
99.50 112.50
99.50 112.00
100.00 111.50
100.50 111.00
101.00 110.50
101.50 110.50
102.00 110.00
102.50 109.50
103.00 109.50
103.50 109.00
104.00 108.50
104.50 108.50
105.00 108.50
105.50 108.00
106.00 108.00
106.50 108.00
107.00 108.00
107.50 107.50
108.00 107.50
108.50 107.50
109.00 107.50
109.50 107.50
110.00 107.50
110.50 107.50
111.00 107.50
111.50 107.50
112.00 107.50
112.50 107.50
113.00 107.50
113.50 107.50
114.00 107.50
114.50 107.50
115.00 108.00
115.50 108.00
116.00 108.00
116.50 108.00
117.00 108.00
117.50 108.50
118.00 108.50
118.50 108.50
119.00 109.00
119.50 109.00
120.00 109.00
120.50 109.50
121.00 109.50
121.50 109.50
122.00 110.00
122.50 110.00
123.00 110.00
123.50 110.50
124.00 110.50
124.50 111.00
125.00 111.00
125.50 111.00
126.00 111.50
126.50 111.50
127.00 112.00
127.50 112.00
128.00 112.00
128.50 112.50
129.00 113.00
129.50 113.00
130.00 113.50
130.50 113.50
131.00 113.50
131.50 114.00
132.00 114.00
132.50 114.50
133.00 115.00
133.50 115.00
134.00 115.50
134.50 115.50
135.00 116.00
135.50 116.50
136.00 116.50
136.50 117.00
137.00 117.00
137.50 117.50
138.00 118.00
138.50 118.50
139.00 118.50
139.50 119.00
140.00 119.00
140.50 119.50
141.00 120.00
141.50 120.50
142.00 121.00
142.50 121.50
143.00 122.00
143.50 122.50
144.00 123.00
144.50 123.50
145.00 124.00
145.50 124.50
146.00 125.00
146.50 125.50
146.50 126.00
146.50 126.50
147.00 127.00
147.50 127.50
148.00 128.00
148.00 128.50
148.50 129.00
148.50 129.50
149.00 130.00
149.00 130.50
149.50 131.00
149.50 131.50
150.00 132.00
150.00 132.50
150.00 133.00
150.50 133.50
150.50 134.00
151.00 134.50
151.00 135.00
151.00 135.50
151.00 136.00
151.50 136.50
151.50 137.00
151.50 137.50
151.50 138.00
151.50 138.50
151.50 139.00
152.00 139.50
152.00 140.00
152.00 140.50
152.00 141.00
152.00 141.50
152.00 142.00
152.00 142.50
152.00 143.00
152.00 143.50
151.50 144.00
151.50 144.50
151.50 145.00
151.50 145.50
151.50 146.00
151.50 146.50
151.00 147.00
151.00 147.50
