148.50 155.00
148.00 155.50
147.50 156.00
147.00 156.50
146.50 157.00
146.00 157.00
145.50 157.50
145.00 157.50
144.50 158.00
144.00 158.50
143.50 158.50
143.00 159.00
142.50 159.00
142.00 159.50
141.50 159.50
141.00 160.00
140.50 160.00
140.00 160.00
139.50 160.50
139.00 160.50
138.50 160.50
138.00 160.50
137.50 161.00
137.00 161.00
136.50 161.00
136.00 161.00
135.50 161.50
135.00 161.50
134.50 161.50
134.00 161.50
133.50 162.00
133.00 162.00
132.50 162.00
132.00 162.00
131.50 162.00
131.00 162.00
130.50 162.00
130.00 162.50
129.50 162.50
129.00 162.50
128.50 162.50
128.00 162.50
127.50 162.50
127.00 162.50
126.50 162.50
126.00 162.50
125.50 162.50
125.00 162.50
124.50 162.50
124.00 162.50
123.50 162.50
123.00 162.50
122.50 162.50
122.00 162.50
121.50 162.50
121.00 162.50
120.50 162.00
120.00 162.00
119.50 162.00
119.00 162.00
118.50 162.00
118.00 162.00
117.50 161.50
117.00 161.50
116.50 161.50
116.00 161.50
115.50 161.00
115.00 161.00
114.50 161.00
114.00 160.50
113.50 160.50
113.00 160.50
112.50 160.00
112.00 160.00
111.50 159.50
111.00 159.50
110.50 159.00
110.00 159.00
109.50 158.50
109.00 158.00
108.50 158.00
108.00 157.50
107.50 157.00
107.00 157.00
106.50 156.50
106.00 156.00
105.50 155.50
105.00 155.00
104.50 154.50
104.00 154.00
103.50 153.50
103.50 153.00
103.00 152.50
102.50 152.50
102.00 152.00
102.00 151.50
101.50 151.00
101.00 150.50
101.00 150.00
100.50 149.50
100.00 149.00
100.00 148.50
99.50 148.00
99.50 147.50
99.50 147.00
99.00 146.50
99.00 146.00
98.50 145.50
98.50 145.00
98.00 144.50
98.00 144.00
98.00 143.50
97.50 143.00
97.50 142.50
97.50 142.00
97.50 141.50
97.00 141.00
97.00 140.50
97.00 140.00
97.00 139.50
97.00 139.00
97.00 138.50
96.50 138.00
96.50 137.50
96.50 137.00
96.50 136.50
96.50 136.00
96.50 135.50
96.50 135.00
96.50 134.50
96.50 134.00
96.50 133.50
96.50 133.00
96.50 132.50
96.50 132.00
97.00 131.50
97.00 131.00
97.00 130.50
97.00 130.00
97.00 129.50
97.00 129.00
97.50 128.50
97.50 128.00
97.50 127.50
97.50 127.00
97.50 126.50
98.00 126.00
98.00 125.50
98.00 125.00
98.50 124.50
98.50 124.00
98.50 123.50
99.00 123.00
99.00 122.50
99.00 122.00
99.50 121.50
99.50 121.00
99.50 120.50
100.00 120.00
100.50 119.50
100.50 119.00
100.50 118.50
101.00 118.00
101.00 117.50
101.50 117.00
102.00 116.50
102.00 116.00
102.50 115.50
102.50 115.00
103.00 114.50
103.00 114.00
103.50 113.50
104.00 113.00
104.50 112.50
105.00 112.00
105.00 111.50
105.50 111.00
106.00 110.50
106.50 110.00
107.00 109.50
107.50 109.50
108.00 109.00
108.50 108.50
109.00 108.00
109.50 107.50
110.00 107.50
110.50 107.00
111.00 107.00
111.50 106.50
112.00 106.00
112.50 106.00
113.00 106.00
113.50 105.50
114.00 105.50
114.50 105.50
115.00 105.50
115.50 105.00
116.00 105.00
116.50 105.00
117.00 105.00
117.50 104.50
118.00 104.50
118.50 104.50
119.00 104.50
119.50 104.50
120.00 104.50
120.50 104.50
121.00 104.50
121.50 104.50
122.00 104.50
122.50 104.50
123.00 104.50
123.50 104.50
124.00 104.50
124.50 104.50
125.00 105.00
125.50 105.00
126.00 105.00
126.50 105.00
127.00 105.00
127.50 105.00
128.00 105.50
128.50 105.50
129.00 105.50
129.50 106.00
130.00 106.00
130.50 106.00
131.00 106.00
131.50 106.50
132.00 106.50
132.50 106.50
133.00 106.50
133.50 107.00
134.00 107.00
134.50 107.00
135.00 107.50
135.50 108.00
136.00 108.00
136.50 108.00
137.00 108.50
137.50 108.50
138.00 109.00
138.50 109.00
139.00 109.00
139.50 109.50
140.00 110.00
140.50 110.00
141.00 110.00
141.50 110.50
142.00 111.00
142.50 111.00
143.00 111.50
143.50 112.00
144.00 112.00
144.50 112.50
145.00 113.00
145.50 113.00
146.00 113.50
146.50 114.00
147.00 114.50
147.50 115.00
148.00 115.50
148.50 116.00
149.00 116.50
149.50 117.00
150.00 117.50
150.00 118.00
150.50 118.50
151.00 119.00
151.50 119.50
151.50 120.00
152.00 120.50
152.50 121.00
152.50 121.50
153.00 122.00
153.00 122.50
153.00 123.00
153.50 123.50
153.50 124.00
154.00 124.50
154.00 125.00
154.00 125.50
154.00 126.00
154.50 126.50
154.50 127.00
154.50 127.50
154.50 128.00
154.50 128.50
155.00 129.00
155.00 129.50
155.00 130.00
155.00 130.50
155.00 131.00
155.00 131.50
155.00 132.00
155.00 132.50
155.00 133.00
155.00 133.50
155.00 134.00
155.00 134.50
155.00 135.00
155.00 135.50
155.00 136.00
155.00 136.50
155.00 137.00
155.00 137.50
155.00 138.00
155.00 138.50
155.00 139.00
155.00 139.50
154.50 140.00
154.50 140.50
154.50 141.00
154.50 141.50
154.50 142.00
154.50 142.50
154.00 143.00
154.00 143.50
154.00 144.00
154.00 144.50
153.50 145.00
153.50 145.50
153.50 146.00
153.50 146.50
153.00 147.00
153.00 147.50
152.50 148.00
152.50 148.50
152.50 149.00
152.00 149.50
152.00 150.00
151.50 150.50
151.50 151.00
151.00 151.50
151.00 152.00
150.50 152.50
150.00 153.00
150.00 153.50
149.50 154.00
149.00 154.50
