151.50 123.00
151.50 123.50
152.00 124.00
152.00 124.50
152.50 125.00
153.00 125.50
153.00 126.00
153.50 126.50
153.50 127.00
153.50 127.50
154.00 128.00
154.50 128.50
154.50 129.00
154.50 129.50
155.00 130.00
155.00 130.50
155.00 131.00
155.50 131.50
155.50 132.00
155.50 132.50
155.50 133.00
155.50 133.50
156.00 134.00
156.00 134.50
156.00 135.00
156.00 135.50
156.00 136.00
156.00 136.50
156.00 137.00
156.00 137.50
156.00 138.00
156.00 138.50
156.00 139.00
155.50 139.50
155.50 140.00
155.50 140.50
155.50 141.00
155.00 141.50
155.00 142.00
155.00 142.50
154.50 143.00
154.50 143.50
154.50 144.00
154.00 144.50
154.00 145.00
153.50 145.50
153.00 146.00
153.00 146.50
152.50 147.00
152.00 147.50
152.00 148.00
151.50 148.50
151.00 149.00
150.50 149.50
150.00 150.00
149.50 150.50
149.00 151.00
148.50 151.50
148.00 151.50
147.50 152.00
147.00 152.50
146.50 153.00
146.00 153.00
145.50 153.50
145.00 153.50
144.50 154.00
144.00 154.00
143.50 154.00
143.00 154.50
142.50 155.00
142.00 155.00
141.50 155.00
141.00 155.50
140.50 155.50
140.00 155.50
139.50 156.00
139.00 156.00
138.50 156.00
138.00 156.50
137.50 156.50
137.00 156.50
136.50 156.50
136.00 157.00
135.50 157.00
135.00 157.00
134.50 157.00
134.00 157.00
133.50 157.00
133.00 157.50
132.50 157.50
132.00 157.50
131.50 157.50
131.00 157.50
130.50 157.50
130.00 157.50
129.50 157.50
129.00 157.50
128.50 157.50
128.00 157.50
127.50 157.50
127.00 157.50
126.50 157.50
126.00 157.50
125.50 157.50
125.00 157.50
124.50 157.50
124.00 157.50
123.50 157.50
123.00 157.50
122.50 157.50
122.00 157.50
121.50 157.50
121.00 157.50
120.50 157.50
120.00 157.00
119.50 157.00
119.00 157.00
118.50 157.00
118.00 157.00
117.50 156.50
117.00 156.50
116.50 156.50
116.00 156.50
115.50 156.00
115.00 156.00
114.50 156.00
114.00 156.00
113.50 155.50
113.00 155.50
112.50 155.00
112.00 155.00
111.50 155.00
111.00 154.50
110.50 154.50
110.00 154.50
109.50 154.00
109.00 154.00
108.50 153.50
108.00 153.00
107.50 153.00
107.00 152.50
106.50 152.50
106.00 152.00
105.50 151.50
105.00 151.50
104.50 151.00
104.00 150.50
103.50 150.00
103.00 149.50
102.50 149.00
102.00 148.50
101.50 148.00
101.00 147.50
101.00 147.00
100.50 146.50
100.00 146.00
99.50 145.50
99.50 145.00
99.00 144.50
99.00 144.00
98.50 143.50
98.50 143.00
98.00 142.50
98.00 142.00
97.50 141.50
97.50 141.00
97.50 140.50
97.00 140.00
97.00 139.50
97.00 139.00
96.50 138.50
96.50 138.00
96.50 137.50
96.00 137.00
96.00 136.50
96.00 136.00
96.00 135.50
96.00 135.00
95.50 134.50
95.50 134.00
95.50 133.50
95.50 133.00
95.50 132.50
95.50 132.00
95.50 131.50
95.50 131.00
95.50 130.50
95.00 130.00
95.00 129.50
95.00 129.00
95.00 128.50
95.00 128.00
95.00 127.50
95.00 127.00
95.50 126.50
95.50 126.00
95.50 125.50
95.50 125.00
95.50 124.50
95.50 124.00
95.50 123.50
95.50 123.00
95.50 122.50
96.00 122.00
96.00 121.50
96.00 121.00
96.00 120.50
96.00 120.00
96.50 119.50
96.50 119.00
96.50 118.50
96.50 118.00
97.00 117.50
97.00 117.00
97.50 116.50
97.50 116.00
97.50 115.50
98.00 115.00
98.00 114.50
98.00 114.00
98.50 113.50
99.00 113.00
99.00 112.50
99.50 112.00
100.00 111.50
100.00 111.00
100.50 110.50
101.00 110.00
101.50 109.50
101.50 109.00
102.00 108.50
102.50 108.00
103.00 107.50
103.50 107.00
104.00 107.00
104.50 106.50
105.00 106.00
105.50 106.00
106.00 105.50
106.50 105.00
107.00 105.00
107.50 104.50
108.00 104.50
108.50 104.00
109.00 104.00
109.50 104.00
110.00 103.50
110.50 103.50
111.00 103.50
111.50 103.50
112.00 103.00
112.50 103.00
113.00 103.00
113.50 103.00
114.00 103.00
114.50 102.50
115.00 102.50
115.50 102.50
116.00 102.50
116.50 102.50
117.00 102.50
117.50 102.50
118.00 102.50
118.50 102.50
119.00 102.50
119.50 102.50
120.00 102.50
120.50 102.50
121.00 102.50
121.50 102.50
122.00 102.50
122.50 103.00
123.00 103.00
123.50 103.00
124.00 103.00
124.50 103.00
125.00 103.00
125.50 103.50
126.00 103.50
126.50 103.50
127.00 103.50
127.50 104.00
128.00 104.00
128.50 104.00
129.00 104.50
129.50 104.50
130.00 104.50
130.50 105.00
131.00 105.00
131.50 105.00
132.00 105.50
132.50 105.50
133.00 106.00
133.50 106.50
134.00 106.50
134.50 106.50
135.00 107.00
135.50 107.00
136.00 107.50
136.50 108.00
137.00 108.00
137.50 108.50
138.00 109.00
138.50 109.00
139.00 109.50
139.50 110.00
140.00 110.50
140.50 110.50
141.00 111.00
141.50 111.50
142.00 112.00
142.50 112.00
143.00 112.50
143.00 113.00
143.50 113.50
144.00 114.00
144.50 114.50
145.00 114.50
145.50 115.00
146.00 115.50
146.00 116.00
146.50 116.50
147.00 117.00
147.50 117.50
147.50 118.00
148.00 118.50
148.50 119.00
149.00 119.50
149.00 120.00
149.50 120.50
150.00 121.00
150.50 121.50
150.50 122.00
151.00 122.50
