102.50 157.00
102.00 156.50
101.50 156.00
101.00 155.50
100.50 155.00
100.50 154.50
100.00 154.00
99.50 153.50
99.50 153.00
99.00 152.50
98.50 152.00
98.50 151.50
98.00 151.00
97.50 150.50
97.50 150.00
97.00 149.50
97.00 149.00
96.50 148.50
96.50 148.00
96.50 147.50
96.00 147.00
96.00 146.50
96.00 146.00
96.00 145.50
95.50 145.00
95.50 144.50
95.50 144.00
95.50 143.50
95.50 143.00
95.50 142.50
95.50 142.00
95.50 141.50
95.50 141.00
95.00 140.50
95.00 140.00
95.00 139.50
95.00 139.00
95.00 138.50
95.50 138.00
95.50 137.50
95.50 137.00
95.50 136.50
95.50 136.00
95.50 135.50
95.50 135.00
95.50 134.50
95.50 134.00
95.50 133.50
95.50 133.00
95.50 132.50
95.50 132.00
95.50 131.50
95.50 131.00
96.00 130.50
96.00 130.00
96.00 129.50
96.00 129.00
96.00 128.50
96.00 128.00
96.00 127.50
96.00 127.00
96.00 126.50
96.00 126.00
96.00 125.50
96.50 125.00
96.50 124.50
96.50 124.00
96.50 123.50
96.50 123.00
97.00 122.50
97.00 122.00
97.50 121.50
97.50 121.00
98.00 120.50
98.00 120.00
98.50 119.50
99.00 119.00
99.00 118.50
99.50 118.00
100.00 117.50
100.50 117.00
100.50 116.50
101.00 116.00
101.50 115.50
102.00 115.00
102.50 114.50
103.00 114.00
103.50 113.50
104.00 113.00
104.50 112.50
105.00 112.00
105.50 111.50
106.00 111.50
106.50 111.00
107.00 110.50
107.50 110.50
108.00 110.50
108.50 110.00
109.00 109.50
109.50 109.50
110.00 109.00
110.50 109.00
111.00 109.00
111.50 108.50
112.00 108.50
112.50 108.50
113.00 108.00
113.50 108.00
114.00 108.00
114.50 108.00
115.00 108.00
115.50 108.00
116.00 108.00
116.50 107.50
117.00 107.50
117.50 107.50
118.00 107.50
118.50 107.50
119.00 107.50
119.50 107.50
120.00 107.50
120.50 108.00
121.00 108.00
121.50 108.00
122.00 108.00
122.50 108.00
123.00 108.00
123.50 108.00
124.00 108.50
124.50 108.50
125.00 108.50
125.50 108.50
126.00 109.00
126.50 109.00
127.00 109.00
127.50 109.50
128.00 109.50
128.50 110.00
129.00 110.00
129.50 110.50
130.00 110.50
130.50 111.00
131.00 111.00
131.50 111.50
132.00 111.50
132.50 112.00
133.00 112.00
133.50 112.50
134.00 113.00
134.50 113.50
135.00 113.50
135.50 114.00
136.00 114.50
136.50 115.00
137.00 115.00
137.50 115.50
138.00 116.00
138.50 116.50
139.00 117.00
139.00 117.50
139.50 118.00
140.00 118.50
140.50 119.00
141.00 119.50
141.00 120.00
141.50 120.50
142.00 121.00
142.00 121.50
142.50 122.00
143.00 122.50
143.00 123.00
143.50 123.50
143.50 124.00
143.50 124.50
144.00 125.00
144.00 125.50
144.50 126.00
144.50 126.50
145.00 127.00
145.00 127.50
145.00 128.00
145.50 128.50
145.50 129.00
145.50 129.50
146.00 130.00
146.00 130.50
146.00 131.00
146.00 131.50
146.00 132.00
146.50 132.50
146.50 133.00
146.50 133.50
146.50 134.00
146.50 134.50
146.50 135.00
146.50 135.50
146.50 136.00
147.00 136.50
147.00 137.00
147.00 137.50
147.00 138.00
147.00 138.50
147.00 139.00
147.00 139.50
146.50 140.00
146.50 140.50
146.50 141.00
146.50 141.50
146.50 142.00
146.50 142.50
146.50 143.00
146.50 143.50
146.00 144.00
146.00 144.50
146.00 145.00
146.00 145.50
145.50 146.00
145.50 146.50
145.50 147.00
145.00 147.50
145.00 148.00
145.00 148.50
144.50 149.00
144.50 149.50
144.00 150.00
144.00 150.50
143.50 151.00
143.00 151.50
143.00 152.00
142.50 152.50
142.00 153.00
142.00 153.50
141.50 154.00
141.00 154.50
140.50 154.50
140.00 155.00
139.50 155.50
139.00 156.00
138.50 156.50
138.00 157.00
137.50 157.50
137.00 158.00
136.50 158.00
136.00 158.50
135.50 158.50
135.00 159.00
134.50 159.00
134.00 159.50
133.50 159.50
133.00 160.00
132.50 160.00
132.00 160.50
131.50 160.50
131.00 160.50
130.50 161.00
130.00 161.00
129.50 161.50
129.00 161.50
128.50 161.50
128.00 162.00
127.50 162.00
127.00 162.00
126.50 162.50
126.00 162.50
125.50 162.50
125.00 162.50
124.50 162.50
124.00 163.00
123.50 163.00
123.00 163.00
122.50 163.00
122.00 163.00
121.50 163.00
121.00 163.50
120.50 163.50
120.00 163.50
119.50 163.50
119.00 163.50
118.50 163.50
118.00 163.50
117.50 163.50
117.00 163.50
116.50 163.50
116.00 163.50
115.50 163.50
115.00 163.50
114.50 163.50
114.00 163.50
113.50 163.50
113.00 163.00
112.50 163.00
112.00 163.00
111.50 163.00
111.00 163.00
110.50 162.50
110.00 162.50
109.50 162.50
109.00 162.00
108.50 162.00
108.00 161.50
107.50 161.50
107.00 161.00
106.50 161.00
106.00 160.50
105.50 160.50
105.00 160.00
104.50 159.50
104.00 159.00
103.50 159.00
103.00 158.50
102.50 158.00
102.50 157.50
