118.50 161.50
118.00 161.50
117.50 161.50
117.00 161.50
116.50 161.50
116.00 161.50
115.50 161.50
115.00 161.50
114.50 161.00
114.00 161.00
113.50 161.00
113.00 161.00
112.50 161.00
112.00 161.00
111.50 160.50
111.00 160.50
110.50 160.50
110.00 160.00
109.50 160.00
109.00 160.00
108.50 159.50
108.00 159.50
107.50 159.50
107.00 159.00
106.50 159.00
106.00 158.50
105.50 158.00
105.00 157.50
104.50 157.50
104.00 157.00
103.50 156.50
103.00 156.00
102.50 155.50
102.00 155.00
101.50 154.50
101.00 154.00
100.50 153.50
100.00 153.00
100.00 152.50
99.50 152.00
99.00 151.50
99.00 151.00
98.50 150.50
98.50 150.00
98.00 149.50
97.50 149.00
97.50 148.50
97.00 148.00
97.00 147.50
97.00 147.00
96.50 146.50
96.50 146.00
96.50 145.50
96.00 145.00
96.00 144.50
96.00 144.00
95.50 143.50
95.50 143.00
95.50 142.50
95.50 142.00
95.50 141.50
95.50 141.00
95.50 140.50
95.00 140.00
95.00 139.50
95.00 139.00
95.00 138.50
95.00 138.00
95.00 137.50
95.00 137.00
95.00 136.50
95.00 136.00
95.00 135.50
95.00 135.00
95.00 134.50
95.00 134.00
95.50 133.50
95.50 133.00
95.50 132.50
95.50 132.00
95.50 131.50
95.50 131.00
95.50 130.50
96.00 130.00
96.00 129.50
96.00 129.00
96.00 128.50
96.00 128.00
96.50 127.50
96.50 127.00
96.50 126.50
97.00 126.00
97.00 125.50
97.00 125.00
97.00 124.50
97.50 124.00
97.50 123.50
98.00 123.00
98.00 122.50
98.00 122.00
98.50 121.50
98.50 121.00
99.00 120.50
99.00 120.00
99.50 119.50
99.50 119.00
100.00 118.50
100.00 118.00
100.00 117.50
100.50 117.00
101.00 116.50
101.00 116.00
101.50 115.50
102.00 115.00
102.50 114.50
103.00 114.00
103.50 113.50
104.00 113.00
104.50 112.50
105.00 112.00
105.50 111.50
106.00 111.50
106.50 111.00
107.00 110.50
107.50 110.50
108.00 110.00
108.50 110.00
109.00 110.00
109.50 109.50
110.00 109.50
110.50 109.00
111.00 109.00
111.50 109.00
112.00 109.00
112.50 109.00
113.00 109.00
113.50 108.50
114.00 108.50
114.50 108.50
115.00 108.50
115.50 108.50
116.00 108.50
116.50 108.50
117.00 108.50
117.50 108.50
118.00 108.50
118.50 108.50
119.00 108.50
119.50 109.00
120.00 109.00
120.50 109.00
121.00 109.00
121.50 109.00
122.00 109.00
122.50 109.00
123.00 109.50
123.50 109.50
124.00 109.50
124.50 109.50
125.00 110.00
125.50 110.00
126.00 110.00
126.50 110.00
127.00 110.50
127.50 110.50
128.00 111.00
128.50 111.00
129.00 111.00
129.50 111.50
130.00 111.50
130.50 112.00
131.00 112.00
131.50 112.50
132.00 112.50
132.50 113.00
133.00 113.00
133.50 113.50
134.00 114.00
134.50 114.00
135.00 114.50
135.50 115.00
136.00 115.00
136.50 115.50
137.00 115.50
137.50 116.00
138.00 116.50
138.50 117.00
139.00 117.50
139.50 118.00
140.00 118.50
140.00 119.00
140.50 119.50
141.00 120.00
141.50 120.50
142.00 121.00
142.50 121.50
143.00 122.00
143.00 122.50
143.50 123.00
144.00 123.50
144.00 124.00
144.00 124.50
144.50 125.00
145.00 125.50
145.00 126.00
145.00 126.50
145.50 127.00
145.50 127.50
145.50 128.00
146.00 128.50
146.00 129.00
146.00 129.50
146.50 130.00
146.50 130.50
146.50 131.00
146.50 131.50
147.00 132.00
147.00 132.50
147.00 133.00
147.00 133.50
147.00 134.00
147.00 134.50
147.00 135.00
147.00 135.50
147.00 136.00
147.00 136.50
147.00 137.00
147.00 137.50
147.00 138.00
147.00 138.50
147.00 139.00
147.00 139.50
147.00 140.00
147.00 140.50
147.00 141.00
146.50 141.50
146.50 142.00
146.50 142.50
146.50 143.00
146.00 143.50
146.00 144.00
146.00 144.50
145.50 145.00
145.50 145.50
145.00 146.00
145.00 146.50
144.50 147.00
144.50 147.50
144.50 148.00
144.00 148.50
144.00 149.00
143.50 149.50
143.00 150.00
142.50 150.50
142.00 151.00
141.50 151.50
141.50 152.00
141.00 152.50
140.50 153.00
140.00 153.50
139.50 154.00
139.00 154.50
138.50 155.00
138.00 155.50
137.50 156.00
137.00 156.00
136.50 156.50
136.00 157.00
135.50 157.00
135.00 157.50
134.50 157.50
134.00 158.00
133.50 158.00
133.00 158.50
132.50 159.00
132.00 159.00
131.50 159.00
131.00 159.50
130.50 159.50
130.00 160.00
129.50 160.00
129.00 160.00
128.50 160.00
128.00 160.50
127.50 160.50
127.00 160.50
126.50 161.00
126.00 161.00
125.50 161.00
125.00 161.00
124.50 161.00
124.00 161.00
123.50 161.00
123.00 161.50
122.50 161.50
122.00 161.50
121.50 161.50
121.00 161.50
120.50 161.50
120.00 161.50
119.50 161.50
119.00 161.50
