150.50 137.00
150.50 137.50
150.50 138.00
150.50 138.50
150.00 139.00
150.00 139.50
150.00 140.00
150.00 140.50
149.50 141.00
149.50 141.50
149.50 142.00
149.00 142.50
149.00 143.00
148.50 143.50
148.50 144.00
148.00 144.50
148.00 145.00
147.50 145.50
147.00 146.00
146.50 146.50
146.50 147.00
146.00 147.50
145.50 148.00
145.00 148.50
144.50 149.00
144.00 149.00
143.50 149.50
143.00 150.00
142.50 150.50
142.00 151.00
141.50 151.00
141.00 151.50
140.50 151.50
140.00 152.00
139.50 152.00
139.00 152.50
138.50 152.50
138.00 152.50
137.50 153.00
137.00 153.00
136.50 153.00
136.00 153.00
135.50 153.50
135.00 153.50
134.50 153.50
134.00 153.50
133.50 153.50
133.00 153.50
132.50 153.50
132.00 153.50
131.50 153.50
131.00 153.50
130.50 153.50
130.00 153.50
129.50 153.50
129.00 153.50
128.50 153.50
128.00 153.50
127.50 153.50
127.00 153.50
126.50 153.50
126.00 153.50
125.50 153.50
125.00 153.00
124.50 153.00
124.00 153.00
123.50 153.00
123.00 153.00
122.50 153.00
122.00 152.50
121.50 152.50
121.00 152.50
120.50 152.00
120.00 152.00
119.50 152.00
119.00 152.00
118.50 151.50
118.00 151.50
117.50 151.00
117.00 151.00
116.50 151.00
116.00 151.00
115.50 150.50
115.00 150.50
114.50 150.00
114.00 150.00
113.50 149.50
113.00 149.00
112.50 149.00
112.00 149.00
111.50 148.50
111.00 148.50
110.50 148.00
110.00 147.50
109.50 147.50
109.00 147.00
108.50 146.50
108.50 146.00
108.00 145.50
107.50 145.50
107.00 145.00
106.50 144.50
106.00 144.00
105.50 143.50
105.00 143.00
105.00 142.50
104.50 142.00
104.00 141.50
103.50 141.00
103.50 140.50
103.00 140.00
102.50 139.50
102.50 139.00
102.50 138.50
102.00 138.00
102.00 137.50
101.50 137.00
101.50 136.50
101.00 136.00
101.00 135.50
101.00 135.00
100.50 134.50
100.50 134.00
100.50 133.50
100.50 133.00
100.00 132.50
100.00 132.00
100.00 131.50
100.00 131.00
99.50 130.50
99.50 130.00
99.50 129.50
99.50 129.00
99.50 128.50
99.50 128.00
99.50 127.50
99.50 127.00
99.50 126.50
99.50 126.00
99.50 125.50
99.50 125.00
99.50 124.50
99.50 124.00
99.50 123.50
99.50 123.00
99.50 122.50
100.00 122.00
100.00 121.50
100.00 121.00
100.00 120.50
100.50 120.00
100.50 119.50
100.50 119.00
100.50 118.50
101.00 118.00
101.00 117.50
101.00 117.00
101.50 116.50
101.50 116.00
102.00 115.50
102.00 115.00
102.50 114.50
102.50 114.00
103.00 113.50
103.50 113.00
104.00 112.50
104.50 112.00
104.50 111.50
105.00 111.00
105.50 110.50
106.00 110.00
106.50 110.00
107.00 109.50
107.50 109.50
108.00 109.00
108.50 108.50
109.00 108.50
109.50 108.50
110.00 108.00
110.50 108.00
111.00 108.00
111.50 108.00
112.00 108.00
112.50 107.50
113.00 107.50
113.50 107.50
114.00 107.50
114.50 107.50
115.00 107.50
115.50 107.50
116.00 107.50
116.50 107.50
117.00 107.50
117.50 107.50
118.00 107.50
118.50 108.00
119.00 108.00
119.50 108.00
120.00 108.00
120.50 108.00
121.00 108.00
121.50 108.50
122.00 108.50
122.50 108.50
123.00 108.50
123.50 108.50
124.00 109.00
124.50 109.00
125.00 109.00
125.50 109.50
126.00 109.50
126.50 109.50
127.00 110.00
127.50 110.00
128.00 110.00
128.50 110.50
129.00 110.50
129.50 111.00
130.00 111.00
130.50 111.00
131.00 111.50
131.50 111.50
132.00 112.00
132.50 112.00
133.00 112.50
133.50 113.00
134.00 113.00
134.50 113.50
135.00 113.50
135.50 114.00
136.00 114.50
136.50 115.00
137.00 115.00
137.50 115.50
138.00 116.00
138.50 116.50
139.00 117.00
139.50 117.50
140.00 117.50
140.50 118.00
141.00 118.50
141.50 119.00
142.00 119.50
142.50 120.00
143.00 120.50
143.50 121.00
144.00 121.50
144.50 122.00
145.00 122.50
145.50 123.00
145.50 123.50
146.00 124.00
146.50 124.50
146.50 125.00
147.00 125.50
147.50 126.00
147.50 126.50
148.00 127.00
148.00 127.50
148.50 128.00
148.50 128.50
149.00 129.00
149.00 129.50
149.50 130.00
149.50 130.50
149.50 131.00
150.00 131.50
150.00 132.00
150.00 132.50
150.00 133.00
150.50 133.50
150.50 134.00
150.50 134.50
150.50 135.00
150.50 135.50
150.50 136.00
150.50 136.50
