126.50 161.00
126.00 161.00
125.50 161.00
125.00 161.00
124.50 161.00
124.00 161.00
123.50 161.00
123.00 161.00
122.50 161.00
122.00 161.00
121.50 161.00
121.00 161.00
120.50 161.00
120.00 161.00
119.50 161.00
119.00 161.00
118.50 161.00
118.00 161.00
117.50 160.50
117.00 160.50
116.50 160.50
116.00 160.50
115.50 160.50
115.00 160.00
114.50 160.00
114.00 160.00
113.50 159.50
113.00 159.50
112.50 159.00
112.00 159.00
111.50 158.50
111.00 158.50
110.50 158.00
110.00 158.00
109.50 157.50
109.00 157.00
108.50 157.00
108.00 156.50
107.50 156.00
107.00 155.50
106.50 155.00
106.00 154.50
105.50 154.00
105.00 153.50
104.50 153.00
104.00 152.50
104.00 152.00
103.50 151.50
103.00 151.00
102.50 150.50
102.50 150.00
102.00 149.50
102.00 149.00
101.50 148.50
101.00 148.00
101.00 147.50
101.00 147.00
100.50 146.50
100.00 146.00
100.00 145.50
100.00 145.00
99.50 144.50
99.50 144.00
99.50 143.50
99.00 143.00
99.00 142.50
99.00 142.00
98.50 141.50
98.50 141.00
98.50 140.50
98.50 140.00
98.00 139.50
98.00 139.00
98.00 138.50
98.00 138.00
98.00 137.50
97.50 137.00
97.50 136.50
97.50 136.00
97.50 135.50
97.50 135.00
97.50 134.50
97.50 134.00
97.50 133.50
97.50 133.00
97.50 132.50
97.50 132.00
97.50 131.50
97.50 131.00
97.50 130.50
97.50 130.00
97.50 129.50
98.00 129.00
98.00 128.50
98.00 128.00
98.00 127.50
98.00 127.00
98.50 126.50
98.50 126.00
98.50 125.50
98.50 125.00
99.00 124.50
99.00 124.00
99.00 123.50
99.00 123.00
99.50 122.50
99.50 122.00
100.00 121.50
100.00 121.00
100.00 120.50
100.50 120.00
101.00 119.50
101.00 119.00
101.50 118.50
101.50 118.00
102.00 117.50
102.00 117.00
102.50 116.50
103.00 116.00
103.00 115.50
103.50 115.00
104.00 114.50
104.50 114.00
104.50 113.50
105.00 113.00
105.50 112.50
106.00 112.00
106.50 111.50
107.00 111.00
107.50 110.50
108.00 110.00
108.50 110.00
109.00 109.50
109.50 109.00
110.00 109.00
110.50 108.50
111.00 108.00
111.50 108.00
112.00 107.50
112.50 107.50
113.00 107.00
113.50 107.00
114.00 107.00
114.50 106.50
115.00 106.50
115.50 106.50
116.00 106.00
116.50 106.00
117.00 106.00
117.50 106.00
118.00 106.00
118.50 106.00
119.00 105.50
119.50 105.50
120.00 105.50
120.50 105.50
121.00 105.50
121.50 105.50
122.00 105.50
122.50 105.50
123.00 105.50
123.50 105.50
124.00 105.50
124.50 106.00
125.00 106.00
125.50 106.00
126.00 106.00
126.50 106.00
127.00 106.50
127.50 106.50
128.00 106.50
128.50 106.50
129.00 106.50
129.50 107.00
130.00 107.00
130.50 107.50
131.00 107.50
131.50 107.50
132.00 108.00
132.50 108.00
133.00 108.00
133.50 108.50
134.00 109.00
134.50 109.00
135.00 109.00
135.50 109.50
136.00 110.00
136.50 110.00
137.00 110.50
137.50 110.50
138.00 111.00
138.50 111.50
139.00 111.50
139.50 112.00
140.00 112.50
140.50 113.00
141.00 113.50
141.50 114.00
142.00 114.50
142.50 115.00
143.00 115.50
143.50 116.00
144.00 116.50
144.50 117.00
144.50 117.50
145.00 118.00
145.50 118.50
146.00 119.00
146.50 119.50
146.50 120.00
147.00 120.50
147.00 121.00
147.50 121.50
147.50 122.00
148.00 122.50
148.00 123.00
148.00 123.50
148.00 124.00
148.50 124.50
148.50 125.00
149.00 125.50
149.00 126.00
149.00 126.50
149.00 127.00
149.00 127.50
149.50 128.00
149.50 128.50
149.50 129.00
149.50 129.50
149.50 130.00
149.50 130.50
149.50 131.00
149.50 131.50
149.50 132.00
149.50 132.50
149.50 133.00
149.50 133.50
149.50 134.00
149.50 134.50
149.50 135.00
149.50 135.50
149.50 136.00
149.50 136.50
149.50 137.00
149.50 137.50
149.50 138.00
149.50 138.50
149.00 139.00
149.00 139.50
149.00 140.00
149.00 140.50
149.00 141.00
148.50 141.50
148.50 142.00
148.50 142.50
148.50 143.00
148.00 143.50
148.00 144.00
148.00 144.50
148.00 145.00
147.50 145.50
147.50 146.00
147.50 146.50
147.00 147.00
147.00 147.50
146.50 148.00
146.50 148.50
146.00 149.00
146.00 149.50
145.50 150.00
145.50 150.50
145.00 151.00
145.00 151.50
144.50 152.00
144.50 152.50
144.00 153.00
143.50 153.50
143.50 154.00
143.00 154.50
142.50 155.00
142.00 155.50
141.50 156.00
141.00 156.50
140.50 157.00
140.00 157.00
139.50 157.50
139.00 158.00
138.50 158.00
138.00 158.50
137.50 158.50
137.00 159.00
136.50 159.00
136.00 159.50
135.50 159.50
135.00 159.50
134.50 160.00
134.00 160.00
133.50 160.00
133.00 160.00
132.50 160.50
132.00 160.50
131.50 160.50
131.00 160.50
130.50 160.50
130.00 160.50
129.50 160.50
129.00 161.00
128.50 161.00
128.00 161.00
127.50 161.00
127.00 161.00
