138.50 131.00
138.00 130.50
138.00 130.00
137.50 129.50
137.50 129.00
137.50 128.50
138.00 128.00
138.50 127.50
139.00 127.50
139.50 127.00
140.00 126.50
140.50 126.50
141.00 126.00
141.50 126.00
142.00 126.00
142.50 126.00
143.00 126.00
143.50 126.00
144.00 126.50
144.50 127.00
145.00 127.50
145.00 128.00
145.00 128.50
145.00 129.00
145.00 129.50
145.00 130.00
144.50 130.50
144.00 130.50
143.50 131.00
143.00 131.00
142.50 131.00
142.00 131.50
141.50 131.50
141.00 131.50
140.50 131.50
140.00 131.50
139.50 131.50
139.00 131.50
