95.00 153.50
95.00 153.00
94.50 152.50
94.00 152.00
94.00 151.50
94.00 151.00
93.50 150.50
93.50 150.00
93.00 149.50
93.00 149.00
92.50 148.50
92.50 148.00
92.50 147.50
92.00 147.00
92.00 146.50
92.00 146.00
92.00 145.50
91.50 145.00
91.50 144.50
91.50 144.00
91.50 143.50
91.50 143.00
91.50 142.50
91.50 142.00
91.00 141.50
91.00 141.00
91.00 140.50
91.00 140.00
91.00 139.50
91.00 139.00
91.00 138.50
91.00 138.00
91.00 137.50
91.00 137.00
91.00 136.50
91.00 136.00
91.00 135.50
91.00 135.00
91.00 134.50
91.00 134.00
91.00 133.50
91.50 133.00
91.50 132.50
91.50 132.00
91.50 131.50
91.50 131.00
91.50 130.50
91.50 130.00
91.50 129.50
92.00 129.00
92.00 128.50
92.00 128.00
92.00 127.50
92.00 127.00
92.00 126.50
92.50 126.00
92.50 125.50
92.50 125.00
92.50 124.50
92.50 124.00
93.00 123.50
93.00 123.00
93.00 122.50
93.00 122.00
93.50 121.50
93.50 121.00
93.50 120.50
94.00 120.00
94.00 119.50
94.00 119.00
94.50 118.50
94.50 118.00
94.50 117.50
95.00 117.00
95.00 116.50
95.50 116.00
95.50 115.50
96.00 115.00
96.00 114.50
96.50 114.00
96.50 113.50
97.00 113.00
97.00 112.50
97.50 112.00
98.00 111.50
98.00 111.00
98.50 110.50
99.00 110.00
99.00 109.50
99.50 109.00
100.00 108.50
100.50 108.00
101.00 107.50
101.50 107.00
102.00 106.50
102.50 106.00
103.00 105.50
103.50 105.00
104.00 104.50
104.50 104.50
105.00 104.00
105.50 103.50
106.00 103.50
106.50 103.50
107.00 103.00
107.50 102.50
108.00 102.50
108.50 102.00
109.00 102.00
109.50 101.50
110.00 101.50
110.50 101.00
111.00 101.00
111.50 101.00
112.00 100.50
112.50 100.50
113.00 100.50
113.50 100.50
114.00 100.00
114.50 100.00
115.00 100.00
115.50 100.00
116.00 99.50
116.50 99.50
117.00 99.50
117.50 99.50
118.00 99.50
118.50 99.00
119.00 99.00
119.50 99.00
120.00 99.00
120.50 99.00
121.00 99.00
121.50 99.00
122.00 99.00
122.50 99.00
123.00 99.00
123.50 99.00
124.00 99.00
124.50 99.00
125.00 99.00
125.50 99.00
126.00 99.00
126.50 99.50
127.00 99.50
127.50 99.50
128.00 99.50
128.50 99.50
129.00 99.50
129.50 99.50
130.00 100.00
130.50 100.00
131.00 100.00
131.50 100.00
132.00 100.50
132.50 100.50
133.00 100.50
133.50 101.00
134.00 101.00
134.50 101.00
135.00 101.50
135.50 101.50
136.00 102.00
136.50 102.00
137.00 102.00
137.50 102.50
138.00 102.50
138.50 103.00
139.00 103.00
139.50 103.50
140.00 104.00
140.50 104.00
141.00 104.50
141.50 105.00
142.00 105.00
142.50 105.50
143.00 106.00
143.50 106.00
144.00 106.50
144.50 107.00
145.00 107.00
145.50 107.50
146.00 108.00
146.50 108.50
147.00 109.00
147.50 109.50
148.00 110.00
148.50 110.50
149.00 111.00
149.50 111.50
150.00 112.00
150.50 112.50
151.00 113.00
151.00 113.50
151.50 114.00
152.00 114.50
152.00 115.00
152.50 115.50
153.00 116.00
153.00 116.50
153.50 117.00
154.00 117.50
154.00 118.00
154.00 118.50
154.50 119.00
154.50 119.50
155.00 120.00
155.00 120.50
155.50 121.00
155.50 121.50
156.00 122.00
156.00 122.50
156.50 123.00
156.50 123.50
156.50 124.00
156.50 124.50
157.00 125.00
157.00 125.50
157.50 126.00
157.50 126.50
157.50 127.00
157.50 127.50
157.50 128.00
158.00 128.50
158.00 129.00
158.00 129.50
158.00 130.00
158.50 130.50
158.50 131.00
158.50 131.50
158.50 132.00
158.50 132.50
158.50 133.00
158.50 133.50
159.00 134.00
159.00 134.50
159.00 135.00
159.00 135.50
159.00 136.00
159.00 136.50
159.00 137.00
159.00 137.50
159.00 138.00
159.00 138.50
159.00 139.00
159.00 139.50
159.00 140.00
159.00 140.50
159.00 141.00
159.00 141.50
159.00 142.00
159.00 142.50
159.00 143.00
158.50 143.50
158.50 144.00
158.50 144.50
158.50 145.00
158.50 145.50
158.50 146.00
158.50 146.50
158.00 147.00
158.00 147.50
158.00 148.00
158.00 148.50
157.50 149.00
157.50 149.50
157.50 150.00
157.00 150.50
157.00 151.00
156.50 151.50
156.50 152.00
156.00 152.50
156.00 153.00
156.00 153.50
155.50 154.00
155.50 154.50
155.00 155.00
154.50 155.50
154.50 156.00
154.00 156.50
153.50 157.00
153.00 157.50
152.50 158.00
152.00 158.50
151.50 159.00
151.00 159.50
150.50 160.00
150.00 160.50
149.50 160.50
149.00 161.00
148.50 161.00
148.00 161.50
147.50 162.00
147.00 162.00
146.50 162.50
146.00 162.50
145.50 163.00
145.00 163.00
144.50 163.50
144.00 163.50
143.50 164.00
143.00 164.00
142.50 164.00
142.00 164.50
141.50 164.50
141.00 164.50
140.50 165.00
140.00 165.00
139.50 165.00
139.00 165.00
138.50 165.50
138.00 165.50
137.50 165.50
137.00 165.50
136.50 166.00
136.00 166.00
135.50 166.00
135.00 166.00
134.50 166.00
134.00 166.00
133.50 166.50
133.00 166.50
132.50 166.50
132.00 166.50
131.50 166.50
131.00 166.50
130.50 166.50
130.00 166.50
129.50 167.00
129.00 167.00
128.50 167.00
128.00 167.00
127.50 167.00
127.00 167.00
126.50 167.00
126.00 167.00
125.50 167.00
125.00 167.00
124.50 167.00
124.00 167.00
123.50 167.00
123.00 167.00
122.50 167.00
122.00 167.00
121.50 166.50
121.00 166.50
120.50 166.50
120.00 166.50
119.50 166.50
119.00 166.50
118.50 166.50
118.00 166.50
117.50 166.00
117.00 166.00
116.50 166.00
116.00 166.00
115.50 166.00
115.00 165.50
114.50 165.50
114.00 165.50
113.50 165.50
113.00 165.00
112.50 165.00
112.00 165.00
111.50 164.50
111.00 164.50
110.50 164.50
110.00 164.00
109.50 164.00
109.00 164.00
108.50 163.50
108.00 163.50
107.50 163.00
107.00 163.00
106.50 162.50
106.00 162.50
105.50 162.00
105.00 162.00
104.50 161.50
104.00 161.50
103.50 161.00
103.00 160.50
102.50 160.50
102.00 160.00
101.50 159.50
101.00 159.50
100.50 159.00
100.00 158.50
99.50 158.00
99.00 158.00
98.50 157.50
98.00 157.00
97.50 156.50
97.00 156.00
96.50 155.50
96.00 155.00
96.00 154.50
95.50 154.00
