140.00 164.00
139.50 164.00
139.00 164.00
138.50 164.50
138.00 164.50
137.50 165.00
137.00 165.00
136.50 165.00
136.00 165.00
135.50 165.50
135.00 165.50
134.50 165.50
134.00 165.50
133.50 166.00
133.00 166.00
132.50 166.00
132.00 166.00
131.50 166.00
131.00 166.00
130.50 166.00
130.00 166.00
129.50 166.00
129.00 166.00
128.50 166.00
128.00 166.50
127.50 166.50
127.00 166.50
126.50 166.50
126.00 166.00
125.50 166.00
125.00 166.00
124.50 166.00
124.00 166.00
123.50 166.00
123.00 166.00
122.50 166.00
122.00 166.00
121.50 166.00
121.00 166.00
120.50 166.00
120.00 166.00
119.50 165.50
119.00 165.50
118.50 165.50
118.00 165.50
117.50 165.50
117.00 165.50
116.50 165.50
116.00 165.00
115.50 165.00
115.00 165.00
114.50 165.00
114.00 164.50
113.50 164.50
113.00 164.50
112.50 164.50
112.00 164.00
111.50 164.00
111.00 163.50
110.50 163.50
110.00 163.50
109.50 163.00
109.00 163.00
108.50 163.00
108.00 162.50
107.50 162.50
107.00 162.00
106.50 161.50
106.00 161.00
105.50 160.50
105.00 160.50
104.50 160.00
104.00 159.50
103.50 159.00
103.00 158.50
102.50 158.00
102.00 157.50
102.00 157.00
101.50 156.50
101.00 156.00
101.00 155.50
100.50 155.00
100.50 154.50
100.00 154.00
100.00 153.50
99.50 153.00
99.50 152.50
99.00 152.00
99.00 151.50
98.50 151.00
98.50 150.50
98.50 150.00
98.00 149.50
98.00 149.00
98.00 148.50
98.00 148.00
97.50 147.50
97.50 147.00
97.50 146.50
97.50 146.00
97.50 145.50
97.00 145.00
97.00 144.50
97.00 144.00
97.00 143.50
97.00 143.00
97.00 142.50
97.00 142.00
97.00 141.50
97.00 141.00
97.00 140.50
97.00 140.00
97.00 139.50
97.00 139.00
97.00 138.50
97.00 138.00
97.00 137.50
97.00 137.00
97.00 136.50
97.00 136.00
97.00 135.50
97.50 135.00
97.50 134.50
97.50 134.00
97.50 133.50
97.50 133.00
98.00 132.50
98.00 132.00
98.00 131.50
98.50 131.00
98.50 130.50
98.50 130.00
98.50 129.50
99.00 129.00
99.00 128.50
99.50 128.00
99.50 127.50
100.00 127.00
100.00 126.50
100.50 126.00
100.50 125.50
101.00 125.00
101.00 124.50
101.50 124.00
101.50 123.50
102.00 123.00
102.50 122.50
103.00 122.00
103.50 121.50
103.50 121.00
104.00 120.50
104.50 120.00
105.00 119.50
105.50 119.50
106.00 119.00
106.50 118.50
106.50 118.00
107.00 117.50
107.50 117.00
108.00 117.00
108.50 116.50
109.00 116.00
109.50 116.00
110.00 116.00
110.50 115.50
111.00 115.00
111.50 115.00
112.00 114.50
112.50 114.50
113.00 114.00
113.50 113.50
114.00 113.50
114.50 113.50
115.00 113.00
115.50 113.00
116.00 113.00
116.50 112.50
117.00 112.50
117.50 112.50
118.00 112.50
118.50 112.00
119.00 112.00
119.50 112.00
120.00 112.00
120.50 111.50
121.00 111.50
121.50 111.50
122.00 111.50
122.50 111.50
123.00 111.50
123.50 111.50
124.00 111.50
124.50 111.50
125.00 111.50
125.50 111.50
126.00 111.50
126.50 111.50
127.00 111.50
127.50 111.50
128.00 111.50
128.50 111.50
129.00 112.00
129.50 112.00
130.00 112.00
130.50 112.00
131.00 112.00
131.50 112.00
132.00 112.50
132.50 112.50
133.00 112.50
133.50 113.00
134.00 113.00
134.50 113.00
135.00 113.50
135.50 113.50
136.00 113.50
136.50 114.00
137.00 114.00
137.50 114.50
138.00 114.50
138.50 115.00
139.00 115.00
139.50 115.50
140.00 115.50
140.50 116.00
141.00 116.50
141.50 116.50
142.00 117.00
142.50 117.50
143.00 118.00
143.50 118.50
144.00 118.50
144.50 119.00
144.50 119.50
145.00 120.00
145.50 120.50
146.00 121.00
146.50 121.50
147.00 122.00
147.50 122.50
148.00 123.00
148.00 123.50
148.50 124.00
149.00 124.50
149.00 125.00
149.50 125.50
149.50 126.00
150.00 126.50
150.00 127.00
150.00 127.50
150.50 128.00
150.50 128.50
151.00 129.00
151.00 129.50
151.50 130.00
151.50 130.50
152.00 131.00
152.00 131.50
152.00 132.00
152.00 132.50
152.50 133.00
152.50 133.50
152.50 134.00
153.00 134.50
153.00 135.00
153.00 135.50
153.00 136.00
153.00 136.50
153.50 137.00
153.50 137.50
153.50 138.00
153.50 138.50
153.50 139.00
153.50 139.50
153.50 140.00
153.50 140.50
153.50 141.00
153.50 141.50
153.50 142.00
153.50 142.50
153.50 143.00
153.50 143.50
153.50 144.00
153.50 144.50
153.50 145.00
153.50 145.50
153.00 146.00
153.00 146.50
153.00 147.00
153.00 147.50
153.00 148.00
152.50 148.50
152.50 149.00
152.50 149.50
152.00 150.00
152.00 150.50
152.00 151.00
151.50 151.50
151.50 152.00
151.00 152.50
151.00 153.00
150.50 153.50
150.50 154.00
150.00 154.50
149.50 155.00
149.50 155.50
149.00 156.00
149.00 156.50
148.50 157.00
148.00 157.50
147.50 158.00
147.00 158.50
146.50 159.00
146.00 159.50
145.50 160.00
145.00 160.50
144.50 161.00
144.00 161.00
143.50 161.50
143.00 162.00
142.50 162.50
142.00 162.50
141.50 163.00
141.00 163.00
140.50 163.50
