140.00 144.00
140.00 144.50
140.00 145.00
140.00 145.50
140.00 146.00
140.00 146.50
139.50 147.00
139.50 147.50
139.50 148.00
139.50 148.50
139.50 149.00
139.50 149.50
139.00 150.00
139.00 150.50
139.00 151.00
138.50 151.50
138.50 152.00
138.50 152.50
138.00 153.00
138.00 153.50
137.50 154.00
137.50 154.50
137.50 155.00
137.00 155.50
137.00 156.00
136.50 156.50
136.00 157.00
136.00 157.50
135.50 158.00
135.00 158.50
134.50 159.00
134.00 159.50
134.00 160.00
133.50 160.50
133.00 160.50
132.50 161.00
132.00 161.50
131.50 162.00
131.00 162.00
130.50 162.50
130.00 163.00
129.50 163.00
129.00 163.50
128.50 163.50
128.00 163.50
127.50 164.00
127.00 164.00
126.50 164.00
126.00 164.50
125.50 164.50
125.00 164.50
124.50 164.50
124.00 165.00
123.50 165.00
123.00 165.00
122.50 165.00
122.00 165.00
121.50 165.00
121.00 165.00
120.50 165.00
120.00 165.00
119.50 165.00
119.00 165.00
118.50 165.00
118.00 165.00
117.50 165.00
117.00 165.00
116.50 165.00
116.00 165.00
115.50 165.00
115.00 165.00
114.50 165.00
114.00 164.50
113.50 164.50
113.00 164.50
112.50 164.50
112.00 164.50
111.50 164.50
111.00 164.00
110.50 164.00
110.00 164.00
109.50 164.00
109.00 163.50
108.50 163.50
108.00 163.50
107.50 163.00
107.00 163.00
106.50 162.50
106.00 162.50
105.50 162.50
105.00 162.00
104.50 162.00
104.00 161.50
103.50 161.50
103.00 161.00
102.50 161.00
102.00 160.50
101.50 160.00
101.00 160.00
100.50 159.50
100.00 159.50
99.50 159.00
99.00 158.50
98.50 158.50
98.00 158.00
98.00 157.50
97.50 157.00
97.00 157.00
96.50 156.50
96.00 156.00
95.50 155.50
95.00 155.00
94.50 154.50
94.00 154.00
93.50 153.50
93.00 153.00
92.50 152.50
92.00 152.00
92.00 151.50
91.50 151.00
91.50 150.50
91.00 150.00
90.50 149.50
90.50 149.00
90.00 148.50
89.50 148.00
89.50 147.50
89.00 147.00
89.00 146.50
88.50 146.00
88.50 145.50
88.50 145.00
88.00 144.50
88.00 144.00
88.00 143.50
87.50 143.00
87.50 142.50
87.50 142.00
87.00 141.50
87.00 141.00
87.00 140.50
87.00 140.00
87.00 139.50
87.00 139.00
87.00 138.50
86.50 138.00
86.50 137.50
86.50 137.00
86.50 136.50
86.50 136.00
86.50 135.50
86.50 135.00
86.50 134.50
86.50 134.00
87.00 133.50
87.00 133.00
87.00 132.50
87.00 132.00
87.00 131.50
87.00 131.00
87.00 130.50
87.50 130.00
87.50 129.50
87.50 129.00
87.50 128.50
88.00 128.00
88.00 127.50
88.00 127.00
88.50 126.50
88.50 126.00
88.50 125.50
89.00 125.00
89.00 124.50
89.50 124.00
89.50 123.50
90.00 123.00
90.00 122.50
90.50 122.00
91.00 121.50
91.00 121.00
91.50 120.50
91.50 120.00
92.00 119.50
92.50 119.00
92.50 118.50
93.00 118.00
93.50 117.50
94.00 117.00
94.50 116.50
95.00 116.00
95.50 115.50
96.00 115.00
96.50 114.50
97.00 114.00
97.50 114.00
98.00 113.50
98.50 113.00
99.00 113.00
99.50 112.50
100.00 112.50
100.50 112.50
101.00 112.00
101.50 112.00
102.00 111.50
102.50 111.50
103.00 111.50
103.50 111.50
104.00 111.50
104.50 111.00
105.00 111.00
105.50 111.00
106.00 111.00
106.50 111.00
107.00 111.00
107.50 111.00
108.00 111.00
108.50 111.00
109.00 111.00
109.50 111.00
110.00 111.00
110.50 111.00
111.00 111.00
111.50 111.00
112.00 111.00
112.50 111.50
113.00 111.50
113.50 111.50
114.00 111.50
114.50 111.50
115.00 112.00
115.50 112.00
116.00 112.00
116.50 112.50
117.00 112.50
117.50 112.50
118.00 113.00
118.50 113.00
119.00 113.00
119.50 113.50
120.00 113.50
120.50 114.00
121.00 114.00
121.50 114.50
122.00 114.50
122.50 115.00
123.00 115.50
123.50 115.50
124.00 116.00
124.50 116.00
125.00 116.50
125.50 117.00
126.00 117.00
126.50 117.50
127.00 118.00
127.50 118.50
128.00 118.50
128.50 119.00
128.50 119.50
129.00 120.00
129.50 120.00
130.00 120.50
130.50 121.00
131.00 121.50
131.50 122.00
132.00 122.50
132.50 123.00
132.50 123.50
133.00 124.00
133.50 124.50
134.00 125.00
134.00 125.50
134.50 126.00
135.00 126.50
135.00 127.00
135.50 127.50
135.50 128.00
136.00 128.50
136.00 129.00
136.50 129.50
137.00 130.00
137.00 130.50
137.50 131.00
137.50 131.50
137.50 132.00
138.00 132.50
138.00 133.00
138.50 133.50
138.50 134.00
138.50 134.50
139.00 135.00
139.00 135.50
139.00 136.00
139.00 136.50
139.50 137.00
139.50 137.50
139.50 138.00
139.50 138.50
139.50 139.00
140.00 139.50
140.00 140.00
140.00 140.50
140.00 141.00
140.00 141.50
140.00 142.00
140.00 142.50
140.00 143.00
140.00 143.50
