139.50 128.00
139.00 127.50
139.50 127.00
139.50 126.50
139.50 126.00
139.50 125.50
140.00 125.00
140.00 124.50
140.50 124.00
141.00 123.50
141.50 123.00
142.00 122.50
142.50 122.00
143.00 122.00
143.50 121.50
144.00 121.50
144.50 121.50
145.00 121.50
145.50 121.50
146.00 121.50
146.50 122.00
147.00 122.00
147.50 122.00
148.00 122.50
148.50 123.00
149.00 123.50
149.50 124.00
149.50 124.50
150.00 125.00
150.50 125.50
150.50 126.00
150.50 126.50
151.00 127.00
151.50 127.50
151.50 128.00
151.50 128.50
151.00 129.00
150.50 129.00
150.00 129.00
149.50 128.50
149.00 128.50
148.50 128.50
148.00 129.00
148.00 129.50
148.50 130.00
148.50 130.50
149.00 131.00
149.00 131.50
149.00 132.00
149.50 132.50
149.50 133.00
149.50 133.50
149.00 134.00
148.50 134.00
148.00 134.00
147.50 133.50
147.00 133.00
146.50 133.00
146.00 132.50
145.50 132.00
145.00 131.50
144.50 131.50
144.00 131.00
143.50 130.50
143.00 130.50
142.50 130.00
142.00 130.00
141.50 129.50
141.00 129.50
140.50 129.50
140.00 129.00
139.50 128.50
