123.50 158.00
123.00 158.50
122.50 158.50
122.00 159.00
121.50 159.00
121.00 159.00
120.50 159.00
120.00 159.00
119.50 159.50
119.00 159.50
118.50 159.50
118.00 159.50
117.50 159.50
117.00 159.50
116.50 159.50
116.00 159.50
115.50 160.00
115.00 160.00
114.50 160.00
114.00 159.50
113.50 159.50
113.00 159.50
112.50 159.50
112.00 159.50
111.50 159.50
111.00 159.50
110.50 159.50
110.00 159.00
109.50 159.00
109.00 159.00
108.50 159.00
108.00 158.50
107.50 158.50
107.00 158.50
106.50 158.00
106.00 158.00
105.50 158.00
105.00 157.50
104.50 157.50
104.00 157.00
103.50 157.00
103.00 156.50
102.50 156.50
102.00 156.00
101.50 155.50
101.00 155.50
100.50 155.00
100.00 154.50
99.50 154.50
99.00 154.00
98.50 153.50
98.00 153.00
97.50 152.50
97.00 152.00
96.50 151.50
96.00 151.00
95.50 150.50
95.00 150.00
95.00 149.50
94.50 149.00
94.00 148.50
94.00 148.00
93.50 147.50
93.00 147.00
93.00 146.50
92.50 146.00
92.50 145.50
92.00 145.00
92.00 144.50
92.00 144.00
92.00 143.50
91.50 143.00
91.50 142.50
91.50 142.00
91.00 141.50
91.00 141.00
91.00 140.50
91.00 140.00
91.00 139.50
91.00 139.00
91.00 138.50
90.50 138.00
90.50 137.50
90.50 137.00
90.50 136.50
90.50 136.00
90.50 135.50
90.50 135.00
91.00 134.50
91.00 134.00
91.00 133.50
91.00 133.00
91.00 132.50
91.00 132.00
91.00 131.50
91.50 131.00
91.50 130.50
91.50 130.00
91.50 129.50
92.00 129.00
92.00 128.50
92.00 128.00
92.50 127.50
92.50 127.00
92.50 126.50
93.00 126.00
93.00 125.50
93.50 125.00
93.50 124.50
94.00 124.00
94.00 123.50
94.50 123.00
94.50 122.50
95.00 122.00
95.50 121.50
96.00 121.00
96.00 120.50
96.50 120.00
97.00 119.50
97.50 119.00
98.00 118.50
98.50 118.00
99.00 117.50
99.50 117.00
100.00 116.50
100.50 116.50
101.00 116.00
101.50 116.00
102.00 115.50
102.50 115.00
103.00 115.00
103.50 115.00
104.00 114.50
104.50 114.50
105.00 114.50
105.50 114.50
106.00 114.00
106.50 114.00
107.00 114.00
107.50 114.00
108.00 114.00
108.50 114.00
109.00 114.50
109.50 114.50
110.00 114.50
110.50 114.50
111.00 114.50
111.50 115.00
112.00 115.00
112.50 115.00
113.00 115.00
113.50 115.50
114.00 115.50
114.50 116.00
115.00 116.00
115.50 116.50
116.00 116.50
116.50 117.00
117.00 117.00
117.50 117.50
118.00 117.50
118.50 118.00
119.00 118.50
119.50 118.50
120.00 119.00
120.50 119.00
121.00 119.50
121.50 120.00
122.00 120.00
122.50 120.50
123.00 121.00
123.50 121.50
124.00 122.00
124.50 122.50
125.00 123.00
125.50 123.00
126.00 123.50
126.50 124.00
127.00 124.50
127.50 125.00
128.00 125.50
128.00 126.00
128.50 126.50
129.00 127.00
129.50 127.50
130.00 128.00
130.50 128.50
130.50 129.00
131.00 129.50
131.50 130.00
131.50 130.50
132.00 131.00
132.00 131.50
132.00 132.00
132.50 132.50
133.00 133.00
133.00 133.50
133.00 134.00
133.50 134.50
133.50 135.00
133.50 135.50
134.00 136.00
134.00 136.50
134.00 137.00
134.00 137.50
134.50 138.00
134.50 138.50
134.50 139.00
134.50 139.50
134.50 140.00
134.50 140.50
134.50 141.00
135.00 141.50
135.00 142.00
135.00 142.50
135.00 143.00
135.00 143.50
134.50 144.00
134.50 144.50
134.50 145.00
134.50 145.50
134.50 146.00
134.50 146.50
134.00 147.00
134.00 147.50
134.00 148.00
133.50 148.50
133.50 149.00
133.00 149.50
133.00 150.00
133.00 150.50
132.50 151.00
132.00 151.50
132.00 152.00
131.50 152.50
131.00 153.00
130.50 153.50
130.00 154.00
129.50 154.50
129.00 155.00
128.50 155.50
128.00 155.50
127.50 156.00
127.00 156.50
126.50 157.00
126.00 157.00
125.50 157.50
125.00 157.50
124.50 158.00
124.00 158.00
