140.00 168.00
139.50 168.00
139.00 168.00
138.50 168.00
138.00 168.00
137.50 168.00
137.00 168.00
136.50 168.00
136.00 168.00
135.50 168.00
135.00 168.00
134.50 168.00
134.00 168.00
133.50 168.00
133.00 168.00
132.50 168.00
132.00 168.00
131.50 168.00
131.00 168.00
130.50 168.00
130.00 168.00
129.50 168.00
129.00 167.50
128.50 167.50
128.00 167.50
127.50 167.00
127.00 167.00
126.50 167.00
126.00 167.00
125.50 166.50
125.00 166.50
124.50 166.50
124.00 166.00
123.50 166.00
123.00 166.00
122.50 165.50
122.00 165.50
121.50 165.50
121.00 165.00
120.50 165.00
120.00 164.50
119.50 164.50
119.00 164.00
118.50 164.00
118.00 164.00
117.50 163.50
117.00 163.50
116.50 163.00
116.00 163.00
115.50 163.00
115.00 162.50
114.50 162.00
114.00 161.50
113.50 161.00
113.00 160.50
112.50 160.00
112.00 160.00
111.50 159.50
111.00 159.00
110.50 158.50
110.00 158.00
109.50 157.50
109.00 157.00
108.50 157.00
108.00 156.50
107.50 156.00
107.50 155.50
107.00 155.00
106.50 154.50
106.00 154.00
105.50 153.50
105.00 153.00
105.00 152.50
104.50 152.00
104.00 151.50
104.00 151.00
103.50 150.50
103.00 150.00
102.50 149.50
102.50 149.00
102.00 148.50
102.00 148.00
102.00 147.50
101.50 147.00
101.00 146.50
101.00 146.00
100.50 145.50
100.00 145.00
100.00 144.50
100.00 144.00
100.00 143.50
100.00 143.00
100.00 142.50
100.00 142.00
100.00 141.50
100.50 141.00
100.50 140.50
100.50 140.00
100.50 139.50
100.50 139.00
100.50 138.50
100.50 138.00
100.50 137.50
100.50 137.00
100.50 136.50
101.00 136.00
101.00 135.50
101.00 135.00
101.00 134.50
101.50 134.00
101.50 133.50
101.50 133.00
101.50 132.50
102.00 132.00
102.00 131.50
102.00 131.00
102.50 130.50
102.50 130.00
102.50 129.50
103.00 129.00
103.50 128.50
103.50 128.00
103.50 127.50
104.00 127.00
104.00 126.50
104.50 126.00
105.00 125.50
105.00 125.00
105.50 124.50
105.50 124.00
106.00 123.50
106.50 123.00
106.50 122.50
107.00 122.00
107.50 121.50
107.50 121.00
108.00 120.50
108.50 120.00
109.00 119.50
109.50 119.00
110.00 118.50
110.50 118.00
111.00 117.50
111.50 117.00
112.00 116.50
112.50 116.00
113.00 115.50
113.50 115.50
114.00 115.50
114.50 115.00
115.00 114.50
115.50 114.00
116.00 114.00
116.50 113.50
117.00 113.50
117.50 113.50
118.00 113.00
118.50 113.00
119.00 112.50
119.50 112.50
120.00 112.50
120.50 112.00
121.00 112.00
121.50 112.00
122.00 112.00
122.50 111.50
123.00 111.50
123.50 111.50
124.00 111.50
124.50 111.50
125.00 111.50
125.50 111.50
126.00 111.50
126.50 111.00
127.00 111.00
127.50 111.00
128.00 111.00
128.50 111.00
129.00 111.00
129.50 111.50
130.00 111.50
130.50 111.50
131.00 111.50
131.50 111.50
132.00 111.50
132.50 111.50
133.00 111.50
133.50 111.50
134.00 112.00
134.50 112.00
135.00 112.00
135.50 112.00
136.00 112.50
136.50 112.50
137.00 112.50
137.50 112.50
138.00 113.00
138.50 113.00
139.00 113.00
139.50 113.50
140.00 113.50
140.50 113.50
141.00 114.00
141.50 114.00
142.00 114.00
142.50 114.50
143.00 114.50
143.50 115.00
144.00 115.00
144.50 115.50
145.00 115.50
145.50 116.00
146.00 116.00
146.50 116.50
147.00 116.50
147.50 117.00
148.00 117.50
148.50 117.50
149.00 118.00
149.50 118.50
150.00 118.50
150.50 119.00
151.00 119.00
151.50 119.50
152.00 120.00
152.50 120.00
153.00 120.50
153.50 121.00
153.50 121.50
154.00 122.00
154.50 122.00
155.00 122.50
155.50 123.00
156.00 123.50
156.50 124.00
157.00 124.50
157.00 125.00
157.50 125.50
158.00 126.00
158.00 126.50
158.50 127.00
158.50 127.50
159.00 128.00
159.50 128.50
159.50 129.00
160.00 129.50
160.00 130.00
160.00 130.50
160.50 131.00
160.50 131.50
160.50 132.00
161.00 132.50
161.00 133.00
161.00 133.50
161.00 134.00
161.50 134.50
161.50 135.00
161.50 135.50
161.50 136.00
162.00 136.50
162.00 137.00
162.00 137.50
162.00 138.00
162.00 138.50
162.00 139.00
162.00 139.50
162.00 140.00
162.00 140.50
162.00 141.00
162.00 141.50
162.00 142.00
162.00 142.50
162.00 143.00
162.00 143.50
162.00 144.00
162.00 144.50
161.50 145.00
161.50 145.50
161.50 146.00
161.50 146.50
161.50 147.00
161.00 147.50
161.00 148.00
161.00 148.50
161.00 149.00
160.50 149.50
160.50 150.00
161.00 150.50
160.50 151.00
160.50 151.50
160.00 152.00
159.50 152.50
159.00 153.00
158.50 153.50
158.00 154.00
158.00 154.50
157.50 155.00
157.00 155.50
157.00 156.00
156.50 156.50
156.00 157.00
156.00 157.50
155.50 158.00
155.00 158.50
155.00 159.00
154.50 159.50
154.00 160.00
154.00 160.50
153.50 161.00
153.00 161.50
153.00 162.00
152.50 162.50
152.00 163.00
151.50 163.50
151.00 164.00
151.00 164.50
150.50 165.00
150.00 165.00
149.50 165.50
149.00 166.00
148.50 166.00
148.00 166.50
147.50 166.50
147.00 167.00
146.50 167.00
146.00 167.50
145.50 167.50
145.00 167.50
144.50 167.50
144.00 167.50
143.50 168.00
143.00 168.00
142.50 168.00
142.00 168.00
141.50 168.50
141.00 168.50
140.50 168.50
