133.50 146.50
134.00 146.00
134.00 145.50
134.00 145.00
134.00 144.50
134.50 144.00
134.50 143.50
135.00 143.00
135.50 142.50
136.00 142.50
136.50 142.50
137.00 143.00
137.50 143.50
138.00 144.00
138.50 144.50
139.00 145.00
139.50 145.50
140.00 146.00
140.50 146.50
141.00 146.50
141.50 147.00
141.50 147.50
142.00 148.00
142.50 148.50
143.00 149.00
143.00 149.50
143.50 150.00
144.00 150.50
144.00 151.00
144.00 151.50
144.00 152.00
144.00 152.50
143.50 153.00
143.00 153.50
142.50 154.00
142.00 154.00
141.50 154.50
141.00 155.00
140.50 155.00
140.00 155.50
139.50 156.00
139.00 156.50
138.50 156.50
138.00 156.50
137.50 156.50
137.00 156.00
136.50 155.50
136.50 155.00
136.00 154.50
136.00 154.00
135.50 153.50
135.00 153.00
135.00 152.50
134.50 152.00
134.00 151.50
133.50 151.00
133.50 150.50
133.00 150.00
132.50 149.50
132.50 149.00
132.50 148.50
133.00 148.00
133.00 147.50
133.50 147.00
