138.00 154.50
137.50 154.00
137.50 153.50
137.00 153.00
137.00 152.50
136.50 152.00
136.00 151.50
136.00 151.00
135.50 150.50
135.00 150.50
134.50 150.00
134.50 149.50
134.00 149.00
134.00 148.50
134.00 148.00
134.00 147.50
134.00 147.00
134.00 146.50
134.50 146.00
134.50 145.50
134.50 145.00
134.50 144.50
135.00 144.50
135.50 144.00
136.00 143.50
136.50 143.00
137.00 143.00
137.50 143.00
138.00 143.50
138.50 143.50
139.00 144.00
139.50 144.00
140.00 144.50
140.50 145.00
141.00 145.50
141.50 146.00
142.00 146.50
142.50 147.00
143.00 147.50
143.00 148.00
143.00 148.50
143.50 149.00
143.50 149.50
143.50 150.00
143.50 150.50
143.50 151.00
143.50 151.50
143.00 152.00
143.00 152.50
142.50 153.00
142.00 153.50
141.50 154.00
141.00 154.00
140.50 154.50
140.00 155.00
139.50 155.00
139.00 155.00
138.50 155.00
138.00 154.50
