125.50 130.50
126.00 130.00
126.50 130.00
127.00 129.50
127.50 129.50
128.00 129.00
128.50 129.00
129.00 128.50
129.50 128.50
130.00 128.50
130.50 128.00
131.00 128.00
131.50 128.00
132.00 128.00
132.50 128.00
133.00 128.00
133.50 128.50
133.50 129.00
134.00 129.50
134.00 130.00
134.00 130.50
134.00 131.00
134.00 131.50
133.50 132.00
133.50 132.50
133.00 133.00
133.00 133.50
132.50 134.00
132.00 134.00
131.50 134.50
131.00 135.00
130.50 135.00
130.00 135.50
129.50 136.00
129.00 136.00
128.50 136.50
128.00 136.50
127.50 137.00
127.00 137.00
126.50 137.00
126.00 136.50
125.50 136.00
125.00 135.50
124.50 135.00
124.50 134.50
124.50 134.00
124.50 133.50
124.50 133.00
124.50 132.50
124.50 132.00
125.00 131.50
125.00 131.00
