144.50 155.00
144.00 155.50
144.00 156.00
143.50 156.50
143.00 157.00
142.50 157.50
142.00 158.00
141.50 158.50
141.00 158.50
140.50 159.00
140.00 159.00
139.50 159.00
139.00 158.50
138.50 158.00
138.50 157.50
138.00 157.00
138.00 156.50
137.50 156.00
137.50 155.50
137.00 155.00
137.00 154.50
136.50 154.00
136.50 153.50
136.00 153.00
136.00 152.50
135.50 152.00
135.50 151.50
136.00 151.00
136.00 150.50
136.50 150.00
136.50 149.50
136.50 149.00
137.00 148.50
137.00 148.00
137.00 147.50
137.00 147.00
137.00 146.50
137.00 146.00
137.50 145.50
138.00 145.00
138.50 145.00
139.00 145.00
139.50 145.00
140.00 145.00
140.50 145.50
141.00 146.00
141.50 146.00
142.00 146.00
142.50 146.00
143.00 146.50
143.50 147.00
143.50 147.50
144.00 148.00
144.00 148.50
144.00 149.00
144.00 149.50
144.00 150.00
144.00 150.50
144.00 151.00
144.00 151.50
144.00 152.00
144.00 152.50
144.00 153.00
144.00 153.50
144.00 154.00
144.00 154.50
144.50 155.00
