130.50 125.50
130.00 126.00
130.00 126.50
129.50 127.00
129.50 127.50
129.00 128.00
129.00 128.50
128.50 129.00
128.50 129.50
128.50 130.00
128.00 130.50
128.00 131.00
128.00 131.50
128.00 132.00
128.00 132.50
127.50 133.00
127.00 133.00
126.50 133.00
126.00 133.00
125.50 133.00
125.00 133.00
124.50 133.00
124.00 133.00
123.50 132.50
123.00 132.00
123.00 131.50
122.50 131.00
122.50 130.50
122.50 130.00
122.50 129.50
123.00 129.00
123.00 128.50
123.00 128.00
123.50 127.50
124.00 127.00
124.00 126.50
124.00 126.00
124.50 125.50
125.00 125.00
125.50 125.00
126.00 124.50
126.50 124.00
127.00 124.00
127.50 124.00
128.00 124.00
128.50 124.00
129.00 124.00
129.50 124.00
130.00 124.00
130.50 124.50
131.00 125.00
