106.50 129.50
106.50 129.00
107.00 128.50
107.00 128.00
107.50 127.50
107.50 127.00
108.00 126.50
108.00 126.00
108.50 125.50
109.00 125.00
109.00 124.50
109.50 124.00
110.00 123.50
110.50 123.00
111.00 122.50
111.50 122.00
112.00 121.50
112.50 121.00
113.00 120.50
113.50 120.00
114.00 120.00
114.50 119.50
115.00 119.00
115.50 118.50
116.00 118.50
116.50 118.00
117.00 118.00
117.50 117.50
118.00 117.50
118.50 117.00
119.00 117.00
119.50 116.50
120.00 116.50
120.50 116.50
121.00 116.50
121.50 116.00
122.00 116.00
122.50 116.00
123.00 116.00
123.50 115.50
124.00 115.50
124.50 115.50
125.00 115.50
125.50 115.50
126.00 115.00
126.50 115.00
127.00 115.00
127.50 115.00
128.00 115.00
128.50 115.00
129.00 115.00
129.50 115.00
130.00 115.00
130.50 115.00
131.00 115.00
131.50 115.00
132.00 115.00
132.50 115.00
133.00 115.00
133.50 115.00
134.00 115.00
134.50 115.50
135.00 115.50
135.50 115.50
136.00 115.50
136.50 115.50
137.00 116.00
137.50 116.00
138.00 116.00
138.50 116.00
139.00 116.00
139.50 116.50
140.00 116.50
140.50 116.50
141.00 117.00
141.50 117.00
142.00 117.00
142.50 117.50
143.00 117.50
143.50 118.00
144.00 118.00
144.50 118.00
145.00 118.50
145.50 118.50
146.00 119.00
146.50 119.00
147.00 119.50
147.50 120.00
148.00 120.50
148.50 120.50
149.00 121.00
149.50 121.00
150.00 121.50
150.50 122.00
151.00 122.50
151.50 123.00
152.00 123.00
152.50 123.50
152.50 124.00
153.00 124.50
153.50 125.00
154.00 125.50
154.50 126.00
155.00 126.50
155.00 127.00
155.50 127.50
155.50 128.00
156.00 128.50
156.00 129.00
156.50 129.50
156.50 130.00
157.00 130.50
157.00 131.00
157.50 131.50
157.50 132.00
157.50 132.50
158.00 133.00
158.00 133.50
158.00 134.00
158.00 134.50
158.50 135.00
158.50 135.50
158.50 136.00
158.50 136.50
159.00 137.00
159.00 137.50
159.00 138.00
159.00 138.50
159.00 139.00
159.00 139.50
159.00 140.00
159.00 140.50
159.00 141.00
159.00 141.50
159.00 142.00
159.00 142.50
159.00 143.00
159.00 143.50
159.00 144.00
159.00 144.50
159.00 145.00
158.50 145.50
158.50 146.00
158.50 146.50
158.50 147.00
158.50 147.50
158.50 148.00
158.00 148.50
158.00 149.00
158.00 149.50
157.50 150.00
157.50 150.50
157.50 151.00
157.00 151.50
157.00 152.00
157.00 152.50
156.50 153.00
156.50 153.50
156.00 154.00
156.00 154.50
156.00 155.00
155.50 155.50
155.00 156.00
155.00 156.50
155.00 157.00
154.50 157.50
154.00 158.00
153.50 158.50
153.50 159.00
153.00 159.50
153.00 160.00
152.50 160.50
152.00 161.00
151.50 161.50
151.00 162.00
151.00 162.50
150.50 163.00
150.00 163.50
149.50 164.00
149.00 164.50
148.50 165.00
148.00 165.50
147.50 166.00
147.00 166.00
146.50 166.50
146.00 167.00
145.50 167.00
145.00 167.50
144.50 167.50
144.00 168.00
143.50 168.50
143.00 168.50
142.50 168.50
142.00 169.00
141.50 169.00
141.00 169.00
140.50 169.50
140.00 169.50
139.50 169.50
139.00 169.50
138.50 169.50
138.00 169.50
137.50 169.50
137.00 170.00
136.50 170.00
136.00 170.00
135.50 170.00
135.00 170.00
134.50 169.50
134.00 169.50
133.50 169.50
133.00 169.50
132.50 169.50
132.00 169.50
131.50 169.00
131.00 169.00
130.50 169.00
130.00 169.00
129.50 168.50
129.00 168.50
128.50 168.50
128.00 168.00
127.50 168.00
127.00 168.00
126.50 167.50
126.00 167.50
125.50 167.50
125.00 167.00
124.50 167.00
124.00 166.50
123.50 166.50
123.00 166.00
122.50 165.50
122.00 165.00
121.50 165.00
121.00 164.50
120.50 164.50
120.00 164.00
119.50 163.50
119.00 163.00
118.50 162.50
118.00 162.50
117.50 162.00
117.00 161.50
116.50 161.00
116.00 160.50
115.50 160.00
115.00 159.50
114.50 159.00
114.50 158.50
114.00 158.00
113.50 157.50
113.00 157.00
112.50 156.50
112.50 156.00
112.00 155.50
111.50 155.00
111.00 154.50
110.50 154.00
110.50 153.50
110.00 153.00
110.00 152.50
109.50 152.00
109.00 151.50
109.00 151.00
108.50 150.50
108.50 150.00
108.00 149.50
108.00 149.00
107.50 148.50
107.50 148.00
107.50 147.50
107.00 147.00
107.00 146.50
106.50 146.00
106.50 145.50
106.50 145.00
106.00 144.50
106.00 144.00
106.00 143.50
106.00 143.00
106.00 142.50
105.50 142.00
105.50 141.50
105.50 141.00
105.50 140.50
105.50 140.00
105.50 139.50
105.50 139.00
105.00 138.50
105.00 138.00
105.00 137.50
105.00 137.00
105.00 136.50
105.00 136.00
105.00 135.50
105.50 135.00
105.50 134.50
105.50 134.00
105.50 133.50
105.50 133.00
105.50 132.50
106.00 132.00
106.00 131.50
106.00 131.00
106.00 130.50
106.50 130.00
