127.50 128.50
127.50 128.00
127.50 127.50
128.00 127.00
128.50 126.50
129.00 126.00
129.00 125.50
129.50 125.00
130.00 125.00
130.50 124.50
131.00 124.00
131.50 124.00
132.00 123.50
132.50 123.50
133.00 123.50
133.50 123.50
134.00 123.00
134.50 123.00
135.00 123.00
135.50 123.00
136.00 123.50
136.50 123.50
137.00 123.50
137.50 123.50
138.00 124.00
138.50 124.00
139.00 124.50
139.50 125.00
140.00 125.00
140.50 125.50
141.00 126.00
141.50 126.50
142.00 127.00
142.00 127.50
141.50 128.00
141.00 128.50
140.50 128.50
140.00 128.50
139.50 129.00
139.00 129.00
138.50 129.00
138.00 129.50
137.50 129.50
137.00 129.50
136.50 129.50
136.00 130.00
135.50 130.00
135.00 130.50
134.50 130.50
134.00 131.00
133.50 131.50
133.00 131.50
132.50 132.00
132.00 132.00
131.50 132.50
131.00 132.50
130.50 132.50
130.00 132.50
129.50 132.50
129.00 132.50
128.50 132.50
128.00 132.00
127.50 131.50
127.50 131.00
127.50 130.50
127.50 130.00
127.50 129.50
127.50 129.00
