120.50 164.00
120.00 163.50
119.50 163.50
119.00 163.00
118.50 162.50
118.00 162.50
117.50 162.00
117.00 161.50
116.50 161.00
116.00 160.50
115.50 160.00
115.00 160.00
114.50 159.50
114.00 159.00
113.50 158.50
113.50 158.00
113.00 157.50
112.50 157.00
112.00 156.50
111.50 156.00
111.50 155.50
111.00 155.00
110.50 154.50
110.50 154.00
110.50 153.50
110.00 153.00
110.00 152.50
110.00 152.00
109.50 151.50
109.50 151.00
109.50 150.50
109.50 150.00
109.50 149.50
109.50 149.00
109.00 148.50
109.00 148.00
109.00 147.50
109.00 147.00
109.00 146.50
109.00 146.00
109.50 145.50
109.50 145.00
109.50 144.50
109.50 144.00
109.50 143.50
110.00 143.00
110.00 142.50
110.00 142.00
110.50 141.50
111.00 141.00
111.00 140.50
111.50 140.00
111.50 139.50
112.00 139.00
112.50 138.50
113.00 138.00
113.50 137.50
114.00 137.00
114.50 136.50
115.00 136.00
115.50 136.00
116.00 135.50
116.50 135.00
117.00 135.00
117.50 134.50
118.00 134.50
118.50 134.00
119.00 134.00
119.50 133.50
120.00 133.50
120.50 133.00
121.00 133.00
121.50 133.00
122.00 133.00
122.50 132.50
123.00 132.50
123.50 132.50
124.00 132.50
124.50 132.00
125.00 132.00
125.50 132.00
126.00 132.00
126.50 132.00
127.00 132.00
127.50 132.00
128.00 132.00
128.50 132.00
129.00 132.00
129.50 132.00
130.00 132.00
130.50 132.00
131.00 132.00
131.50 132.00
132.00 132.00
132.50 132.50
133.00 132.50
133.50 132.50
134.00 133.00
134.50 133.00
135.00 133.50
135.50 134.00
136.00 134.00
136.50 134.00
137.00 134.50
137.50 135.00
138.00 135.50
138.50 136.00
139.00 136.50
139.50 136.50
140.00 137.00
140.50 137.50
141.00 138.00
141.50 138.50
142.00 139.00
142.50 139.50
143.00 140.00
143.50 140.50
144.00 141.00
144.50 141.50
144.50 142.00
145.00 142.50
145.50 143.00
146.00 143.50
146.50 144.00
146.50 144.50
146.50 145.00
147.00 145.50
147.50 146.00
147.50 146.50
147.50 147.00
148.00 147.50
148.00 148.00
148.50 148.50
148.50 149.00
148.50 149.50
148.50 150.00
148.50 150.50
148.50 151.00
148.50 151.50
148.50 152.00
148.50 152.50
148.50 153.00
148.50 153.50
148.50 154.00
148.50 154.50
148.00 155.00
148.00 155.50
148.00 156.00
147.50 156.50
147.50 157.00
147.50 157.50
147.00 158.00
147.00 158.50
146.50 159.00
146.50 159.50
146.00 160.00
145.50 160.50
145.50 161.00
145.00 161.50
144.50 162.00
144.00 162.50
144.00 163.00
143.50 163.50
143.00 163.50
142.50 164.00
142.00 164.50
141.50 165.00
141.00 165.50
140.50 166.00
140.00 166.00
139.50 166.50
139.00 166.50
138.50 167.00
138.00 167.50
137.50 167.50
137.00 167.00
136.50 167.00
136.00 167.00
135.50 167.00
135.00 167.00
134.50 167.00
134.00 167.00
133.50 167.00
133.00 167.00
132.50 167.00
132.00 167.00
131.50 167.00
131.00 167.00
130.50 167.00
130.00 166.50
129.50 166.50
129.00 166.50
128.50 166.50
128.00 166.50
127.50 166.50
127.00 166.50
126.50 166.00
126.00 166.00
125.50 166.00
125.00 166.00
124.50 165.50
124.00 165.50
123.50 165.00
123.00 165.00
122.50 165.00
122.00 164.50
121.50 164.00
121.00 164.00
