125.50 128.50
125.50 128.00
125.50 127.50
125.50 127.00
126.00 126.50
126.00 126.00
126.00 125.50
126.50 125.00
127.00 124.50
127.50 124.00
128.00 124.00
128.50 124.00
129.00 124.00
129.50 123.50
130.00 123.50
130.50 123.50
131.00 123.50
131.50 123.50
132.00 123.50
132.50 123.50
133.00 123.50
133.50 123.50
134.00 123.00
134.50 123.00
135.00 123.50
135.50 123.50
136.00 123.50
136.50 123.50
137.00 124.00
137.50 124.50
138.00 125.00
138.50 125.50
138.50 126.00
138.50 126.50
138.50 127.00
138.00 127.50
138.00 128.00
137.50 128.50
137.00 129.00
136.50 129.50
136.00 130.00
135.50 130.00
135.00 130.50
134.50 130.50
134.00 130.50
133.50 131.00
133.00 131.00
132.50 131.50
132.00 132.00
131.50 132.00
131.00 132.50
130.50 132.50
130.00 133.00
129.50 133.50
129.00 133.50
128.50 134.00
128.00 134.00
127.50 134.00
127.00 134.00
126.50 133.50
126.00 133.00
126.00 132.50
125.50 132.00
125.50 131.50
125.50 131.00
125.50 130.50
125.50 130.00
125.50 129.50
125.50 129.00
