109.50 139.00
109.50 138.50
109.00 138.00
109.00 137.50
109.00 137.00
108.50 136.50
108.50 136.00
108.00 135.50
108.00 135.00
107.50 134.50
108.00 134.00
108.00 133.50
108.50 133.00
109.00 132.50
109.50 132.00
110.00 131.50
110.50 131.00
111.00 130.50
111.50 130.00
112.00 129.50
112.50 129.00
113.00 128.50
113.50 128.00
114.00 128.00
114.50 127.50
115.00 127.00
115.50 126.50
116.00 126.50
116.50 126.00
117.00 125.50
117.50 125.00
118.00 124.50
118.50 124.50
119.00 124.00
119.50 123.50
120.00 123.50
120.50 123.00
120.50 122.50
121.00 122.00
121.50 122.00
122.00 121.50
122.50 121.00
123.00 120.50
123.50 120.00
124.00 119.50
124.50 119.00
125.00 119.00
125.50 118.50
126.00 118.00
126.50 118.00
127.00 117.50
127.50 117.00
128.00 117.00
128.50 117.00
129.00 116.50
129.50 116.50
130.00 116.50
130.50 116.50
131.00 116.50
131.50 116.50
132.00 116.50
132.50 116.50
133.00 116.50
133.50 117.00
134.00 117.00
134.50 117.00
135.00 117.00
135.50 117.00
136.00 117.50
136.50 117.50
137.00 117.50
137.50 118.00
138.00 118.00
138.50 118.00
139.00 118.00
139.50 118.50
140.00 118.50
140.50 119.00
141.00 119.00
141.50 119.50
142.00 119.50
142.50 119.50
143.00 119.50
143.50 120.00
144.00 120.00
144.50 120.50
145.00 120.50
145.50 120.50
146.00 121.00
146.50 121.00
147.00 121.50
147.50 121.50
148.00 122.00
148.50 122.00
149.00 122.50
149.50 122.50
150.00 123.00
150.50 123.50
151.00 123.50
151.50 124.00
152.00 124.50
152.50 125.00
153.00 125.50
153.50 126.00
154.00 126.50
154.50 127.00
154.50 127.50
155.00 128.00
155.50 128.50
156.00 129.00
156.50 129.50
156.50 130.00
157.00 130.50
157.00 131.00
157.00 131.50
157.50 132.00
157.50 132.50
158.00 133.00
158.00 133.50
158.50 134.00
158.50 134.50
159.00 135.00
159.00 135.50
159.00 136.00
159.00 136.50
159.50 137.00
159.50 137.50
159.50 138.00
159.50 138.50
160.00 139.00
160.00 139.50
160.00 140.00
160.00 140.50
160.00 141.00
160.00 141.50
160.00 142.00
160.00 142.50
160.00 143.00
160.00 143.50
160.00 144.00
160.00 144.50
160.00 145.00
160.00 145.50
160.00 146.00
160.00 146.50
160.00 147.00
160.00 147.50
160.00 148.00
159.50 148.50
159.50 149.00
159.50 149.50
159.50 150.00
159.00 150.50
159.00 151.00
159.00 151.50
158.50 152.00
158.50 152.50
158.00 153.00
158.00 153.50
157.50 154.00
157.00 154.50
157.00 155.00
156.50 155.50
156.00 156.00
155.50 156.50
155.00 157.00
154.50 157.50
154.00 158.00
153.50 158.50
153.00 159.00
152.50 159.00
152.00 159.50
151.50 159.50
151.00 160.00
150.50 160.00
150.00 160.50
149.50 160.50
149.00 161.00
148.50 161.00
148.00 161.50
147.50 161.50
147.00 162.00
146.50 162.00
146.00 162.00
145.50 162.50
145.00 162.50
144.50 162.50
144.00 163.00
143.50 163.00
143.00 163.00
142.50 163.00
142.00 163.50
141.50 163.50
141.00 163.50
140.50 163.50
140.00 163.50
139.50 163.50
139.00 164.00
138.50 164.00
138.00 164.00
137.50 164.00
137.00 164.00
136.50 164.00
136.00 164.00
135.50 164.00
135.00 164.00
134.50 164.00
134.00 164.00
133.50 164.00
133.00 164.00
132.50 164.00
132.00 164.00
131.50 163.50
131.00 163.50
130.50 163.50
130.00 163.50
129.50 163.50
129.00 163.50
128.50 163.00
128.00 163.00
127.50 163.00
127.00 163.00
126.50 163.00
126.00 162.50
125.50 162.50
125.00 162.00
124.50 162.00
124.00 162.00
123.50 162.00
123.00 161.50
122.50 161.50
122.00 161.00
121.50 161.00
121.00 161.00
120.50 160.50
120.00 160.50
119.50 160.00
119.00 160.00
118.50 159.50
118.00 159.50
117.50 159.50
117.00 159.00
117.00 158.50
116.50 158.00
116.00 158.00
115.50 158.00
115.00 158.00
114.50 158.00
114.00 158.00
113.50 157.50
113.00 157.50
112.50 157.50
112.00 157.00
111.50 156.50
111.50 156.00
111.00 155.50
111.00 155.00
111.50 154.50
111.50 154.00
111.50 153.50
111.50 153.00
111.50 152.50
111.50 152.00
112.00 151.50
112.00 151.00
112.00 150.50
112.50 150.00
113.00 149.50
113.00 149.00
112.50 148.50
112.00 148.00
111.50 147.50
111.50 147.00
111.50 146.50
111.00 146.00
111.00 145.50
111.00 145.00
110.50 144.50
110.50 144.00
110.50 143.50
110.50 143.00
110.50 142.50
110.50 142.00
110.50 141.50
110.50 141.00
110.50 140.50
110.50 140.00
110.00 139.50
