112.50 130.00
113.00 129.50
113.50 129.00
114.00 129.00
114.50 128.50
115.00 128.00
115.50 127.50
116.00 127.50
116.50 127.00
117.00 126.50
117.50 126.50
118.00 126.00
118.50 125.50
119.00 125.50
119.50 125.50
120.00 125.00
120.50 125.00
121.00 125.00
121.50 124.50
122.00 124.50
122.50 124.50
123.00 124.50
123.50 124.50
124.00 124.50
124.50 124.50
125.00 124.50
125.50 124.50
126.00 124.50
126.50 124.50
127.00 125.00
127.50 125.00
128.00 125.00
128.50 125.50
129.00 125.50
129.50 125.50
130.00 126.00
130.50 126.00
131.00 126.50
131.50 126.50
132.00 126.50
132.50 127.00
133.00 127.00
133.50 127.50
134.00 127.50
134.50 128.00
135.00 128.00
135.50 128.00
136.00 128.50
136.50 129.00
137.00 129.00
137.50 129.00
138.00 129.50
138.50 129.50
139.00 130.00
139.50 130.00
140.00 130.50
140.50 130.50
141.00 130.50
141.50 131.00
142.00 131.00
142.50 131.00
143.00 131.50
143.50 131.50
144.00 132.00
144.50 132.50
145.00 132.50
145.50 133.00
146.00 133.00
146.50 133.50
147.00 134.00
147.50 134.50
148.00 135.00
148.50 135.50
148.50 136.00
149.00 136.50
149.50 137.00
149.50 137.50
149.50 138.00
150.00 138.50
150.00 139.00
150.00 139.50
150.00 140.00
150.50 140.50
150.50 141.00
150.50 141.50
150.50 142.00
150.50 142.50
150.50 143.00
150.50 143.50
150.50 144.00
150.50 144.50
150.50 145.00
150.50 145.50
150.50 146.00
150.50 146.50
150.50 147.00
150.50 147.50
150.50 148.00
150.00 148.50
150.00 149.00
150.00 149.50
150.00 150.00
150.00 150.50
150.00 151.00
149.50 151.50
149.50 152.00
149.50 152.50
149.50 153.00
149.50 153.50
149.00 154.00
149.00 154.50
149.00 155.00
148.50 155.50
148.50 156.00
148.50 156.50
148.00 157.00
148.00 157.50
147.50 158.00
147.50 158.50
147.00 159.00
146.50 159.50
146.50 160.00
146.50 160.50
146.00 161.00
145.50 161.50
145.00 162.00
144.50 162.50
144.00 163.00
143.50 163.50
143.00 164.00
142.50 164.00
142.00 164.50
141.50 165.00
141.00 165.00
140.50 165.50
140.00 165.50
139.50 166.00
139.00 166.00
138.50 166.50
138.00 166.50
137.50 166.50
137.00 166.50
136.50 167.00
136.00 167.00
135.50 167.00
135.00 167.00
134.50 167.50
134.00 167.50
133.50 167.50
133.00 167.50
132.50 167.50
132.00 167.50
131.50 167.50
131.00 167.50
130.50 167.50
130.00 167.50
129.50 167.50
129.00 167.50
128.50 167.50
128.00 167.50
127.50 167.50
127.00 167.00
126.50 167.00
126.00 167.00
125.50 167.00
125.00 167.00
124.50 166.50
124.00 166.50
123.50 166.50
123.00 166.00
122.50 166.00
122.00 166.00
121.50 165.50
121.00 165.50
120.50 165.00
120.00 165.00
119.50 164.50
119.00 164.00
118.50 164.00
118.00 163.50
117.50 163.00
117.00 163.00
116.50 162.50
116.00 162.50
115.50 162.00
115.00 161.50
114.50 161.00
114.00 160.50
113.50 160.00
113.00 159.50
112.50 159.00
112.00 158.50
111.50 158.00
111.00 157.50
110.50 157.00
110.50 156.50
110.00 156.00
109.50 155.50
109.50 155.00
109.00 154.50
108.50 154.00
108.50 153.50
108.00 153.00
108.00 152.50
107.50 152.00
107.50 151.50
107.00 151.00
107.00 150.50
107.00 150.00
106.50 149.50
106.50 149.00
106.50 148.50
106.50 148.00
106.00 147.50
106.00 147.00
106.00 146.50
106.00 146.00
106.00 145.50
106.00 145.00
106.00 144.50
106.00 144.00
106.00 143.50
106.00 143.00
106.00 142.50
106.00 142.00
106.00 141.50
106.50 141.00
106.50 140.50
106.50 140.00
106.50 139.50
107.00 139.00
107.00 138.50
107.00 138.00
107.50 137.50
107.50 137.00
108.00 136.50
108.00 136.00
108.50 135.50
108.50 135.00
109.00 134.50
109.00 134.00
109.50 133.50
110.00 133.00
110.00 132.50
110.50 132.00
111.00 131.50
111.50 131.00
112.00 130.50
