144.50 157.50
144.00 158.00
143.50 158.50
143.00 158.50
142.50 159.00
142.00 159.00
141.50 159.50
141.00 160.00
140.50 160.50
140.00 161.00
139.50 161.00
139.00 161.50
138.50 161.50
138.00 162.00
137.50 162.50
137.00 162.50
136.50 162.50
136.00 163.00
135.50 163.00
135.00 163.00
134.50 163.00
134.00 163.00
133.50 163.50
133.00 163.50
132.50 163.50
132.00 163.50
131.50 163.50
131.00 163.50
130.50 163.00
130.00 163.00
129.50 163.00
129.00 163.00
128.50 163.00
128.00 163.00
127.50 162.50
127.00 162.50
126.50 162.50
126.00 162.00
125.50 162.00
125.00 162.00
124.50 161.50
124.00 161.50
123.50 161.00
123.00 160.50
122.50 160.50
122.00 160.00
121.50 159.50
121.00 159.50
120.50 159.00
120.00 158.50
119.50 158.00
119.50 157.50
119.00 157.00
118.50 156.50
118.50 156.00
118.00 155.50
118.00 155.00
117.50 154.50
117.50 154.00
117.50 153.50
117.00 153.00
117.00 152.50
117.00 152.00
117.00 151.50
117.00 151.00
117.00 150.50
117.00 150.00
117.00 149.50
117.00 149.00
117.00 148.50
117.00 148.00
117.00 147.50
117.50 147.00
117.50 146.50
117.50 146.00
118.00 145.50
118.00 145.00
118.00 144.50
118.00 144.00
118.00 143.50
118.00 143.00
118.00 142.50
118.00 142.00
118.50 141.50
118.50 141.00
118.50 140.50
119.00 140.00
119.50 139.50
120.00 139.00
120.50 139.00
121.00 138.50
121.50 138.00
122.00 138.00
122.50 138.00
123.00 137.50
123.50 137.50
124.00 137.50
124.50 137.50
125.00 137.00
125.50 137.00
126.00 137.00
126.50 137.00
127.00 137.00
127.50 137.00
128.00 137.00
128.50 137.00
129.00 137.00
129.50 137.00
130.00 137.00
130.50 137.00
131.00 137.00
131.50 137.50
132.00 137.50
132.50 137.50
133.00 137.50
133.50 138.00
134.00 138.00
134.50 138.50
135.00 138.50
135.50 139.00
136.00 139.00
136.50 139.50
137.00 139.50
137.50 140.00
138.00 140.00
138.50 140.50
139.00 141.00
139.50 141.50
140.00 141.50
140.50 142.00
141.00 142.50
141.50 143.00
142.00 143.50
142.50 144.00
143.00 144.50
143.50 145.00
144.00 145.50
144.00 146.00
144.50 146.50
145.00 147.00
145.00 147.50
145.00 148.00
145.50 148.50
145.50 149.00
146.00 149.50
146.00 150.00
146.00 150.50
146.50 151.00
146.50 151.50
146.50 152.00
146.50 152.50
146.50 153.00
146.50 153.50
146.50 154.00
146.50 154.50
146.50 155.00
146.00 155.50
146.00 156.00
146.00 156.50
145.50 157.00
145.50 157.50
145.00 158.00
