99.50 96.50
99.50 96.00
99.50 95.50
100.00 95.00
100.00 94.50
100.00 94.00
100.50 93.50
100.50 93.00
101.00 92.50
101.00 92.00
101.00 91.50
101.50 91.00
102.00 90.50
102.00 90.00
102.50 89.50
103.00 89.00
103.00 88.50
103.50 88.00
104.00 87.50
104.50 87.00
104.50 86.50
105.00 86.00
105.50 85.50
106.00 85.00
106.50 84.50
107.00 84.00
107.50 84.00
108.00 83.50
108.50 83.00
109.00 82.50
109.50 82.50
110.00 82.00
110.50 81.50
111.00 81.50
111.50 81.50
112.00 81.00
112.50 81.00
113.00 80.50
113.50 80.50
114.00 80.00
114.50 80.00
115.00 80.00
115.50 79.50
116.00 79.50
116.50 79.50
117.00 79.50
117.50 79.00
118.00 79.00
118.50 79.00
119.00 79.00
119.50 79.00
120.00 78.50
120.50 78.50
121.00 78.50
121.50 78.50
122.00 78.50
122.50 78.50
123.00 78.50
123.50 78.50
124.00 78.50
124.50 78.50
125.00 78.50
125.50 78.50
126.00 78.50
126.50 78.50
127.00 78.50
127.50 78.50
128.00 78.50
128.50 78.50
129.00 78.50
129.50 79.00
130.00 79.00
130.50 79.00
131.00 79.00
131.50 79.00
132.00 79.50
132.50 79.50
133.00 79.50
133.50 79.50
134.00 80.00
134.50 80.00
135.00 80.00
135.50 80.50
136.00 80.50
136.50 81.00
137.00 81.00
137.50 81.50
138.00 81.50
138.50 81.50
139.00 82.00
139.50 82.50
140.00 82.50
140.50 83.00
141.00 83.50
141.50 84.00
142.00 84.00
142.50 84.50
143.00 85.00
143.50 85.50
144.00 86.00
144.50 86.50
145.00 87.00
145.00 87.50
145.50 88.00
146.00 88.50
146.00 89.00
146.50 89.50
147.00 90.00
147.00 90.50
147.50 91.00
147.50 91.50
148.00 92.00
148.00 92.50
148.50 93.00
148.50 93.50
148.50 94.00
149.00 94.50
149.00 95.00
149.00 95.50
149.50 96.00
149.50 96.50
150.00 97.00
150.00 97.50
150.00 98.00
150.00 98.50
150.50 99.00
150.50 99.50
150.50 100.00
150.50 100.50
150.50 101.00
150.50 101.50
150.50 102.00
151.00 102.50
151.00 103.00
151.00 103.50
151.00 104.00
151.00 104.50
151.00 105.00
151.00 105.50
151.00 106.00
151.00 106.50
151.00 107.00
151.00 107.50
151.00 108.00
151.00 108.50
151.00 109.00
151.00 109.50
151.00 110.00
150.50 110.50
150.50 111.00
150.50 111.50
150.50 112.00
150.50 112.50
150.50 113.00
150.00 113.50
150.00 114.00
150.00 114.50
149.50 115.00
149.50 115.50
149.50 116.00
149.00 116.50
149.00 117.00
148.50 117.50
148.50 118.00
148.00 118.50
148.00 119.00
147.50 119.50
147.50 120.00
147.00 120.50
146.50 121.00
146.50 121.50
146.00 122.00
145.50 122.50
145.00 123.00
144.50 123.50
144.50 124.00
144.00 124.50
143.50 124.50
143.00 125.00
142.50 125.50
142.00 126.00
141.50 126.50
141.00 127.00
140.50 127.00
140.00 127.50
139.50 128.00
139.00 128.00
138.50 128.00
138.00 128.50
137.50 129.00
137.00 129.00
136.50 129.00
136.00 129.50
135.50 129.50
135.00 130.00
134.50 130.00
134.00 130.00
133.50 130.00
133.00 130.50
132.50 130.50
132.00 130.50
131.50 130.50
131.00 130.50
130.50 131.00
130.00 131.00
129.50 131.00
129.00 131.00
128.50 131.00
128.00 131.00
127.50 131.00
127.00 131.00
126.50 131.00
126.00 131.00
125.50 131.00
125.00 131.00
124.50 131.00
124.00 131.00
123.50 131.00
123.00 131.00
122.50 130.50
122.00 130.50
121.50 130.50
121.00 130.50
120.50 130.50
120.00 130.00
119.50 130.00
119.00 130.00
118.50 130.00
118.00 129.50
117.50 129.50
117.00 129.50
116.50 129.00
116.00 129.00
115.50 129.00
115.00 128.50
114.50 128.00
114.00 128.00
113.50 127.50
113.00 127.50
112.50 127.50
112.00 127.00
111.50 126.50
111.00 126.50
110.50 126.00
110.00 125.50
109.50 125.50
109.00 125.00
108.50 124.50
108.00 124.00
107.50 123.50
107.00 123.50
106.50 123.00
106.00 122.50
105.50 122.00
105.50 121.50
105.00 121.00
104.50 120.50
104.00 120.00
103.50 119.50
103.50 119.00
103.00 118.50
102.50 118.00
102.00 117.50
102.00 117.00
101.50 116.50
101.50 116.00
101.00 115.50
101.00 115.00
101.00 114.50
100.50 114.00
100.50 113.50
100.00 113.00
100.00 112.50
100.00 112.00
99.50 111.50
99.50 111.00
99.50 110.50
99.50 110.00
99.00 109.50
99.00 109.00
99.00 108.50
99.00 108.00
99.00 107.50
99.00 107.00
98.50 106.50
98.50 106.00
98.50 105.50
98.50 105.00
98.50 104.50
98.50 104.00
98.50 103.50
98.50 103.00
98.50 102.50
98.50 102.00
98.50 101.50
98.50 101.00
99.00 100.50
99.00 100.00
99.00 99.50
99.00 99.00
99.00 98.50
99.00 98.00
99.50 97.50
99.50 97.00
