116.50 104.50
117.00 104.00
117.50 103.50
118.00 103.50
118.50 103.50
119.00 103.00
119.50 102.50
120.00 102.00
120.50 102.00
121.00 102.00
121.50 101.50
122.00 101.50
122.50 101.00
123.00 101.00
123.50 101.00
124.00 100.50
124.50 100.50
125.00 100.50
125.50 100.50
126.00 100.50
126.50 100.50
127.00 100.50
127.50 100.50
128.00 100.50
128.50 100.50
129.00 100.50
129.50 100.50
130.00 101.00
130.50 101.00
131.00 101.00
131.50 101.00
132.00 101.50
132.50 101.50
133.00 102.00
133.50 102.50
134.00 102.50
134.50 102.50
135.00 103.00
135.50 103.00
136.00 103.50
136.50 104.00
137.00 104.00
137.50 104.50
138.00 105.00
138.50 105.00
139.00 105.50
139.50 106.00
140.00 106.50
140.50 107.00
141.00 107.50
141.50 108.00
141.50 108.50
141.50 109.00
142.00 109.50
142.00 110.00
142.00 110.50
142.00 111.00
142.00 111.50
142.50 112.00
142.50 112.50
142.50 113.00
142.50 113.50
142.50 114.00
142.50 114.50
142.50 115.00
142.50 115.50
142.50 116.00
142.50 116.50
142.50 117.00
142.50 117.50
142.50 118.00
142.50 118.50
142.50 119.00
142.50 119.50
142.50 120.00
142.50 120.50
142.00 121.00
142.00 121.50
142.00 122.00
141.50 122.50
141.50 123.00
141.00 123.50
141.00 124.00
140.50 124.50
140.50 125.00
140.00 125.50
140.00 126.00
139.50 126.50
139.00 127.00
139.00 127.50
138.50 128.00
138.00 128.50
137.50 129.00
137.00 129.50
136.50 129.50
136.00 130.00
135.50 130.50
135.00 130.50
134.50 131.00
134.00 131.50
133.50 131.50
133.00 131.50
132.50 132.00
132.00 132.00
131.50 132.00
131.00 132.00
130.50 132.00
130.00 132.00
129.50 132.00
129.00 132.00
128.50 132.50
128.00 132.00
127.50 132.00
127.00 132.00
126.50 132.00
126.00 132.00
125.50 132.00
125.00 132.00
124.50 131.50
124.00 131.50
123.50 131.50
123.00 131.50
122.50 131.00
122.00 131.00
121.50 130.50
121.00 130.50
120.50 130.00
120.00 129.50
119.50 129.50
119.00 129.00
118.50 128.50
118.00 128.00
117.50 128.00
117.00 127.50
116.50 127.00
116.00 126.50
115.50 126.00
115.00 125.50
114.50 125.00
114.00 124.50
113.50 124.00
113.00 123.50
112.50 123.00
112.00 122.50
111.50 122.00
111.50 121.50
111.00 121.00
110.50 120.50
110.50 120.00
110.00 119.50
110.00 119.00
110.00 118.50
109.50 118.00
109.50 117.50
109.50 117.00
109.50 116.50
109.50 116.00
109.50 115.50
109.50 115.00
109.50 114.50
109.50 114.00
109.50 113.50
109.50 113.00
110.00 112.50
110.00 112.00
110.00 111.50
110.00 111.00
110.50 110.50
110.50 110.00
111.00 109.50
111.50 109.00
111.50 108.50
112.00 108.00
112.50 107.50
113.00 107.00
113.50 106.50
114.00 106.00
114.50 106.00
115.00 105.50
115.50 105.50
116.00 105.00
