133.50 104.50
133.50 104.00
133.50 103.50
134.00 103.00
134.00 102.50
134.00 102.00
134.00 101.50
134.00 101.00
134.00 100.50
134.00 100.00
134.00 99.50
134.00 99.00
133.50 98.50
134.00 98.00
133.50 97.50
133.00 97.00
132.50 97.00
132.00 96.50
131.50 96.00
131.00 95.50
130.50 95.00
130.00 94.50
130.00 94.00
130.00 93.50
130.50 93.00
131.00 92.50
131.50 92.50
132.00 92.00
132.50 92.50
132.50 93.00
133.00 93.50
133.50 94.00
134.00 94.50
134.50 95.00
135.00 95.50
135.50 96.00
136.00 96.50
136.00 97.00
136.50 97.50
137.00 98.00
137.00 98.50
137.00 99.00
137.50 99.50
137.50 100.00
137.50 100.50
137.50 101.00
137.50 101.50
137.50 102.00
137.50 102.50
137.00 103.00
137.00 103.50
136.50 104.00
136.50 104.50
136.00 105.00
135.50 105.50
135.50 106.00
135.00 106.50
134.50 107.00
134.00 107.50
133.50 108.00
133.00 108.00
132.50 108.50
132.00 108.00
132.00 107.50
131.50 107.00
131.00 106.50
130.50 106.50
130.00 106.50
129.50 106.00
129.00 106.00
128.50 105.50
128.00 105.50
127.50 105.00
127.00 104.50
127.00 104.00
127.50 103.50
128.00 103.50
128.50 103.00
129.00 103.00
129.50 103.00
130.00 103.00
130.50 103.00
131.00 103.50
131.50 104.00
132.00 104.00
132.50 104.50
133.00 105.00
133.50 104.50
