108.00 104.00
108.00 103.50
108.00 103.00
108.50 102.50
108.50 102.00
108.50 101.50
108.50 101.00
108.50 100.50
108.50 100.00
108.50 99.50
109.00 99.00
109.00 98.50
109.00 98.00
109.00 97.50
109.00 97.00
109.00 96.50
109.50 96.00
109.50 95.50
109.50 95.00
109.50 94.50
110.00 94.00
110.00 93.50
110.50 93.00
111.00 92.50
111.50 92.00
112.00 91.50
112.50 91.00
113.00 90.50
113.50 90.00
114.00 90.00
114.50 89.50
115.00 89.50
115.50 89.00
116.00 89.00
116.50 88.50
117.00 88.50
117.50 88.50
118.00 88.00
118.50 88.00
119.00 88.00
119.50 87.50
120.00 87.50
120.50 87.50
121.00 87.00
121.50 87.00
122.00 87.00
122.50 86.50
123.00 86.50
123.50 86.50
124.00 86.00
124.50 86.00
125.00 86.00
125.50 85.50
126.00 85.50
126.50 85.50
127.00 85.00
127.50 85.00
128.00 85.00
128.50 85.00
129.00 85.00
129.50 84.50
130.00 84.50
130.50 84.50
131.00 84.50
131.50 84.50
132.00 84.50
132.50 84.50
133.00 84.50
133.50 85.00
134.00 85.00
134.50 85.00
135.00 85.50
135.50 85.50
136.00 86.00
136.50 86.00
137.00 86.50
137.50 87.00
138.00 87.50
138.50 88.00
139.00 88.50
139.50 89.00
140.00 89.50
140.00 90.00
140.50 90.50
141.00 91.00
141.50 91.50
142.00 92.00
142.00 92.50
142.50 93.00
143.00 93.50
143.00 94.00
143.50 94.50
143.50 95.00
144.00 95.50
144.00 96.00
144.50 96.50
144.50 97.00
145.00 97.50
145.50 98.00
145.50 98.50
146.00 99.00
146.00 99.50
146.00 100.00
146.50 100.50
146.50 101.00
146.50 101.50
147.00 102.00
147.00 102.50
147.00 103.00
147.50 103.50
147.50 104.00
147.50 104.50
147.50 105.00
148.00 105.50
148.00 106.00
148.00 106.50
148.00 107.00
148.00 107.50
148.50 108.00
148.50 108.50
148.50 109.00
148.50 109.50
148.50 110.00
148.50 110.50
149.00 111.00
149.00 111.50
149.00 112.00
149.00 112.50
149.00 113.00
149.00 113.50
149.00 114.00
149.00 114.50
149.00 115.00
149.00 115.50
149.00 116.00
149.00 116.50
149.00 117.00
149.00 117.50
149.00 118.00
149.00 118.50
149.00 119.00
148.50 119.50
148.50 120.00
148.50 120.50
148.00 121.00
148.00 121.50
147.50 122.00
147.50 122.50
147.00 123.00
146.50 123.50
146.00 124.00
145.50 124.00
145.00 124.50
144.50 125.00
144.00 125.00
143.50 125.50
143.00 125.50
142.50 125.50
142.00 126.00
141.50 126.00
141.00 126.00
140.50 126.00
140.00 126.00
139.50 126.00
139.00 126.50
138.50 126.50
138.00 126.50
137.50 126.50
137.00 126.50
136.50 126.50
136.00 126.50
135.50 126.50
135.00 126.50
134.50 126.50
134.00 126.50
133.50 126.50
133.00 126.50
132.50 126.50
132.00 126.50
131.50 126.50
131.00 126.50
130.50 126.50
130.00 126.50
129.50 126.50
129.00 126.50
128.50 126.50
128.00 126.50
127.50 126.50
127.00 126.50
126.50 126.50
126.00 126.50
125.50 126.50
125.00 126.50
124.50 126.50
124.00 126.50
123.50 126.50
123.00 126.50
122.50 126.50
122.00 126.50
121.50 126.50
121.00 126.50
120.50 126.50
120.00 126.50
119.50 126.50
119.00 126.50
118.50 126.50
118.00 126.50
117.50 126.50
117.00 126.50
116.50 126.50
116.00 126.50
115.50 126.50
115.00 126.50
114.50 126.00
114.00 126.00
113.50 126.00
113.00 126.00
112.50 125.50
112.00 125.50
111.50 125.00
111.00 125.00
110.50 124.50
110.00 124.00
109.50 123.50
109.00 123.00
108.50 122.50
108.00 122.00
107.50 121.50
107.50 121.00
107.00 120.50
106.50 120.00
106.50 119.50
106.00 119.00
106.00 118.50
105.50 118.00
105.50 117.50
105.50 117.00
105.00 116.50
105.00 116.00
105.00 115.50
105.00 115.00
105.00 114.50
105.00 114.00
105.00 113.50
105.00 113.00
105.00 112.50
105.50 112.00
105.50 111.50
105.50 111.00
105.50 110.50
106.00 110.00
106.00 109.50
106.00 109.00
106.50 108.50
106.50 108.00
107.00 107.50
107.00 107.00
107.00 106.50
107.50 106.00
107.50 105.50
107.50 105.00
108.00 104.50
