107.50 100.00
108.00 99.50
108.50 99.00
109.00 98.50
109.50 98.50
110.00 98.00
110.50 97.50
111.00 97.00
111.50 96.50
112.00 96.50
112.50 96.00
113.00 96.00
113.50 96.00
114.00 95.50
114.50 95.00
115.00 95.00
115.50 95.00
116.00 94.50
116.50 94.50
117.00 94.50
117.50 94.00
118.00 94.00
118.50 94.00
119.00 94.00
119.50 94.00
120.00 93.50
120.50 93.50
121.00 93.50
121.50 93.50
122.00 93.50
122.50 93.50
123.00 93.50
123.50 93.50
124.00 93.50
124.50 93.50
125.00 93.50
125.50 94.00
126.00 94.00
126.50 94.00
127.00 94.00
127.50 94.00
128.00 94.00
128.50 94.50
129.00 94.50
129.50 94.50
130.00 95.00
130.50 95.00
131.00 95.00
131.50 95.50
132.00 95.50
132.50 95.50
133.00 96.00
133.50 96.00
134.00 96.50
134.50 96.50
135.00 97.00
135.50 97.50
136.00 97.50
136.50 97.50
137.00 98.00
137.50 98.50
138.00 99.00
138.50 99.00
139.00 99.50
139.50 100.00
140.00 100.50
140.50 100.50
141.00 101.00
141.00 101.50
141.50 102.00
142.00 102.50
142.50 103.00
143.00 103.50
143.50 104.00
143.50 104.50
144.00 105.00
144.50 105.50
144.50 106.00
145.00 106.50
145.50 107.00
145.50 107.50
146.00 108.00
146.00 108.50
146.50 109.00
146.50 109.50
147.00 110.00
147.00 110.50
147.50 111.00
147.50 111.50
148.00 112.00
148.00 112.50
148.00 113.00
148.50 113.50
148.50 114.00
148.50 114.50
149.00 115.00
149.00 115.50
149.00 116.00
149.00 116.50
149.00 117.00
149.50 117.50
149.50 118.00
149.50 118.50
149.50 119.00
149.50 119.50
149.50 120.00
149.50 120.50
149.50 121.00
149.50 121.50
149.50 122.00
149.50 122.50
149.50 123.00
149.50 123.50
149.50 124.00
149.50 124.50
149.00 125.00
149.00 125.50
149.00 126.00
149.00 126.50
148.50 127.00
148.50 127.50
148.50 128.00
148.00 128.50
148.00 129.00
147.50 129.50
147.50 130.00
147.00 130.50
146.50 131.00
146.50 131.50
146.00 132.00
145.50 132.50
145.00 133.00
144.50 133.50
144.00 134.00
143.50 134.50
143.00 134.50
142.50 135.00
142.00 135.50
141.50 136.00
141.00 136.00
140.50 136.50
140.00 136.50
139.50 137.00
139.00 137.00
138.50 137.00
138.00 137.50
137.50 137.50
137.00 137.50
136.50 138.00
136.00 138.00
135.50 138.00
135.00 138.50
134.50 138.50
134.00 138.50
133.50 138.50
133.00 138.50
132.50 138.50
132.00 139.00
131.50 139.00
131.00 139.00
130.50 139.00
130.00 139.00
129.50 139.00
129.00 139.00
128.50 139.00
128.00 139.00
127.50 139.00
127.00 139.00
126.50 139.00
126.00 139.00
125.50 139.00
125.00 139.00
124.50 138.50
124.00 138.50
123.50 138.50
123.00 138.50
122.50 138.50
122.00 138.00
121.50 138.00
121.00 138.00
120.50 137.50
120.00 137.50
119.50 137.50
119.00 137.00
118.50 137.00
118.00 136.50
117.50 136.50
117.00 136.00
116.50 135.50
116.00 135.50
115.50 135.00
115.00 134.50
114.50 134.50
114.00 134.00
113.50 133.50
113.00 133.00
112.50 132.50
112.00 132.00
111.50 131.50
111.00 131.00
110.50 130.50
110.00 130.00
109.50 129.50
109.00 129.00
108.50 128.50
108.00 128.00
107.50 127.50
107.00 127.00
106.50 126.50
106.50 126.00
106.00 125.50
105.50 125.00
105.00 124.50
105.00 124.00
104.50 123.50
104.00 123.00
104.00 122.50
103.50 122.00
103.00 121.50
103.00 121.00
103.00 120.50
102.50 120.00
102.50 119.50
102.00 119.00
102.00 118.50
102.00 118.00
101.50 117.50
101.50 117.00
101.50 116.50
101.50 116.00
101.50 115.50
101.50 115.00
101.50 114.50
101.50 114.00
101.50 113.50
101.50 113.00
101.50 112.50
101.50 112.00
101.50 111.50
101.50 111.00
101.50 110.50
102.00 110.00
102.00 109.50
102.00 109.00
102.50 108.50
102.50 108.00
102.50 107.50
103.00 107.00
103.00 106.50
103.00 106.00
103.50 105.50
103.50 105.00
104.00 104.50
104.50 104.00
104.50 103.50
105.00 103.00
105.50 102.50
105.50 102.00
106.00 101.50
106.50 101.00
107.00 100.50
