138.50 108.50
138.50 108.00
138.50 107.50
138.50 107.00
138.50 106.50
139.00 106.00
139.00 105.50
139.00 105.00
139.50 104.50
140.00 104.00
140.00 103.50
140.50 103.00
141.00 103.00
141.50 102.50
142.00 102.50
142.50 102.50
143.00 102.50
143.50 103.00
144.00 103.50
144.50 104.00
145.00 104.50
145.00 105.00
145.00 105.50
145.50 106.00
145.50 106.50
145.50 107.00
145.50 107.50
145.50 108.00
145.00 108.50
145.00 109.00
145.00 109.50
144.50 110.00
144.50 110.50
144.00 111.00
143.50 111.50
143.00 112.00
142.50 112.00
142.00 112.00
141.50 112.00
141.00 111.50
140.50 111.50
140.00 111.00
139.50 110.50
139.00 110.00
139.00 109.50
138.50 109.00
