103.50 102.00
103.50 101.50
103.50 101.00
103.50 100.50
103.50 100.00
104.00 99.50
104.00 99.00
104.00 98.50
104.00 98.00
104.50 97.50
104.50 97.00
104.50 96.50
105.00 96.00
105.50 95.50
105.50 95.00
105.50 94.50
106.00 94.00
106.50 93.50
106.50 93.00
107.00 92.50
107.50 92.00
107.50 91.50
108.00 91.00
108.50 90.50
109.00 90.00
109.50 89.50
110.00 89.00
110.50 88.50
111.00 88.00
111.50 87.50
112.00 87.00
112.50 87.00
113.00 86.50
113.50 86.00
114.00 86.00
114.50 85.50
115.00 85.00
115.50 85.00
116.00 84.50
116.50 84.50
117.00 84.00
117.50 83.50
118.00 83.50
118.50 83.50
119.00 83.00
119.50 83.00
120.00 83.00
120.50 82.50
121.00 82.50
121.50 82.50
122.00 82.00
122.50 82.00
123.00 82.00
123.50 81.50
124.00 81.50
124.50 81.50
125.00 81.50
125.50 81.50
126.00 81.50
126.50 81.50
127.00 81.00
127.50 81.00
128.00 81.00
128.50 81.00
129.00 81.00
129.50 81.00
130.00 81.00
130.50 81.50
131.00 81.50
131.50 81.50
132.00 81.50
132.50 81.50
133.00 81.50
133.50 82.00
134.00 82.00
134.50 82.00
135.00 82.50
135.50 82.50
136.00 83.00
136.50 83.00
137.00 83.50
137.50 83.50
138.00 84.00
138.50 84.50
139.00 85.00
139.50 85.00
140.00 85.50
140.50 86.00
141.00 86.50
141.50 87.00
142.00 87.50
142.50 88.00
143.00 88.50
143.00 89.00
143.50 89.50
144.00 90.00
144.50 90.50
144.50 91.00
144.50 91.50
145.00 92.00
145.00 92.50
145.50 93.00
145.50 93.50
145.50 94.00
146.00 94.50
146.00 95.00
146.00 95.50
146.00 96.00
146.00 96.50
146.50 97.00
146.50 97.50
146.50 98.00
146.50 98.50
146.50 99.00
146.50 99.50
147.00 100.00
147.00 100.50
147.00 101.00
147.00 101.50
147.00 102.00
147.00 102.50
147.00 103.00
147.00 103.50
147.00 104.00
147.00 104.50
147.00 105.00
147.00 105.50
147.00 106.00
147.00 106.50
147.00 107.00
147.00 107.50
147.00 108.00
147.00 108.50
147.00 109.00
147.00 109.50
147.00 110.00
146.50 110.50
146.50 111.00
146.50 111.50
146.50 112.00
146.50 112.50
146.50 113.00
146.00 113.50
146.00 114.00
146.00 114.50
146.00 115.00
145.50 115.50
145.50 116.00
145.00 116.50
145.00 117.00
144.50 117.50
144.50 118.00
144.00 118.50
143.50 119.00
143.00 119.50
142.50 120.00
142.00 120.00
141.50 120.50
141.00 121.00
140.50 121.00
140.00 121.50
139.50 121.50
139.00 122.00
138.50 122.00
138.00 122.00
137.50 122.50
137.00 122.50
136.50 122.50
136.00 122.50
135.50 123.00
135.00 123.00
134.50 123.00
134.00 123.00
133.50 123.50
133.00 123.50
132.50 123.50
132.00 123.50
131.50 123.50
131.00 123.50
130.50 124.00
130.00 124.00
129.50 124.00
129.00 124.00
128.50 124.00
128.00 124.00
127.50 124.00
127.00 124.50
126.50 124.50
126.00 124.50
125.50 124.50
125.00 124.50
124.50 124.50
124.00 124.50
123.50 124.50
123.00 124.50
122.50 125.00
122.00 125.00
121.50 125.00
121.00 125.00
120.50 125.00
120.00 125.00
119.50 124.50
119.00 124.50
118.50 124.50
118.00 124.50
117.50 124.50
117.00 124.50
116.50 124.00
116.00 124.00
115.50 124.00
115.00 123.50
114.50 123.00
114.00 123.00
113.50 122.50
113.00 122.00
112.50 121.50
112.00 121.00
111.50 120.50
111.00 120.00
110.50 119.50
110.50 119.00
110.00 118.50
110.00 118.00
109.50 117.50
109.00 117.00
109.00 116.50
108.50 116.00
108.00 115.50
108.00 115.00
108.00 114.50
107.50 114.00
107.00 113.50
107.00 113.00
106.50 112.50
106.50 112.00
106.50 111.50
106.00 111.00
106.00 110.50
105.50 110.00
105.50 109.50
105.00 109.00
105.00 108.50
105.00 108.00
104.50 107.50
104.50 107.00
104.00 106.50
104.00 106.00
104.00 105.50
104.00 105.00
103.50 104.50
103.50 104.00
103.50 103.50
103.50 103.00
103.50 102.50
