100.00 113.00
99.50 112.50
99.50 112.00
99.00 111.50
99.00 111.00
98.50 110.50
98.50 110.00
98.50 109.50
98.00 109.00
98.00 108.50
97.50 108.00
97.50 107.50
97.00 107.00
97.00 106.50
97.00 106.00
97.00 105.50
96.50 105.00
96.50 104.50
96.50 104.00
96.50 103.50
96.50 103.00
96.50 102.50
96.50 102.00
96.50 101.50
96.50 101.00
96.50 100.50
96.50 100.00
96.50 99.50
96.50 99.00
96.50 98.50
96.50 98.00
96.50 97.50
96.50 97.00
96.50 96.50
97.00 96.00
97.00 95.50
97.50 95.00
97.50 94.50
98.00 94.00
98.50 93.50
98.50 93.00
99.00 92.50
99.50 92.00
99.50 91.50
100.00 91.00
100.50 90.50
101.00 90.00
101.50 89.50
101.50 89.00
102.00 88.50
102.50 88.00
103.00 87.50
103.50 87.00
103.50 86.50
104.00 86.00
104.50 85.50
105.00 85.00
105.50 84.50
106.00 84.50
106.50 84.00
107.00 83.50
107.50 83.00
108.00 82.50
108.50 82.50
109.00 82.00
109.50 81.50
110.00 81.00
110.50 81.00
111.00 80.50
111.50 80.00
112.00 80.00
112.50 79.50
113.00 79.50
113.50 79.00
114.00 78.50
114.50 78.50
115.00 78.50
115.50 78.00
116.00 78.00
116.50 78.00
117.00 77.50
117.50 77.50
118.00 77.50
118.50 77.00
119.00 77.00
119.50 77.00
120.00 77.00
120.50 77.00
121.00 77.00
121.50 76.50
122.00 76.50
122.50 76.50
123.00 76.50
123.50 76.50
124.00 76.50
124.50 76.50
125.00 76.50
125.50 76.50
126.00 76.50
126.50 76.50
127.00 76.50
127.50 76.50
128.00 76.50
128.50 77.00
129.00 77.00
129.50 77.00
130.00 77.00
130.50 77.00
131.00 77.00
131.50 77.50
132.00 77.50
132.50 77.50
133.00 78.00
133.50 78.00
134.00 78.00
134.50 78.50
135.00 78.50
135.50 79.00
136.00 79.00
136.50 79.50
137.00 79.50
137.50 79.50
138.00 80.00
138.50 80.00
139.00 80.50
139.50 81.00
140.00 81.00
140.50 81.50
141.00 82.00
141.50 82.00
142.00 82.50
142.50 83.00
143.00 83.50
143.50 84.00
144.00 84.50
144.50 84.50
145.00 85.00
145.50 85.50
146.00 86.00
146.50 86.50
146.50 87.00
147.00 87.50
147.50 88.00
148.00 88.50
148.00 89.00
148.50 89.50
148.50 90.00
149.00 90.50
149.50 91.00
149.50 91.50
150.00 92.00
150.00 92.50
150.00 93.00
150.50 93.50
150.50 94.00
151.00 94.50
151.00 95.00
151.00 95.50
151.00 96.00
151.50 96.50
151.50 97.00
151.50 97.50
151.50 98.00
152.00 98.50
152.00 99.00
152.00 99.50
152.00 100.00
152.00 100.50
152.00 101.00
152.00 101.50
152.00 102.00
152.00 102.50
152.00 103.00
152.00 103.50
152.00 104.00
152.00 104.50
152.00 105.00
152.00 105.50
152.00 106.00
152.00 106.50
152.00 107.00
152.00 107.50
152.00 108.00
152.00 108.50
152.00 109.00
152.00 109.50
151.50 110.00
151.50 110.50
151.50 111.00
151.50 111.50
151.50 112.00
151.00 112.50
151.00 113.00
151.00 113.50
150.50 114.00
150.50 114.50
150.50 115.00
150.00 115.50
150.00 116.00
150.00 116.50
149.50 117.00
149.50 117.50
149.00 118.00
149.00 118.50
149.00 119.00
148.50 119.50
148.50 120.00
148.00 120.50
147.50 121.00
147.50 121.50
147.00 122.00
147.00 122.50
146.50 123.00
146.00 123.50
145.50 124.00
145.50 124.50
145.00 125.00
144.50 125.50
144.00 126.00
143.50 126.50
143.00 127.00
142.50 127.50
142.00 128.00
141.50 128.00
141.00 128.50
140.50 129.00
140.00 129.00
139.50 129.00
139.00 129.50
138.50 129.50
138.00 130.00
137.50 130.00
137.00 130.00
136.50 130.00
136.00 130.50
135.50 130.50
135.00 130.50
134.50 130.50
134.00 130.50
133.50 130.50
133.00 130.50
132.50 131.00
132.00 131.00
131.50 131.00
131.00 131.00
130.50 131.00
130.00 131.00
129.50 131.00
129.00 131.00
128.50 131.00
128.00 131.00
127.50 131.00
127.00 131.00
126.50 131.00
126.00 130.50
125.50 130.50
125.00 130.50
124.50 130.50
124.00 130.50
123.50 130.50
123.00 130.50
122.50 130.50
122.00 130.50
121.50 130.50
121.00 130.00
120.50 130.00
120.00 130.00
119.50 130.00
119.00 130.00
118.50 130.00
118.00 129.50
117.50 129.50
117.00 129.50
116.50 129.00
116.00 129.00
115.50 129.00
115.00 128.50
114.50 128.50
114.00 128.00
113.50 128.00
113.00 127.50
112.50 127.00
112.00 127.00
111.50 126.50
111.00 126.00
110.50 125.50
110.00 125.00
109.50 125.00
109.00 124.50
108.50 124.00
108.00 123.50
107.50 123.00
107.00 122.50
106.50 122.00
106.00 121.50
105.50 121.00
105.00 120.50
104.50 120.00
104.00 119.50
103.50 119.00
103.50 118.50
103.00 118.00
102.50 117.50
102.00 117.00
102.00 116.50
101.50 116.00
101.00 115.50
100.50 115.00
100.00 114.50
99.50 114.00
99.50 113.50
