101.00 116.00
101.00 115.50
100.50 115.00
100.50 114.50
100.00 114.00
100.00 113.50
99.50 113.00
99.00 112.50
99.00 112.00
99.00 111.50
98.50 111.00
98.50 110.50
98.50 110.00
98.00 109.50
98.00 109.00
98.00 108.50
98.00 108.00
98.00 107.50
98.00 107.00
98.00 106.50
98.00 106.00
98.00 105.50
98.00 105.00
98.00 104.50
98.00 104.00
98.50 103.50
98.50 103.00
98.50 102.50
98.50 102.00
99.00 101.50
99.00 101.00
99.00 100.50
99.00 100.00
99.50 99.50
99.50 99.00
100.00 98.50
100.00 98.00
100.00 97.50
100.50 97.00
100.50 96.50
101.00 96.00
101.00 95.50
101.00 95.00
101.50 94.50
101.50 94.00
102.00 93.50
102.50 93.00
102.50 92.50
103.00 92.00
103.00 91.50
103.50 91.00
104.00 90.50
104.00 90.00
104.50 89.50
105.00 89.00
105.50 88.50
106.00 88.00
106.50 87.50
107.00 87.00
107.50 86.50
108.00 86.00
108.50 86.00
109.00 85.50
109.50 85.00
110.00 85.00
110.50 84.50
111.00 84.00
111.50 84.00
112.00 84.00
112.50 83.50
113.00 83.50
113.50 83.00
114.00 83.00
114.50 82.50
115.00 82.50
115.50 82.50
116.00 82.00
116.50 82.00
117.00 82.00
117.50 82.00
118.00 81.50
118.50 81.50
119.00 81.50
119.50 81.50
120.00 81.50
120.50 81.00
121.00 81.00
121.50 81.00
122.00 81.00
122.50 81.00
123.00 81.00
123.50 81.00
124.00 81.00
124.50 81.00
125.00 81.00
125.50 81.00
126.00 81.00
126.50 81.00
127.00 81.00
127.50 81.00
128.00 81.00
128.50 81.50
129.00 81.50
129.50 81.50
130.00 81.50
130.50 81.50
131.00 82.00
131.50 82.00
132.00 82.00
132.50 82.50
133.00 82.50
133.50 82.50
134.00 83.00
134.50 83.00
135.00 83.50
135.50 83.50
136.00 84.00
136.50 84.00
137.00 84.50
137.50 84.50
138.00 85.00
138.50 85.50
139.00 86.00
139.50 86.50
140.00 87.00
140.50 87.00
141.00 87.50
141.00 88.00
141.50 88.50
142.00 89.00
142.50 89.50
142.50 90.00
143.00 90.50
143.50 91.00
143.50 91.50
144.00 92.00
144.50 92.50
144.50 93.00
145.00 93.50
145.00 94.00
145.50 94.50
146.00 95.00
146.00 95.50
146.50 96.00
146.50 96.50
147.00 97.00
147.00 97.50
147.00 98.00
147.50 98.50
147.50 99.00
147.50 99.50
148.00 100.00
148.00 100.50
148.00 101.00
148.50 101.50
148.50 102.00
148.50 102.50
148.50 103.00
149.00 103.50
149.00 104.00
149.00 104.50
149.00 105.00
149.00 105.50
149.00 106.00
149.00 106.50
149.00 107.00
149.50 107.50
149.50 108.00
149.50 108.50
149.50 109.00
149.50 109.50
149.50 110.00
149.00 110.50
149.00 111.00
149.00 111.50
149.00 112.00
149.00 112.50
149.00 113.00
149.00 113.50
149.00 114.00
148.50 114.50
148.50 115.00
148.50 115.50
148.00 116.00
148.00 116.50
148.00 117.00
147.50 117.50
147.50 118.00
147.00 118.50
147.00 119.00
147.00 119.50
146.50 120.00
146.00 120.50
146.00 121.00
145.50 121.50
145.00 122.00
145.00 122.50
144.50 123.00
144.00 123.50
143.50 124.00
143.00 124.50
142.50 125.00
142.00 125.50
141.50 125.50
141.00 126.00
140.50 126.50
140.00 127.00
139.50 127.00
139.00 127.50
138.50 127.50
138.00 128.00
137.50 128.00
137.00 128.00
136.50 128.50
136.00 128.50
135.50 129.00
135.00 129.00
134.50 129.00
134.00 129.50
133.50 129.50
133.00 129.50
132.50 130.00
132.00 130.00
131.50 130.00
131.00 130.50
130.50 130.50
130.00 130.50
129.50 130.50
129.00 130.50
128.50 131.00
128.00 131.00
127.50 131.00
127.00 131.00
126.50 131.00
126.00 131.00
125.50 131.00
125.00 131.00
124.50 131.00
124.00 131.00
123.50 131.00
123.00 131.00
122.50 131.00
122.00 131.00
121.50 130.50
121.00 130.50
120.50 130.50
120.00 130.50
119.50 130.00
119.00 130.00
118.50 130.00
118.00 129.50
117.50 129.50
117.00 129.00
116.50 129.00
116.00 129.00
115.50 128.50
115.00 128.50
114.50 128.00
114.00 127.50
113.50 127.50
113.00 127.00
112.50 127.00
112.00 126.50
111.50 126.50
111.00 126.00
110.50 125.50
110.00 125.00
109.50 125.00
109.00 124.50
108.50 124.00
108.00 123.50
107.50 123.00
107.00 123.00
106.50 122.50
106.00 122.00
106.00 121.50
105.50 121.00
105.00 121.00
104.50 120.50
104.00 120.00
103.50 119.50
103.00 119.00
102.50 118.50
102.00 118.00
101.50 117.50
101.00 117.00
101.00 116.50
