118.00 70.50
118.50 70.50
119.00 70.50
119.50 70.50
120.00 70.50
120.50 70.50
121.00 70.50
121.50 71.00
122.00 71.00
122.50 71.00
123.00 71.00
123.50 71.00
124.00 71.00
124.50 71.00
125.00 71.00
125.50 71.50
126.00 71.50
126.50 71.50
127.00 71.50
127.50 72.00
128.00 72.00
128.50 72.50
129.00 72.50
129.50 72.50
130.00 73.00
130.50 73.00
131.00 73.00
131.50 73.50
132.00 74.00
132.50 74.00
133.00 74.50
133.50 75.00
134.00 75.00
134.50 75.50
135.00 76.00
135.50 76.50
136.00 77.00
136.50 77.00
137.00 77.50
137.50 78.00
138.00 78.50
138.50 79.00
139.00 79.50
139.50 80.00
140.00 80.50
140.50 81.00
141.00 81.50
141.00 82.00
141.50 82.50
142.00 83.00
142.00 83.50
142.50 84.00
143.00 84.50
143.00 85.00
143.50 85.50
143.50 86.00
144.00 86.50
144.50 87.00
144.50 87.50
144.50 88.00
145.00 88.50
145.00 89.00
145.50 89.50
145.50 90.00
146.00 90.50
146.00 91.00
146.00 91.50
146.00 92.00
146.50 92.50
146.50 93.00
146.50 93.50
146.50 94.00
147.00 94.50
147.00 95.00
147.00 95.50
147.00 96.00
147.00 96.50
147.00 97.00
147.00 97.50
147.00 98.00
147.50 98.50
147.50 99.00
147.50 99.50
147.50 100.00
147.50 100.50
147.50 101.00
147.50 101.50
147.50 102.00
147.50 102.50
147.00 103.00
147.00 103.50
147.00 104.00
147.00 104.50
147.00 105.00
147.00 105.50
147.00 106.00
147.00 106.50
147.00 107.00
146.50 107.50
146.50 108.00
146.50 108.50
146.50 109.00
146.50 109.50
146.00 110.00
146.00 110.50
146.00 111.00
146.00 111.50
145.50 112.00
145.50 112.50
145.00 113.00
145.00 113.50
144.50 114.00
144.50 114.50
144.50 115.00
144.00 115.50
144.00 116.00
143.50 116.50
143.00 117.00
143.00 117.50
142.50 118.00
142.00 118.50
141.50 119.00
141.00 119.50
140.50 120.00
140.00 120.50
139.50 120.50
139.00 121.00
138.50 121.00
138.00 121.50
137.50 122.00
137.00 122.00
136.50 122.50
136.00 122.50
135.50 122.50
135.00 123.00
134.50 123.00
134.00 123.00
133.50 123.50
133.00 123.50
132.50 123.50
132.00 123.50
131.50 124.00
131.00 124.00
130.50 124.00
130.00 124.00
129.50 124.00
129.00 124.00
128.50 124.50
128.00 124.50
127.50 124.50
127.00 124.50
126.50 124.50
126.00 124.50
125.50 124.50
125.00 124.50
124.50 124.50
124.00 124.50
123.50 124.50
123.00 124.50
122.50 124.50
122.00 124.50
121.50 124.50
121.00 124.50
120.50 124.50
120.00 124.50
119.50 124.50
119.00 124.50
118.50 124.50
118.00 124.50
117.50 124.50
117.00 124.00
116.50 124.00
116.00 124.00
115.50 124.00
115.00 124.00
114.50 124.00
114.00 123.50
113.50 123.50
113.00 123.50
112.50 123.50
112.00 123.50
111.50 123.00
111.00 123.00
110.50 123.00
110.00 123.00
109.50 123.00
109.00 122.50
108.50 122.50
108.00 122.50
107.50 122.00
107.00 122.00
106.50 122.00
106.00 121.50
105.50 121.50
105.00 121.50
104.50 121.00
104.00 121.00
103.50 121.00
103.00 120.50
102.50 120.50
102.00 120.00
101.50 120.00
101.00 119.50
100.50 119.50
100.00 119.00
99.50 118.50
99.00 118.00
98.50 118.00
98.00 117.50
97.50 117.00
97.00 116.50
96.50 116.00
96.00 115.50
96.00 115.00
95.50 114.50
95.00 114.00
95.00 113.50
94.50 113.00
94.50 112.50
94.00 112.00
94.00 111.50
93.50 111.00
93.50 110.50
93.00 110.00
93.00 109.50
93.00 109.00
92.50 108.50
92.50 108.00
92.50 107.50
92.00 107.00
92.00 106.50
92.00 106.00
92.00 105.50
91.50 105.00
91.50 104.50
91.50 104.00
91.00 103.50
91.00 103.00
91.00 102.50
91.00 102.00
91.00 101.50
90.50 101.00
90.00 100.50
90.00 100.00
90.00 99.50
89.50 99.00
89.50 98.50
89.50 98.00
89.50 97.50
89.50 97.00
89.50 96.50
89.50 96.00
90.00 95.50
90.00 95.00
90.00 94.50
90.00 94.00
90.00 93.50
90.00 93.00
90.00 92.50
90.00 92.00
90.50 91.50
90.50 91.00
90.50 90.50
91.00 90.00
91.00 89.50
91.00 89.00
91.00 88.50
91.50 88.00
91.50 87.50
91.50 87.00
92.00 86.50
92.00 86.00
92.00 85.50
92.50 85.00
92.50 84.50
93.00 84.00
93.50 83.50
93.50 83.00
94.00 82.50
94.00 82.00
94.50 81.50
95.00 81.00
95.50 80.50
96.00 80.00
96.50 79.50
97.00 79.00
97.50 78.50
98.00 78.00
98.50 77.50
99.00 77.00
99.50 77.00
100.00 76.50
100.50 76.00
101.00 76.00
101.50 75.50
102.00 75.00
102.50 75.00
103.00 74.50
103.50 74.50
104.00 74.00
104.50 74.00
105.00 73.50
105.50 73.50
106.00 73.00
106.50 73.00
107.00 73.00
107.50 72.50
108.00 72.00
108.50 72.00
109.00 72.00
109.50 72.00
110.00 71.50
110.50 71.50
111.00 71.50
111.50 71.00
112.00 71.00
112.50 71.00
113.00 70.50
113.50 70.50
114.00 70.50
114.50 70.50
115.00 70.50
115.50 70.50
116.00 70.50
116.50 70.50
117.00 70.50
117.50 70.50
