140.00 98.00
140.50 98.00
141.00 98.00
141.50 98.00
142.00 98.50
142.50 99.00
143.00 99.50
143.50 100.00
143.50 100.50
144.00 101.00
144.50 101.50
144.50 102.00
145.00 102.50
145.00 103.00
145.00 103.50
145.50 104.00
145.50 104.50
145.50 105.00
145.50 105.50
145.50 106.00
145.50 106.50
145.50 107.00
145.50 107.50
145.50 108.00
145.00 108.50
145.00 109.00
144.50 109.50
144.50 110.00
144.00 110.50
144.00 111.00
143.50 111.50
143.00 112.00
142.50 112.50
142.00 113.00
141.50 113.50
141.00 113.50
140.50 114.00
140.00 114.00
139.50 114.00
139.00 114.00
138.50 114.00
138.00 114.00
137.50 114.00
137.00 114.00
136.50 114.00
136.00 114.00
135.50 113.50
135.00 113.50
134.50 113.00
134.50 112.50
134.00 112.00
134.00 111.50
134.00 111.00
134.00 110.50
134.50 110.00
134.50 109.50
134.50 109.00
135.00 108.50
135.50 108.00
136.00 108.00
136.50 107.50
137.00 107.50
137.50 107.50
138.00 107.50
138.50 108.00
139.00 108.00
139.50 108.50
140.00 108.50
140.50 108.50
141.00 108.00
141.50 107.50
141.50 107.00
141.50 106.50
141.50 106.00
141.50 105.50
141.50 105.00
141.50 104.50
141.00 104.00
140.50 103.50
140.00 103.00
139.50 102.50
139.00 102.00
139.00 101.50
139.00 101.00
139.00 100.50
139.00 100.00
139.00 99.50
139.00 99.00
139.50 98.50
