132.00 117.00
131.50 117.00
131.00 117.00
130.50 117.50
130.00 117.50
129.50 117.50
129.00 118.00
128.50 118.00
128.00 118.00
127.50 118.50
127.00 118.50
126.50 118.50
126.00 118.50
125.50 119.00
125.00 119.00
124.50 119.00
124.00 119.00
123.50 119.00
123.00 119.00
122.50 119.00
122.00 119.00
121.50 119.00
121.00 119.00
120.50 119.00
120.00 119.00
119.50 119.00
119.00 119.00
118.50 118.50
118.00 118.50
117.50 118.50
117.00 118.00
116.50 118.00
116.00 118.00
115.50 117.50
115.00 117.50
114.50 117.50
114.00 117.00
113.50 116.50
113.00 116.50
112.50 116.50
112.00 116.50
111.50 116.00
111.00 116.00
110.50 116.00
110.00 116.00
109.50 115.50
109.00 115.50
108.50 115.50
108.00 115.00
107.50 115.00
107.00 114.50
106.50 114.50
106.00 114.00
105.50 113.50
105.00 113.50
104.50 113.00
104.00 112.50
103.50 112.00
103.00 111.50
102.50 111.00
102.00 110.50
101.50 110.00
101.00 109.50
101.00 109.00
100.50 108.50
100.50 108.00
100.00 107.50
100.00 107.00
99.50 106.50
99.50 106.00
99.00 105.50
99.00 105.00
98.50 104.50
98.50 104.00
98.50 103.50
98.50 103.00
98.00 102.50
98.00 102.00
98.00 101.50
98.00 101.00
98.00 100.50
98.00 100.00
98.00 99.50
97.50 99.00
97.50 98.50
97.50 98.00
98.00 97.50
98.00 97.00
98.00 96.50
98.00 96.00
98.00 95.50
98.00 95.00
98.00 94.50
98.00 94.00
98.50 93.50
98.50 93.00
98.50 92.50
98.50 92.00
99.00 91.50
99.00 91.00
99.00 90.50
99.50 90.00
99.50 89.50
100.00 89.00
100.50 88.50
100.50 88.00
100.50 87.50
101.00 87.00
101.00 86.50
101.50 86.00
102.00 85.50
102.50 85.00
103.00 84.50
103.00 84.00
103.50 83.50
104.00 83.00
104.50 82.50
105.00 82.00
105.50 81.50
106.00 81.00
106.50 80.50
107.00 80.00
107.50 80.00
108.00 79.50
108.50 79.00
109.00 79.00
109.50 78.50
110.00 78.50
110.50 78.50
111.00 78.00
111.50 78.00
112.00 77.50
112.50 77.50
113.00 77.50
113.50 77.00
114.00 77.00
114.50 77.00
115.00 76.50
115.50 76.50
116.00 76.50
116.50 76.50
117.00 76.50
117.50 76.50
118.00 76.00
118.50 76.00
119.00 76.00
119.50 76.00
120.00 76.00
120.50 76.00
121.00 76.00
121.50 76.00
122.00 76.00
122.50 76.00
123.00 76.00
123.50 76.00
124.00 76.00
124.50 76.00
125.00 76.00
125.50 76.00
126.00 76.00
126.50 76.00
127.00 76.00
127.50 76.50
128.00 76.50
128.50 76.50
129.00 76.50
129.50 77.00
130.00 77.00
130.50 77.50
131.00 77.50
131.50 77.50
132.00 78.00
132.50 78.50
133.00 78.50
133.50 79.00
134.00 79.50
134.50 80.00
135.00 80.50
135.50 81.00
136.00 81.50
136.00 82.00
136.50 82.50
137.00 83.00
137.50 83.50
137.50 84.00
137.50 84.50
138.00 85.00
138.50 85.50
138.50 86.00
139.00 86.50
139.00 87.00
139.50 87.50
139.50 88.00
139.50 88.50
140.00 89.00
140.00 89.50
140.50 90.00
140.50 90.50
140.50 91.00
140.50 91.50
141.00 92.00
141.00 92.50
141.00 93.00
141.00 93.50
141.50 94.00
141.50 94.50
141.50 95.00
141.50 95.50
141.50 96.00
141.50 96.50
141.50 97.00
141.50 97.50
141.50 98.00
142.00 98.50
142.00 99.00
142.00 99.50
142.00 100.00
142.00 100.50
141.50 101.00
141.50 101.50
141.50 102.00
141.50 102.50
141.50 103.00
141.50 103.50
141.50 104.00
141.50 104.50
141.00 105.00
141.00 105.50
141.00 106.00
140.50 106.50
140.50 107.00
140.50 107.50
140.00 108.00
140.00 108.50
140.00 109.00
139.50 109.50
139.50 110.00
139.00 110.50
139.00 111.00
138.50 111.50
138.00 112.00
138.00 112.50
137.50 113.00
137.00 113.50
136.50 114.00
136.00 114.50
135.50 115.00
135.00 115.50
134.50 115.50
134.00 116.00
133.50 116.00
133.00 116.50
132.50 116.50
