117.50 92.50
118.00 92.00
118.50 92.00
119.00 91.50
119.50 91.00
120.00 90.50
120.50 90.50
121.00 90.00
121.50 89.50
121.50 89.00
121.50 88.50
122.00 88.00
122.00 87.50
122.00 87.00
122.00 86.50
122.50 86.00
123.00 86.00
123.50 86.00
124.00 86.00
124.50 86.50
125.00 86.50
125.50 87.00
126.00 87.00
126.50 87.50
126.50 88.00
127.00 88.50
127.50 89.00
128.00 89.50
128.00 90.00
128.00 90.50
128.00 91.00
128.00 91.50
127.50 92.00
127.00 92.50
126.50 93.00
126.00 93.50
125.50 93.50
125.00 94.00
124.50 94.50
124.00 94.50
123.50 95.00
123.00 95.00
122.50 95.50
122.00 96.00
121.50 96.00
121.00 96.50
120.50 97.00
120.00 97.00
119.50 97.00
119.00 97.50
118.50 97.50
118.00 97.50
117.50 97.50
117.00 97.00
116.50 96.50
116.00 96.00
115.50 95.50
115.00 95.00
114.50 94.50
114.50 94.00
114.50 93.50
114.50 93.00
115.00 92.50
115.50 92.50
116.00 92.50
116.50 92.50
117.00 92.50
