119.00 89.50
119.50 89.00
119.50 88.50
120.00 88.00
120.50 88.00
121.00 88.00
121.50 87.50
122.00 87.50
122.50 87.00
123.00 87.00
123.50 87.00
124.00 87.00
124.50 87.00
125.00 87.00
125.50 87.00
126.00 87.50
126.50 87.50
127.00 88.00
127.50 88.50
127.50 89.00
127.50 89.50
127.50 90.00
127.50 90.50
127.50 91.00
127.50 91.50
127.00 92.00
126.50 92.50
126.00 93.00
125.50 93.50
125.00 94.00
124.50 94.50
124.00 95.00
123.50 95.50
123.00 95.50
122.50 95.50
122.00 95.50
121.50 95.50
121.00 95.50
120.50 95.00
120.00 94.50
119.50 94.00
119.50 93.50
119.00 93.00
119.00 92.50
119.00 92.00
118.50 91.50
118.50 91.00
118.50 90.50
119.00 90.00
