108.50 87.00
109.00 86.50
109.50 86.00
110.00 86.00
110.50 85.50
111.00 85.50
111.50 85.50
112.00 85.50
112.50 85.50
113.00 85.50
113.50 86.00
113.50 86.50
113.50 87.00
113.50 87.50
113.00 88.00
113.00 88.50
113.00 89.00
112.50 89.50
112.00 90.00
112.00 90.50
111.50 91.00
111.50 91.50
111.00 92.00
110.50 92.50
110.50 93.00
110.00 93.50
109.50 93.50
109.00 93.00
109.00 92.50
109.00 92.00
109.00 91.50
108.50 91.00
108.50 90.50
108.50 90.00
108.50 89.50
108.50 89.00
108.50 88.50
108.50 88.00
108.50 87.50
