129.50 130.50
129.00 130.50
128.50 130.50
128.00 130.00
127.50 130.00
127.00 130.00
126.50 130.00
126.00 130.00
125.50 130.00
125.00 129.50
124.50 129.50
124.00 129.50
123.50 129.50
123.00 129.50
122.50 129.00
122.00 129.00
121.50 129.00
121.00 129.00
120.50 128.50
120.00 128.50
119.50 128.50
119.00 128.50
118.50 128.50
118.00 128.00
117.50 128.00
117.00 128.00
116.50 128.00
116.00 127.50
115.50 127.50
115.00 127.50
114.50 127.00
114.00 127.00
113.50 127.00
113.00 127.00
112.50 126.50
112.00 126.50
111.50 126.50
111.00 126.00
110.50 125.50
110.00 125.00
110.00 124.50
109.50 124.00
109.50 123.50
109.00 123.00
109.00 122.50
108.50 122.00
108.50 121.50
108.50 121.00
108.50 120.50
108.00 120.00
108.00 119.50
108.00 119.00
108.00 118.50
108.00 118.00
108.00 117.50
108.00 117.00
108.00 116.50
108.00 116.00
108.00 115.50
108.00 115.00
108.00 114.50
108.00 114.00
108.00 113.50
108.00 113.00
108.00 112.50
108.00 112.00
108.50 111.50
108.50 111.00
108.50 110.50
108.50 110.00
109.00 109.50
109.00 109.00
109.00 108.50
109.00 108.00
109.50 107.50
109.50 107.00
110.00 106.50
110.00 106.00
110.00 105.50
110.50 105.00
111.00 104.50
111.00 104.00
111.00 103.50
111.50 103.00
112.00 102.50
112.50 102.00
113.00 101.50
113.50 101.00
114.00 100.50
114.50 100.00
115.00 100.00
115.50 99.50
116.00 99.00
116.50 99.00
117.00 99.00
117.50 98.50
118.00 98.50
118.50 98.00
119.00 98.00
119.50 98.00
120.00 98.00
120.50 98.00
121.00 97.50
121.50 97.50
122.00 97.50
122.50 97.50
123.00 97.50
123.50 97.50
124.00 97.50
124.50 97.50
125.00 97.50
125.50 97.50
126.00 98.00
126.50 98.00
127.00 98.00
127.50 98.00
128.00 98.00
128.50 98.50
129.00 98.50
129.50 99.00
130.00 99.00
130.50 99.00
131.00 99.50
131.50 99.50
132.00 100.00
132.50 100.50
133.00 100.50
133.50 101.00
134.00 101.50
134.50 101.50
135.00 102.00
135.50 102.50
136.00 103.00
136.50 103.50
137.00 104.00
137.00 104.50
137.50 105.00
138.00 105.50
138.50 106.00
138.50 106.50
138.50 107.00
139.00 107.50
139.50 108.00
139.50 108.50
139.50 109.00
140.00 109.50
140.00 110.00
140.00 110.50
140.00 111.00
140.50 111.50
140.50 112.00
140.50 112.50
140.50 113.00
140.50 113.50
140.50 114.00
140.50 114.50
140.50 115.00
140.50 115.50
140.50 116.00
140.50 116.50
140.50 117.00
140.50 117.50
140.50 118.00
140.50 118.50
140.00 119.00
140.00 119.50
140.00 120.00
140.00 120.50
139.50 121.00
139.50 121.50
139.50 122.00
139.00 122.50
138.50 123.00
138.50 123.50
138.00 124.00
138.00 124.50
137.50 125.00
137.00 125.50
136.50 126.00
136.50 126.50
136.00 127.00
135.50 127.00
135.00 127.50
134.50 128.00
134.00 128.50
133.50 129.00
133.00 129.00
132.50 129.00
132.00 129.50
131.50 129.50
131.00 130.00
130.50 130.00
130.00 130.00
