116.50 90.50
117.00 90.50
117.50 90.00
118.00 90.00
118.50 90.00
119.00 90.00
119.50 90.00
120.00 90.00
120.50 89.50
121.00 89.50
121.50 89.50
122.00 89.50
122.50 89.50
123.00 89.50
123.50 90.00
123.50 90.50
123.50 91.00
123.50 91.50
123.50 92.00
123.00 92.50
122.50 93.00
122.50 93.50
122.00 94.00
122.00 94.50
121.50 95.00
121.00 95.50
121.00 96.00
120.50 96.50
120.00 97.00
119.50 97.50
119.00 97.50
118.50 98.00
118.00 98.00
117.50 98.00
117.00 98.00
116.50 98.00
116.00 98.00
115.50 97.50
115.00 97.00
115.00 96.50
115.00 96.00
114.50 95.50
114.50 95.00
114.50 94.50
114.50 94.00
114.50 93.50
115.00 93.00
115.00 92.50
115.00 92.00
115.50 91.50
116.00 91.00
