113.00 115.00
113.00 114.50
113.00 114.00
113.00 113.50
112.50 113.00
112.50 112.50
112.50 112.00
112.50 111.50
112.50 111.00
112.50 110.50
112.50 110.00
112.50 109.50
112.50 109.00
112.50 108.50
113.00 108.00
113.00 107.50
113.50 107.00
113.50 106.50
113.50 106.00
114.00 105.50
114.50 105.00
115.00 104.50
115.50 104.00
116.00 103.50
116.50 103.50
117.00 103.00
117.50 103.00
118.00 102.50
118.50 102.50
119.00 102.50
119.50 102.50
120.00 102.50
120.50 102.50
121.00 102.50
121.50 102.50
122.00 102.50
122.50 102.50
123.00 102.50
123.50 102.50
124.00 102.50
124.50 102.50
125.00 102.50
125.50 102.50
126.00 102.50
126.50 102.50
127.00 102.50
127.50 102.50
128.00 103.00
128.50 103.00
129.00 103.00
129.50 103.00
130.00 103.50
130.50 103.50
131.00 104.00
131.50 104.00
132.00 104.50
132.50 104.50
133.00 105.00
133.50 105.50
134.00 106.00
134.50 106.50
135.00 107.00
135.50 107.50
135.50 108.00
136.00 108.50
136.00 109.00
136.50 109.50
136.50 110.00
137.00 110.50
137.00 111.00
137.00 111.50
137.00 112.00
137.00 112.50
137.50 113.00
137.50 113.50
137.50 114.00
137.50 114.50
137.00 115.00
137.00 115.50
137.50 116.00
137.50 116.50
137.50 117.00
137.50 117.50
137.50 118.00
137.50 118.50
137.50 119.00
137.50 119.50
137.00 120.00
137.00 120.50
137.00 121.00
137.00 121.50
136.50 122.00
136.50 122.50
136.00 123.00
135.50 123.50
135.00 124.00
135.00 124.50
134.50 125.00
134.00 125.50
133.50 125.50
133.00 126.00
132.50 126.50
132.00 127.00
131.50 127.50
131.00 127.50
130.50 127.50
130.00 128.00
129.50 128.00
129.00 128.50
128.50 128.50
128.00 128.50
127.50 128.50
127.00 129.00
126.50 129.00
126.00 129.00
125.50 129.00
125.00 129.00
124.50 129.00
124.00 129.00
123.50 129.00
123.00 128.50
122.50 128.50
122.00 128.50
121.50 128.50
121.00 128.00
120.50 128.00
120.00 127.50
119.50 127.50
119.00 127.00
118.50 126.50
118.00 126.50
117.50 126.00
117.00 125.50
116.50 125.00
116.00 124.50
116.00 124.00
115.50 123.50
115.00 123.00
114.50 122.50
114.50 122.00
114.50 121.50
114.00 121.00
113.50 120.50
113.50 120.00
113.50 119.50
113.50 119.00
113.00 118.50
113.00 118.00
113.00 117.50
113.00 117.00
113.00 116.50
113.00 116.00
113.00 115.50
