108.50 103.50
109.00 103.00
109.50 102.50
110.00 102.00
110.50 101.50
111.00 101.00
111.50 100.50
112.00 100.00
112.50 100.00
113.00 99.50
113.50 99.00
114.00 99.00
114.50 98.50
115.00 98.50
115.50 98.00
116.00 98.00
116.50 98.00
117.00 97.50
117.50 97.50
118.00 97.50
118.50 97.00
119.00 97.00
119.50 97.00
120.00 96.50
120.50 96.50
121.00 96.50
121.50 96.00
122.00 96.00
122.50 96.00
123.00 96.00
123.50 96.00
124.00 95.50
124.50 95.50
125.00 95.50
125.50 95.50
126.00 95.50
126.50 95.50
127.00 95.50
127.50 95.50
128.00 95.50
128.50 95.50
129.00 95.50
129.50 95.50
130.00 96.00
130.50 96.00
131.00 96.00
131.50 96.00
132.00 96.00
132.50 96.50
133.00 96.50
133.50 96.50
134.00 97.00
134.50 97.50
135.00 97.50
135.50 97.50
136.00 98.00
136.50 98.00
137.00 98.50
137.50 98.50
138.00 99.00
138.50 99.50
139.00 100.00
139.50 100.50
140.00 101.00
140.50 101.00
141.00 101.50
141.00 102.00
141.50 102.50
142.00 103.00
142.50 103.50
143.00 104.00
143.00 104.50
143.50 105.00
144.00 105.50
144.00 106.00
144.50 106.50
144.50 107.00
144.50 107.50
145.00 108.00
145.00 108.50
145.00 109.00
145.50 109.50
145.50 110.00
145.50 110.50
145.50 111.00
146.00 111.50
146.00 112.00
146.00 112.50
146.00 113.00
146.00 113.50
146.00 114.00
146.00 114.50
146.00 115.00
146.00 115.50
146.00 116.00
146.00 116.50
146.00 117.00
146.00 117.50
146.00 118.00
146.00 118.50
145.50 119.00
145.50 119.50
145.50 120.00
145.50 120.50
145.50 121.00
145.50 121.50
145.00 122.00
145.00 122.50
145.00 123.00
145.00 123.50
144.50 124.00
144.50 124.50
144.00 125.00
144.00 125.50
144.00 126.00
144.00 126.50
143.50 127.00
143.50 127.50
143.50 128.00
143.00 128.50
142.50 129.00
142.50 129.50
142.00 130.00
142.00 130.50
141.50 131.00
141.00 131.50
140.50 132.00
140.00 132.50
139.50 133.00
139.00 133.50
138.50 133.50
138.00 134.00
137.50 134.50
137.00 134.50
136.50 134.50
136.00 134.50
135.50 135.00
135.00 135.00
134.50 135.00
134.00 135.00
133.50 135.00
133.00 135.00
132.50 135.00
132.00 135.00
131.50 135.00
131.00 135.00
130.50 135.00
130.00 135.00
129.50 134.50
129.00 134.50
128.50 134.50
128.00 134.50
127.50 134.50
127.00 134.00
126.50 134.00
126.00 134.00
125.50 134.00
125.00 134.00
124.50 133.50
124.00 133.50
123.50 133.50
123.00 133.00
122.50 133.00
122.00 133.00
121.50 132.50
121.00 132.50
120.50 132.50
120.00 132.00
119.50 132.00
119.00 131.50
118.50 131.50
118.00 131.00
117.50 131.00
117.00 131.00
116.50 130.50
116.00 130.00
115.50 130.00
115.00 130.00
114.50 129.50
114.00 129.00
113.50 129.00
113.00 128.50
112.50 128.50
112.00 128.00
111.50 127.50
111.00 127.50
110.50 127.00
110.00 126.50
109.50 126.00
109.00 125.50
108.50 125.00
108.00 124.50
107.50 124.00
107.00 123.50
107.00 123.00
106.50 122.50
106.00 122.00
106.00 121.50
106.00 121.00
106.00 120.50
105.50 120.00
105.50 119.50
105.50 119.00
105.50 118.50
105.50 118.00
105.00 117.50
105.00 117.00
105.00 116.50
105.00 116.00
105.00 115.50
105.00 115.00
105.00 114.50
105.50 114.00
105.50 113.50
105.50 113.00
105.50 112.50
105.50 112.00
105.50 111.50
105.50 111.00
106.00 110.50
106.00 110.00
106.00 109.50
106.00 109.00
106.00 108.50
106.50 108.00
106.50 107.50
106.50 107.00
107.00 106.50
107.00 106.00
107.50 105.50
107.50 105.00
108.00 104.50
108.00 104.00
