144.00 112.00
144.00 112.50
144.00 113.00
144.00 113.50
143.50 114.00
143.50 114.50
143.50 115.00
143.50 115.50
143.50 116.00
143.00 116.50
143.00 117.00
143.00 117.50
143.00 118.00
142.50 118.50
142.00 119.00
142.00 119.50
142.00 120.00
141.50 120.50
141.00 121.00
140.50 121.50
140.00 122.00
139.50 122.50
139.00 123.00
138.50 123.50
138.00 124.00
137.50 124.50
137.00 124.50
136.50 125.00
136.00 125.50
135.50 125.50
135.00 126.00
134.50 126.50
134.00 126.50
133.50 126.50
133.00 127.00
132.50 127.00
132.00 127.50
131.50 127.50
131.00 127.50
130.50 128.00
130.00 128.00
129.50 128.00
129.00 128.50
128.50 128.50
128.00 128.50
127.50 128.50
127.00 128.50
126.50 128.50
126.00 128.50
125.50 128.50
125.00 128.50
124.50 128.50
124.00 128.50
123.50 128.50
123.00 128.50
122.50 128.00
122.00 128.00
121.50 128.00
121.00 127.50
120.50 127.50
120.00 127.50
119.50 127.00
119.00 127.00
118.50 126.50
118.00 126.50
117.50 126.00
117.00 125.50
116.50 125.50
116.00 125.00
115.50 125.00
115.00 124.50
114.50 124.00
114.00 124.00
113.50 123.50
113.00 123.00
112.50 123.00
112.00 122.50
111.50 122.00
111.00 121.50
110.50 121.00
110.00 120.50
109.50 120.00
109.00 119.50
108.50 119.00
108.00 118.50
107.50 118.00
107.00 117.50
106.50 117.00
106.50 116.50
106.00 116.00
105.50 115.50
105.50 115.00
105.50 114.50
105.00 114.00
105.00 113.50
104.50 113.00
104.50 112.50
104.50 112.00
104.00 111.50
104.00 111.00
104.00 110.50
104.00 110.00
104.00 109.50
103.50 109.00
103.50 108.50
103.50 108.00
103.50 107.50
103.50 107.00
103.50 106.50
103.50 106.00
103.50 105.50
103.50 105.00
103.50 104.50
103.50 104.00
104.00 103.50
104.00 103.00
104.00 102.50
104.00 102.00
104.00 101.50
104.50 101.00
104.50 100.50
104.50 100.00
104.50 99.50
104.50 99.00
105.00 98.50
105.00 98.00
105.50 97.50
105.50 97.00
105.50 96.50
106.00 96.00
106.00 95.50
106.50 95.00
106.50 94.50
107.00 94.00
107.50 93.50
108.00 93.00
108.50 92.50
108.50 92.00
109.00 91.50
109.50 91.00
110.00 91.00
110.50 90.50
111.00 90.50
111.50 90.00
112.00 89.50
112.50 89.00
113.00 88.50
113.50 88.50
114.00 88.00
114.50 88.00
115.00 87.50
115.50 87.50
116.00 87.00
116.50 87.00
117.00 86.50
117.50 86.50
118.00 86.50
118.50 86.00
119.00 86.00
119.50 86.00
120.00 86.00
120.50 86.00
121.00 85.50
121.50 85.50
122.00 85.50
122.50 85.50
123.00 85.50
123.50 85.50
124.00 85.50
124.50 85.50
125.00 85.50
125.50 85.50
126.00 85.50
126.50 85.50
127.00 86.00
127.50 86.00
128.00 86.00
128.50 86.00
129.00 86.00
129.50 86.50
130.00 86.50
130.50 86.50
131.00 86.50
131.50 87.00
132.00 87.00
132.50 87.50
133.00 87.50
133.50 88.00
134.00 88.00
134.50 88.50
135.00 89.00
135.50 89.00
136.00 89.50
136.50 90.00
137.00 90.50
137.50 91.00
138.00 91.50
138.50 92.00
139.00 92.50
139.50 93.00
140.00 93.50
140.50 94.00
141.00 94.50
141.50 95.00
141.50 95.50
142.00 96.00
142.50 96.50
142.50 97.00
142.50 97.50
143.00 98.00
143.00 98.50
143.50 99.00
143.50 99.50
143.50 100.00
144.00 100.50
144.00 101.00
144.00 101.50
144.00 102.00
144.00 102.50
144.50 103.00
144.50 103.50
144.50 104.00
144.50 104.50
144.50 105.00
144.50 105.50
144.50 106.00
144.50 106.50
144.50 107.00
144.50 107.50
144.50 108.00
144.50 108.50
144.00 109.00
144.00 109.50
144.00 110.00
144.00 110.50
144.00 111.00
143.50 111.50
