165.00 130.50
164.50 131.00
164.00 131.50
163.50 132.00
163.00 132.50
162.50 132.50
162.00 132.50
161.50 133.00
161.00 133.00
160.50 133.00
160.00 133.00
159.50 133.00
159.00 132.50
158.50 132.00
158.50 131.50
158.50 131.00
158.50 130.50
158.50 130.00
158.50 129.50
158.50 129.00
159.00 128.50
159.50 128.00
160.00 127.50
160.50 127.00
161.00 126.50
161.50 126.50
162.00 126.00
162.50 126.00
163.00 126.00
163.50 126.00
164.00 126.50
164.50 127.00
164.50 127.50
165.00 128.00
165.00 128.50
165.00 129.00
165.00 129.50
165.00 130.00
