120.00 112.00
120.50 111.50
120.50 111.00
121.00 110.50
121.50 110.00
122.00 110.00
122.50 109.50
123.00 109.00
123.50 109.00
124.00 108.50
124.50 108.50
125.00 108.00
125.50 108.00
126.00 107.50
126.50 107.50
127.00 107.50
127.50 107.00
128.00 106.50
128.50 106.50
129.00 106.00
129.50 106.00
130.00 106.00
130.50 105.50
131.00 105.50
131.50 105.50
132.00 105.50
132.50 105.50
133.00 105.50
133.50 105.50
134.00 105.50
134.50 106.00
135.00 106.00
135.50 106.00
136.00 106.00
136.50 106.00
137.00 106.50
137.50 106.50
138.00 106.50
138.50 106.50
139.00 106.50
139.50 107.00
140.00 107.00
140.50 107.00
141.00 107.00
141.50 107.00
142.00 107.50
142.50 107.50
143.00 107.50
143.50 107.50
144.00 108.00
144.50 108.00
145.00 108.00
145.50 108.50
146.00 108.50
146.50 109.00
147.00 109.00
147.50 109.50
148.00 110.00
148.50 110.00
149.00 110.50
149.50 111.00
149.50 111.50
150.00 112.00
150.50 112.50
150.50 113.00
151.00 113.50
151.00 114.00
151.50 114.50
151.50 115.00
152.00 115.50
152.00 116.00
152.50 116.50
153.00 117.00
153.00 117.50
153.50 118.00
154.00 118.50
154.00 119.00
154.50 119.50
155.00 120.00
155.00 120.50
155.50 121.00
156.00 121.50
156.00 122.00
156.50 122.50
156.50 123.00
157.00 123.50
157.50 124.00
157.50 124.50
158.00 125.00
158.00 125.50
158.00 126.00
158.50 126.50
158.50 127.00
159.00 127.50
159.00 128.00
159.00 128.50
159.00 129.00
159.00 129.50
159.50 130.00
159.50 130.50
159.50 131.00
159.50 131.50
159.50 132.00
159.00 132.50
159.00 133.00
159.00 133.50
159.00 134.00
159.00 134.50
158.50 135.00
158.50 135.50
158.50 136.00
158.50 136.50
158.00 137.00
158.00 137.50
158.00 138.00
157.50 138.50
157.50 139.00
157.00 139.50
157.00 140.00
156.50 140.50
156.50 141.00
156.00 141.50
156.00 142.00
155.50 142.50
155.50 143.00
155.00 143.50
154.50 144.00
154.50 144.50
154.00 145.00
153.50 145.50
153.50 146.00
153.00 146.50
152.50 147.00
152.00 147.50
152.00 148.00
151.50 148.50
151.00 149.00
150.50 149.50
150.00 150.00
149.50 150.50
149.00 151.00
148.50 151.50
148.00 152.00
147.50 152.50
147.00 152.50
146.50 153.00
146.00 153.50
145.50 154.00
145.00 154.00
144.50 154.50
144.00 154.50
143.50 155.00
143.00 155.50
142.50 155.50
142.00 156.00
141.50 156.00
141.00 156.50
140.50 156.50
140.00 156.50
139.50 157.00
139.00 157.00
138.50 157.50
138.00 157.50
137.50 157.50
137.00 158.00
136.50 158.00
136.00 158.00
135.50 158.50
135.00 158.50
134.50 158.50
134.00 158.50
133.50 159.00
133.00 159.00
132.50 159.00
132.00 159.00
131.50 159.50
131.00 159.50
130.50 159.50
130.00 159.50
129.50 159.50
129.00 159.50
128.50 160.00
128.00 160.00
127.50 160.00
127.00 160.00
126.50 160.00
126.00 160.00
125.50 160.00
125.00 160.00
124.50 160.00
124.00 160.00
123.50 160.00
123.00 160.00
122.50 160.00
122.00 160.00
121.50 160.00
121.00 160.00
120.50 160.00
120.00 159.50
119.50 159.50
119.00 159.50
118.50 159.50
118.00 159.50
117.50 159.00
117.00 159.00
116.50 159.00
116.00 159.00
115.50 158.50
115.00 158.50
114.50 158.50
114.00 158.00
113.50 158.00
113.00 157.50
112.50 157.50
112.00 157.00
111.50 157.00
111.00 156.50
110.50 156.50
110.00 156.00
109.50 155.50
109.00 155.00
108.50 155.00
108.00 154.50
107.50 154.00
107.00 153.50
106.50 153.00
106.00 152.50
105.50 152.00
105.50 151.50
105.00 151.00
104.50 150.50
104.00 150.00
104.00 149.50
103.50 149.00
103.00 148.50
103.00 148.00
102.50 147.50
102.50 147.00
102.50 146.50
102.00 146.00
102.00 145.50
101.50 145.00
101.50 144.50
101.50 144.00
101.50 143.50
101.50 143.00
101.00 142.50
101.00 142.00
101.00 141.50
101.00 141.00
101.00 140.50
101.00 140.00
101.00 139.50
101.00 139.00
101.50 138.50
101.50 138.00
101.50 137.50
101.50 137.00
102.00 136.50
102.00 136.00
102.00 135.50
102.50 135.00
102.50 134.50
102.50 134.00
103.00 133.50
103.00 133.00
103.00 132.50
103.00 132.00
103.50 131.50
103.50 131.00
103.50 130.50
103.50 130.00
104.00 129.50
104.00 129.00
104.00 128.50
104.00 128.00
104.00 127.50
104.00 127.00
104.00 126.50
104.00 126.00
104.50 125.50
104.50 125.00
104.50 124.50
104.50 124.00
105.00 123.50
105.00 123.00
105.50 122.50
105.50 122.00
106.00 121.50
106.50 121.00
106.50 120.50
107.00 120.00
107.50 119.50
108.00 119.00
108.50 118.50
109.00 118.50
109.50 118.00
110.00 117.50
110.50 117.50
111.00 117.00
111.50 117.00
112.00 116.50
112.50 116.00
113.00 116.00
113.50 115.50
114.00 115.50
114.50 115.00
115.00 115.00
115.50 114.50
116.00 114.50
116.50 114.50
117.00 114.00
117.50 113.50
118.00 113.50
118.50 113.00
118.50 112.50
119.00 112.50
119.50 112.00
