170.50 118.50
170.50 119.00
171.00 119.50
171.00 119.00
171.50 119.50
171.50 120.00
171.50 120.50
171.50 121.00
172.00 121.50
172.00 122.00
172.00 122.50
172.00 123.00
172.00 123.50
172.50 124.00
172.50 124.50
172.50 125.00
172.50 125.50
172.50 126.00
172.50 126.50
172.50 127.00
172.50 127.50
172.50 128.00
172.50 128.50
172.50 129.00
172.50 129.50
172.50 130.00
172.50 130.50
172.50 131.00
172.50 131.50
172.50 132.00
172.50 132.50
172.50 133.00
172.50 133.50
172.50 134.00
172.50 134.50
172.00 135.00
172.00 135.50
172.00 136.00
172.00 136.50
171.50 137.00
171.50 137.50
171.50 138.00
171.50 138.50
171.00 139.00
171.00 139.50
171.00 140.00
170.50 140.50
170.50 141.00
170.00 141.50
170.00 142.00
170.00 142.50
169.50 143.00
169.50 143.50
169.00 144.00
169.00 144.50
168.50 145.00
168.50 145.50
168.00 146.00
167.50 146.50
167.50 147.00
167.00 147.50
167.00 148.00
166.50 148.50
166.00 149.00
166.00 149.50
165.50 150.00
165.00 150.50
164.50 151.00
164.00 151.50
164.00 152.00
163.50 152.50
163.00 153.00
162.50 153.50
162.00 154.00
161.50 154.50
161.00 155.00
160.50 155.50
160.00 156.00
159.50 156.00
159.00 156.50
158.50 157.00
158.00 157.50
157.50 158.00
157.00 158.00
156.50 158.50
156.00 159.00
155.50 159.00
155.00 159.50
154.50 159.50
154.00 160.00
153.50 160.00
153.00 160.00
152.50 160.00
152.00 160.50
151.50 160.50
151.00 160.50
150.50 161.00
150.00 161.00
149.50 161.00
149.00 161.00
148.50 161.50
148.00 161.50
147.50 161.50
147.00 161.50
146.50 162.00
146.00 162.00
145.50 162.00
145.00 162.00
144.50 162.00
144.00 162.50
143.50 162.50
143.00 162.50
142.50 162.50
142.00 162.50
141.50 162.50
141.00 163.00
140.50 163.00
140.00 163.00
139.50 163.00
139.00 163.00
138.50 163.00
138.00 163.00
137.50 163.00
137.00 163.00
136.50 163.00
136.00 163.00
135.50 163.00
135.00 163.00
134.50 163.00
134.00 163.00
133.50 163.00
133.00 163.00
132.50 163.00
132.00 163.00
131.50 162.50
131.00 162.50
130.50 162.50
130.00 162.50
129.50 162.50
129.00 162.00
128.50 162.00
128.00 162.00
127.50 162.00
127.00 161.50
126.50 161.50
126.00 161.50
125.50 161.50
125.00 161.00
124.50 161.00
124.00 161.00
123.50 160.50
123.00 160.50
122.50 160.50
122.00 160.00
121.50 160.00
121.00 159.50
120.50 159.50
120.00 159.50
119.50 159.00
119.00 159.00
118.50 158.50
118.00 158.50
117.50 158.50
117.00 158.00
116.50 158.00
116.00 157.50
115.50 157.50
115.00 157.00
114.50 157.00
114.00 156.50
113.50 156.50
113.00 156.00
112.50 156.00
112.00 155.50
111.50 155.50
111.00 155.00
110.50 154.50
110.00 154.50
109.50 154.00
109.00 153.50
108.50 153.00
108.00 152.50
107.50 152.00
107.50 151.50
107.00 151.00
106.50 150.50
106.00 150.00
106.00 149.50
105.50 149.00
105.00 148.50
105.00 148.00
104.50 147.50
104.50 147.00
104.00 146.50
104.00 146.00
103.50 145.50
103.50 145.00
103.00 144.50
103.00 144.00
103.00 143.50
102.50 143.00
102.50 142.50
102.50 142.00
102.00 141.50
102.00 141.00
102.00 140.50
101.50 140.00
101.50 139.50
101.50 139.00
101.50 138.50
101.50 138.00
101.00 137.50
101.00 137.00
101.00 136.50
101.00 136.00
101.00 135.50
101.00 135.00
101.00 134.50
101.00 134.00
101.00 133.50
101.00 133.00
101.00 132.50
101.00 132.00
101.00 131.50
101.00 131.00
101.00 130.50
101.00 130.00
101.50 129.50
101.50 129.00
101.50 128.50
101.50 128.00
101.50 127.50
102.00 127.00
102.00 126.50
102.00 126.00
102.00 125.50
102.00 125.00
102.50 124.50
102.50 124.00
102.50 123.50
103.00 123.00
103.00 122.50
103.00 122.00
103.00 121.50
103.50 121.00
103.50 120.50
104.00 120.00
104.00 119.50
104.00 119.00
104.50 118.50
104.50 118.00
104.50 117.50
105.00 117.00
105.00 116.50
105.50 116.00
105.50 115.50
106.00 115.00
106.00 114.50
106.50 114.00
106.50 113.50
107.00 113.00
107.00 112.50
107.50 112.00
107.50 111.50
108.00 111.00
108.50 110.50
108.50 110.00
109.00 109.50
109.00 109.00
109.50 108.50
110.00 108.00
110.00 107.50
110.50 107.00
111.00 106.50
111.00 106.00
111.50 105.50
112.00 105.00
112.00 104.50
112.50 104.00
113.00 103.50
113.50 103.00
114.00 102.50
114.00 102.00
114.50 101.50
115.00 101.00
115.50 100.50
116.00 100.00
116.50 99.50
116.50 99.00
117.00 98.50
117.50 98.50
118.00 98.00
118.50 97.50
119.00 97.00
119.50 96.50
120.00 96.00
120.50 95.50
121.00 95.00
121.50 95.00
122.00 94.50
122.50 94.00
123.00 93.50
123.50 93.50
124.00 93.00
124.50 92.50
125.00 92.50
125.50 92.00
126.00 92.00
126.50 91.50
127.00 91.50
127.50 91.00
128.00 91.00
128.50 90.50
129.00 90.50
129.50 90.50
130.00 90.00
130.50 90.00
131.00 90.00
131.50 90.00
132.00 90.00
132.50 89.50
133.00 89.50
133.50 89.50
134.00 89.50
134.50 89.50
135.00 89.50
135.50 89.50
136.00 89.50
136.50 89.50
137.00 89.50
137.50 89.50
138.00 89.50
138.50 89.50
139.00 90.00
139.50 90.00
140.00 90.00
140.50 90.50
141.00 90.50
141.50 90.50
142.00 91.00
142.50 91.00
143.00 91.50
143.50 91.50
144.00 92.00
144.50 92.00
145.00 92.50
145.50 92.50
146.00 93.00
146.50 93.00
147.00 93.00
147.50 93.50
148.00 93.50
148.50 94.00
149.00 94.50
149.50 94.50
150.00 95.00
150.50 95.00
151.00 95.50
151.50 96.00
152.00 96.00
152.50 96.50
153.00 97.00
153.50 97.50
154.00 97.50
154.50 98.00
155.00 98.50
155.50 99.00
156.00 99.50
156.50 99.50
157.00 100.00
157.50 100.50
158.00 101.00
158.50 101.50
159.00 102.00
159.50 102.50
160.00 103.00
160.50 103.50
161.00 104.00
161.00 104.50
161.50 105.00
162.00 105.50
162.50 106.00
163.00 106.50
163.50 107.00
163.50 107.50
164.00 108.00
164.50 108.50
165.00 109.00
165.00 109.50
165.50 110.00
166.00 110.50
166.00 111.00
166.50 111.50
166.50 112.00
167.00 112.50
167.00 113.00
167.50 113.50
168.00 114.00
168.00 114.50
168.50 115.00
168.50 115.50
169.00 116.00
169.00 116.50
169.50 117.00
170.00 117.00
170.00 117.50
