125.50 160.50
125.00 160.50
124.50 160.50
124.00 160.00
123.50 160.00
123.00 159.50
122.50 159.50
122.00 159.50
121.50 159.00
121.00 158.50
120.50 158.50
120.00 158.00
119.50 158.00
119.00 157.50
118.50 157.00
118.00 156.50
117.50 156.00
117.00 155.50
116.50 155.50
116.00 155.00
115.50 154.50
115.00 154.00
114.50 153.50
114.00 153.00
113.50 152.50
113.00 152.00
112.50 151.50
112.00 151.00
111.50 150.50
111.00 150.00
110.50 149.50
110.00 149.00
109.50 148.50
109.00 148.00
109.00 147.50
108.50 147.00
108.00 146.50
107.50 146.00
107.50 145.50
107.00 145.00
106.50 144.50
106.50 144.00
106.00 143.50
106.00 143.00
106.00 142.50
105.50 142.00
105.50 141.50
105.00 141.00
105.00 140.50
105.00 140.00
104.50 139.50
104.50 139.00
104.50 138.50
104.00 138.00
104.00 137.50
104.00 137.00
104.00 136.50
104.00 136.00
104.00 135.50
104.00 135.00
104.00 134.50
103.50 134.00
103.50 133.50
103.50 133.00
103.50 132.50
103.50 132.00
103.50 131.50
103.50 131.00
103.50 130.50
103.50 130.00
103.50 129.50
104.00 129.00
104.00 128.50
104.00 128.00
104.00 127.50
104.00 127.00
104.00 126.50
104.00 126.00
104.00 125.50
104.50 125.00
104.50 124.50
104.50 124.00
104.50 123.50
104.50 123.00
105.00 122.50
105.00 122.00
105.00 121.50
105.50 121.00
105.50 120.50
105.50 120.00
106.00 119.50
106.00 119.00
106.00 118.50
106.50 118.00
106.50 117.50
107.00 117.00
107.00 116.50
107.00 116.00
107.50 115.50
107.50 115.00
108.00 114.50
108.00 114.00
108.50 113.50
108.50 113.00
109.00 112.50
109.00 112.00
109.50 111.50
109.50 111.00
110.00 110.50
110.00 110.00
110.50 109.50
111.00 109.00
111.00 108.50
111.50 108.00
111.50 107.50
112.00 107.00
112.00 106.50
112.50 106.00
112.50 105.50
113.00 105.00
113.50 104.50
114.00 104.00
114.00 103.50
114.50 103.00
114.50 102.50
115.00 102.00
115.50 101.50
115.50 101.00
116.00 100.50
116.50 100.00
116.50 99.50
117.00 99.00
117.50 98.50
118.00 98.00
118.50 97.50
119.00 97.00
119.50 96.50
120.00 96.00
120.50 95.50
121.00 95.00
121.50 95.00
122.00 94.50
122.50 94.50
123.00 94.50
123.50 94.00
124.00 94.00
124.50 94.00
125.00 93.50
125.50 93.50
126.00 93.50
126.50 93.50
127.00 93.50
127.50 93.50
128.00 93.50
128.50 93.00
129.00 93.00
129.50 93.00
130.00 93.00
130.50 93.00
131.00 93.00
131.50 93.00
132.00 92.50
132.50 92.50
133.00 92.50
133.50 92.50
134.00 92.50
134.50 92.50
135.00 92.50
135.50 92.50
136.00 92.50
136.50 92.50
137.00 92.50
137.50 92.50
138.00 92.50
138.50 92.50
139.00 92.50
139.50 92.50
140.00 92.50
140.50 92.50
141.00 92.50
141.50 92.50
142.00 92.50
142.50 92.50
143.00 93.00
143.50 93.00
144.00 93.00
144.50 93.00
145.00 93.00
145.50 93.50
146.00 93.50
146.50 93.50
147.00 94.00
147.50 94.00
148.00 94.00
148.50 94.50
149.00 94.50
149.50 95.00
150.00 95.50
150.50 95.50
151.00 96.00
151.50 96.50
152.00 96.50
152.50 97.00
153.00 97.50
153.50 98.00
154.00 98.50
154.50 99.00
155.00 99.50
155.50 100.00
155.50 100.50
156.00 101.00
156.50 101.50
157.00 102.00
157.50 102.50
158.00 103.00
158.50 103.50
159.00 103.50
159.50 104.00
159.50 104.50
160.00 105.00
160.50 105.50
161.00 106.00
161.50 106.50
161.50 107.00
162.00 107.50
162.50 108.00
163.00 108.50
163.00 109.00
163.50 109.50
164.00 110.00
164.50 110.50
165.00 111.00
165.00 111.50
165.50 112.00
166.00 112.50
166.00 113.00
166.50 113.50
166.50 114.00
167.00 114.50
167.00 115.00
167.50 115.50
168.00 116.00
168.00 116.50
168.50 117.00
168.50 117.50
169.00 118.00
169.00 118.50
169.50 119.00
169.50 119.50
169.50 120.00
170.00 120.50
170.00 121.00
170.50 121.50
170.50 122.00
170.50 122.50
171.00 123.00
171.00 123.50
171.00 124.00
171.50 124.50
171.50 125.00
171.50 125.50
171.50 126.00
172.00 126.50
172.00 127.00
172.00 127.50
172.00 128.00
172.00 128.50
172.00 129.00
172.00 129.50
172.00 130.00
172.50 130.50
172.50 131.00
172.50 131.50
172.50 132.00
172.50 132.50
172.00 133.00
172.00 133.50
172.00 134.00
172.00 134.50
172.00 135.00
172.00 135.50
172.00 136.00
171.50 136.50
171.50 137.00
171.50 137.50
171.50 138.00
171.00 138.50
171.00 139.00
171.00 139.50
170.50 140.00
170.50 140.50
170.50 141.00
170.00 141.50
169.50 142.00
169.50 142.50
169.50 143.00
169.00 143.50
168.50 144.00
168.50 144.50
168.00 145.00
167.50 145.50
167.50 146.00
167.00 146.50
166.50 147.00
166.50 147.50
166.00 148.00
165.50 148.50
165.00 149.00
164.50 149.50
164.00 150.00
163.50 150.00
163.00 150.50
162.50 151.00
162.00 151.50
161.50 152.00
161.00 152.50
160.50 153.00
160.00 153.50
159.50 154.00
159.00 154.50
158.50 155.00
158.00 155.00
157.50 155.50
157.00 156.00
156.50 156.00
156.00 156.50
155.50 156.50
155.00 157.00
154.50 157.50
154.00 157.50
153.50 158.00
153.00 158.00
152.50 158.00
152.00 158.50
151.50 158.50
151.00 158.50
150.50 159.00
150.00 159.00
149.50 159.00
149.00 159.00
148.50 159.50
148.00 159.50
147.50 159.50
147.00 159.50
146.50 160.00
146.00 160.00
145.50 160.00
145.00 160.00
144.50 160.00
144.00 160.50
143.50 160.50
143.00 160.50
142.50 160.50
142.00 160.50
141.50 160.50
141.00 160.50
140.50 161.00
140.00 161.00
139.50 161.00
139.00 161.00
138.50 161.00
138.00 161.00
137.50 161.00
137.00 161.00
136.50 161.00
136.00 161.00
135.50 161.00
135.00 161.00
134.50 161.00
134.00 161.00
133.50 161.00
133.00 161.00
132.50 161.00
132.00 161.00
131.50 161.00
131.00 161.00
130.50 160.50
130.00 160.50
129.50 160.50
129.00 160.50
128.50 160.50
128.00 160.50
127.50 160.00
127.00 160.00
126.50 160.00
126.00 160.00
