142.50 97.50
143.00 97.50
143.50 97.50
144.00 98.00
144.50 98.00
145.00 98.00
145.50 98.50
146.00 98.50
146.50 98.50
147.00 99.00
147.50 99.00
148.00 99.50
148.50 99.50
149.00 100.00
149.50 100.50
150.00 100.50
150.50 101.00
151.00 101.50
151.50 102.00
152.00 102.50
152.50 102.50
153.00 103.00
153.50 103.50
154.00 104.00
154.50 104.50
154.50 105.00
155.00 105.50
155.50 106.00
156.00 106.50
156.50 107.00
157.00 107.50
157.50 108.00
157.50 108.50
158.00 109.00
158.50 109.50
158.50 110.00
159.00 110.50
159.50 111.00
159.50 111.50
160.00 112.00
160.00 112.50
160.50 113.00
160.50 113.50
161.00 114.00
161.50 114.50
161.50 115.00
162.00 115.50
162.00 116.00
162.50 116.50
162.50 117.00
162.50 117.50
163.00 118.00
163.00 118.50
163.50 119.00
163.50 119.50
164.00 120.00
164.00 120.50
164.00 121.00
164.50 121.50
164.50 122.00
164.50 122.50
164.50 123.00
165.00 123.50
165.00 124.00
165.00 124.50
165.50 125.00
165.50 125.50
165.50 126.00
165.50 126.50
165.50 127.00
166.00 127.50
166.00 128.00
166.00 128.50
166.00 129.00
166.00 129.50
166.00 130.00
166.00 130.50
166.00 131.00
166.00 131.50
166.00 132.00
166.00 132.50
166.00 133.00
166.00 133.50
166.00 134.00
166.00 134.50
165.50 135.00
165.50 135.50
165.50 136.00
165.50 136.50
165.50 137.00
165.50 137.50
165.00 138.00
165.00 138.50
165.00 139.00
164.50 139.50
164.50 140.00
164.00 140.50
164.00 141.00
164.00 141.50
163.50 142.00
163.50 142.50
163.00 143.00
163.00 143.50
162.50 144.00
162.50 144.50
162.50 145.00
162.00 145.50
161.50 146.00
161.50 146.50
161.00 147.00
160.50 147.50
160.00 148.00
159.50 148.50
159.50 149.00
159.00 149.50
158.50 150.00
158.00 150.50
157.50 151.00
157.00 151.50
156.50 152.00
156.00 152.50
155.50 153.00
155.00 153.50
154.50 154.00
154.00 154.50
153.50 155.00
153.00 155.50
152.50 155.50
152.00 156.00
151.50 156.50
151.00 156.50
150.50 157.00
150.00 157.50
149.50 157.50
149.00 158.00
148.50 158.00
148.00 158.50
147.50 159.00
147.00 159.00
146.50 159.00
146.00 159.50
145.50 159.50
145.00 160.00
144.50 160.00
144.00 160.50
143.50 160.50
143.00 160.50
142.50 161.00
142.00 161.00
141.50 161.00
141.00 161.50
140.50 161.50
140.00 161.50
139.50 161.50
139.00 162.00
138.50 162.00
138.00 162.00
137.50 162.00
137.00 162.00
136.50 162.50
136.00 162.50
135.50 162.50
135.00 162.50
134.50 162.50
134.00 162.50
133.50 162.50
133.00 162.50
132.50 163.00
132.00 163.00
131.50 163.00
131.00 163.00
130.50 163.00
130.00 163.00
129.50 163.00
129.00 163.00
128.50 163.00
128.00 162.50
127.50 162.50
127.00 162.50
126.50 162.50
126.00 162.50
125.50 162.50
125.00 162.50
124.50 162.00
124.00 162.00
123.50 162.00
123.00 162.00
122.50 161.50
122.00 161.50
121.50 161.50
121.00 161.00
120.50 161.00
120.00 161.00
119.50 160.50
119.00 160.50
118.50 160.00
118.00 160.00
117.50 159.50
117.00 159.00
116.50 159.00
116.00 158.50
115.50 158.50
115.00 158.00
114.50 157.50
114.00 157.00
113.50 156.50
113.00 156.00
112.50 156.00
112.00 155.50
111.50 155.00
111.50 154.50
111.00 154.00
110.50 153.50
110.00 153.00
110.00 152.50
109.50 152.00
109.00 151.50
108.50 151.00
108.50 150.50
108.50 150.00
108.00 149.50
107.50 149.00
107.50 148.50
107.00 148.00
107.00 147.50
107.00 147.00
106.50 146.50
106.50 146.00
106.50 145.50
106.00 145.00
106.00 144.50
106.00 144.00
105.50 143.50
105.50 143.00
105.50 142.50
105.50 142.00
105.50 141.50
105.00 141.00
105.00 140.50
105.00 140.00
105.00 139.50
105.00 139.00
105.00 138.50
105.00 138.00
105.00 137.50
105.00 137.00
105.00 136.50
105.00 136.00
105.00 135.50
105.00 135.00
105.00 134.50
105.00 134.00
105.50 133.50
105.50 133.00
105.50 132.50
105.50 132.00
106.00 131.50
106.00 131.00
106.00 130.50
106.00 130.00
106.50 129.50
106.50 129.00
106.50 128.50
107.00 128.00
107.00 127.50
107.00 127.00
107.50 126.50
107.50 126.00
108.00 125.50
108.00 125.00
108.00 124.50
108.50 124.00
108.50 123.50
109.00 123.00
109.00 122.50
109.50 122.00
110.00 121.50
110.00 121.00
110.00 120.50
110.50 120.00
111.00 119.50
111.00 119.00
111.50 118.50
111.50 118.00
112.00 117.50
112.50 117.00
112.50 116.50
113.00 116.00
113.00 115.50
113.50 115.00
114.00 114.50
114.50 114.00
115.00 113.50
115.00 113.00
115.50 112.50
115.50 112.00
116.00 111.50
116.50 111.00
117.00 110.50
117.50 110.00
118.00 109.50
118.00 109.00
118.50 108.50
119.00 108.00
119.50 107.50
120.00 107.00
120.50 106.50
121.00 106.00
121.50 105.50
122.00 105.00
122.50 104.50
123.00 104.50
123.50 104.00
124.00 103.50
124.50 103.00
125.00 103.00
125.50 102.50
126.00 102.00
126.50 102.00
127.00 101.50
127.50 101.50
128.00 101.00
128.50 100.50
129.00 100.50
129.50 100.00
130.00 100.00
130.50 100.00
131.00 99.50
131.50 99.50
132.00 99.00
132.50 99.00
133.00 98.50
133.50 98.50
134.00 98.50
134.50 98.00
135.00 98.00
135.50 98.00
136.00 98.00
136.50 97.50
137.00 97.50
137.50 97.50
138.00 97.50
138.50 97.50
139.00 97.50
139.50 97.50
140.00 97.50
140.50 97.50
141.00 97.50
141.50 97.50
142.00 97.50
