113.00 144.00
112.50 143.50
112.50 143.00
112.50 142.50
112.00 142.00
112.00 141.50
112.00 141.00
112.00 140.50
111.50 140.00
111.50 139.50
111.50 139.00
111.50 138.50
111.50 138.00
111.50 137.50
111.50 137.00
111.50 136.50
111.50 136.00
111.50 135.50
111.50 135.00
111.50 134.50
111.50 134.00
111.50 133.50
111.50 133.00
111.50 132.50
111.50 132.00
111.50 131.50
111.50 131.00
111.50 130.50
111.50 130.00
111.50 129.50
111.50 129.00
111.50 128.50
111.50 128.00
112.00 127.50
112.00 127.00
112.00 126.50
112.00 126.00
112.00 125.50
112.00 125.00
112.50 124.50
112.50 124.00
112.50 123.50
112.50 123.00
113.00 122.50
113.00 122.00
113.00 121.50
113.00 121.00
113.50 120.50
113.50 120.00
113.50 119.50
114.00 119.00
114.00 118.50
114.00 118.00
114.50 117.50
114.50 117.00
115.00 116.50
115.00 116.00
115.50 115.50
115.50 115.00
115.50 114.50
116.00 114.00
116.50 113.50
116.50 113.00
116.50 112.50
117.00 112.00
117.50 111.50
117.50 111.00
118.00 110.50
118.50 110.00
119.00 109.50
119.00 109.00
119.50 108.50
120.00 108.50
120.50 108.00
121.00 108.00
121.50 107.50
122.00 107.50
122.50 107.50
123.00 107.00
123.50 107.00
124.00 106.50
124.50 106.50
125.00 106.00
125.50 106.00
126.00 105.50
126.50 105.50
127.00 105.00
127.50 105.00
128.00 105.00
128.50 104.50
129.00 104.50
129.50 104.00
130.00 104.00
130.50 104.00
131.00 104.00
131.50 103.50
132.00 103.50
132.50 103.50
133.00 103.00
133.50 103.00
134.00 103.00
134.50 103.00
135.00 103.00
135.50 103.00
136.00 103.00
136.50 103.00
137.00 103.00
137.50 103.00
138.00 103.50
138.50 103.50
139.00 103.50
139.50 103.50
140.00 103.50
140.50 104.00
141.00 104.00
141.50 104.50
142.00 104.50
142.50 104.50
143.00 105.00
143.50 105.00
144.00 105.00
144.50 105.50
145.00 105.50
145.50 106.00
146.00 106.00
146.50 106.50
147.00 106.50
147.50 107.00
148.00 107.00
148.50 107.50
149.00 108.00
149.50 108.00
150.00 108.50
150.50 108.50
151.00 109.00
151.50 109.50
152.00 109.50
152.50 110.00
153.00 110.50
153.50 111.00
154.00 111.00
154.50 111.50
155.00 112.00
155.00 112.50
155.50 113.00
156.00 113.50
156.50 114.00
157.00 114.50
157.00 115.00
157.50 115.50
157.50 116.00
157.50 116.50
158.00 117.00
158.50 117.50
158.50 118.00
158.50 118.50
159.00 119.00
159.00 119.50
159.00 120.00
159.00 120.50
159.50 121.00
159.50 121.50
159.50 122.00
159.50 122.50
159.50 123.00
159.50 123.50
159.50 124.00
159.50 124.50
159.50 125.00
159.50 125.50
159.50 126.00
159.50 126.50
159.50 127.00
159.50 127.50
159.50 128.00
159.50 128.50
159.50 129.00
159.50 129.50
159.50 130.00
159.00 130.50
159.00 131.00
159.00 131.50
159.00 132.00
159.00 132.50
159.00 133.00
158.50 133.50
158.50 134.00
158.50 134.50
158.50 135.00
158.50 135.50
158.50 136.00
158.00 136.50
158.00 137.00
158.00 137.50
158.00 138.00
157.50 138.50
157.50 139.00
157.50 139.50
157.50 140.00
157.00 140.50
157.00 141.00
157.00 141.50
156.50 142.00
156.50 142.50
156.50 143.00
156.00 143.50
156.00 144.00
156.00 144.50
155.50 145.00
155.00 145.50
155.00 146.00
154.50 146.50
154.00 147.00
153.50 147.50
153.50 148.00
153.00 148.50
152.50 149.00
152.00 149.00
151.50 149.50
151.00 150.00
150.50 150.50
150.00 150.50
149.50 151.00
149.00 151.50
148.50 151.50
148.00 151.50
147.50 152.00
147.00 152.00
146.50 152.50
146.00 153.00
145.50 153.00
145.00 153.50
144.50 153.50
144.00 153.50
143.50 153.50
143.00 154.00
142.50 154.00
142.00 154.50
141.50 154.50
141.00 154.50
140.50 155.00
140.00 155.00
139.50 155.00
139.00 155.00
138.50 155.50
138.00 155.50
137.50 155.50
137.00 155.50
136.50 155.50
136.00 155.50
135.50 155.50
135.00 155.50
134.50 155.50
134.00 155.50
133.50 155.50
133.00 155.50
132.50 155.50
132.00 155.50
131.50 155.50
131.00 155.50
130.50 155.50
130.00 155.50
129.50 155.00
129.00 155.00
128.50 155.00
128.00 155.00
127.50 154.50
127.00 154.50
126.50 154.50
126.00 154.00
125.50 154.00
125.00 154.00
124.50 153.50
124.00 153.50
123.50 153.00
123.00 153.00
122.50 152.50
122.00 152.50
121.50 152.00
121.00 152.00
120.50 151.50
120.00 151.00
119.50 151.00
119.00 150.50
118.50 150.00
118.00 149.50
117.50 149.00
117.00 148.50
116.50 148.00
116.00 148.00
115.50 147.50
115.00 147.00
115.00 146.50
114.50 146.00
114.00 145.50
113.50 145.00
113.00 144.50
