137.00 157.50
136.50 158.00
136.00 158.50
135.50 159.00
135.00 159.00
134.50 159.50
134.00 159.50
133.50 159.00
133.00 159.00
132.50 159.00
132.00 159.00
131.50 158.50
131.00 158.50
130.50 158.50
130.00 158.50
129.50 158.00
129.00 158.00
128.50 158.00
128.00 158.00
127.50 158.00
127.00 158.00
126.50 158.00
126.00 158.00
125.50 158.00
125.00 157.50
124.50 157.50
124.00 157.50
123.50 157.00
123.00 156.50
123.00 156.00
122.50 155.50
122.50 155.00
122.50 154.50
123.00 154.00
123.50 153.50
124.00 153.00
124.50 153.00
125.00 152.50
125.50 152.50
126.00 152.00
126.50 152.00
127.00 151.50
127.50 151.50
128.00 151.50
128.50 151.50
129.00 151.50
129.50 152.00
130.00 152.00
130.50 152.50
131.00 153.00
131.50 153.50
132.00 153.50
132.50 154.00
133.00 154.50
133.50 154.50
134.00 154.50
134.50 155.00
135.00 155.00
135.50 155.50
136.00 155.50
136.50 156.00
137.00 156.50
137.00 157.00
