141.50 159.50
141.00 159.50
140.50 160.00
140.00 160.00
139.50 160.00
139.00 160.00
138.50 160.00
138.00 160.00
137.50 160.00
137.00 160.00
136.50 160.00
136.00 160.00
135.50 160.00
135.00 160.00
134.50 160.00
134.00 160.00
133.50 160.50
133.00 160.50
132.50 160.00
132.00 160.00
131.50 159.50
131.00 159.00
130.50 158.50
130.50 158.00
130.00 157.50
130.00 157.00
130.00 156.50
130.00 156.00
130.00 155.50
130.00 155.00
130.00 154.50
130.50 154.00
131.00 153.50
131.50 153.50
132.00 153.50
132.50 153.50
133.00 153.50
133.50 153.50
134.00 153.50
134.50 154.00
135.00 154.00
135.50 154.00
136.00 154.50
136.50 154.50
137.00 154.50
137.50 154.50
138.00 154.50
138.50 155.00
139.00 155.00
139.50 155.50
140.00 156.00
140.50 156.50
141.00 157.00
141.50 157.50
142.00 158.00
142.00 158.50
142.00 159.00
