114.50 125.00
114.50 124.50
114.50 124.00
114.50 123.50
114.50 123.00
115.00 122.50
115.00 122.00
115.00 121.50
115.00 121.00
115.50 120.50
115.50 120.00
115.50 119.50
115.50 119.00
116.00 118.50
116.00 118.00
116.00 117.50
116.50 117.00
116.50 116.50
116.50 116.00
117.00 115.50
117.00 115.00
117.50 114.50
117.50 114.00
118.00 113.50
118.00 113.00
118.50 112.50
118.50 112.00
119.00 111.50
119.50 111.00
119.50 110.50
120.00 110.00
120.50 109.50
121.00 109.00
121.00 108.50
121.50 108.00
122.00 107.50
122.50 107.00
123.00 106.50
123.50 106.50
124.00 106.00
124.50 105.50
125.00 105.00
125.50 105.00
126.00 104.50
126.50 104.00
127.00 104.00
127.50 103.50
128.00 103.50
128.50 103.50
129.00 103.00
129.50 102.50
130.00 102.50
130.50 102.50
131.00 102.00
131.50 102.00
132.00 101.50
132.50 101.50
133.00 101.50
133.50 101.00
134.00 101.00
134.50 101.50
135.00 101.50
135.50 101.50
136.00 101.50
136.50 101.50
137.00 101.50
137.50 102.00
138.00 102.00
138.50 102.00
139.00 102.50
139.50 102.50
140.00 103.00
140.50 103.00
141.00 103.50
141.50 103.50
142.00 104.00
142.50 104.50
143.00 104.50
143.50 105.00
144.00 105.50
144.50 105.50
145.00 106.00
145.50 106.50
146.00 107.00
146.50 107.00
147.00 107.50
147.50 108.00
148.00 108.50
148.50 109.00
149.00 109.50
149.50 109.50
150.00 110.00
150.50 110.50
151.00 111.00
151.50 111.50
152.00 112.00
152.50 112.50
153.00 113.00
153.50 113.50
154.00 114.00
154.50 114.50
155.00 115.00
155.50 115.00
156.00 115.50
156.50 116.00
156.50 116.50
157.00 117.00
157.50 117.50
158.00 117.50
158.50 118.00
158.50 118.50
159.00 119.00
159.50 119.50
159.50 120.00
160.00 120.50
160.00 121.00
160.50 121.50
161.00 122.00
161.00 122.50
161.00 123.00
161.50 123.50
161.50 124.00
161.50 124.50
162.00 125.00
162.00 125.50
162.00 126.00
162.00 126.50
162.50 127.00
162.50 127.50
162.50 128.00
162.50 128.50
162.50 129.00
162.50 129.50
162.50 130.00
162.50 130.50
162.50 131.00
162.50 131.50
162.50 132.00
162.50 132.50
162.50 133.00
162.50 133.50
162.50 134.00
162.50 134.50
162.00 135.00
162.00 135.50
162.00 136.00
161.50 136.50
161.50 137.00
161.50 137.50
161.00 138.00
161.00 138.50
161.00 139.00
160.50 139.50
160.00 140.00
160.00 140.50
159.50 141.00
159.00 141.50
158.50 142.00
158.50 142.50
158.00 143.00
157.50 143.50
157.00 144.00
156.50 144.50
156.00 145.00
155.50 145.50
155.00 145.50
154.50 146.00
154.00 146.50
153.50 147.00
153.00 147.00
152.50 147.50
152.00 148.00
151.50 148.00
151.00 148.50
150.50 149.00
150.00 149.00
149.50 149.50
149.00 150.00
148.50 150.00
148.00 150.50
147.50 150.50
147.00 151.00
146.50 151.00
146.00 151.50
145.50 152.00
145.00 152.00
144.50 152.00
144.00 152.50
143.50 152.50
143.00 153.00
142.50 153.00
142.00 153.00
141.50 153.50
141.00 153.50
140.50 153.50
140.00 153.50
139.50 154.00
139.00 154.00
138.50 154.00
138.00 154.00
137.50 154.00
137.00 154.00
136.50 154.50
136.50 155.00
136.00 155.50
135.50 155.50
135.00 155.00
134.50 155.00
134.00 155.00
133.50 155.00
133.00 155.00
132.50 154.50
132.00 154.50
131.50 154.50
131.00 154.50
130.50 154.50
130.00 154.50
129.50 154.00
129.00 154.00
128.50 154.00
128.00 154.00
127.50 153.50
127.00 153.50
126.50 153.50
126.00 153.00
125.50 153.00
125.00 153.00
124.50 152.50
124.00 152.50
123.50 152.00
123.00 152.00
122.50 151.50
122.00 151.50
121.50 151.00
121.00 151.00
120.50 150.50
120.00 150.00
119.50 149.50
119.00 149.00
118.50 148.50
118.50 148.00
118.00 147.50
117.50 147.00
117.50 146.50
117.00 146.00
116.50 145.50
116.00 145.00
116.00 144.50
115.50 144.00
115.50 143.50
115.00 143.00
115.00 142.50
115.00 142.00
114.50 141.50
114.50 141.00
114.50 140.50
114.00 140.00
114.00 139.50
114.00 139.00
114.00 138.50
113.50 138.00
113.50 137.50
113.50 137.00
113.50 136.50
113.00 136.00
113.00 135.50
113.00 135.00
113.00 134.50
113.00 134.00
113.00 133.50
113.00 133.00
113.00 132.50
113.00 132.00
113.00 131.50
113.00 131.00
113.00 130.50
113.50 130.00
113.50 129.50
113.50 129.00
113.50 128.50
114.00 128.00
114.00 127.50
114.00 127.00
114.50 126.50
114.50 126.00
114.50 125.50
