100.50 149.00
100.50 148.50
100.50 148.00
100.00 147.50
100.00 147.00
100.00 146.50
100.00 146.00
100.00 145.50
100.00 145.00
99.50 144.50
99.50 144.00
99.50 143.50
99.50 143.00
99.50 142.50
99.50 142.00
99.50 141.50
99.50 141.00
99.50 140.50
99.50 140.00
99.50 139.50
99.50 139.00
99.50 138.50
99.50 138.00
99.50 137.50
100.00 137.00
100.00 136.50
100.00 136.00
100.50 135.50
100.50 135.00
100.50 134.50
100.50 134.00
101.00 133.50
101.00 133.00
101.50 132.50
101.50 132.00
101.50 131.50
102.00 131.00
102.00 130.50
102.50 130.00
102.50 129.50
102.50 129.00
103.00 128.50
103.00 128.00
103.00 127.50
103.50 127.00
103.50 126.50
103.50 126.00
104.00 125.50
104.00 125.00
104.00 124.50
104.00 124.00
104.50 123.50
104.50 123.00
104.50 122.50
104.50 122.00
105.00 121.50
105.00 121.00
105.00 120.50
105.50 120.00
105.50 119.50
106.00 119.00
106.00 118.50
106.00 118.00
106.50 117.50
106.50 117.00
107.00 116.50
107.50 116.00
108.00 115.50
108.00 115.00
108.50 114.50
109.00 114.00
109.50 113.50
110.00 113.00
110.00 112.50
110.50 112.00
111.00 111.50
111.50 111.00
112.00 110.50
112.50 110.00
113.00 109.50
113.50 109.00
114.00 108.50
114.50 108.00
115.00 107.50
115.50 107.00
116.00 106.50
116.50 106.50
117.00 106.00
117.50 105.50
118.00 105.00
118.50 105.00
119.00 104.50
119.50 104.00
120.00 103.50
120.50 103.50
121.00 103.00
121.50 102.50
122.00 102.50
122.50 102.00
123.00 102.00
123.50 101.50
124.00 101.50
124.50 101.00
125.00 101.00
125.50 100.50
126.00 100.50
126.50 100.00
127.00 100.00
127.50 99.50
128.00 99.50
128.50 99.50
129.00 99.50
129.50 99.00
130.00 99.00
130.50 99.00
131.00 99.00
131.50 98.50
132.00 98.50
132.50 98.50
133.00 98.50
133.50 98.50
134.00 98.50
134.50 98.50
135.00 98.50
135.50 98.50
136.00 98.50
136.50 98.50
137.00 98.50
137.50 98.50
138.00 98.50
138.50 98.50
139.00 98.50
139.50 99.00
140.00 99.00
140.50 99.00
141.00 99.50
141.50 99.50
142.00 99.50
142.50 100.00
143.00 100.00
143.50 100.50
144.00 100.50
144.50 101.00
145.00 101.50
145.50 102.00
146.00 102.00
146.50 102.50
147.00 103.00
147.50 103.50
148.00 104.00
148.50 104.50
149.00 104.50
149.50 105.00
150.00 105.50
150.50 106.00
151.00 106.50
151.50 107.00
151.50 107.50
152.00 108.00
152.50 108.50
153.00 109.00
153.00 109.50
153.50 110.00
154.00 110.50
154.50 111.00
154.50 111.50
155.00 112.00
155.00 112.50
155.50 113.00
156.00 113.50
156.00 114.00
156.50 114.50
156.50 115.00
157.00 115.50
157.00 116.00
157.50 116.50
157.50 117.00
157.50 117.50
158.00 118.00
158.00 118.50
158.50 119.00
158.50 119.50
158.50 120.00
159.00 120.50
159.00 121.00
159.00 121.50
159.00 122.00
159.50 122.50
159.50 123.00
159.50 123.50
159.50 124.00
160.00 124.50
160.00 125.00
160.00 125.50
160.00 126.00
160.00 126.50
160.00 127.00
160.00 127.50
160.50 128.00
160.50 128.50
160.50 129.00
160.50 129.50
160.50 130.00
160.50 130.50
160.50 131.00
160.00 131.50
160.00 132.00
160.00 132.50
160.00 133.00
160.00 133.50
160.00 134.00
160.00 134.50
160.00 135.00
159.50 135.50
159.50 136.00
159.50 136.50
159.00 137.00
159.00 137.50
159.00 138.00
158.50 138.50
158.50 139.00
158.50 139.50
158.00 140.00
158.00 140.50
157.50 141.00
157.50 141.50
157.00 142.00
157.00 142.50
156.50 143.00
156.50 143.50
156.00 144.00
155.50 144.50
155.50 145.00
155.00 145.50
154.50 146.00
154.50 146.50
154.00 147.00
154.00 147.50
153.50 148.00
153.50 148.50
153.00 149.00
153.00 149.50
152.50 150.00
152.00 150.50
151.50 151.00
151.50 151.50
151.00 152.00
150.50 152.50
150.50 153.00
150.00 153.50
149.50 154.00
149.00 154.50
149.00 155.00
148.50 155.50
148.00 156.00
147.50 156.50
147.00 157.00
147.00 157.50
146.50 158.00
146.00 158.50
145.50 159.00
145.00 159.00
144.50 159.50
144.50 160.00
144.00 160.50
143.50 160.50
143.00 161.00
142.50 161.00
142.00 161.50
141.50 162.00
141.00 162.00
140.50 162.00
140.00 162.50
139.50 162.50
139.00 163.00
138.50 163.00
138.00 163.00
137.50 163.00
137.00 163.50
136.50 163.50
136.00 163.50
135.50 163.50
135.00 163.50
134.50 163.50
134.00 163.50
133.50 164.00
133.00 164.00
132.50 164.00
132.00 164.00
131.50 164.00
131.00 164.00
130.50 164.00
130.00 163.50
129.50 163.50
129.00 163.50
128.50 163.50
128.00 163.50
127.50 163.50
127.00 163.50
126.50 163.50
126.00 163.50
125.50 163.50
125.00 163.00
124.50 163.00
124.00 163.00
123.50 163.00
123.00 163.00
122.50 163.00
122.00 162.50
121.50 162.50
121.00 162.50
120.50 162.50
120.00 162.50
119.50 162.00
119.00 162.00
118.50 162.00
118.00 162.00
117.50 162.00
117.00 161.50
116.50 161.50
116.00 161.50
115.50 161.50
115.00 161.00
114.50 161.00
114.00 161.00
113.50 161.00
113.00 161.00
112.50 160.50
112.00 160.50
111.50 160.00
111.00 160.00
110.50 159.50
110.00 159.50
109.50 159.00
109.00 158.50
108.50 158.50
108.00 158.00
107.50 157.50
107.00 157.00
106.50 157.00
106.00 157.00
105.50 156.50
105.00 156.00
104.50 155.50
104.50 155.00
104.00 154.50
103.50 154.50
103.00 154.00
102.50 153.50
102.00 153.00
101.50 152.50
101.50 152.00
101.00 151.50
101.00 151.00
100.50 150.50
100.00 150.00
100.00 149.50
