134.00 97.00
134.50 97.00
135.00 97.00
135.50 97.00
136.00 97.00
136.50 97.00
137.00 97.50
137.50 97.50
138.00 97.50
138.50 97.50
139.00 98.00
139.50 98.00
140.00 98.00
140.50 98.50
141.00 98.50
141.50 99.00
142.00 99.00
142.50 99.50
143.00 99.50
143.50 100.00
144.00 100.50
144.50 100.50
145.00 100.50
145.50 101.00
146.00 101.50
146.50 102.00
147.00 102.50
147.50 102.50
148.00 103.00
148.50 103.50
149.00 104.00
149.50 104.50
150.00 105.00
150.50 105.50
151.00 105.50
151.50 106.00
152.00 106.50
152.50 107.00
153.00 107.50
153.50 108.00
154.00 108.50
154.50 109.00
155.00 109.50
155.50 110.00
156.00 110.50
156.50 111.00
157.00 111.50
157.50 112.00
158.00 112.50
158.50 113.00
159.00 113.50
159.00 114.00
159.50 114.50
160.00 115.00
160.50 115.50
161.00 116.00
161.00 116.50
161.50 117.00
162.00 117.50
162.50 118.00
162.50 118.50
163.00 119.00
163.00 119.50
163.50 120.00
163.50 120.50
164.00 121.00
164.00 121.50
164.50 122.00
164.50 122.50
164.50 123.00
165.00 123.50
165.00 124.00
165.00 124.50
165.50 125.00
165.50 125.50
165.50 126.00
165.50 126.50
165.50 127.00
165.50 127.50
165.50 128.00
166.00 128.50
166.00 129.00
166.00 129.50
165.50 130.00
165.50 130.50
165.50 131.00
165.50 131.50
165.50 132.00
165.50 132.50
165.50 133.00
165.50 133.50
165.00 134.00
165.00 134.50
165.00 135.00
165.00 135.50
164.50 136.00
164.50 136.50
164.50 137.00
164.50 137.50
164.00 138.00
164.00 138.50
163.50 139.00
163.50 139.50
163.00 140.00
163.00 140.50
162.50 141.00
162.50 141.50
162.00 142.00
162.00 142.50
162.00 143.00
161.50 143.50
161.00 144.00
160.50 144.50
160.50 145.00
160.00 145.50
159.50 146.00
159.00 146.50
159.00 147.00
158.50 147.50
158.00 148.00
157.50 148.50
157.00 149.00
156.50 149.50
156.00 150.00
155.50 150.50
155.00 151.00
154.50 151.50
154.00 151.50
153.50 152.00
153.00 152.00
152.50 152.50
152.00 153.00
151.50 153.50
151.00 153.50
150.50 153.50
150.00 154.00
149.50 154.50
149.00 154.50
148.50 155.00
148.00 155.00
147.50 155.50
147.00 155.50
146.50 155.50
146.00 156.00
145.50 156.00
145.00 156.00
144.50 156.50
144.00 156.50
143.50 156.50
143.00 157.00
142.50 157.00
142.00 157.00
141.50 157.00
141.00 157.00
140.50 157.00
140.00 157.50
139.50 157.50
139.00 157.50
138.50 157.50
138.00 157.50
137.50 157.50
137.00 157.50
136.50 157.50
136.00 157.50
135.50 157.50
135.00 157.50
134.50 157.50
134.00 157.50
133.50 157.50
133.00 157.50
132.50 157.50
132.00 157.50
131.50 157.50
131.00 157.00
130.50 157.00
130.00 157.00
129.50 157.00
129.00 157.00
128.50 157.00
128.00 156.50
127.50 156.50
127.00 156.50
126.50 156.50
126.00 156.00
125.50 156.00
125.00 156.00
124.50 156.00
124.00 155.50
123.50 155.50
123.00 155.00
122.50 155.00
122.00 154.50
121.50 154.50
121.00 154.50
120.50 154.00
120.00 154.00
119.50 153.50
119.00 153.50
118.50 153.00
118.00 152.50
117.50 152.50
117.00 152.00
116.50 151.50
116.00 151.00
115.50 150.50
115.00 150.50
114.50 150.00
114.00 149.50
113.50 149.00
113.50 148.50
113.00 148.00
112.50 147.50
112.00 147.00
112.00 146.50
111.50 146.00
111.00 145.50
111.00 145.00
111.00 144.50
110.50 144.00
110.50 143.50
110.00 143.00
110.00 142.50
110.00 142.00
110.00 141.50
109.50 141.00
109.50 140.50
109.50 140.00
109.50 139.50
109.00 139.00
109.00 138.50
109.00 138.00
109.00 137.50
109.00 137.00
109.00 136.50
109.00 136.00
109.00 135.50
109.00 135.00
109.00 134.50
109.00 134.00
109.00 133.50
109.00 133.00
109.00 132.50
109.00 132.00
109.00 131.50
109.00 131.00
109.00 130.50
109.00 130.00
109.00 129.50
109.00 129.00
109.00 128.50
109.50 128.00
109.50 127.50
109.50 127.00
109.50 126.50
109.50 126.00
109.50 125.50
110.00 125.00
110.00 124.50
110.00 124.00
110.00 123.50
110.00 123.00
110.50 122.50
110.50 122.00
110.50 121.50
111.00 121.00
111.00 120.50
111.00 120.00
111.00 119.50
111.50 119.00
111.50 118.50
111.50 118.00
112.00 117.50
112.00 117.00
112.00 116.50
112.50 116.00
112.50 115.50
112.50 115.00
113.00 114.50
113.00 114.00
113.50 113.50
113.50 113.00
114.00 112.50
114.00 112.00
114.00 111.50
114.50 111.00
114.50 110.50
115.00 110.00
115.00 109.50
115.50 109.00
116.00 108.50
116.00 108.00
116.50 107.50
117.00 107.00
117.50 106.50
118.00 106.00
118.00 105.50
118.50 105.00
119.00 104.50
119.50 104.00
120.00 103.50
120.50 103.00
121.00 102.50
121.50 102.00
122.00 101.50
122.50 101.50
123.00 101.00
123.50 100.50
124.00 100.50
124.50 100.00
125.00 99.50
125.50 99.50
126.00 99.00
126.50 99.00
127.00 98.50
127.50 98.50
128.00 98.50
128.50 98.00
129.00 98.00
129.50 97.50
130.00 97.50
130.50 97.50
131.00 97.50
131.50 97.50
132.00 97.00
132.50 97.00
133.00 97.00
133.50 97.00
