127.00 154.50
126.50 154.50
126.00 154.00
125.50 154.00
125.00 154.00
124.50 153.50
124.00 153.50
123.50 153.50
123.00 153.00
122.50 153.00
122.00 152.50
121.50 152.50
121.00 152.00
120.50 152.00
120.00 151.50
119.50 151.00
119.00 151.00
118.50 150.50
118.00 150.00
117.50 149.50
117.00 149.00
116.50 148.50
116.50 148.00
116.00 147.50
115.50 147.00
115.50 146.50
115.00 146.00
115.00 145.50
114.50 145.00
114.50 144.50
114.00 144.00
114.00 143.50
113.50 143.00
113.50 142.50
113.50 142.00
113.00 141.50
112.50 141.00
112.50 140.50
112.50 140.00
112.50 139.50
112.50 139.00
112.50 138.50
112.50 138.00
112.50 137.50
112.50 137.00
112.50 136.50
112.50 136.00
112.50 135.50
112.50 135.00
112.50 134.50
112.50 134.00
112.50 133.50
112.00 133.00
112.00 132.50
112.00 132.00
112.00 131.50
112.00 131.00
112.00 130.50
112.50 130.00
112.50 129.50
112.50 129.00
112.50 128.50
112.50 128.00
112.50 127.50
113.00 127.00
113.00 126.50
113.00 126.00
113.00 125.50
113.00 125.00
113.50 124.50
113.50 124.00
113.50 123.50
113.50 123.00
114.00 122.50
114.00 122.00
114.00 121.50
114.50 121.00
114.50 120.50
115.00 120.00
115.00 119.50
115.00 119.00
115.50 118.50
115.50 118.00
115.50 117.50
116.00 117.00
116.00 116.50
116.00 116.00
116.50 115.50
116.50 115.00
117.00 114.50
117.00 114.00
117.50 113.50
117.50 113.00
117.50 112.50
118.00 112.00
118.00 111.50
118.50 111.00
118.50 110.50
119.00 110.00
119.00 109.50
119.50 109.00
119.50 108.50
120.00 108.00
120.00 107.50
120.50 107.00
121.00 106.50
121.00 106.00
121.50 105.50
121.50 105.00
122.00 104.50
122.50 104.00
123.00 103.50
123.50 103.00
124.00 102.50
124.50 102.00
125.00 101.50
125.50 101.00
126.00 101.00
126.50 100.50
127.00 100.00
127.50 100.00
128.00 100.00
128.50 99.50
129.00 99.50
129.50 99.00
130.00 99.00
130.50 99.00
131.00 98.50
131.50 98.50
132.00 98.50
132.50 98.50
133.00 98.50
133.50 98.50
134.00 98.50
134.50 98.50
135.00 98.50
135.50 98.50
136.00 98.50
136.50 98.50
137.00 98.50
137.50 98.50
138.00 98.50
138.50 98.50
139.00 98.50
139.50 99.00
140.00 99.00
140.50 99.00
141.00 99.50
141.50 99.50
142.00 99.50
142.50 100.00
143.00 100.00
143.50 100.50
144.00 100.50
144.50 101.00
145.00 101.50
145.50 101.50
146.00 102.00
146.50 102.50
147.00 102.50
147.50 103.00
148.00 103.50
148.50 104.00
149.00 104.00
149.50 104.50
150.00 105.00
150.50 105.50
151.00 106.00
151.50 106.50
152.00 107.00
152.50 107.50
153.00 107.50
153.50 108.00
154.00 108.50
154.50 109.00
155.00 109.50
155.50 109.50
156.00 110.00
156.50 110.50
157.00 111.00
157.50 111.50
158.00 112.00
158.50 112.50
159.00 113.00
159.50 113.50
160.00 114.00
160.50 114.50
160.50 115.00
161.00 115.50
161.50 116.00
161.50 116.50
162.00 117.00
162.00 117.50
162.50 118.00
162.50 118.50
163.00 119.00
163.00 119.50
163.00 120.00
163.50 120.50
163.50 121.00
163.50 121.50
163.50 122.00
164.00 122.50
164.00 123.00
164.00 123.50
164.00 124.00
164.00 124.50
164.50 125.00
164.50 125.50
164.50 126.00
164.50 126.50
164.50 127.00
164.50 127.50
164.50 128.00
164.50 128.50
164.50 129.00
164.50 129.50
164.50 130.00
164.50 130.50
164.50 131.00
164.50 131.50
164.50 132.00
164.50 132.50
164.50 133.00
164.50 133.50
164.50 134.00
164.50 134.50
164.50 135.00
164.50 135.50
164.00 136.00
164.00 136.50
164.00 137.00
164.00 137.50
163.50 138.00
163.50 138.50
163.50 139.00
163.00 139.50
162.50 140.00
162.50 140.50
162.50 141.00
162.00 141.50
161.50 142.00
161.00 142.50
160.50 143.00
160.50 143.50
160.00 144.00
159.50 144.50
159.00 145.00
158.50 145.50
158.00 146.00
157.50 146.00
157.00 146.50
156.50 147.00
156.00 147.50
155.50 148.00
155.00 148.00
154.50 148.50
154.00 149.00
153.50 149.00
153.00 149.50
152.50 150.00
152.00 150.50
151.50 150.50
151.00 150.50
150.50 151.00
150.00 151.50
149.50 151.50
149.00 152.00
148.50 152.50
148.00 152.50
147.50 152.50
147.00 153.00
146.50 153.00
146.00 153.50
145.50 153.50
145.00 154.00
144.50 154.00
144.00 154.00
143.50 154.50
143.00 154.50
142.50 154.50
142.00 155.00
141.50 155.00
141.00 155.00
140.50 155.50
140.00 155.50
139.50 155.50
139.00 155.50
138.50 155.50
138.00 155.50
137.50 156.00
137.00 156.00
136.50 156.00
136.00 156.00
135.50 156.00
135.00 156.00
134.50 156.00
134.00 156.00
133.50 156.00
133.00 156.00
132.50 155.50
132.00 155.50
131.50 155.50
131.00 155.50
130.50 155.50
130.00 155.00
129.50 155.00
129.00 155.00
128.50 154.50
128.00 154.50
127.50 154.50
