106.50 132.50
106.50 132.00
107.00 131.50
107.00 131.00
107.00 130.50
107.50 130.00
107.50 129.50
108.00 129.00
108.00 128.50
108.00 128.00
108.50 127.50
108.50 127.00
108.50 126.50
109.00 126.00
109.00 125.50
109.50 125.00
109.50 124.50
110.00 124.00
110.00 123.50
110.00 123.00
110.50 122.50
110.50 122.00
111.00 121.50
111.00 121.00
111.00 120.50
111.50 120.00
111.50 119.50
112.00 119.00
112.00 118.50
112.50 118.00
112.50 117.50
113.00 117.00
113.00 116.50
113.50 116.00
113.50 115.50
114.00 115.00
114.00 114.50
114.00 114.00
114.50 113.50
115.00 113.00
115.50 112.50
116.00 112.00
116.50 111.50
117.00 111.00
117.50 110.50
118.00 110.00
118.50 109.50
119.00 109.00
119.50 108.50
120.00 108.00
120.50 107.50
121.00 107.00
121.50 106.50
122.00 106.00
122.50 106.00
123.00 105.50
123.50 105.00
124.00 104.50
124.50 104.00
125.00 104.00
125.50 103.50
126.00 103.00
126.50 102.50
127.00 102.50
127.50 102.00
128.00 101.50
128.50 101.50
129.00 101.00
129.50 100.50
130.00 100.50
130.50 100.00
131.00 100.00
131.50 99.50
132.00 99.50
132.50 99.00
133.00 99.00
133.50 98.50
134.00 98.50
134.50 98.50
135.00 98.00
135.50 98.00
136.00 98.00
136.50 97.50
137.00 97.50
137.50 97.50
138.00 97.50
138.50 97.00
139.00 97.00
139.50 97.00
140.00 97.00
140.50 97.00
141.00 97.00
141.50 97.00
142.00 97.00
142.50 97.00
143.00 97.00
143.50 97.00
144.00 97.50
144.50 97.50
145.00 97.50
145.50 97.50
146.00 98.00
146.50 98.00
147.00 98.00
147.50 98.50
148.00 98.50
148.50 99.00
149.00 99.00
149.50 99.00
150.00 99.50
150.50 100.00
151.00 100.00
151.50 100.50
152.00 101.00
152.50 101.00
153.00 101.50
153.50 102.00
154.00 102.50
154.50 103.00
155.00 103.50
155.50 104.00
156.00 104.50
156.50 105.00
157.00 105.50
157.50 106.00
157.50 106.50
158.00 107.00
158.50 107.50
159.00 108.00
159.00 108.50
159.50 109.00
159.50 109.50
160.00 110.00
160.00 110.50
160.50 111.00
160.50 111.50
161.00 112.00
161.00 112.50
161.00 113.00
161.50 113.50
161.50 114.00
162.00 114.50
162.00 115.00
162.00 115.50
162.50 116.00
162.50 116.50
162.50 117.00
163.00 117.50
163.00 118.00
163.00 118.50
163.00 119.00
163.50 119.50
163.50 120.00
163.50 120.50
163.50 121.00
163.50 121.50
163.50 122.00
164.00 122.50
164.00 123.00
164.00 123.50
164.00 124.00
164.00 124.50
164.00 125.00
164.00 125.50
164.00 126.00
164.00 126.50
164.00 127.00
164.50 127.50
164.50 128.00
164.50 128.50
164.50 129.00
164.50 129.50
164.50 130.00
164.50 130.50
164.00 131.00
164.00 131.50
164.00 132.00
164.00 132.50
164.00 133.00
164.00 133.50
164.00 134.00
164.00 134.50
164.00 135.00
164.00 135.50
163.50 136.00
163.50 136.50
163.50 137.00
163.50 137.50
163.50 138.00
163.50 138.50
163.00 139.00
163.00 139.50
163.00 140.00
162.50 140.50
162.50 141.00
162.50 141.50
162.00 142.00
162.00 142.50
162.00 143.00
161.50 143.50
161.50 144.00
161.00 144.50
161.00 145.00
161.00 145.50
160.50 146.00
160.50 146.50
160.00 147.00
160.00 147.50
159.50 148.00
159.00 148.50
158.50 149.00
158.50 149.50
158.00 150.00
157.50 150.50
157.00 151.00
157.00 151.50
156.50 152.00
156.00 152.50
155.50 152.50
155.00 153.00
154.50 153.50
154.00 154.00
153.50 154.50
153.00 155.00
152.50 155.00
152.00 155.50
151.50 156.00
151.00 156.00
150.50 156.50
150.00 157.00
149.50 157.00
149.00 157.00
148.50 157.50
148.00 158.00
147.50 158.00
147.00 158.00
146.50 158.50
146.00 158.50
145.50 159.00
145.00 159.00
144.50 159.00
144.00 159.50
143.50 159.50
143.00 159.50
142.50 159.50
142.00 160.00
141.50 160.00
141.00 160.00
140.50 160.00
140.00 160.00
139.50 160.50
139.00 160.50
138.50 160.50
138.00 160.50
137.50 160.50
137.00 160.50
136.50 160.50
136.00 160.50
135.50 160.50
135.00 160.50
134.50 160.50
134.00 160.50
133.50 160.50
133.00 160.50
132.50 160.50
132.00 160.50
131.50 160.50
131.00 160.50
130.50 160.50
130.00 160.50
129.50 160.50
129.00 160.50
128.50 160.50
128.00 160.00
127.50 160.00
127.00 160.00
126.50 160.00
126.00 160.00
125.50 160.00
125.00 160.00
124.50 160.00
124.00 160.00
123.50 159.50
123.00 159.50
122.50 159.50
122.00 159.50
121.50 159.50
121.00 159.50
120.50 159.50
120.00 159.00
119.50 159.00
119.00 159.00
118.50 159.00
118.00 158.50
117.50 158.50
117.00 158.50
116.50 158.50
116.00 158.00
115.50 158.00
115.00 158.00
114.50 157.50
114.00 157.50
113.50 157.50
113.00 157.00
112.50 156.50
112.00 156.50
111.50 156.00
111.00 156.00
110.50 155.50
110.00 155.50
109.50 155.00
109.50 154.50
109.00 154.00
108.50 153.50
108.00 153.00
108.00 152.50
107.50 152.00
107.50 151.50
107.00 151.00
106.50 150.50
106.00 150.00
106.00 149.50
106.00 149.00
106.00 148.50
106.00 148.00
106.00 147.50
106.00 147.00
106.50 146.50
106.50 146.00
106.00 145.50
106.00 145.00
106.00 144.50
106.00 144.00
106.00 143.50
105.50 143.00
105.50 142.50
105.50 142.00
105.50 141.50
105.50 141.00
105.50 140.50
105.50 140.00
105.50 139.50
105.50 139.00
105.50 138.50
105.50 138.00
105.50 137.50
106.00 137.00
106.00 136.50
106.00 136.00
106.00 135.50
106.00 135.00
106.00 134.50
106.50 134.00
106.50 133.50
106.50 133.00
