109.00 140.50
109.00 140.00
109.00 139.50
109.00 139.00
109.00 138.50
109.50 138.00
109.50 137.50
109.50 137.00
109.50 136.50
109.50 136.00
109.50 135.50
109.50 135.00
110.00 134.50
110.00 134.00
110.00 133.50
110.00 133.00
110.00 132.50
110.00 132.00
110.50 131.50
110.50 131.00
110.50 130.50
110.50 130.00
110.50 129.50
110.50 129.00
111.00 128.50
111.00 128.00
111.00 127.50
111.50 127.00
111.50 126.50
111.50 126.00
111.50 125.50
111.50 125.00
112.00 124.50
112.00 124.00
112.00 123.50
112.50 123.00
112.50 122.50
112.50 122.00
113.00 121.50
113.00 121.00
113.00 120.50
113.50 120.00
113.50 119.50
113.50 119.00
114.00 118.50
114.50 118.00
114.50 117.50
115.00 117.00
115.00 116.50
115.00 116.00
115.50 115.50
116.00 115.00
116.50 114.50
116.50 114.00
117.00 113.50
117.00 113.00
117.50 112.50
117.50 112.00
118.00 111.50
118.50 111.00
118.50 110.50
119.00 110.00
119.00 109.50
119.50 109.00
120.00 108.50
120.00 108.00
120.50 107.50
120.50 107.00
121.00 106.50
121.50 106.00
122.00 105.50
122.50 105.00
123.00 104.50
123.50 104.00
124.00 103.50
124.50 103.00
125.00 103.00
125.50 102.50
126.00 102.00
125.50 101.50
126.00 101.00
126.50 100.50
127.00 100.00
127.50 100.00
128.00 99.50
128.50 99.00
129.00 99.00
129.50 99.00
130.00 98.50
130.50 98.50
131.00 98.50
131.50 98.50
132.00 98.00
132.50 98.00
133.00 98.00
133.50 98.00
134.00 98.00
134.50 98.00
135.00 98.00
135.50 97.50
136.00 97.50
136.50 97.50
137.00 97.50
137.50 97.50
138.00 97.50
138.50 97.50
139.00 97.50
139.50 97.50
140.00 98.00
140.50 98.00
141.00 98.00
141.50 98.50
142.00 98.50
142.50 98.50
143.00 99.00
143.50 99.00
144.00 99.00
144.50 99.50
145.00 99.50
145.50 99.50
146.00 100.00
146.50 100.50
147.00 100.50
147.50 101.00
148.00 101.00
148.50 101.50
149.00 102.00
149.50 102.00
150.00 102.50
150.50 103.00
151.00 103.00
151.50 103.50
152.00 104.00
152.00 104.50
152.50 105.00
153.00 105.00
153.50 105.50
154.00 106.00
154.50 106.50
155.00 107.00
155.50 107.50
156.00 108.00
156.00 108.50
156.50 109.00
157.00 109.50
157.50 110.00
158.00 110.50
158.50 111.00
159.00 111.50
159.00 112.00
159.50 112.50
160.00 113.00
160.50 113.50
161.00 114.00
161.00 114.50
161.50 115.00
162.00 115.50
162.00 116.00
162.50 116.50
163.00 117.00
163.00 117.50
163.50 118.00
164.00 118.50
164.00 119.00
164.50 119.50
164.50 120.00
164.50 120.50
164.50 121.00
165.00 121.50
165.00 122.00
165.00 122.50
165.00 123.00
165.50 123.50
165.50 124.00
165.50 124.50
166.00 125.00
166.00 125.50
166.00 126.00
166.00 126.50
166.50 127.00
166.50 127.50
166.50 128.00
166.50 128.50
166.50 129.00
166.50 129.50
167.00 130.00
167.00 130.50
167.00 131.00
167.00 131.50
167.00 132.00
167.00 132.50
167.00 133.00
167.00 133.50
167.00 134.00
167.00 134.50
167.00 135.00
167.00 135.50
167.00 136.00
166.50 136.50
166.50 137.00
166.50 137.50
166.50 138.00
166.00 138.50
166.00 139.00
166.00 139.50
165.50 140.00
165.50 140.50
165.00 141.00
165.00 141.50
164.50 142.00
164.50 142.50
164.00 143.00
164.00 143.50
163.50 144.00
163.00 144.50
162.50 145.00
162.50 145.50
162.00 146.00
161.50 146.50
161.00 147.00
160.50 147.50
160.50 148.00
160.00 148.50
159.50 149.00
159.00 149.50
158.50 150.00
158.00 150.50
157.50 151.00
157.00 151.50
156.50 152.00
156.00 152.50
155.50 152.50
155.00 153.00
154.50 153.50
154.00 154.00
153.50 154.50
153.00 155.00
152.50 155.50
152.00 155.50
151.50 156.00
151.00 156.00
150.50 156.50
150.00 156.50
149.50 156.50
149.00 157.00
148.50 157.00
148.00 157.50
147.50 157.50
147.00 157.50
146.50 157.50
146.00 157.50
145.50 158.00
145.00 158.00
144.50 158.00
144.00 158.00
143.50 158.50
143.00 158.50
142.50 158.50
142.00 158.50
141.50 158.50
141.00 158.50
140.50 158.50
140.00 158.50
139.50 158.50
139.00 159.00
138.50 159.00
138.00 159.00
137.50 159.00
137.00 159.00
136.50 159.00
136.00 159.00
135.50 158.50
135.00 158.50
134.50 158.50
134.00 158.50
133.50 158.50
133.00 158.50
132.50 158.50
132.00 158.50
131.50 158.50
131.00 158.50
130.50 158.00
130.00 158.00
129.50 158.00
129.00 158.00
128.50 158.00
128.00 157.50
127.50 157.50
127.00 157.50
126.50 157.00
126.00 157.00
125.50 157.00
125.00 157.00
124.50 156.50
124.00 156.50
123.50 156.00
123.00 156.00
122.50 156.00
122.00 155.50
121.50 155.50
121.00 155.00
120.50 155.00
120.00 155.00
119.50 154.50
119.00 154.50
118.50 154.50
118.00 154.00
117.50 154.00
117.00 154.00
116.50 153.50
116.00 153.50
115.50 153.00
115.00 153.00
114.50 152.50
114.00 152.00
113.50 152.00
113.00 152.00
112.50 151.50
112.00 151.00
111.50 151.00
111.00 150.50
111.00 150.00
110.50 149.50
110.50 149.00
110.50 148.50
110.00 148.00
110.00 147.50
109.50 147.00
109.00 146.50
109.00 146.00
109.00 145.50
109.00 145.00
109.00 144.50
108.50 144.00
108.50 143.50
108.50 143.00
108.50 142.50
108.50 142.00
108.50 141.50
108.50 141.00
