104.00 132.00
104.00 131.50
104.00 131.00
104.00 130.50
104.00 130.00
104.00 129.50
103.50 129.00
103.50 128.50
103.50 128.00
103.50 127.50
103.50 127.00
103.50 126.50
104.00 126.00
104.00 125.50
104.00 125.00
104.00 124.50
104.00 124.00
104.50 123.50
104.50 123.00
105.00 122.50
105.00 122.00
105.50 121.50
106.00 121.00
106.50 120.50
106.50 120.00
107.00 119.50
107.50 119.00
108.00 118.50
108.50 118.00
109.00 118.00
109.50 117.50
110.00 117.00
110.50 117.00
111.00 116.50
111.50 116.00
112.00 115.50
112.50 115.00
113.00 114.50
113.50 114.50
114.00 114.00
114.50 113.50
115.00 113.00
115.50 112.50
116.00 112.00
116.50 112.00
117.00 111.50
117.50 111.00
118.00 110.50
118.50 110.00
119.00 110.00
119.50 109.50
120.00 109.50
120.50 109.00
121.00 109.00
121.50 108.50
122.00 108.50
122.50 108.50
123.00 108.50
123.50 108.50
124.00 108.50
124.50 109.00
125.00 109.00
125.50 109.00
126.00 109.50
126.50 110.00
127.00 110.00
127.50 110.50
128.00 111.00
128.50 111.00
129.00 110.50
129.50 110.00
130.00 110.00
130.50 109.50
131.00 109.00
131.50 109.00
132.00 108.50
132.50 108.00
133.00 108.00
133.50 108.00
134.00 107.50
134.50 107.50
135.00 107.00
135.50 107.00
136.00 107.00
136.50 106.50
137.00 106.50
137.50 106.50
138.00 106.50
138.50 106.50
139.00 106.00
139.50 106.00
140.00 106.00
140.50 106.00
141.00 106.00
141.50 106.50
142.00 106.50
142.50 106.50
143.00 106.50
143.50 107.00
144.00 107.00
144.50 107.50
145.00 108.00
145.50 108.00
146.00 108.50
146.50 108.50
147.00 109.00
147.00 109.50
147.50 110.00
148.00 110.50
148.50 111.00
149.00 111.50
149.50 112.00
149.50 112.50
150.00 113.00
150.50 113.50
151.00 114.00
151.00 114.50
151.50 115.00
152.00 115.50
152.50 116.00
152.50 116.50
152.50 117.00
153.00 117.50
153.50 118.00
154.00 118.50
154.00 119.00
154.50 119.50
154.50 120.00
155.00 120.50
155.50 121.00
155.50 121.50
155.50 122.00
156.00 122.50
156.00 123.00
156.50 123.50
156.50 124.00
157.00 124.50
157.00 125.00
157.00 125.50
157.50 126.00
157.50 126.50
157.50 127.00
158.00 127.50
158.00 128.00
158.00 128.50
158.00 129.00
158.00 129.50
158.50 130.00
158.50 130.50
158.50 131.00
158.50 131.50
158.50 132.00
158.50 132.50
158.50 133.00
158.50 133.50
158.50 134.00
158.50 134.50
158.50 135.00
158.50 135.50
158.50 136.00
158.00 136.50
158.00 137.00
158.00 137.50
158.00 138.00
158.00 138.50
157.50 139.00
157.50 139.50
157.50 140.00
157.00 140.50
157.00 141.00
156.50 141.50
156.50 142.00
156.50 142.50
156.00 143.00
156.00 143.50
155.50 144.00
155.00 144.50
155.00 145.00
154.50 145.50
154.50 146.00
154.00 146.50
153.50 147.00
153.50 147.50
153.00 148.00
152.50 148.50
152.00 149.00
151.50 149.50
151.50 150.00
151.00 150.50
150.50 151.00
150.00 151.50
149.50 152.00
149.00 152.50
148.50 153.00
148.00 153.50
147.50 154.00
147.00 154.50
146.50 154.50
146.00 155.00
146.00 155.50
145.50 156.00
145.00 156.00
144.50 156.50
144.00 156.50
143.50 157.00
143.00 157.50
142.50 158.00
142.00 158.00
141.50 158.50
141.00 158.50
140.50 159.00
140.00 159.50
139.50 159.50
139.00 159.50
138.50 160.00
138.00 160.00
137.50 160.50
137.00 160.50
136.50 161.00
136.00 161.00
135.50 161.00
135.00 161.50
134.50 161.50
134.00 161.50
133.50 162.00
133.00 162.00
132.50 162.00
132.00 162.00
131.50 162.00
131.00 162.50
130.50 162.50
130.00 162.50
129.50 162.50
129.00 162.50
128.50 162.50
128.00 162.50
127.50 163.00
127.00 163.00
126.50 163.00
126.00 163.00
125.50 163.00
125.00 163.00
124.50 163.00
124.00 163.00
123.50 163.00
123.00 163.00
122.50 163.00
122.00 163.00
121.50 163.00
121.00 162.50
120.50 162.50
120.00 162.50
119.50 162.50
119.00 162.50
118.50 162.50
118.00 162.50
117.50 162.00
117.00 162.00
116.50 162.00
116.00 162.00
115.50 161.50
115.00 161.50
114.50 161.50
114.00 161.00
113.50 161.00
113.00 161.00
112.50 160.50
112.00 160.50
111.50 160.00
111.00 160.00
110.50 160.00
110.00 159.50
109.50 159.50
109.00 159.00
108.50 158.50
108.00 158.00
107.50 158.00
107.00 157.50
106.50 157.00
106.00 156.50
105.50 156.00
105.00 155.50
104.50 155.00
104.00 154.50
104.00 154.00
103.50 153.50
103.00 153.00
103.00 152.50
102.50 152.00
102.50 151.50
102.50 151.00
102.00 150.50
102.00 150.00
102.00 149.50
101.50 149.00
101.50 148.50
101.50 148.00
101.50 147.50
101.50 147.00
101.00 146.50
101.00 146.00
101.00 145.50
101.00 145.00
101.00 144.50
101.00 144.00
101.00 143.50
101.00 143.00
101.00 142.50
101.00 142.00
101.00 141.50
101.00 141.00
101.00 140.50
101.00 140.00
101.50 139.50
101.50 139.00
101.50 138.50
101.50 138.00
102.00 137.50
102.00 137.00
102.00 136.50
102.50 136.00
102.50 135.50
103.00 135.00
103.00 134.50
103.00 134.00
103.50 133.50
103.50 133.00
103.50 132.50
