125.50 138.50
125.00 138.00
124.50 138.00
124.00 137.50
124.00 137.00
123.50 136.50
123.50 136.00
123.50 135.50
124.00 135.00
124.50 134.50
124.00 134.00
124.00 133.50
123.50 133.00
123.50 132.50
123.50 132.00
123.00 131.50
123.00 131.00
123.00 130.50
123.00 130.00
123.00 129.50
122.50 129.00
122.50 128.50
122.50 128.00
122.50 127.50
122.50 127.00
123.00 126.50
123.00 126.00
123.00 125.50
123.00 125.00
123.50 124.50
123.50 124.00
124.00 123.50
124.50 123.00
125.00 122.50
125.50 122.00
126.00 121.50
126.50 121.50
127.00 121.50
127.50 121.00
128.00 120.50
128.50 120.50
129.00 120.50
129.50 120.50
130.00 120.00
130.50 120.00
131.00 120.00
131.50 120.00
132.00 119.50
132.50 119.50
133.00 119.50
133.50 119.50
134.00 119.00
134.50 119.00
135.00 119.00
135.50 119.00
136.00 119.00
136.50 119.50
137.00 119.50
137.50 119.50
138.00 119.50
138.50 120.00
139.00 120.50
139.50 120.50
140.00 121.00
140.50 121.50
141.00 122.00
141.50 122.50
141.50 123.00
142.00 123.50
142.50 124.00
142.50 124.50
143.00 125.00
143.00 125.50
143.00 126.00
143.50 126.50
143.50 127.00
143.50 127.50
143.50 128.00
143.50 128.50
143.50 129.00
143.50 129.50
143.50 130.00
143.50 130.50
143.50 131.00
143.50 131.50
143.50 132.00
143.50 132.50
143.50 133.00
143.50 133.50
143.50 134.00
143.50 134.50
143.50 135.00
143.50 135.50
143.50 136.00
143.50 136.50
143.00 137.00
143.00 137.50
143.00 138.00
143.00 138.50
142.50 139.00
142.50 139.50
142.00 140.00
141.50 140.50
141.00 141.00
140.50 141.50
140.00 142.00
139.50 142.00
139.00 142.50
138.50 142.50
138.00 143.00
137.50 143.00
137.00 143.50
136.50 143.50
136.00 143.50
135.50 143.50
135.00 143.50
134.50 143.50
134.00 143.50
133.50 143.50
133.00 143.00
132.50 143.00
132.00 143.00
131.50 142.50
131.00 142.50
130.50 142.00
130.00 141.50
129.50 141.00
129.00 141.00
128.50 141.00
128.00 140.50
127.50 140.00
127.00 139.50
126.50 139.00
126.00 138.50
