138.00 159.50
138.00 160.00
137.50 160.00
137.00 160.00
136.50 160.00
136.00 160.00
135.50 160.00
135.00 160.00
134.50 160.00
134.00 160.00
133.50 160.00
133.00 160.00
132.50 160.00
132.00 160.00
131.50 160.00
131.00 160.00
130.50 159.50
130.00 159.50
129.50 159.50
129.00 159.50
128.50 159.50
128.00 159.00
127.50 159.00
127.00 159.00
126.50 158.50
126.00 158.50
125.50 158.00
125.00 158.00
124.50 158.00
124.00 157.50
123.50 157.50
123.00 157.00
122.50 156.50
122.00 156.50
121.50 156.50
121.00 156.00
120.50 155.50
120.00 155.50
119.50 155.00
119.00 154.50
118.50 154.00
118.00 154.00
117.50 153.50
117.00 153.00
116.50 152.50
116.00 152.00
115.50 151.50
115.50 151.00
115.00 150.50
114.50 150.00
114.00 149.50
113.50 149.00
113.50 148.50
113.00 148.00
112.50 147.50
112.50 147.00
112.00 146.50
112.00 146.00
111.50 145.50
111.50 145.00
111.00 144.50
111.00 144.00
111.00 143.50
110.50 143.00
110.50 142.50
110.00 142.00
110.00 141.50
110.00 141.00
110.00 140.50
110.00 140.00
109.50 139.50
109.50 139.00
109.50 138.50
109.50 138.00
109.00 137.50
109.00 137.00
109.00 136.50
109.00 136.00
109.00 135.50
109.00 135.00
109.00 134.50
109.00 134.00
109.00 133.50
109.00 133.00
109.00 132.50
109.00 132.00
109.00 131.50
109.00 131.00
109.00 130.50
109.00 130.00
109.00 129.50
109.00 129.00
109.00 128.50
109.00 128.00
109.50 127.50
109.50 127.00
109.50 126.50
109.50 126.00
109.50 125.50
110.00 125.00
110.00 124.50
110.00 124.00
110.00 123.50
110.50 123.00
110.50 122.50
110.50 122.00
111.00 121.50
111.00 121.00
111.00 120.50
111.00 120.00
111.50 119.50
111.50 119.00
111.50 118.50
112.00 118.00
112.00 117.50
112.50 117.00
112.50 116.50
113.00 116.00
113.00 115.50
113.00 115.00
113.50 114.50
113.50 114.00
114.00 113.50
114.00 113.00
114.50 112.50
114.50 112.00
115.00 111.50
115.00 111.00
115.50 110.50
115.50 110.00
116.00 109.50
116.00 109.00
116.50 108.50
117.00 108.00
117.50 107.50
118.00 107.00
118.00 106.50
118.50 106.00
118.50 105.50
119.00 105.00
119.50 105.00
120.00 104.50
120.00 104.00
120.50 103.50
121.00 103.00
121.50 102.50
122.00 102.00
122.50 102.00
123.00 101.50
123.50 101.00
124.00 101.00
124.50 100.50
125.00 100.50
125.50 100.00
126.00 100.00
126.50 99.50
127.00 99.50
127.50 99.00
128.00 99.00
128.50 98.50
129.00 98.50
129.50 98.50
130.00 98.00
130.50 98.00
131.00 98.00
131.50 98.00
132.00 98.00
132.50 98.00
133.00 97.50
133.50 97.50
134.00 97.50
134.50 97.50
135.00 97.50
135.50 97.50
136.00 97.50
136.50 98.00
137.00 98.00
137.50 98.00
138.00 98.00
138.50 98.00
139.00 98.00
139.50 98.50
140.00 98.50
140.50 98.50
141.00 98.50
141.50 99.00
142.00 99.00
142.50 99.00
143.00 99.50
143.50 99.50
144.00 99.50
144.50 100.00
145.00 100.00
145.50 100.50
146.00 100.50
146.50 101.00
147.00 101.00
147.50 101.50
148.00 101.50
148.50 102.00
149.00 102.50
149.50 103.00
150.00 103.00
150.50 103.00
151.00 103.50
151.50 104.00
152.00 104.50
152.50 105.00
153.00 105.00
153.50 105.50
154.00 106.00
154.00 106.50
154.50 107.00
155.00 107.50
155.50 108.00
155.50 108.50
156.00 109.00
156.50 109.50
157.00 110.00
157.00 110.50
157.50 111.00
158.00 111.50
158.50 112.00
158.50 112.50
159.00 113.00
159.50 113.50
159.50 114.00
160.00 114.50
160.50 115.00
160.50 115.50
161.00 116.00
161.00 116.50
161.50 117.00
161.50 117.50
162.00 118.00
162.50 118.50
162.50 119.00
163.00 119.50
163.00 120.00
163.00 120.50
163.50 121.00
163.50 121.50
163.50 122.00
164.00 122.50
164.00 123.00
164.00 123.50
164.00 124.00
164.00 124.50
164.50 125.00
164.50 125.50
164.50 126.00
164.50 126.50
164.50 127.00
164.50 127.50
164.50 128.00
164.50 128.50
164.50 129.00
164.50 129.50
164.50 130.00
164.50 130.50
164.50 131.00
164.50 131.50
164.50 132.00
164.50 132.50
164.50 133.00
164.50 133.50
164.50 134.00
164.50 134.50
164.50 135.00
164.50 135.50
164.50 136.00
164.50 136.50
164.50 137.00
164.50 137.50
164.50 138.00
164.50 138.50
164.50 139.00
164.00 139.50
164.00 140.00
164.00 140.50
164.00 141.00
164.00 141.50
163.50 142.00
163.50 142.50
163.50 143.00
163.00 143.50
163.00 144.00
162.50 144.50
162.50 145.00
162.00 145.50
162.00 146.00
161.50 146.50
161.00 147.00
160.50 147.50
160.00 148.00
160.00 148.50
159.50 149.00
159.00 149.00
158.50 149.50
158.00 150.00
157.50 150.50
157.00 151.00
156.50 151.50
156.00 152.00
155.50 152.50
155.00 152.50
154.50 153.00
154.00 153.00
153.50 153.50
153.00 153.50
152.50 154.00
152.00 154.50
151.50 154.50
151.00 155.00
150.50 155.00
150.00 155.50
149.50 155.50
149.00 156.00
148.50 156.00
148.00 156.00
147.50 156.50
147.00 156.50
146.50 156.50
146.00 157.00
145.50 157.00
145.00 157.00
144.50 157.50
144.00 157.50
143.50 157.50
143.00 158.00
142.50 158.00
142.00 158.00
141.50 158.00
141.00 158.50
140.50 158.50
140.00 158.50
139.50 158.50
139.00 159.00
138.50 159.00
