116.00 111.00
116.50 110.50
117.00 110.00
117.50 109.50
118.00 109.00
118.50 108.50
119.00 108.00
119.50 108.00
120.00 107.50
120.50 107.00
121.00 106.50
121.50 106.00
122.00 105.50
122.50 105.50
123.00 105.00
123.50 104.50
124.00 104.50
124.50 104.00
125.00 103.50
125.50 103.50
126.00 103.00
126.50 102.50
127.00 102.50
127.50 102.00
128.00 102.00
128.50 101.50
129.00 101.00
129.50 101.00
130.00 100.50
130.50 100.50
131.00 100.00
131.50 100.00
132.00 99.50
132.50 99.50
133.00 99.00
133.50 99.00
134.00 98.50
134.50 98.50
135.00 98.50
135.50 98.00
136.00 98.00
136.50 98.00
137.00 98.00
137.50 97.50
138.00 97.50
138.50 97.50
139.00 97.50
139.50 97.50
140.00 97.50
140.50 97.50
141.00 97.50
141.50 97.50
142.00 97.50
142.50 98.00
143.00 98.00
143.50 98.00
144.00 98.50
144.50 98.50
145.00 98.50
145.50 99.00
146.00 99.50
146.50 99.50
147.00 99.50
147.50 100.00
148.00 100.50
148.50 100.50
149.00 101.00
149.50 101.50
150.00 102.00
150.50 102.50
151.00 103.00
151.50 103.50
152.00 103.50
152.50 104.00
153.00 104.50
153.50 105.00
154.00 105.50
154.00 106.00
154.50 106.50
155.00 107.00
155.50 107.50
155.50 108.00
156.00 108.50
156.50 109.00
157.00 109.50
157.50 110.00
157.50 110.50
158.00 111.00
158.50 111.50
159.00 112.00
159.00 112.50
159.50 113.00
159.50 113.50
160.00 114.00
160.50 114.50
160.50 115.00
161.00 115.50
161.00 116.00
161.50 116.50
161.50 117.00
162.00 117.50
162.00 118.00
162.50 118.50
162.50 119.00
163.00 119.50
163.00 120.00
163.50 120.50
163.50 121.00
164.00 121.50
164.00 122.00
164.00 122.50
164.50 123.00
164.50 123.50
164.50 124.00
164.50 124.50
164.50 125.00
165.00 125.50
165.00 126.00
165.00 126.50
165.00 127.00
165.50 127.50
165.50 128.00
165.50 128.50
165.50 129.00
165.50 129.50
165.50 130.00
165.50 130.50
165.50 131.00
165.50 131.50
166.00 132.00
166.00 132.50
166.00 133.00
166.00 133.50
166.00 134.00
165.50 134.50
165.50 135.00
165.50 135.50
165.50 136.00
165.50 136.50
165.50 137.00
165.50 137.50
165.50 138.00
165.00 138.50
165.00 139.00
165.00 139.50
165.00 140.00
164.50 140.50
164.50 141.00
164.50 141.50
164.00 142.00
164.00 142.50
164.00 143.00
163.50 143.50
163.00 144.00
163.00 144.50
162.50 145.00
162.50 145.50
162.00 146.00
161.50 146.50
161.50 147.00
161.00 147.50
160.50 148.00
160.00 148.50
160.00 149.00
159.50 149.50
159.00 150.00
158.50 150.50
158.00 151.00
157.50 151.00
157.00 151.50
156.50 152.00
156.00 152.50
155.50 153.00
155.00 153.00
154.50 153.50
154.00 154.00
153.50 154.00
153.00 154.50
152.50 155.00
152.00 155.00
151.50 155.50
151.00 155.50
150.50 156.00
150.00 156.50
149.50 156.50
149.00 156.50
148.50 157.00
148.00 157.00
147.50 157.50
147.00 157.50
146.50 157.50
146.00 158.00
145.50 158.00
145.00 158.00
144.50 158.00
144.00 158.50
143.50 158.50
143.00 158.50
142.50 158.50
142.00 159.00
141.50 159.00
141.00 159.00
140.50 159.00
140.00 159.00
139.50 159.00
139.00 159.50
138.50 159.50
138.00 159.50
137.50 159.50
137.00 159.50
136.50 159.50
136.00 159.50
135.50 159.50
135.00 159.50
134.50 159.50
134.00 159.50
133.50 159.50
133.00 159.50
132.50 159.50
132.00 159.50
131.50 159.50
131.00 159.50
130.50 159.50
130.00 159.50
129.50 159.50
129.00 159.50
128.50 159.50
128.00 159.50
127.50 159.50
127.00 159.50
126.50 159.00
126.00 159.00
125.50 159.00
125.00 159.00
124.50 159.00
124.00 159.00
123.50 159.00
123.00 158.50
122.50 158.50
122.00 158.50
121.50 158.50
121.00 158.00
120.50 158.00
120.00 158.00
119.50 158.00
119.00 157.50
118.50 157.50
118.00 157.50
117.50 157.00
117.00 157.00
116.50 157.00
116.00 157.00
115.50 156.50
115.00 156.50
114.50 156.00
114.00 155.50
113.50 155.50
113.00 155.00
112.50 154.50
112.00 154.00
111.50 154.00
111.00 153.50
110.50 153.00
110.00 152.50
109.50 152.50
109.00 152.00
108.50 151.50
108.00 151.00
108.00 150.50
107.50 150.00
107.00 149.50
106.50 149.00
106.00 148.50
106.00 148.00
105.50 147.50
105.50 147.00
105.00 146.50
105.00 146.00
104.50 145.50
104.50 145.00
104.50 144.50
104.50 144.00
104.50 143.50
104.50 143.00
104.00 142.50
104.00 142.00
104.00 141.50
104.00 141.00
104.00 140.50
104.00 140.00
104.00 139.50
104.00 139.00
104.00 138.50
104.00 138.00
104.00 137.50
104.00 137.00
104.00 136.50
104.00 136.00
104.00 135.50
104.50 135.00
104.50 134.50
104.50 134.00
105.00 133.50
105.50 133.00
105.50 132.50
106.00 132.00
106.00 131.50
106.00 131.00
106.50 130.50
106.50 130.00
107.00 129.50
107.00 129.00
107.50 128.50
107.50 128.00
108.00 127.50
108.00 127.00
108.50 126.50
108.50 126.00
109.00 125.50
109.00 125.00
109.50 124.50
109.50 124.00
110.00 123.50
110.00 123.00
110.50 122.50
110.50 122.00
111.00 121.50
111.00 121.00
111.00 120.50
111.50 120.00
111.50 119.50
112.00 119.00
112.00 118.50
112.50 118.00
112.50 117.50
113.00 117.00
113.00 116.50
113.50 116.00
113.50 115.50
114.00 115.00
114.00 114.50
114.50 114.00
114.50 113.50
115.00 113.00
115.00 112.50
115.50 112.00
115.50 111.50
