160.00 132.50
160.50 133.00
161.00 133.50
160.50 134.00
160.50 134.50
160.50 135.00
160.50 135.50
160.50 136.00
160.00 136.50
160.00 137.00
160.00 137.50
159.50 138.00
159.50 138.50
159.50 139.00
159.00 139.50
158.50 140.00
158.50 140.50
158.50 141.00
158.00 141.50
158.00 142.00
157.50 142.50
157.00 143.00
157.00 143.50
156.50 144.00
156.00 144.50
155.50 145.00
155.00 145.50
154.50 146.00
154.00 146.50
153.50 147.00
153.00 147.50
152.50 148.00
152.00 148.50
151.50 149.00
151.00 149.00
150.50 149.50
150.00 149.50
149.50 150.00
149.00 150.00
148.50 150.50
148.00 150.50
147.50 151.00
147.00 151.50
146.50 151.50
146.00 151.50
145.50 152.00
145.00 152.00
144.50 152.00
144.00 152.50
143.50 152.50
143.00 152.50
142.50 152.50
142.00 153.00
141.50 153.00
141.00 153.00
140.50 153.00
140.00 153.00
139.50 153.00
139.00 153.50
138.50 153.50
138.00 153.50
137.50 153.50
137.00 153.50
136.50 153.50
136.00 153.50
135.50 153.50
135.00 153.50
134.50 153.00
134.00 153.00
133.50 153.00
133.00 153.00
132.50 153.00
132.00 153.00
131.50 152.50
131.00 152.50
130.50 152.50
130.00 152.00
129.50 152.00
129.00 152.00
128.50 151.50
128.00 151.50
127.50 151.00
127.00 151.00
126.50 151.00
126.00 150.50
125.50 150.00
125.00 150.00
124.50 149.50
124.00 149.00
123.50 148.50
123.00 148.00
122.50 148.00
122.00 148.00
121.50 147.50
121.50 147.00
121.00 146.50
120.50 146.00
120.00 145.50
120.00 145.00
119.50 144.50
119.00 144.00
119.00 143.50
118.50 143.00
118.00 142.50
118.00 142.00
117.50 141.50
117.00 141.00
117.00 140.50
116.50 140.00
116.50 139.50
116.00 139.00
116.00 138.50
116.00 138.00
115.50 137.50
115.50 137.00
115.00 136.50
115.50 136.00
115.50 135.50
115.50 135.00
115.50 134.50
115.00 134.00
115.00 133.50
115.00 133.00
115.00 132.50
115.00 132.00
115.00 131.50
115.00 131.00
115.00 130.50
115.00 130.00
115.00 129.50
115.00 129.00
115.00 128.50
115.00 128.00
115.50 127.50
115.50 127.00
115.50 126.50
115.50 126.00
115.50 125.50
116.00 125.00
116.00 124.50
116.00 124.00
116.50 123.50
116.50 123.00
117.00 122.50
117.00 122.00
117.50 121.50
117.50 121.00
118.00 120.50
118.00 120.00
118.00 119.50
118.50 119.00
119.00 118.50
119.50 118.00
119.50 117.50
119.50 117.00
120.00 116.50
120.00 116.00
120.00 115.50
120.50 115.00
121.00 114.50
121.00 114.00
121.50 113.50
121.50 113.00
122.00 112.50
122.50 112.00
122.50 111.50
123.00 111.00
123.50 110.50
124.00 110.00
124.50 109.50
125.00 109.00
125.50 108.50
126.00 108.50
126.50 108.00
127.00 108.00
127.50 107.50
128.00 107.00
128.50 107.00
129.00 106.50
129.50 106.50
130.00 106.50
130.50 106.00
131.00 106.00
131.50 106.00
132.00 106.00
132.50 106.00
133.00 105.50
133.50 105.50
134.00 105.50
134.50 105.50
135.00 105.50
135.50 105.50
136.00 105.50
136.50 105.50
137.00 105.50
137.50 105.50
138.00 105.50
138.50 105.50
139.00 105.50
139.50 105.50
140.00 105.50
140.50 105.50
141.00 105.50
141.50 105.50
142.00 106.00
142.50 106.50
143.00 107.00
143.50 107.00
144.00 107.50
144.50 108.00
145.00 108.00
145.50 108.50
146.00 109.00
146.50 109.00
147.00 109.00
147.50 109.50
148.00 109.50
148.50 110.00
149.00 110.50
149.50 110.50
150.00 111.00
150.50 111.00
151.00 111.50
151.50 112.00
152.00 112.00
152.50 112.50
153.00 113.00
153.50 113.50
154.00 114.00
154.50 114.50
154.50 115.00
155.00 115.50
155.50 116.00
156.00 116.50
156.00 117.00
156.50 117.50
157.00 118.00
157.00 118.50
157.50 119.00
157.50 119.50
158.00 120.00
158.00 120.50
158.50 121.00
158.50 121.50
158.50 122.00
159.00 122.50
159.00 123.00
159.50 123.50
159.50 124.00
159.50 124.50
160.00 125.00
160.00 125.50
160.00 126.00
160.00 126.50
160.00 127.00
160.00 127.50
160.00 128.00
160.00 128.50
160.00 129.00
160.00 129.50
160.00 130.00
160.00 130.50
159.50 131.00
159.50 131.50
159.50 132.00
159.50 132.50
