136.50 102.00
137.00 102.00
137.50 102.50
138.00 102.50
138.50 102.50
139.00 103.00
139.50 103.00
140.00 103.00
140.50 103.50
141.00 103.50
141.50 104.00
142.00 104.00
142.50 104.50
143.00 105.00
143.50 105.00
144.00 105.50
144.50 105.50
145.00 106.00
145.50 106.50
146.00 107.00
146.50 107.50
147.00 108.00
147.50 108.00
148.00 108.50
148.50 109.00
149.00 109.50
149.50 110.00
150.00 110.00
150.50 110.50
151.00 111.00
151.50 111.50
152.00 112.00
152.50 112.50
153.00 113.00
153.50 113.50
154.00 114.00
154.50 114.50
155.00 115.00
155.50 115.50
155.50 116.00
156.00 116.50
156.50 117.00
156.50 117.50
157.00 118.00
157.50 118.50
158.00 119.00
158.00 119.50
158.50 120.00
158.50 120.50
158.50 121.00
159.00 121.50
159.00 122.00
159.50 122.50
159.50 123.00
159.50 123.50
160.00 124.00
160.00 124.50
160.00 125.00
160.00 125.50
160.00 126.00
160.50 126.50
160.50 127.00
160.50 127.50
160.50 128.00
160.50 128.50
160.50 129.00
160.50 129.50
160.50 130.00
160.50 130.50
160.50 131.00
160.50 131.50
160.50 132.00
160.50 132.50
160.50 133.00
160.50 133.50
160.50 134.00
160.50 134.50
160.50 135.00
160.50 135.50
160.00 136.00
160.00 136.50
160.00 137.00
160.00 137.50
160.00 138.00
159.50 138.50
159.50 139.00
159.50 139.50
159.00 140.00
159.00 140.50
158.50 141.00
158.50 141.50
158.50 142.00
158.00 142.50
157.50 143.00
157.50 143.50
157.00 144.00
156.50 144.50
156.50 145.00
156.00 145.50
156.00 146.00
155.50 146.50
155.00 147.00
154.50 147.50
154.00 147.50
153.50 148.00
153.00 148.50
152.50 149.00
152.00 149.50
151.50 150.00
151.00 150.50
150.50 150.50
150.00 151.00
149.50 151.00
149.00 151.50
148.50 151.50
148.00 152.00
147.50 152.50
147.00 152.50
146.50 152.50
146.00 153.00
145.50 153.00
145.00 153.50
144.50 153.50
144.00 153.50
143.50 154.00
143.00 154.00
142.50 154.00
142.00 154.50
141.50 154.50
141.00 154.50
140.50 154.50
140.00 154.50
139.50 155.00
139.00 155.00
138.50 155.00
138.00 155.00
137.50 155.00
137.00 155.00
136.50 155.00
136.00 155.00
135.50 155.00
135.00 155.00
134.50 155.00
134.00 155.00
133.50 155.00
133.00 155.00
132.50 155.00
132.00 155.00
131.50 155.00
131.00 155.00
130.50 155.00
130.00 155.00
129.50 154.50
129.00 154.50
128.50 154.50
128.00 154.50
127.50 154.00
127.00 154.00
126.50 154.00
126.00 153.50
125.50 153.50
125.00 153.00
124.50 153.00
124.00 152.50
123.50 152.50
123.00 152.50
122.50 152.00
122.00 151.50
121.50 151.50
121.00 151.00
120.50 150.50
120.00 150.00
119.50 149.50
119.00 149.00
118.50 148.50
118.00 148.00
117.50 147.50
117.00 147.00
117.00 146.50
116.50 146.00
116.50 145.50
116.00 145.00
115.50 144.50
115.50 144.00
115.50 143.50
115.00 143.00
114.50 142.50
114.50 142.00
114.50 141.50
114.00 141.00
114.00 140.50
114.00 140.00
113.50 139.50
113.50 139.00
113.50 138.50
113.50 138.00
113.00 137.50
113.00 137.00
113.00 136.50
113.00 136.00
112.50 135.50
112.50 135.00
112.50 134.50
112.50 134.00
112.50 133.50
112.50 133.00
112.50 132.50
112.50 132.00
112.50 131.50
112.50 131.00
112.50 130.50
112.50 130.00
112.50 129.50
112.50 129.00
112.50 128.50
112.50 128.00
112.50 127.50
113.00 127.00
113.00 126.50
113.00 126.00
113.00 125.50
113.00 125.00
113.50 124.50
113.50 124.00
113.50 123.50
114.00 123.00
114.00 122.50
114.00 122.00
114.50 121.50
114.50 121.00
114.50 120.50
115.00 120.00
115.00 119.50
115.50 119.00
115.50 118.50
116.00 118.00
116.00 117.50
116.50 117.00
117.00 116.50
117.50 116.00
117.50 115.50
118.00 115.00
118.00 114.50
118.50 114.00
119.00 113.50
119.50 113.00
119.50 112.50
120.00 112.00
120.50 111.50
120.50 111.00
121.00 110.50
121.50 110.00
122.00 109.50
122.50 109.00
123.00 108.50
123.50 108.00
124.00 108.00
124.50 107.50
125.00 107.00
125.50 106.50
126.00 106.00
126.50 105.50
127.00 105.00
127.50 104.50
128.00 104.50
128.50 104.00
129.00 104.00
129.50 103.50
130.00 103.50
130.50 103.00
131.00 103.00
131.50 102.50
132.00 102.50
132.50 102.50
133.00 102.00
133.50 102.00
134.00 102.00
134.50 102.00
135.00 102.00
135.50 102.00
136.00 102.00
