135.00 99.00
135.50 99.00
136.00 99.00
136.50 99.00
137.00 99.00
137.50 99.50
138.00 99.50
138.50 99.50
139.00 99.50
139.50 100.00
140.00 100.00
140.50 100.00
141.00 100.00
141.50 100.50
142.00 100.50
142.50 101.00
143.00 101.00
143.50 101.50
144.00 101.50
144.50 102.00
145.00 102.00
145.50 102.50
146.00 103.00
146.50 103.00
147.00 103.50
147.50 104.00
148.00 104.00
148.50 104.50
149.00 105.00
149.50 105.50
150.00 106.00
150.50 106.50
151.00 107.00
151.50 107.50
152.00 108.00
152.50 108.50
153.00 109.00
153.50 109.50
153.50 110.00
154.00 110.50
154.50 111.00
155.00 111.50
155.50 112.00
155.50 112.50
156.00 113.00
156.00 113.50
156.50 114.00
157.00 114.50
157.50 115.00
157.50 115.50
157.50 116.00
158.00 116.50
158.50 117.00
158.50 117.50
159.00 118.00
159.00 118.50
159.50 119.00
159.50 119.50
160.00 120.00
160.00 120.50
160.00 121.00
160.50 121.50
160.50 122.00
161.00 122.50
161.00 123.00
161.00 123.50
161.00 124.00
161.50 124.50
161.50 125.00
161.50 125.50
162.00 126.00
162.00 126.50
162.00 127.00
162.00 127.50
162.00 128.00
162.50 128.50
162.50 129.00
162.50 129.50
162.50 130.00
162.50 130.50
162.50 131.00
162.50 131.50
162.50 132.00
162.50 132.50
162.50 133.00
162.50 133.50
162.50 134.00
162.50 134.50
162.50 135.00
162.50 135.50
162.50 136.00
162.50 136.50
162.00 137.00
162.00 137.50
162.00 138.00
162.00 138.50
161.50 139.00
161.50 139.50
161.50 140.00
161.50 140.50
161.00 141.00
161.00 141.50
160.50 142.00
160.50 142.50
160.00 143.00
159.50 143.50
159.50 144.00
159.00 144.50
159.00 145.00
158.50 145.50
158.00 146.00
157.50 146.50
157.00 147.00
157.00 147.50
156.50 148.00
156.00 148.50
155.50 148.50
155.00 149.00
154.50 149.50
154.00 150.00
153.50 150.50
153.00 151.00
152.50 151.50
152.00 151.50
151.50 152.00
151.00 152.50
150.50 152.50
150.00 153.00
149.50 153.50
149.00 153.50
148.50 153.50
148.00 154.00
147.50 154.00
147.00 154.50
146.50 154.50
146.00 155.00
145.50 155.00
145.00 155.50
144.50 155.50
144.00 155.50
143.50 155.50
143.00 156.00
142.50 156.00
142.00 156.00
141.50 156.00
141.00 156.50
140.50 156.50
140.00 156.50
139.50 156.50
139.00 156.50
138.50 156.50
138.00 156.50
137.50 156.50
137.00 156.50
136.50 156.50
136.00 156.50
135.50 156.50
135.00 156.50
134.50 156.50
134.00 156.50
133.50 156.50
133.00 156.00
132.50 156.00
132.00 156.00
131.50 156.00
131.00 156.00
130.50 155.50
130.00 155.50
129.50 155.50
129.00 155.00
128.50 155.00
128.00 155.00
127.50 154.50
127.00 154.50
126.50 154.00
126.00 154.00
125.50 153.50
125.00 153.50
124.50 153.00
124.00 153.00
123.50 152.50
123.00 152.50
122.50 152.00
122.00 151.50
121.50 151.50
121.00 151.00
120.50 150.50
120.00 150.00
119.50 149.50
119.00 149.50
118.50 149.00
118.00 148.50
117.50 148.00
117.00 147.50
116.50 147.00
116.00 146.50
116.00 146.00
115.50 145.50
115.50 145.00
115.00 144.50
114.50 144.00
114.00 143.50
114.00 143.00
113.50 142.50
113.50 142.00
113.50 141.50
113.00 141.00
113.00 140.50
112.50 140.00
112.50 139.50
112.50 139.00
112.00 138.50
112.00 138.00
112.00 137.50
112.00 137.00
112.00 136.50
111.50 136.00
111.50 135.50
111.50 135.00
111.50 134.50
111.50 134.00
111.50 133.50
111.50 133.00
111.50 132.50
111.50 132.00
111.50 131.50
111.50 131.00
111.50 130.50
112.00 130.00
112.00 129.50
112.00 129.00
112.00 128.50
112.00 128.00
112.00 127.50
112.00 127.00
112.50 126.50
112.50 126.00
112.50 125.50
112.50 125.00
112.50 124.50
113.00 124.00
113.00 123.50
113.00 123.00
113.00 122.50
113.50 122.00
113.50 121.50
113.50 121.00
113.50 120.50
114.00 120.00
114.00 119.50
114.00 119.00
114.50 118.50
114.50 118.00
114.50 117.50
115.00 117.00
115.00 116.50
115.00 116.00
115.50 115.50
115.50 115.00
115.50 114.50
116.00 114.00
116.00 113.50
116.00 113.00
116.50 112.50
116.50 112.00
117.00 111.50
117.00 111.00
117.50 110.50
117.50 110.00
118.00 109.50
118.00 109.00
118.50 108.50
118.50 108.00
119.00 107.50
119.50 107.00
119.50 106.50
120.00 106.00
120.50 105.50
120.50 105.00
121.00 104.50
121.50 104.00
122.00 103.50
122.50 103.00
123.00 102.50
123.50 102.50
124.00 102.00
124.50 101.50
125.00 101.50
125.50 101.00
126.00 101.00
126.50 100.50
127.00 100.50
127.50 100.00
128.00 100.00
128.50 100.00
129.00 99.50
129.50 99.50
130.00 99.50
130.50 99.50
131.00 99.50
131.50 99.00
132.00 99.00
132.50 99.00
133.00 99.00
133.50 99.00
134.00 99.00
134.50 99.00
