137.00 95.50
137.50 95.50
138.00 95.50
138.50 95.50
139.00 95.50
139.50 95.50
140.00 96.00
140.50 96.00
141.00 96.00
141.50 96.00
142.00 96.50
142.50 96.50
143.00 96.50
143.50 97.00
144.00 97.00
144.50 97.50
145.00 97.50
145.50 97.50
146.00 98.00
146.50 98.00
147.00 98.50
147.50 99.00
148.00 99.00
148.50 99.50
149.00 99.50
149.50 100.00
150.00 100.50
150.50 100.50
151.00 101.00
151.50 101.50
152.00 102.00
152.50 102.50
153.00 103.00
153.50 103.00
154.00 103.50
154.00 104.00
154.50 104.50
155.00 105.00
155.50 105.50
156.00 106.00
156.50 106.50
157.00 107.00
157.50 107.50
157.50 108.00
158.00 108.50
158.50 109.00
159.00 109.50
159.00 110.00
159.50 110.50
160.00 111.00
160.00 111.50
160.50 112.00
160.50 112.50
161.00 113.00
161.50 113.50
161.50 114.00
162.00 114.50
162.00 115.00
162.50 115.50
162.50 116.00
162.50 116.50
163.00 117.00
163.00 117.50
163.50 118.00
163.50 118.50
164.00 119.00
164.00 119.50
164.00 120.00
164.00 120.50
164.50 121.00
164.50 121.50
164.50 122.00
165.00 122.50
165.00 123.00
165.00 123.50
165.00 124.00
165.50 124.50
165.50 125.00
165.50 125.50
165.50 126.00
165.50 126.50
165.50 127.00
166.00 127.50
166.00 128.00
166.00 128.50
166.00 129.00
166.00 129.50
166.00 130.00
166.00 130.50
166.00 131.00
166.00 131.50
166.00 132.00
166.00 132.50
166.00 133.00
166.00 133.50
166.00 134.00
166.00 134.50
166.00 135.00
166.00 135.50
166.00 136.00
166.00 136.50
166.00 137.00
166.00 137.50
165.50 138.00
165.50 138.50
165.50 139.00
165.50 139.50
165.50 140.00
165.00 140.50
165.00 141.00
165.00 141.50
164.50 142.00
164.50 142.50
164.50 143.00
164.00 143.50
164.00 144.00
163.50 144.50
163.50 145.00
163.00 145.50
163.00 146.00
162.50 146.50
162.50 147.00
162.00 147.50
162.00 148.00
161.50 148.50
161.00 149.00
160.50 149.50
160.50 150.00
160.00 150.50
159.50 151.00
159.00 151.50
158.50 152.00
158.00 152.50
157.50 153.00
157.00 153.50
156.50 154.00
156.00 154.00
155.50 154.50
155.00 155.00
154.50 155.00
154.00 155.50
153.50 155.50
153.00 156.00
152.50 156.50
152.00 156.50
151.50 157.00
151.00 157.00
150.50 157.50
150.00 157.50
149.50 158.00
149.00 158.00
148.50 158.00
148.00 158.50
147.50 158.50
147.00 158.50
146.50 159.00
146.00 159.00
145.50 159.00
145.00 159.50
144.50 159.50
144.00 159.50
143.50 160.00
143.00 160.00
142.50 160.00
142.00 160.00
141.50 160.00
141.00 160.50
140.50 160.50
140.00 160.50
139.50 160.50
139.00 160.50
138.50 160.50
138.00 161.00
137.50 161.00
137.00 161.00
136.50 161.00
136.00 161.00
135.50 161.00
135.00 161.00
134.50 161.00
134.00 161.00
133.50 161.00
133.00 161.00
132.50 161.00
132.00 161.00
131.50 161.00
131.00 161.00
130.50 161.00
130.00 161.00
129.50 161.00
129.00 161.00
128.50 161.00
128.00 160.50
127.50 160.50
127.00 160.50
126.50 160.50
126.00 160.50
125.50 160.50
125.00 160.00
124.50 160.00
124.00 160.00
123.50 160.00
123.00 159.50
122.50 159.50
122.00 159.50
121.50 159.50
121.00 159.00
120.50 159.00
120.00 158.50
119.50 158.50
119.00 158.50
118.50 158.00
118.00 158.00
117.50 157.50
117.00 157.50
116.50 157.00
116.00 156.50
115.50 156.00
115.00 156.00
114.50 155.50
114.00 155.00
113.50 155.00
113.00 154.50
112.50 154.00
112.00 153.50
111.50 153.00
111.00 152.50
110.50 152.00
110.50 151.50
110.00 151.00
110.00 150.50
109.50 150.00
109.00 149.50
109.00 149.00
108.50 148.50
108.50 148.00
108.50 147.50
108.00 147.00
108.00 146.50
107.50 146.00
107.50 145.50
107.50 145.00
107.00 144.50
107.00 144.00
107.00 143.50
107.00 143.00
106.50 142.50
106.50 142.00
106.50 141.50
106.50 141.00
106.50 140.50
106.50 140.00
106.50 139.50
106.50 139.00
106.00 138.50
106.00 138.00
106.00 137.50
106.00 137.00
106.00 136.50
106.00 136.00
106.00 135.50
106.00 135.00
106.00 134.50
106.50 134.00
106.50 133.50
106.50 133.00
106.50 132.50
106.50 132.00
106.50 131.50
106.50 131.00
106.50 130.50
106.50 130.00
107.00 129.50
107.00 129.00
107.00 128.50
107.00 128.00
107.00 127.50
107.50 127.00
107.50 126.50
107.50 126.00
107.50 125.50
108.00 125.00
108.00 124.50
108.00 124.00
108.00 123.50
108.50 123.00
108.50 122.50
108.50 122.00
109.00 121.50
109.00 121.00
109.00 120.50
109.50 120.00
109.50 119.50
110.00 119.00
110.00 118.50
110.00 118.00
110.50 117.50
111.00 117.00
111.00 116.50
111.50 116.00
111.50 115.50
111.50 115.00
112.00 114.50
112.00 114.00
112.50 113.50
113.00 113.00
113.00 112.50
113.50 112.00
113.50 111.50
114.00 111.00
114.50 110.50
115.00 110.00
115.00 109.50
115.50 109.00
116.00 108.50
116.00 108.00
116.50 107.50
117.00 107.00
117.50 106.50
117.50 106.00
118.00 105.50
118.50 105.00
119.00 104.50
119.50 104.00
120.00 103.50
120.50 103.00
121.00 102.50
121.50 102.50
122.00 102.00
122.50 101.50
123.00 101.00
123.50 100.50
124.00 100.00
124.50 100.00
125.00 99.50
125.50 99.00
126.00 99.00
126.50 98.50
127.00 98.00
127.50 98.00
128.00 97.50
128.50 97.50
129.00 97.00
129.50 97.00
130.00 97.00
130.50 96.50
131.00 96.50
131.50 96.50
132.00 96.00
132.50 96.00
133.00 96.00
133.50 96.00
134.00 95.50
134.50 95.50
135.00 95.50
135.50 95.50
136.00 95.50
136.50 95.50
