146.50 155.00
146.50 155.50
146.00 156.00
146.00 156.50
145.50 157.00
145.00 157.50
144.50 158.00
144.00 158.50
143.50 159.00
143.00 159.50
142.50 159.50
142.00 159.50
141.50 160.00
141.00 160.00
140.50 160.00
140.00 160.00
139.50 159.50
139.00 159.50
138.50 159.50
138.00 159.50
137.50 159.50
137.00 159.50
136.50 159.50
136.00 159.50
135.50 159.50
135.00 159.50
134.50 159.50
134.00 160.00
133.50 160.00
133.00 160.00
132.50 160.00
132.00 160.00
131.50 160.00
131.00 160.00
130.50 159.50
130.00 159.00
130.00 158.50
130.00 158.00
130.00 157.50
130.00 157.00
130.00 156.50
130.50 156.00
130.50 155.50
131.00 155.00
131.50 154.50
132.00 154.50
132.50 154.50
133.00 154.50
133.50 154.50
134.00 154.50
134.50 154.50
135.00 154.50
135.50 155.00
136.00 155.00
136.50 155.00
137.00 155.00
137.50 155.50
138.00 155.50
138.50 155.50
139.00 155.50
139.50 155.50
140.00 155.50
140.50 155.50
141.00 155.50
141.50 155.50
142.00 155.50
142.50 155.50
143.00 155.00
143.50 155.00
144.00 155.00
144.50 154.50
145.00 154.50
145.50 154.50
146.00 154.50
146.50 154.50
