101.00 140.00
101.00 139.50
101.00 139.00
101.00 138.50
101.00 138.00
101.00 137.50
101.00 137.00
101.00 136.50
101.00 136.00
101.00 135.50
101.00 135.00
101.00 134.50
101.00 134.00
101.00 133.50
101.00 133.00
101.00 132.50
101.50 132.00
101.50 131.50
101.50 131.00
101.50 130.50
101.50 130.00
101.50 129.50
101.50 129.00
102.00 128.50
102.00 128.00
102.00 127.50
102.00 127.00
102.00 126.50
102.50 126.00
102.50 125.50
102.50 125.00
102.50 124.50
103.00 124.00
103.00 123.50
103.00 123.00
103.50 122.50
103.50 122.00
103.50 121.50
104.00 121.00
104.00 120.50
104.50 120.00
104.50 119.50
105.00 119.00
105.50 118.50
105.50 118.00
105.50 117.50
106.00 117.00
106.50 116.50
107.00 116.00
107.00 115.50
107.50 115.00
108.00 114.50
108.50 114.00
109.00 113.50
109.00 113.00
109.50 112.50
110.00 112.50
110.50 112.00
111.00 111.50
111.50 111.00
112.00 110.50
112.50 110.50
113.00 110.00
113.50 109.50
114.00 109.50
114.50 109.00
115.00 108.50
115.50 108.50
116.00 108.00
116.50 108.00
117.00 107.50
117.50 107.50
118.00 107.00
118.50 106.50
119.00 106.50
119.50 106.50
120.00 106.00
120.50 106.00
121.00 105.50
121.50 105.50
122.00 105.50
122.50 105.00
123.00 105.00
123.50 104.50
124.00 104.50
124.50 104.50
125.00 104.00
125.50 104.00
126.00 103.50
126.50 103.50
127.00 103.50
127.50 103.50
128.00 103.00
128.50 102.50
129.00 102.50
129.50 102.50
130.00 102.00
130.50 102.00
131.00 102.00
131.50 101.50
132.00 101.50
132.50 101.00
133.00 101.00
133.50 100.50
134.00 100.50
134.50 100.50
135.00 100.50
135.50 100.00
136.00 100.00
136.50 100.00
137.00 100.00
137.50 99.50
138.00 99.50
138.50 99.50
139.00 99.50
139.50 99.50
140.00 99.50
140.50 99.50
141.00 99.50
141.50 99.50
142.00 99.50
142.50 100.00
143.00 100.00
143.50 100.00
144.00 100.50
144.50 100.50
145.00 100.50
145.50 101.00
146.00 101.00
146.50 101.50
147.00 101.50
147.50 102.00
148.00 102.00
148.50 102.50
149.00 103.00
149.50 103.00
150.00 103.50
150.50 104.00
151.00 104.50
151.50 105.00
152.00 105.50
152.50 106.00
153.00 106.50
153.50 107.00
153.50 107.50
154.00 108.00
154.50 108.50
154.50 109.00
155.00 109.50
155.00 110.00
155.50 110.50
155.50 111.00
156.00 111.50
156.00 112.00
156.50 112.50
156.50 113.00
156.50 113.50
157.00 114.00
157.00 114.50
157.00 115.00
157.50 115.50
157.50 116.00
158.00 116.50
158.00 117.00
158.00 117.50
158.00 118.00
158.50 118.50
158.50 119.00
158.50 119.50
158.50 120.00
158.50 120.50
159.00 121.00
159.00 121.50
159.00 122.00
159.00 122.50
159.00 123.00
159.50 123.50
159.50 124.00
159.50 124.50
159.50 125.00
159.50 125.50
159.50 126.00
159.50 126.50
159.50 127.00
159.50 127.50
160.00 128.00
160.00 128.50
160.00 129.00
160.00 129.50
160.00 130.00
160.00 130.50
160.00 131.00
159.50 131.50
159.50 132.00
159.50 132.50
159.50 133.00
159.50 133.50
159.50 134.00
159.50 134.50
159.50 135.00
159.00 135.50
159.00 136.00
158.50 136.50
158.50 137.00
158.50 137.50
158.50 138.00
158.00 138.50
158.00 139.00
157.50 139.50
157.50 140.00
157.50 140.50
157.00 141.00
156.50 141.50
156.50 142.00
156.50 142.50
156.00 143.00
155.50 143.50
155.50 144.00
155.00 144.50
154.50 145.00
154.50 145.50
154.00 146.00
154.00 146.50
153.50 147.00
153.00 147.50
152.50 148.00
152.00 148.50
151.50 149.00
151.50 149.50
151.50 150.00
151.00 150.50
150.50 151.00
150.00 151.50
149.50 152.00
149.00 152.50
148.50 153.00
148.00 153.50
147.50 154.00
147.00 154.50
147.00 155.00
146.50 155.50
146.00 156.00
145.50 156.50
145.00 157.00
144.50 157.50
144.00 157.50
143.50 158.00
143.00 158.50
142.50 159.00
142.00 159.00
141.50 159.50
141.00 159.50
140.50 160.00
140.00 160.00
139.50 160.50
139.00 160.50
138.50 161.00
138.00 161.00
137.50 161.00
137.00 161.00
136.50 161.50
136.00 161.50
135.50 161.50
135.00 161.50
134.50 161.50
134.00 161.50
133.50 161.50
133.00 161.50
132.50 161.50
132.00 161.50
131.50 161.50
131.00 161.50
130.50 161.50
130.00 161.50
129.50 161.50
129.00 161.50
128.50 161.50
128.00 161.50
127.50 161.00
127.00 161.00
126.50 161.00
126.00 161.00
125.50 161.00
125.00 161.00
124.50 161.00
124.00 160.50
123.50 160.50
123.00 160.50
122.50 160.50
122.00 160.50
121.50 160.00
121.00 160.00
120.50 160.00
120.00 160.00
119.50 160.00
119.00 159.50
118.50 159.50
118.00 159.50
117.50 159.50
117.00 159.50
116.50 159.00
116.00 159.00
115.50 159.00
115.00 159.00
114.50 158.50
114.00 158.50
113.50 158.50
113.00 158.50
112.50 158.00
112.00 158.00
111.50 158.00
111.00 157.50
110.50 157.50
110.00 157.00
109.50 157.00
109.00 157.00
108.50 156.50
108.00 156.50
107.50 156.00
107.00 156.00
106.50 155.50
106.00 155.00
105.50 154.50
105.00 154.00
104.50 153.50
104.00 153.00
103.50 152.50
103.50 152.00
103.00 151.50
103.00 151.00
102.50 150.50
102.50 150.00
102.50 149.50
102.00 149.00
102.00 148.50
102.00 148.00
101.50 147.50
101.50 147.00
101.50 146.50
101.50 146.00
101.50 145.50
101.50 145.00
101.50 144.50
101.00 144.00
101.00 143.50
101.00 143.00
101.00 142.50
101.00 142.00
101.00 141.50
101.00 141.00
101.00 140.50
