158.00 136.00
157.50 135.50
157.00 135.00
156.50 135.00
156.00 134.50
155.50 134.00
155.00 134.00
154.50 133.50
154.00 133.00
153.50 132.50
153.00 132.00
152.50 131.50
152.00 131.00
152.00 130.50
151.50 130.00
151.50 129.50
151.00 129.00
151.00 128.50
150.50 128.00
150.50 127.50
150.50 127.00
150.50 126.50
150.50 126.00
150.50 125.50
150.50 125.00
150.50 124.50
150.50 124.00
151.00 123.50
151.50 123.00
152.00 122.50
152.50 122.50
153.00 122.00
153.50 122.00
154.00 122.00
154.50 122.00
155.00 122.00
155.50 122.00
156.00 122.00
156.50 122.00
157.00 122.00
157.50 122.50
158.00 123.00
158.50 123.50
159.00 124.00
159.50 124.50
160.00 125.00
160.00 125.50
160.50 126.00
161.00 126.50
161.00 127.00
161.50 127.50
161.50 128.00
162.00 128.50
162.50 129.00
162.50 129.50
162.50 130.00
163.00 130.50
163.00 131.00
163.00 131.50
163.00 132.00
163.00 132.50
163.00 133.00
163.00 133.50
163.00 134.00
163.00 134.50
162.50 135.00
162.50 135.50
162.50 136.00
162.00 136.50
162.00 137.00
161.50 137.50
161.00 138.00
160.50 138.00
160.00 138.00
159.50 137.50
159.00 137.00
158.50 136.50
