118.50 143.50
118.00 143.00
118.00 142.50
117.50 142.00
117.00 141.50
117.00 141.00
116.50 140.50
116.50 140.00
116.00 139.50
116.00 139.00
115.50 138.50
115.50 138.00
115.50 137.50
115.00 137.00
115.00 136.50
115.00 136.00
114.50 135.50
114.50 135.00
114.50 134.50
114.50 134.00
114.00 133.50
114.00 133.00
114.00 132.50
114.00 132.00
114.00 131.50
114.00 131.00
114.00 130.50
114.00 130.00
114.00 129.50
114.00 129.00
114.00 128.50
114.00 128.00
114.00 127.50
114.00 127.00
114.00 126.50
114.00 126.00
114.00 125.50
114.50 125.00
114.50 124.50
114.50 124.00
114.50 123.50
115.00 123.00
115.00 122.50
115.50 122.00
115.50 121.50
116.00 121.00
116.00 120.50
116.50 120.00
116.50 119.50
117.00 119.00
117.50 118.50
118.00 118.00
118.00 117.50
118.50 117.00
119.00 116.50
119.50 116.00
120.00 115.50
120.50 115.00
121.00 115.00
121.50 114.50
122.00 114.50
122.50 114.00
123.00 114.00
123.50 113.50
124.00 113.50
124.50 113.50
125.00 113.00
125.50 113.00
126.00 112.50
126.50 112.50
127.00 112.00
127.50 112.00
128.00 111.50
128.50 111.50
129.00 111.00
129.50 110.50
130.00 110.50
130.50 110.00
131.00 110.00
131.50 109.50
132.00 109.50
132.50 109.00
133.00 109.00
133.50 108.50
134.00 108.50
134.50 108.00
135.00 108.00
135.50 108.00
136.00 107.50
136.50 107.50
137.00 107.50
137.50 107.50
138.00 107.50
138.50 107.50
139.00 107.50
139.50 107.50
140.00 107.50
140.50 108.00
141.00 108.00
141.50 108.00
142.00 108.00
142.50 108.50
143.00 109.00
143.50 109.00
144.00 109.50
144.50 110.00
145.00 110.00
145.50 110.50
146.00 111.00
146.50 111.50
147.00 112.00
147.50 112.50
148.00 113.00
148.50 113.50
148.50 114.00
149.00 114.50
149.50 115.00
150.00 115.50
150.50 116.00
151.00 116.50
151.00 117.00
151.50 117.50
152.00 118.00
152.50 118.50
152.50 119.00
153.00 119.50
153.50 120.00
153.50 120.50
154.00 121.00
154.00 121.50
154.50 122.00
154.50 122.50
155.00 123.00
155.00 123.50
155.00 124.00
155.50 124.50
155.50 125.00
155.50 125.50
155.50 126.00
155.50 126.50
155.50 127.00
155.50 127.50
155.50 128.00
155.50 128.50
155.50 129.00
155.50 129.50
155.50 130.00
155.50 130.50
155.50 131.00
155.50 131.50
155.50 132.00
155.00 132.50
155.00 133.00
155.00 133.50
155.00 134.00
155.00 134.50
154.50 135.00
154.50 135.50
154.50 136.00
154.50 136.50
154.00 137.00
154.00 137.50
153.50 138.00
153.50 138.50
153.50 139.00
153.00 139.50
152.50 140.00
152.50 140.50
152.00 141.00
152.00 141.50
151.50 142.00
151.00 142.50
151.00 143.00
150.50 143.50
150.00 144.00
149.50 144.50
149.00 145.00
148.50 145.50
148.00 146.00
147.50 146.50
147.00 147.00
146.50 147.50
146.00 147.50
145.50 148.00
145.00 148.50
144.50 149.00
144.00 149.00
143.50 149.50
143.00 150.00
142.50 150.00
142.00 150.50
141.50 150.50
141.00 150.50
140.50 151.00
140.00 151.00
139.50 151.00
139.00 151.00
138.50 151.00
138.00 151.00
137.50 151.00
137.00 151.50
136.50 151.50
136.00 151.50
135.50 151.00
135.00 151.00
134.50 151.00
134.00 151.00
133.50 151.00
133.00 151.00
132.50 151.00
132.00 151.00
131.50 151.00
131.00 150.50
130.50 150.50
130.00 150.50
129.50 150.50
129.00 150.00
128.50 150.00
128.00 150.00
127.50 150.00
127.00 149.50
126.50 149.50
126.00 149.00
125.50 149.00
125.00 148.50
124.50 148.50
124.00 148.00
123.50 147.50
123.00 147.50
122.50 147.00
122.00 146.50
121.50 146.00
121.00 145.50
120.50 145.00
120.00 144.50
119.50 144.00
119.00 143.50
