122.50 155.00
122.00 155.00
121.50 155.00
121.00 154.50
120.50 154.00
120.00 154.00
119.50 153.50
119.00 153.00
118.50 152.50
118.50 152.00
118.00 151.50
117.50 151.00
117.50 150.50
117.00 150.00
116.50 149.50
116.00 149.00
116.00 148.50
115.50 148.00
115.50 147.50
115.00 147.00
114.50 146.50
114.50 146.00
114.50 145.50
114.00 145.00
114.00 144.50
113.50 144.00
113.50 143.50
113.00 143.00
113.00 142.50
113.00 142.00
113.00 141.50
112.50 141.00
112.50 140.50
112.50 140.00
112.00 139.50
112.00 139.00
112.00 138.50
112.00 138.00
111.50 137.50
111.50 137.00
111.50 136.50
111.50 136.00
111.50 135.50
111.50 135.00
111.00 134.50
111.00 134.00
111.00 133.50
111.00 133.00
111.00 132.50
111.00 132.00
111.00 131.50
111.00 131.00
111.00 130.50
111.00 130.00
111.00 129.50
111.00 129.00
111.00 128.50
111.00 128.00
111.00 127.50
111.00 127.00
111.00 126.50
111.00 126.00
111.00 125.50
111.50 125.00
111.50 124.50
111.50 124.00
111.50 123.50
112.00 123.00
112.00 122.50
112.00 122.00
112.00 121.50
112.50 121.00
112.50 120.50
112.50 120.00
113.00 119.50
113.00 119.00
113.50 118.50
113.50 118.00
113.50 117.50
114.00 117.00
114.00 116.50
114.50 116.00
115.00 115.50
115.50 115.00
115.50 114.50
116.00 114.00
116.00 113.50
116.50 113.00
117.00 112.50
117.50 112.00
117.50 111.50
118.00 111.00
118.50 110.50
118.50 110.00
119.00 109.50
119.50 109.00
119.50 108.50
120.00 108.00
120.50 107.50
121.00 107.00
121.50 106.50
122.00 106.00
122.00 105.50
122.50 105.00
123.00 104.50
123.50 104.00
124.00 103.50
124.50 103.50
125.00 103.00
125.50 102.50
126.00 102.00
126.50 102.00
127.00 101.50
127.50 101.50
128.00 101.00
128.50 100.50
129.00 100.50
129.50 100.50
130.00 100.00
130.50 100.00
131.00 100.00
131.50 99.50
132.00 99.50
132.50 99.50
133.00 99.50
133.50 99.50
134.00 99.00
134.50 99.00
135.00 99.00
135.50 99.00
136.00 99.00
136.50 99.00
137.00 99.00
137.50 99.00
138.00 98.50
138.50 98.50
139.00 98.50
139.50 98.50
140.00 98.50
140.50 98.50
141.00 98.50
141.50 98.50
142.00 98.50
142.50 98.50
143.00 98.50
143.50 98.50
144.00 99.00
144.50 99.00
145.00 99.00
145.50 99.00
146.00 99.50
146.50 99.50
147.00 100.00
147.50 100.00
148.00 100.50
148.50 100.50
149.00 101.00
149.50 101.50
150.00 101.50
150.50 102.00
151.00 102.50
151.50 103.00
152.00 103.00
152.50 103.50
153.00 104.00
153.50 104.50
154.00 105.00
154.50 105.50
155.00 106.00
155.50 106.50
156.00 107.00
156.50 107.50
157.00 108.00
157.50 108.50
157.50 109.00
158.00 109.50
158.50 110.00
159.00 110.50
159.00 111.00
159.50 111.50
160.00 112.00
160.00 112.50
160.50 113.00
161.00 113.50
161.00 114.00
161.50 114.50
162.00 115.00
162.00 115.50
162.50 116.00
162.50 116.50
162.50 117.00
163.00 117.50
163.50 118.00
163.50 118.50
164.00 119.00
164.00 119.50
164.50 120.00
164.00 120.50
164.00 121.00
164.50 121.50
165.00 122.00
165.00 122.50
165.00 123.00
165.50 123.50
165.50 124.00
165.50 124.50
166.00 125.00
166.00 125.50
166.00 126.00
166.50 126.50
166.50 127.00
166.50 127.50
166.50 128.00
167.00 128.50
167.00 129.00
167.00 129.50
167.00 130.00
167.00 130.50
167.00 131.00
167.00 131.50
167.00 132.00
167.00 132.50
167.00 133.00
166.50 133.50
166.50 134.00
166.50 134.50
166.50 135.00
166.00 135.50
166.00 136.00
166.00 136.50
165.50 137.00
165.50 137.50
165.50 138.00
165.00 138.50
165.00 139.00
165.00 139.50
164.50 140.00
164.00 140.50
164.00 141.00
164.00 141.50
163.50 142.00
163.50 142.50
163.00 143.00
163.00 143.50
162.50 144.00
162.50 144.50
162.00 145.00
162.00 145.50
162.00 146.00
161.50 146.50
161.50 147.00
161.00 147.50
161.00 148.00
160.50 148.50
160.50 149.00
160.00 149.50
159.50 150.00
159.00 150.50
158.50 151.00
158.00 151.50
157.50 151.50
157.00 151.50
156.50 152.00
156.00 152.50
155.50 152.50
155.00 152.50
154.50 153.00
154.00 153.00
153.50 153.50
153.00 154.00
152.50 154.00
152.00 154.50
151.50 155.00
151.00 155.50
150.50 155.50
150.00 156.00
149.50 156.00
149.00 156.50
148.50 156.50
148.00 156.50
147.50 157.00
147.00 157.00
146.50 157.00
146.00 157.00
145.50 157.00
145.00 157.00
144.50 157.50
144.00 157.50
143.50 157.50
143.00 157.50
142.50 157.50
142.00 157.50
141.50 157.50
141.00 157.50
140.50 157.50
140.00 157.50
139.50 157.50
139.00 158.00
138.50 158.00
138.00 158.00
137.50 158.00
137.00 158.00
136.50 158.00
136.00 158.00
135.50 158.00
135.00 158.00
134.50 158.00
134.00 158.00
133.50 158.00
133.00 158.00
132.50 158.00
132.00 158.00
131.50 158.00
131.00 158.00
130.50 158.00
130.00 157.50
129.50 157.50
129.00 157.50
128.50 157.00
128.00 157.00
127.50 157.00
127.00 157.00
126.50 156.50
126.00 156.50
125.50 156.00
125.00 156.00
124.50 155.50
124.00 155.50
123.50 155.00
123.00 155.00
