143.50 159.00
143.00 159.00
142.50 159.00
142.00 159.00
141.50 159.00
141.00 159.00
140.50 159.00
140.00 159.00
139.50 159.00
139.00 159.00
138.50 159.00
138.00 159.00
137.50 159.00
137.00 159.00
136.50 159.00
136.00 159.00
135.50 159.00
135.00 159.00
134.50 159.00
134.00 159.00
133.50 159.00
133.00 159.00
132.50 159.00
132.00 159.00
131.50 159.00
131.00 159.00
130.50 159.00
130.00 159.00
129.50 159.00
129.00 159.00
128.50 159.00
128.00 158.50
127.50 158.50
127.00 158.50
126.50 158.50
126.00 158.50
125.50 158.50
125.00 158.00
124.50 158.00
124.00 158.00
123.50 158.00
123.00 157.50
122.50 157.50
122.00 157.50
121.50 157.00
121.00 157.00
120.50 157.00
120.00 156.50
119.50 156.00
119.00 156.00
118.50 156.00
118.00 155.50
117.50 155.00
117.00 155.00
116.50 154.50
116.00 154.00
115.50 153.50
115.00 153.00
114.50 152.50
114.00 152.00
114.00 151.50
113.50 151.00
113.00 150.50
112.50 150.00
112.50 149.50
112.00 149.00
112.00 148.50
111.50 148.00
111.50 147.50
111.00 147.00
111.00 146.50
110.50 146.00
110.50 145.50
110.50 145.00
110.00 144.50
110.00 144.00
110.00 143.50
110.00 143.00
109.50 142.50
109.50 142.00
109.50 141.50
109.50 141.00
109.50 140.50
109.00 140.00
109.00 139.50
109.00 139.00
109.00 138.50
109.00 138.00
109.00 137.50
109.00 137.00
109.00 136.50
109.00 136.00
108.50 135.50
108.50 135.00
108.50 134.50
108.50 134.00
108.50 133.50
108.50 133.00
108.50 132.50
108.50 132.00
108.50 131.50
109.00 131.00
109.00 130.50
109.00 130.00
109.00 129.50
109.00 129.00
109.00 128.50
109.00 128.00
109.00 127.50
109.00 127.00
109.50 126.50
109.50 126.00
109.50 125.50
109.50 125.00
110.00 124.50
110.00 124.00
110.00 123.50
110.00 123.00
110.50 122.50
110.50 122.00
110.50 121.50
111.00 121.00
111.00 120.50
111.50 120.00
111.50 119.50
111.50 119.00
112.00 118.50
112.00 118.00
112.50 117.50
112.50 117.00
113.00 116.50
113.00 116.00
113.50 115.50
114.00 115.00
114.00 114.50
114.50 114.00
115.00 113.50
115.00 113.00
115.50 112.50
116.00 112.00
116.00 111.50
116.50 111.00
117.00 110.50
117.50 110.00
118.00 109.50
118.00 109.00
118.50 108.50
119.00 108.00
119.50 107.50
120.00 107.00
120.00 106.50
120.50 106.00
121.00 105.50
121.50 105.00
122.00 104.50
122.50 104.00
123.00 103.50
123.50 103.50
124.00 103.50
124.50 103.00
124.50 102.50
125.00 102.00
125.50 102.00
126.00 101.50
126.50 101.00
127.00 101.00
127.50 100.50
128.00 100.00
128.50 99.50
129.00 99.50
129.50 99.00
130.00 99.00
130.50 98.50
131.00 98.50
131.50 98.00
132.00 98.00
132.50 97.50
133.00 97.50
133.50 97.00
134.00 97.00
134.50 97.00
135.00 97.00
135.50 96.50
136.00 96.50
136.50 96.50
137.00 96.50
137.50 96.50
138.00 96.50
138.50 96.50
139.00 96.50
139.50 96.50
140.00 96.50
140.50 96.50
141.00 96.50
141.50 96.50
142.00 96.50
142.50 97.00
143.00 97.00
143.50 97.50
144.00 97.50
144.50 97.50
145.00 98.00
145.50 98.00
146.00 98.50
146.50 98.50
147.00 99.00
147.50 99.50
148.00 100.00
148.50 100.00
149.00 100.50
149.50 101.00
150.00 101.50
150.50 102.00
151.00 102.50
151.50 102.50
152.00 103.00
152.00 103.50
152.50 104.00
153.00 104.50
153.50 105.00
154.00 105.50
154.50 106.00
155.00 106.50
155.50 107.00
155.50 107.50
156.00 108.00
156.50 108.50
157.00 109.00
157.00 109.50
157.50 110.00
158.00 110.50
158.00 111.00
158.50 111.50
159.00 112.00
159.50 112.50
159.50 113.00
160.00 113.50
160.50 114.00
161.00 114.50
161.00 115.00
161.00 115.50
161.50 116.00
162.00 116.50
162.50 117.00
162.50 117.50
163.00 118.00
163.00 118.50
163.50 119.00
164.00 119.50
164.00 120.00
164.50 120.50
164.50 121.00
165.00 121.50
165.00 122.00
165.50 122.50
165.50 123.00
165.50 123.50
166.00 124.00
166.00 124.50
166.50 125.00
166.50 125.50
166.50 126.00
167.00 126.50
167.00 127.00
167.00 127.50
167.50 128.00
167.50 128.50
167.50 129.00
167.50 129.50
168.00 130.00
168.00 130.50
168.00 131.00
168.00 131.50
168.00 132.00
168.00 132.50
168.00 133.00
168.00 133.50
168.00 134.00
168.00 134.50
168.00 135.00
168.00 135.50
168.00 136.00
168.00 136.50
167.50 137.00
167.50 137.50
167.50 138.00
167.50 138.50
167.50 139.00
167.00 139.50
167.00 140.00
167.00 140.50
166.50 141.00
166.50 141.50
166.50 142.00
166.00 142.50
166.00 143.00
165.50 143.50
165.50 144.00
165.00 144.50
165.00 145.00
164.50 145.50
164.50 146.00
164.00 146.50
164.00 147.00
163.50 147.50
163.00 148.00
163.00 148.50
162.50 149.00
162.00 149.50
161.50 150.00
161.00 150.50
160.50 151.00
160.00 151.50
159.50 152.00
159.00 152.50
158.50 153.00
158.00 153.50
157.50 154.00
157.00 154.00
156.50 154.50
156.00 154.50
155.50 155.00
155.00 155.50
154.50 155.50
154.00 155.50
153.50 156.00
153.00 156.00
152.50 156.50
152.00 156.50
151.50 157.00
151.00 157.00
150.50 157.00
150.00 157.50
149.50 157.50
149.00 157.50
148.50 157.50
148.00 157.50
147.50 158.00
147.00 158.00
146.50 158.00
146.00 158.00
145.50 158.00
145.00 158.00
144.50 158.00
144.00 158.50
