159.50 106.00
160.00 106.50
160.00 107.00
160.50 107.50
161.00 108.00
161.00 108.50
161.50 109.00
161.50 109.50
162.00 110.00
162.50 110.50
162.50 111.00
163.00 111.50
163.00 112.00
163.50 112.50
164.00 113.00
164.00 113.50
164.00 114.00
164.50 114.50
164.50 115.00
165.00 115.50
165.00 116.00
165.50 116.50
165.50 117.00
166.00 117.50
166.00 118.00
166.00 118.50
166.50 119.00
166.50 119.50
166.50 120.00
167.00 120.50
167.00 121.00
167.50 121.50
167.50 122.00
167.50 122.50
167.50 123.00
167.50 123.50
168.00 124.00
168.00 124.50
168.00 125.00
168.00 125.50
168.00 126.00
168.00 126.50
168.00 127.00
168.00 127.50
168.00 128.00
168.00 128.50
168.00 129.00
168.00 129.50
168.00 130.00
168.00 130.50
168.00 131.00
168.00 131.50
168.00 132.00
168.00 132.50
168.00 133.00
168.00 133.50
168.00 134.00
168.00 134.50
167.50 135.00
167.50 135.50
167.50 136.00
167.50 136.50
167.50 137.00
167.00 137.50
167.00 138.00
167.00 138.50
167.00 139.00
166.50 139.50
166.50 140.00
166.50 140.50
166.00 141.00
166.00 141.50
165.50 142.00
165.50 142.50
165.50 143.00
165.00 143.50
165.00 144.00
164.50 144.50
164.00 145.00
164.00 145.50
163.50 146.00
163.50 146.50
163.50 147.00
163.00 147.50
162.50 148.00
162.00 148.50
161.50 148.00
161.00 148.00
160.50 148.50
160.00 149.00
159.50 149.50
159.00 150.00
159.00 150.50
158.50 151.00
158.00 151.50
157.50 152.00
157.00 152.50
156.50 152.50
156.00 153.00
155.50 153.50
155.00 154.00
154.50 154.50
154.00 154.50
153.50 155.00
153.00 155.50
152.50 155.50
152.00 156.00
151.50 156.00
151.00 156.50
150.50 156.50
150.00 157.00
149.50 157.50
149.00 157.50
148.50 158.00
148.00 158.00
147.50 158.00
147.00 158.50
146.50 158.50
146.00 158.50
145.50 159.00
145.00 159.00
144.50 159.00
144.00 159.00
143.50 159.50
143.00 159.50
142.50 159.50
142.00 159.50
141.50 159.50
141.00 159.50
140.50 159.50
140.00 159.50
139.50 160.00
139.00 160.00
138.50 160.00
138.00 160.00
137.50 160.00
137.00 160.00
136.50 160.00
136.00 160.00
135.50 160.00
135.00 160.00
134.50 160.00
134.00 160.00
133.50 160.00
133.00 160.00
132.50 160.00
132.00 160.00
131.50 160.00
131.00 160.00
130.50 160.00
130.00 160.00
129.50 159.50
129.00 159.50
128.50 159.50
128.00 159.50
127.50 159.50
127.00 159.50
126.50 159.00
126.00 159.00
125.50 159.00
125.00 159.00
124.50 158.50
124.00 158.50
123.50 158.50
123.00 158.50
122.50 158.00
122.00 158.00
121.50 157.50
121.00 157.50
120.50 157.50
120.00 157.00
119.50 157.00
119.00 156.50
118.50 156.50
118.00 156.00
117.50 156.00
117.00 155.50
116.50 155.00
116.00 155.00
115.50 154.50
115.00 154.00
114.50 153.50
114.00 153.50
113.50 153.00
113.00 152.50
112.50 152.00
112.00 151.50
111.50 151.00
111.50 150.50
111.00 150.00
110.50 149.50
110.00 149.00
109.50 148.50
109.50 148.00
109.00 147.50
108.50 147.00
108.50 146.50
108.00 146.00
107.50 145.50
107.50 145.00
107.00 144.50
107.00 144.00
107.00 143.50
106.50 143.00
106.50 142.50
106.00 142.00
106.00 141.50
106.00 141.00
106.00 140.50
105.50 140.00
105.50 139.50
105.50 139.00
105.00 138.50
105.00 138.00
105.00 137.50
105.00 137.00
105.00 136.50
105.00 136.00
105.00 135.50
104.50 135.00
104.50 134.50
104.50 134.00
104.50 133.50
104.50 133.00
104.50 132.50
104.50 132.00
104.50 131.50
104.50 131.00
104.50 130.50
104.50 130.00
104.50 129.50
104.50 129.00
104.50 128.50
104.50 128.00
104.50 127.50
104.50 127.00
105.00 126.50
105.00 126.00
105.00 125.50
105.00 125.00
105.00 124.50
105.00 124.00
105.00 123.50
105.50 123.00
105.50 122.50
105.50 122.00
105.50 121.50
105.50 121.00
106.00 120.50
106.00 120.00
106.00 119.50
106.50 119.00
106.50 118.50
106.50 118.00
106.50 117.50
107.00 117.00
107.00 116.50
107.50 116.00
107.50 115.50
107.50 115.00
108.00 114.50
108.00 114.00
108.50 113.50
108.50 113.00
108.50 112.50
109.00 112.00
109.50 111.50
109.50 111.00
110.00 110.50
110.00 110.00
110.50 109.50
110.50 109.00
111.00 108.50
111.50 108.00
111.50 107.50
112.00 107.00
112.50 106.50
112.50 106.00
113.00 105.50
113.50 105.00
114.00 104.50
114.00 104.00
114.50 103.50
115.00 103.00
115.50 102.50
116.00 102.00
116.50 101.50
117.00 101.00
117.50 100.50
118.00 100.00
118.50 100.00
119.00 99.50
119.50 99.00
120.00 98.50
120.50 98.00
121.00 98.00
121.50 97.50
122.00 97.50
122.50 97.00
123.00 97.00
123.50 96.50
124.00 96.00
124.50 96.00
125.00 96.00
125.50 95.50
126.00 95.50
126.50 95.00
127.00 95.00
127.50 95.00
128.00 94.50
128.50 94.50
129.00 94.50
129.50 94.00
130.00 94.00
130.50 94.00
131.00 94.00
131.50 93.50
132.00 93.50
132.50 93.50
133.00 93.50
133.50 93.50
134.00 93.50
134.50 93.50
135.00 93.50
135.50 93.50
136.00 93.50
136.50 93.50
137.00 94.00
137.50 94.00
138.00 94.00
138.50 94.00
139.00 94.00
139.50 94.00
140.00 94.00
140.50 94.00
141.00 94.00
141.50 94.50
142.00 94.50
142.50 94.50
143.00 94.50
143.50 94.50
144.00 94.50
144.50 95.00
145.00 95.00
145.50 95.00
146.00 95.50
146.50 95.50
147.00 95.50
147.50 96.00
148.00 96.00
148.50 96.00
149.00 96.50
149.50 96.50
150.00 97.00
150.50 97.00
151.00 97.50
151.50 97.50
152.00 98.00
152.50 98.50
153.00 99.00
153.50 99.00
154.00 99.50
154.50 100.00
155.00 100.50
155.50 101.00
155.50 101.50
156.00 102.00
156.50 102.50
157.00 103.00
157.50 103.50
158.00 104.00
158.00 104.50
158.50 105.00
159.00 105.50
159.50 106.00
