146.50 100.00
147.00 100.50
147.50 100.50
148.00 101.00
148.50 101.00
149.00 101.50
149.50 101.50
150.00 102.00
150.50 102.50
151.00 103.00
151.50 103.50
152.00 103.50
152.50 104.00
153.00 104.50
153.50 105.00
154.00 105.50
154.50 106.00
155.00 106.50
155.50 107.00
156.00 107.50
156.50 108.00
157.00 108.50
157.50 109.00
158.00 109.50
158.50 110.00
159.00 110.50
159.00 111.00
159.50 111.50
159.50 112.00
160.00 112.50
160.50 113.00
161.00 113.50
161.50 114.00
161.50 114.50
161.50 115.00
162.00 115.50
162.50 116.00
163.00 116.50
163.00 117.00
163.50 117.50
163.50 118.00
163.50 118.50
164.00 119.00
164.00 119.50
164.50 120.00
164.50 120.50
165.00 121.00
165.00 121.50
165.00 122.00
165.00 122.50
165.50 123.00
165.50 123.50
165.50 124.00
166.00 124.50
166.00 125.00
166.00 125.50
166.00 126.00
166.00 126.50
166.50 127.00
166.50 127.50
166.50 128.00
166.50 128.50
166.50 129.00
166.50 129.50
166.50 130.00
166.50 130.50
166.50 131.00
166.50 131.50
166.50 132.00
166.50 132.50
166.50 133.00
166.50 133.50
166.50 134.00
166.50 134.50
166.50 135.00
166.50 135.50
166.50 136.00
166.00 136.50
166.00 137.00
166.00 137.50
166.00 138.00
166.00 138.50
166.00 139.00
165.50 139.50
165.50 140.00
165.50 140.50
165.50 141.00
165.00 141.50
165.00 142.00
164.50 142.50
164.50 143.00
164.50 143.50
164.50 144.00
164.00 144.50
163.50 145.00
163.50 145.50
163.00 146.00
163.00 146.50
163.00 147.00
162.50 147.50
162.00 148.00
162.00 148.50
161.50 149.00
161.00 149.50
161.00 150.00
160.50 150.50
160.00 151.00
159.50 151.50
159.00 152.00
158.50 152.50
158.00 153.00
157.50 153.50
157.00 154.00
156.50 154.50
156.00 154.50
155.50 155.00
155.00 155.50
154.50 155.50
154.00 156.00
153.50 156.50
153.00 156.50
152.50 157.00
152.00 157.00
151.50 157.50
151.00 157.50
150.50 157.50
150.00 158.00
149.50 158.00
149.00 158.50
148.50 158.50
148.00 158.50
147.50 158.50
147.00 159.00
146.50 159.00
146.00 159.00
145.50 159.00
145.00 159.50
144.50 159.50
144.00 159.50
143.50 159.50
143.00 159.50
142.50 159.50
142.00 159.50
141.50 159.50
141.00 159.50
140.50 159.50
140.00 159.50
139.50 159.50
139.00 159.50
138.50 159.50
138.00 159.50
137.50 159.50
137.00 160.00
136.50 160.50
136.00 160.50
135.50 160.50
135.00 160.00
134.50 160.00
134.00 160.00
133.50 160.00
133.00 160.00
132.50 160.00
132.00 159.50
131.50 159.50
131.00 159.50
130.50 159.50
130.00 159.00
129.50 159.00
129.00 159.00
128.50 159.00
128.00 158.50
127.50 158.50
127.00 158.50
126.50 158.50
126.00 158.50
125.50 158.00
125.00 158.00
124.50 158.00
124.00 157.50
123.50 157.50
123.00 157.50
122.50 157.00
122.00 157.00
121.50 157.00
121.00 156.50
120.50 156.50
120.00 156.50
119.50 156.00
119.00 156.00
118.50 155.50
118.00 155.50
117.50 155.00
117.00 155.00
116.50 154.50
116.00 154.50
115.50 154.00
115.00 153.50
114.50 153.00
114.00 152.50
113.50 152.00
113.00 151.50
112.50 151.00
112.00 150.50
111.50 150.00
111.50 149.50
111.00 149.00
111.00 148.50
110.50 148.00
110.50 147.50
110.50 147.00
110.50 146.50
110.00 146.00
110.00 145.50
110.00 145.00
110.00 144.50
110.00 144.00
110.00 143.50
110.00 143.00
109.50 142.50
109.50 142.00
109.50 141.50
109.50 141.00
109.50 140.50
110.00 140.00
110.00 139.50
110.00 139.00
110.00 138.50
110.00 138.00
110.00 137.50
110.00 137.00
110.00 136.50
110.00 136.00
110.00 135.50
110.00 135.00
110.50 134.50
110.50 134.00
110.50 133.50
110.50 133.00
110.50 132.50
110.50 132.00
111.00 131.50
111.00 131.00
111.00 130.50
111.00 130.00
111.00 129.50
111.50 129.00
111.50 128.50
111.50 128.00
111.50 127.50
111.50 127.00
112.00 126.50
112.00 126.00
112.00 125.50
112.00 125.00
112.50 124.50
112.50 124.00
112.00 123.50
112.00 123.00
112.00 122.50
112.00 122.00
112.50 121.50
112.50 121.00
112.50 120.50
113.00 120.00
113.00 119.50
113.50 119.00
113.50 118.50
113.50 118.00
114.00 117.50
114.00 117.00
114.50 116.50
114.50 116.00
114.50 115.50
115.00 115.00
115.50 114.50
115.50 114.00
115.50 113.50
116.00 113.00
116.50 112.50
116.50 112.00
117.00 111.50
117.00 111.00
117.50 110.50
118.00 110.00
118.00 109.50
118.50 109.00
119.00 108.50
119.00 108.00
119.50 107.50
120.00 107.00
120.50 106.50
121.00 106.00
121.50 105.50
122.00 105.00
122.50 104.50
123.00 104.00
123.50 103.50
124.00 103.00
124.50 102.50
125.00 102.00
125.50 102.00
126.00 101.50
126.50 101.00
127.00 100.50
127.50 100.50
128.00 100.00
128.50 99.50
129.00 99.00
129.50 98.50
130.00 98.50
130.50 98.00
131.00 97.50
131.50 97.50
132.00 97.00
132.50 97.00
133.00 96.50
133.50 96.50
134.00 96.00
134.50 96.00
135.00 96.00
135.50 95.50
136.00 95.50
136.50 95.50
137.00 95.50
137.50 95.50
138.00 95.50
138.50 95.50
139.00 96.00
139.50 96.00
140.00 96.00
140.50 96.50
141.00 96.50
141.50 97.00
142.00 97.00
142.50 97.50
143.00 97.50
143.50 98.00
144.00 98.50
144.50 99.00
145.00 99.00
145.50 99.50
146.00 100.00
