136.00 155.50
135.50 156.00
135.50 156.50
135.00 157.00
134.50 157.50
134.00 157.50
133.50 157.50
133.00 158.00
132.50 158.00
132.00 158.00
131.50 158.00
131.00 158.00
130.50 158.00
130.00 157.50
129.50 157.50
129.00 157.00
128.50 156.50
128.00 156.00
127.50 155.50
127.50 155.00
127.00 154.50
127.00 154.00
127.00 153.50
126.50 153.00
126.50 152.50
126.50 152.00
126.00 151.50
126.00 151.00
126.00 150.50
125.50 150.00
125.50 149.50
125.50 149.00
125.00 148.50
125.00 148.00
125.00 147.50
125.00 147.00
125.00 146.50
125.50 146.00
126.00 145.50
126.50 145.00
127.00 145.00
127.50 145.00
128.00 145.00
128.50 145.50
129.00 146.00
129.00 146.50
129.00 147.00
129.50 147.50
129.50 148.00
129.50 148.50
129.50 149.00
129.50 149.50
129.50 150.00
130.00 150.50
130.00 151.00
130.00 151.50
130.50 152.00
131.00 152.50
131.50 153.00
132.00 153.00
132.50 153.00
133.00 153.50
133.50 153.50
134.00 153.50
134.50 154.00
135.00 154.00
135.50 154.00
136.00 154.50
136.00 155.00
