167.50 128.50
167.00 128.50
166.50 129.00
166.00 129.00
165.50 129.00
165.00 129.00
164.50 129.00
164.00 129.00
163.50 129.00
163.00 129.00
162.50 129.00
162.00 129.50
161.50 129.50
161.00 130.00
160.50 130.50
160.00 130.50
159.50 131.00
159.00 131.00
158.50 130.50
158.50 130.00
158.50 129.50
158.50 129.00
158.50 128.50
158.50 128.00
159.00 127.50
159.00 127.00
159.00 126.50
159.00 126.00
159.50 125.50
159.50 125.00
159.50 124.50
160.00 124.00
160.50 123.50
161.00 123.00
161.50 122.50
162.00 122.00
162.50 121.50
163.00 121.50
163.50 121.50
164.00 121.50
164.50 121.50
165.00 121.50
165.50 122.00
165.50 122.50
166.00 123.00
166.50 123.50
167.00 124.00
167.00 124.50
167.50 125.00
167.50 125.50
167.50 126.00
168.00 126.50
168.00 127.00
168.00 127.50
168.00 128.00
