137.50 97.00
138.00 97.00
138.50 97.00
139.00 97.00
139.50 97.00
140.00 97.00
140.50 97.00
141.00 97.00
141.50 97.50
142.00 97.50
142.50 97.50
143.00 97.50
143.50 98.00
144.00 98.00
144.50 98.50
145.00 98.50
145.50 98.50
146.00 99.00
146.50 99.00
147.00 99.50
147.50 99.50
148.00 100.00
148.50 100.50
149.00 100.50
149.50 101.00
150.00 101.00
150.50 101.50
151.00 102.00
151.50 102.00
152.00 102.50
152.50 103.00
153.00 103.50
153.50 104.00
154.00 104.50
154.50 105.00
155.00 105.50
155.50 106.00
156.00 106.50
156.50 107.00
157.00 107.50
157.50 108.00
158.00 108.50
158.50 109.00
158.50 109.50
159.00 110.00
159.50 110.50
159.50 111.00
160.00 111.50
160.50 112.00
160.50 112.50
161.00 113.00
161.50 113.50
161.50 114.00
162.00 114.50
162.00 115.00
162.50 115.50
162.50 116.00
163.00 116.50
163.50 117.00
163.50 117.50
163.50 118.00
164.00 118.50
164.00 119.00
164.00 119.50
164.50 120.00
165.00 120.50
165.00 121.00
165.00 121.50
165.50 122.00
165.50 122.50
165.50 123.00
166.00 123.50
166.00 124.00
166.00 124.50
166.00 125.00
166.00 125.50
166.50 126.00
166.50 126.50
166.50 127.00
166.50 127.50
166.50 128.00
167.00 128.50
167.00 129.00
167.00 129.50
167.00 130.00
167.00 130.50
167.00 131.00
167.00 131.50
167.00 132.00
167.00 132.50
167.00 133.00
167.00 133.50
167.00 134.00
167.00 134.50
167.00 135.00
167.00 135.50
167.00 136.00
167.00 136.50
167.00 137.00
166.50 137.50
166.50 138.00
166.50 138.50
166.50 139.00
166.50 139.50
166.00 140.00
166.00 140.50
166.00 141.00
165.50 141.50
165.50 142.00
165.00 142.50
165.00 143.00
164.50 143.50
164.50 144.00
164.00 144.50
164.00 145.00
164.00 145.50
163.50 146.00
163.00 146.50
162.50 147.00
162.50 147.50
162.00 148.00
161.50 148.50
161.50 149.00
161.00 149.50
160.50 150.00
160.00 150.50
159.50 151.00
159.00 151.50
158.50 152.00
158.00 152.50
157.50 153.00
157.00 153.50
156.50 154.00
156.00 154.50
155.50 154.50
155.00 155.00
154.50 155.50
154.00 156.00
153.50 156.00
153.00 156.50
152.50 156.50
152.00 157.00
151.50 157.00
151.00 157.50
150.50 158.00
150.00 158.00
149.50 158.50
149.00 158.50
148.50 159.00
148.00 159.00
147.50 159.00
147.00 159.50
146.50 159.50
146.00 160.00
145.50 160.00
145.00 160.00
144.50 160.00
144.00 160.50
143.50 160.50
143.00 160.50
142.50 161.00
142.00 161.00
141.50 161.00
141.00 161.00
140.50 161.50
140.00 161.50
139.50 161.50
139.00 161.50
138.50 161.50
138.00 161.50
137.50 161.50
137.00 161.50
136.50 161.50
136.00 161.50
135.50 161.50
135.00 161.50
134.50 161.50
134.00 161.50
133.50 161.50
133.00 161.50
132.50 161.50
132.00 161.50
131.50 161.50
131.00 161.50
130.50 161.50
130.00 161.50
129.50 161.50
129.00 161.00
128.50 161.00
128.00 161.00
127.50 161.00
127.00 161.00
126.50 161.00
126.00 160.50
125.50 160.50
125.00 160.50
124.50 160.00
124.00 160.00
123.50 160.00
123.00 160.00
122.50 159.50
122.00 159.50
121.50 159.00
121.00 159.00
120.50 159.00
120.00 158.50
119.50 158.50
119.00 158.00
118.50 158.00
118.00 158.00
117.50 157.50
117.00 157.50
116.50 157.00
116.00 157.00
115.50 156.50
115.00 156.50
114.50 156.00
114.00 156.00
113.50 155.50
113.00 155.50
112.50 155.00
112.00 154.50
111.50 154.00
111.00 154.00
110.50 154.00
110.00 153.50
109.50 153.00
109.00 152.50
108.50 152.00
108.00 151.50
107.50 151.00
107.00 150.50
106.50 150.00
106.00 149.50
106.00 149.00
105.50 148.50
105.00 148.00
105.00 147.50
104.50 147.00
104.00 146.50
104.00 146.00
103.50 145.50
103.50 145.00
103.50 144.50
103.50 144.00
103.00 143.50
103.00 143.00
103.00 142.50
103.00 142.00
103.00 141.50
103.00 141.00
103.00 140.50
103.00 140.00
103.00 139.50
103.00 139.00
103.00 138.50
103.00 138.00
103.00 137.50
103.00 137.00
103.00 136.50
103.00 136.00
103.00 135.50
103.50 135.00
103.50 134.50
103.50 134.00
104.00 133.50
104.00 133.00
104.00 132.50
104.00 132.00
104.50 131.50
104.50 131.00
104.50 130.50
104.50 130.00
105.00 129.50
105.00 129.00
105.50 128.50
105.50 128.00
106.00 127.50
106.00 127.00
106.50 126.50
106.50 126.00
106.50 125.50
107.00 125.00
107.00 124.50
107.50 124.00
107.50 123.50
108.00 123.00
108.00 122.50
108.50 122.00
109.00 121.50
109.00 121.00
109.50 120.50
110.00 120.00
110.00 119.50
110.50 119.00
110.50 118.50
111.00 118.00
111.00 117.50
111.50 117.00
112.00 116.50
112.50 116.00
112.50 115.50
113.00 115.00
113.50 114.50
114.00 114.00
114.50 113.50
115.00 113.00
115.50 112.50
116.00 112.00
116.00 111.50
116.50 111.00
117.00 110.50
117.50 110.00
118.00 109.50
118.50 109.00
119.00 108.50
119.50 108.00
120.00 107.50
120.50 107.00
121.00 106.50
121.50 106.00
122.00 105.50
122.50 105.00
123.00 105.00
123.50 104.50
124.00 104.00
124.00 103.50
124.50 103.00
125.00 102.50
125.50 102.50
126.00 102.00
126.50 101.50
127.00 101.00
127.50 101.00
128.00 100.50
128.50 100.00
129.00 100.00
129.50 100.00
130.00 99.50
130.50 99.00
131.00 99.00
131.50 98.50
132.00 98.50
132.50 98.00
133.00 98.00
133.50 98.00
134.00 97.50
134.50 97.50
135.00 97.50
135.50 97.50
136.00 97.00
136.50 97.00
137.00 97.00
