114.00 161.50
113.50 161.00
113.00 161.00
112.50 160.50
112.00 160.00
111.50 160.00
111.00 159.50
110.50 159.00
110.00 158.50
109.50 158.50
109.00 158.50
108.50 158.00
108.00 157.50
107.50 157.00
107.00 156.50
106.50 156.50
106.00 156.00
105.50 155.50
105.50 155.00
105.00 154.50
104.50 154.00
104.00 153.50
103.50 153.00
103.00 152.50
102.50 152.00
102.50 151.50
102.00 151.00
101.50 150.50
101.00 150.00
101.00 149.50
100.50 149.00
100.50 148.50
100.00 148.00
100.00 147.50
99.50 147.00
99.50 146.50
99.00 146.00
99.00 145.50
98.50 145.00
98.50 144.50
98.50 144.00
98.50 143.50
98.00 143.00
98.00 142.50
98.00 142.00
98.00 141.50
98.00 141.00
98.00 140.50
98.00 140.00
97.50 139.50
97.50 139.00
97.50 138.50
97.50 138.00
97.50 137.50
97.50 137.00
97.50 136.50
97.50 136.00
97.50 135.50
97.50 135.00
97.50 134.50
97.50 134.00
98.00 133.50
98.00 133.00
98.00 132.50
98.00 132.00
98.00 131.50
98.00 131.00
98.00 130.50
98.50 130.00
98.50 129.50
98.50 129.00
98.50 128.50
98.50 128.00
99.00 127.50
99.00 127.00
99.00 126.50
99.50 126.00
99.50 125.50
99.50 125.00
100.00 124.50
100.00 124.00
100.00 123.50
100.50 123.00
100.50 122.50
101.00 122.00
101.00 121.50
101.00 121.00
101.50 120.50
102.00 120.00
102.00 119.50
102.00 119.00
102.50 118.50
103.00 118.00
103.00 117.50
103.00 117.00
103.50 116.50
104.00 116.00
104.50 115.50
104.50 115.00
104.50 114.50
105.00 114.00
105.50 113.50
106.00 113.00
106.50 112.50
106.50 112.00
106.50 111.50
107.00 111.00
107.50 110.50
108.00 110.00
108.50 109.50
108.50 109.00
109.00 108.50
109.00 108.00
109.50 107.50
110.00 107.00
110.50 106.50
110.50 106.00
111.00 105.50
111.50 105.00
112.00 104.50
112.50 104.00
112.50 103.50
112.50 103.00
113.00 102.50
113.50 102.00
114.00 101.50
114.50 101.00
115.00 100.50
115.50 100.00
116.00 99.50
116.50 99.00
116.50 98.50
117.00 98.00
117.50 97.50
118.00 97.00
118.50 97.00
119.00 96.50
119.50 96.00
120.00 95.50
120.50 95.00
121.00 94.50
121.50 94.50
122.00 94.00
122.50 94.00
123.00 93.50
123.50 93.00
124.00 92.50
124.50 92.50
125.00 92.00
125.50 92.00
126.00 91.50
126.50 91.50
127.00 91.00
127.50 91.00
128.00 90.50
128.50 90.50
129.00 90.50
129.50 90.00
130.00 90.00
130.50 89.50
131.00 89.50
131.50 89.50
132.00 89.50
132.50 89.50
133.00 89.00
133.50 89.00
134.00 89.00
134.50 89.00
135.00 89.00
135.50 89.00
136.00 89.00
136.50 89.00
137.00 89.00
137.50 89.00
138.00 89.00
138.50 89.00
139.00 89.50
139.50 89.50
140.00 89.50
140.50 89.50
141.00 90.00
141.50 90.00
142.00 90.00
142.50 90.50
143.00 90.50
143.50 90.50
144.00 91.00
144.50 91.00
145.00 91.00
145.50 91.50
146.00 91.50
146.50 91.50
147.00 92.00
147.50 92.00
148.00 92.50
148.50 93.00
149.00 93.00
149.50 93.50
150.00 93.50
150.50 94.00
151.00 94.00
151.50 94.50
152.00 94.50
152.50 95.00
153.00 95.50
153.50 95.50
154.00 96.00
154.50 96.50
155.00 96.50
155.50 97.00
156.00 97.50
156.50 98.00
157.00 98.00
157.50 98.50
158.00 99.00
158.50 99.50
159.00 100.00
159.50 100.50
160.00 101.00
160.50 101.50
161.00 102.00
161.50 102.50
162.00 103.00
162.50 103.50
163.00 104.00
163.50 104.50
163.50 105.00
164.00 105.50
164.00 106.00
164.50 106.50
165.00 107.00
165.50 107.50
166.00 108.00
166.00 108.50
166.00 109.00
166.50 109.50
167.00 110.00
167.00 110.50
167.50 111.00
167.50 111.50
168.00 112.00
168.00 112.50
168.50 113.00
168.50 113.50
169.00 114.00
169.00 114.50
169.50 115.00
169.50 115.50
169.50 116.00
170.00 116.50
170.00 117.00
170.00 117.50
170.50 118.00
170.50 118.50
171.00 119.00
171.00 119.50
171.00 120.00
171.00 120.50
171.50 121.00
171.50 121.50
171.50 122.00
171.50 122.50
171.50 123.00
172.00 123.50
172.00 124.00
172.00 124.50
172.00 125.00
172.00 125.50
172.00 126.00
172.50 126.50
172.50 127.00
172.50 127.50
172.50 128.00
172.50 128.50
172.50 129.00
172.50 129.50
172.50 130.00
172.50 130.50
172.50 131.00
172.50 131.50
172.50 132.00
172.50 132.50
172.50 133.00
172.50 133.50
172.50 134.00
172.50 134.50
172.50 135.00
172.50 135.50
172.50 136.00
172.00 136.50
172.00 137.00
172.00 137.50
172.00 138.00
172.00 138.50
172.00 139.00
171.50 139.50
171.50 140.00
171.50 140.50
171.50 141.00
171.00 141.50
171.00 142.00
171.00 142.50
170.50 143.00
170.50 143.50
170.50 144.00
170.00 144.50
170.00 145.00
170.00 145.50
169.50 146.00
169.50 146.50
169.00 147.00
169.00 147.50
168.50 148.00
168.50 148.50
168.00 149.00
167.50 149.50
167.50 150.00
167.00 150.50
166.50 151.00
166.50 151.50
166.00 152.00
165.50 152.50
165.00 153.00
164.50 153.50
164.00 154.00
163.50 154.50
163.00 155.00
162.50 155.50
162.00 156.00
161.50 156.50
161.00 157.00
160.50 157.50
160.00 157.50
159.50 158.00
159.00 158.50
158.50 158.50
158.00 159.00
157.50 159.50
157.00 160.00
156.50 160.50
156.00 160.50
155.50 160.50
155.00 161.00
154.50 161.00
154.00 161.50
153.50 162.00
153.00 162.00
152.50 162.50
152.00 162.50
151.50 162.50
151.00 163.00
150.50 163.00
150.00 163.50
149.50 163.50
149.00 163.50
148.50 164.00
148.00 164.00
147.50 164.00
147.00 164.50
146.50 164.50
146.00 165.00
145.50 164.50
145.00 164.50
144.50 164.50
144.00 164.50
143.50 165.00
143.00 165.00
142.50 165.00
142.00 165.00
141.50 165.00
141.00 165.00
140.50 165.00
140.00 165.50
139.50 165.50
139.00 165.50
138.50 165.50
138.00 165.50
137.50 165.50
137.00 165.50
136.50 165.50
136.00 165.50
135.50 165.50
135.00 165.50
134.50 165.50
134.00 165.50
133.50 165.50
133.00 165.50
132.50 165.50
132.00 165.50
131.50 165.00
131.00 165.00
130.50 165.00
130.00 165.00
129.50 165.00
129.00 165.00
128.50 165.00
128.00 164.50
127.50 164.50
127.00 164.50
126.50 164.50
126.00 164.50
125.50 164.00
125.00 164.00
124.50 164.00
124.00 164.00
123.50 164.00
123.00 163.50
122.50 163.50
122.00 163.50
121.50 163.50
121.00 163.00
120.50 163.00
120.00 163.00
119.50 163.00
119.00 162.50
118.50 162.50
118.00 162.50
117.50 162.50
117.00 162.00
116.50 162.00
116.00 162.00
115.50 162.00
115.00 161.50
114.50 161.50
