166.00 153.00
165.50 153.50
165.00 153.50
164.50 154.00
164.00 154.50
163.50 155.00
163.00 155.50
162.50 156.00
162.00 156.50
161.50 157.00
161.00 157.00
160.50 157.50
160.00 158.00
159.50 158.50
159.00 158.50
158.50 158.50
158.00 159.00
157.50 159.50
157.00 160.00
156.50 160.00
156.00 160.50
155.50 160.50
155.00 161.00
154.50 161.50
154.00 161.50
153.50 161.50
153.00 162.00
152.50 162.00
152.00 162.50
151.50 162.50
151.00 162.50
150.50 163.00
150.00 163.00
149.50 163.50
149.00 163.50
148.50 164.00
148.00 164.00
147.50 164.00
147.00 164.00
146.50 164.50
146.00 164.50
145.50 164.50
145.00 164.50
144.50 165.00
144.00 165.00
143.50 165.00
143.00 165.00
142.50 165.50
142.00 165.50
141.50 165.50
141.00 165.50
140.50 165.50
140.00 165.50
139.50 165.50
139.00 165.50
138.50 165.50
138.00 165.50
137.50 165.50
137.00 165.50
136.50 165.50
136.00 165.50
135.50 165.50
135.00 165.50
134.50 165.50
134.00 165.50
133.50 165.50
133.00 165.50
132.50 165.50
132.00 165.50
131.50 165.50
131.00 165.50
130.50 165.50
130.00 165.50
129.50 165.50
129.00 165.50
128.50 165.50
128.00 165.00
127.50 165.00
127.00 165.00
126.50 165.00
126.00 165.00
125.50 164.50
125.00 164.50
124.50 164.50
124.00 164.50
123.50 164.00
123.00 164.00
122.50 164.00
122.00 164.00
121.50 163.50
121.00 163.50
120.50 163.50
120.00 163.50
119.50 163.00
119.00 163.00
118.50 163.00
118.00 162.50
117.50 162.50
117.00 162.00
116.50 162.00
116.00 162.00
115.50 161.50
115.00 161.50
114.50 161.50
114.00 161.00
113.50 161.00
113.00 160.50
112.50 160.50
112.00 160.00
111.50 160.00
111.00 159.50
110.50 159.50
110.00 159.00
109.50 159.00
109.00 158.50
108.50 158.00
108.00 158.00
107.50 158.50
107.00 158.00
106.50 158.00
106.00 157.50
105.50 157.00
105.00 156.50
105.00 156.00
104.50 155.50
104.00 155.00
103.50 154.50
103.00 154.00
102.50 153.50
102.50 153.00
102.00 152.50
101.50 152.00
101.50 151.50
101.00 151.00
101.00 150.50
100.50 150.00
100.50 149.50
100.00 149.00
100.00 148.50
99.50 148.00
99.50 147.50
99.50 147.00
99.00 146.50
99.00 146.00
99.00 145.50
98.50 145.00
98.50 144.50
98.50 144.00
98.50 143.50
98.50 143.00
98.00 142.50
98.00 142.00
98.00 141.50
98.00 141.00
98.00 140.50
98.00 140.00
98.00 139.50
98.00 139.00
98.00 138.50
98.00 138.00
98.00 137.50
98.00 137.00
98.00 136.50
98.00 136.00
98.00 135.50
98.50 135.00
98.50 134.50
98.50 134.00
98.50 133.50
98.50 133.00
99.00 132.50
99.00 132.00
99.00 131.50
99.00 131.00
99.50 130.50
99.50 130.00
99.50 129.50
100.00 129.00
100.00 128.50
100.00 128.00
100.50 127.50
100.50 127.00
101.00 126.50
101.00 126.00
101.00 125.50
101.50 125.00
101.50 124.50
102.00 124.00
102.00 123.50
102.50 123.00
102.50 122.50
103.00 122.00
103.50 121.50
103.50 121.00
103.50 120.50
104.00 120.00
104.50 119.50
104.50 119.00
105.00 118.50
105.00 118.00
105.50 117.50
105.50 117.00
106.00 116.50
106.00 116.00
106.50 115.50
106.50 115.00
107.00 114.50
107.50 114.00
107.50 113.50
108.00 113.00
108.50 112.50
108.50 112.00
109.00 111.50
109.50 111.00
109.50 110.50
110.00 110.00
110.00 109.50
110.50 109.00
111.00 108.50
111.00 108.00
111.00 107.50
111.50 107.00
112.00 106.50
112.50 106.00
113.00 105.50
113.00 105.00
113.50 104.50
114.00 104.00
114.50 103.50
114.50 103.00
115.00 102.50
115.50 102.00
115.50 101.50
116.00 101.00
116.50 100.50
117.00 100.00
117.50 99.50
118.00 99.00
118.50 98.50
119.00 98.00
119.50 97.50
120.00 97.00
120.50 96.50
121.00 96.00
121.50 95.50
122.00 95.50
122.50 95.00
123.00 94.50
123.50 94.50
124.00 94.00
124.50 93.50
125.00 93.00
125.50 93.00
126.00 92.50
126.50 92.00
127.00 92.00
127.50 92.00
128.00 91.50
128.50 91.00
129.00 91.00
129.50 90.50
130.00 90.50
130.50 90.50
131.00 90.50
131.50 90.00
132.00 90.00
132.50 90.00
133.00 89.50
133.50 89.50
134.00 89.50
134.50 89.50
135.00 89.00
135.50 89.00
136.00 89.00
136.50 89.00
137.00 89.00
137.50 89.00
138.00 89.00
138.50 89.00
139.00 89.00
139.50 89.00
140.00 89.00
140.50 89.00
141.00 89.00
141.50 89.50
142.00 89.50
142.50 89.50
143.00 89.50
143.50 89.50
144.00 90.00
144.50 90.00
145.00 90.00
145.50 90.00
146.00 90.00
146.50 90.50
147.00 90.50
147.50 90.50
148.00 91.00
148.50 91.00
149.00 91.00
149.50 91.50
150.00 91.50
150.50 91.50
151.00 92.00
151.50 92.00
152.00 92.50
152.50 92.50
153.00 93.00
153.50 93.00
154.00 93.50
154.50 94.00
155.00 94.00
155.50 94.50
156.00 94.50
156.50 95.00
157.00 95.50
157.50 95.50
158.00 96.00
158.50 96.50
159.00 97.00
159.50 97.50
160.00 98.00
160.50 98.50
161.00 99.00
161.50 99.50
161.50 100.00
162.00 100.50
162.50 101.00
163.00 101.50
163.00 102.00
163.50 102.50
164.00 103.00
164.00 103.50
164.50 104.00
164.50 104.50
165.00 105.00
165.50 105.50
165.50 106.00
166.00 106.50
166.00 107.00
166.50 107.50
166.50 108.00
166.50 108.50
167.00 109.00
167.00 109.50
167.50 110.00
167.50 110.50
168.00 111.00
168.00 111.50
168.50 112.00
168.50 112.50
168.50 113.00
169.00 113.50
169.00 114.00
169.00 114.50
169.50 115.00
169.50 115.50
169.50 116.00
170.00 116.50
170.00 117.00
170.00 117.50
170.50 118.00
170.50 118.50
170.50 119.00
170.50 119.50
171.00 120.00
171.00 120.50
171.00 121.00
171.00 121.50
171.00 122.00
171.50 122.50
171.50 123.00
171.50 123.50
171.50 124.00
171.50 124.50
171.50 125.00
171.50 125.50
172.00 126.00
172.00 126.50
172.00 127.00
172.00 127.50
172.00 128.00
172.00 128.50
172.00 129.00
172.00 129.50
172.00 130.00
172.00 130.50
172.00 131.00
172.00 131.50
172.00 132.00
172.00 132.50
172.00 133.00
172.00 133.50
172.00 134.00
172.00 134.50
172.00 135.00
171.50 135.50
171.50 136.00
171.50 136.50
171.50 137.00
171.50 137.50
171.50 138.00
171.50 138.50
171.00 139.00
171.00 139.50
171.00 140.00
171.00 140.50
171.00 141.00
170.50 141.50
170.50 142.00
170.50 142.50
170.50 143.00
170.00 143.50
170.00 144.00
170.00 144.50
169.50 145.00
169.50 145.50
169.50 146.00
169.00 146.50
169.00 147.00
168.50 147.50
168.50 148.00
168.50 148.50
168.00 149.00
168.00 149.50
167.50 150.00
167.50 150.50
167.00 151.00
167.00 151.50
166.50 152.00
166.50 152.50
