137.50 111.50
138.00 111.50
138.50 111.50
139.00 112.00
139.50 112.00
140.00 112.50
140.50 112.50
141.00 112.50
141.50 113.00
142.00 113.00
142.50 113.50
143.00 114.00
143.50 114.00
144.00 114.50
144.50 114.50
145.00 115.00
145.50 115.50
146.00 116.00
146.00 116.50
146.50 117.00
147.00 117.50
147.50 118.00
148.00 118.50
148.00 119.00
148.50 119.50
148.50 120.00
148.50 120.50
149.00 121.00
149.00 121.50
149.50 122.00
149.50 122.50
149.50 123.00
149.50 123.50
149.50 124.00
150.00 124.50
150.00 125.00
150.00 125.50
150.00 126.00
150.00 126.50
150.00 127.00
150.00 127.50
150.00 128.00
150.00 128.50
150.00 129.00
150.00 129.50
150.00 130.00
149.50 130.50
149.50 131.00
149.50 131.50
149.50 132.00
149.50 132.50
149.50 133.00
149.00 133.50
149.00 134.00
149.00 134.50
149.00 135.00
148.50 135.50
148.50 136.00
148.50 136.50
148.00 137.00
148.00 137.50
147.50 138.00
147.50 138.50
147.00 139.00
146.50 139.50
146.50 140.00
146.50 140.50
146.00 141.00
145.50 141.50
145.00 142.00
144.50 142.50
144.00 143.00
143.50 143.50
143.00 144.00
142.50 144.00
142.00 144.50
141.50 145.00
141.00 145.00
140.50 145.50
140.00 145.50
139.50 146.00
139.00 146.00
138.50 146.50
138.00 146.50
137.50 146.50
137.00 147.00
136.50 147.00
136.00 147.00
135.50 147.00
135.00 147.50
134.50 147.50
134.00 147.50
133.50 147.50
133.00 147.50
132.50 147.50
132.00 147.50
131.50 147.50
131.00 147.50
130.50 147.50
130.00 147.50
129.50 147.00
129.00 147.00
128.50 147.00
128.00 147.00
127.50 147.00
127.00 146.50
126.50 146.50
126.00 146.00
125.50 146.00
125.00 145.50
124.50 145.50
124.00 145.00
123.50 144.50
123.00 144.00
122.50 144.00
122.00 143.50
121.50 143.00
121.50 142.50
121.00 142.00
120.50 141.50
120.00 141.00
120.00 140.50
119.50 140.00
119.00 139.50
118.50 139.00
118.50 138.50
118.00 138.00
118.00 137.50
118.00 137.00
117.50 136.50
117.50 136.00
117.50 135.50
117.00 135.00
117.00 134.50
117.00 134.00
117.00 133.50
116.50 133.00
116.50 132.50
116.50 132.00
116.50 131.50
116.50 131.00
116.50 130.50
116.50 130.00
116.50 129.50
116.50 129.00
116.50 128.50
116.50 128.00
116.50 127.50
116.50 127.00
116.50 126.50
116.50 126.00
117.00 125.50
117.00 125.00
117.00 124.50
117.00 124.00
117.00 123.50
117.50 123.00
117.50 122.50
118.00 122.00
118.00 121.50
118.00 121.00
118.50 120.50
119.00 120.00
119.00 119.50
119.50 119.00
120.00 118.50
120.00 118.00
120.50 117.50
121.00 117.00
121.50 116.50
121.50 116.00
122.00 115.50
122.50 115.50
123.00 115.00
123.50 114.50
124.00 114.00
124.50 114.00
125.00 113.50
125.50 113.00
126.00 113.00
126.50 113.00
127.00 112.50
127.50 112.50
128.00 112.00
128.50 112.00
129.00 112.00
129.50 111.50
130.00 111.50
130.50 111.50
131.00 111.50
131.50 111.50
132.00 111.00
132.50 111.00
133.00 111.00
133.50 111.00
134.00 111.00
134.50 111.00
135.00 111.00
135.50 111.00
136.00 111.00
136.50 111.50
137.00 111.50
