129.00 110.00
128.50 109.50
128.00 109.00
127.50 108.50
127.00 108.00
126.50 107.50
126.50 107.00
126.50 106.50
126.00 106.00
126.00 105.50
126.00 105.00
126.00 104.50
126.00 104.00
126.00 103.50
126.00 103.00
126.00 102.50
126.50 102.00
126.50 101.50
126.50 101.00
127.00 100.50
127.50 100.00
128.00 99.50
128.50 99.50
129.00 99.50
129.50 99.50
130.00 99.50
130.50 99.50
131.00 99.50
131.50 99.50
132.00 99.50
132.50 99.50
133.00 99.50
133.50 99.50
134.00 99.50
134.50 99.50
135.00 99.50
135.50 99.50
136.00 99.50
136.50 99.50
137.00 99.50
137.50 99.00
138.00 99.00
138.50 99.00
139.00 98.50
139.50 98.50
140.00 98.50
140.50 98.00
141.00 98.00
141.50 97.50
142.00 97.50
142.50 97.00
143.00 97.00
143.50 97.00
144.00 97.00
144.50 97.00
145.00 97.00
145.50 97.00
146.00 97.00
146.50 97.00
147.00 97.00
147.50 97.50
148.00 97.50
148.50 97.50
149.00 98.00
149.50 98.00
150.00 98.50
150.50 98.50
151.00 99.00
151.50 99.50
152.00 99.50
152.50 99.50
153.00 100.00
153.50 100.50
154.00 101.00
154.50 101.50
155.00 101.50
155.50 102.00
156.00 102.50
156.50 103.00
157.00 103.50
157.50 104.00
158.00 104.50
158.50 105.00
159.00 105.50
159.50 106.00
159.50 106.50
160.00 107.00
160.50 107.50
160.50 108.00
161.00 108.50
161.50 109.00
161.50 109.50
162.00 110.00
162.00 110.50
162.50 111.00
163.00 111.50
163.00 112.00
163.50 112.50
163.50 113.00
163.50 113.50
163.50 114.00
164.00 114.50
164.00 115.00
164.50 115.50
164.50 116.00
164.50 116.50
165.00 117.00
165.00 117.50
165.00 118.00
165.00 118.50
165.00 119.00
165.50 119.50
165.50 120.00
165.50 120.50
165.50 121.00
165.50 121.50
166.00 122.00
166.00 122.50
166.00 123.00
166.00 123.50
166.00 124.00
166.00 124.50
166.00 125.00
166.00 125.50
166.00 126.00
166.00 126.50
166.00 127.00
166.00 127.50
166.00 128.00
166.00 128.50
166.00 129.00
166.00 129.50
166.00 130.00
166.00 130.50
166.00 131.00
166.00 131.50
166.00 132.00
165.50 132.50
165.50 133.00
165.50 133.50
165.50 134.00
165.50 134.50
165.50 135.00
165.50 135.50
165.50 136.00
165.00 136.50
165.00 137.00
165.00 137.50
165.00 138.00
164.50 138.50
164.50 139.00
164.50 139.50
164.50 140.00
164.50 140.50
164.00 141.00
164.00 141.50
164.00 142.00
163.50 142.50
163.50 143.00
163.50 143.50
163.00 144.00
163.00 144.50
163.00 145.00
162.50 145.50
162.50 146.00
162.00 146.50
162.00 147.00
162.00 147.50
161.50 148.00
161.50 148.50
161.00 149.00
160.50 149.50
160.50 150.00
160.00 150.50
159.50 151.00
159.50 151.50
159.00 152.00
159.00 152.50
158.50 153.00
158.00 153.50
157.50 154.00
157.00 154.50
156.50 155.00
156.00 155.50
155.50 156.00
155.00 156.50
154.50 157.00
154.00 157.00
153.50 157.50
153.00 157.50
152.50 158.00
152.00 158.50
151.50 158.50
151.00 159.00
150.50 159.00
150.00 159.50
149.50 159.50
149.00 160.00
148.50 160.00
148.00 160.50
147.50 160.50
147.00 160.50
146.50 160.50
146.00 161.00
145.50 161.00
145.00 161.00
144.50 161.50
144.00 161.50
143.50 161.50
143.00 161.50
142.50 162.00
142.00 162.00
141.50 162.00
141.00 162.00
140.50 162.00
140.00 162.00
139.50 162.50
139.00 162.50
138.50 162.50
138.00 162.50
137.50 162.50
137.00 162.50
136.50 162.50
136.00 162.50
135.50 163.00
135.00 163.00
134.50 163.00
134.00 163.00
133.50 163.00
133.00 163.00
132.50 163.00
132.00 163.00
131.50 163.00
131.00 163.00
130.50 163.00
130.00 163.00
129.50 163.00
129.00 163.00
128.50 163.00
128.00 163.00
127.50 163.00
127.00 163.00
126.50 163.00
126.00 163.00
125.50 163.00
125.00 163.00
124.50 163.00
124.00 163.00
123.50 163.00
123.00 162.50
122.50 162.50
122.00 162.50
121.50 162.50
121.00 162.50
120.50 162.50
120.00 162.50
119.50 162.00
119.00 162.00
118.50 162.00
118.00 162.00
117.50 162.00
117.00 161.50
116.50 161.50
116.00 161.50
115.50 161.00
115.00 161.00
114.50 161.00
114.00 160.50
113.50 160.50
113.00 160.00
112.50 160.00
112.00 159.50
111.50 159.00
111.00 159.00
110.50 158.50
110.00 158.50
109.50 158.00
109.00 157.50
108.50 157.00
108.00 156.50
107.50 156.00
107.00 155.50
106.50 155.00
106.00 154.50
105.50 154.00
105.50 153.50
105.00 153.00
104.50 152.50
104.00 152.00
104.00 151.50
103.50 151.00
103.00 150.50
103.00 150.00
102.50 149.50
102.50 149.00
102.00 148.50
102.00 148.00
101.50 147.50
101.50 147.00
101.00 146.50
101.00 146.00
101.00 145.50
100.50 145.00
100.50 144.50
100.50 144.00
100.00 143.50
100.00 143.00
100.00 142.50
100.00 142.00
100.00 141.50
99.50 141.00
99.50 140.50
99.50 140.00
99.50 139.50
99.50 139.00
99.50 138.50
99.50 138.00
99.50 137.50
99.50 137.00
99.50 136.50
99.50 136.00
99.50 135.50
99.50 135.00
100.00 134.50
100.00 134.00
100.00 133.50
100.50 133.00
100.50 132.50
101.00 132.00
101.50 131.50
102.00 131.00
102.50 130.50
103.00 130.00
103.50 129.50
104.00 129.00
104.50 129.00
105.00 128.50
105.50 128.00
106.00 127.50
106.50 127.00
106.50 126.50
107.00 126.00
107.00 125.50
107.00 125.00
107.50 124.50
108.00 125.00
108.00 125.50
108.50 126.00
109.00 126.50
109.00 127.00
109.50 127.50
110.00 128.00
110.50 127.50
111.00 127.00
111.50 126.50
112.00 126.50
112.50 126.00
113.00 125.50
113.50 125.00
114.00 124.50
114.50 124.00
115.00 123.50
115.50 123.00
116.00 122.50
116.50 122.00
117.00 121.50
117.50 121.50
118.00 121.00
118.50 120.50
119.00 120.00
119.50 119.50
120.00 119.00
120.50 118.50
121.00 118.00
121.50 117.50
122.00 117.00
122.50 117.00
123.00 116.50
123.50 116.00
124.00 115.50
124.50 115.00
125.00 114.50
125.50 114.00
126.00 113.50
126.50 113.00
127.00 112.50
127.50 112.00
128.00 112.00
128.50 111.50
129.00 111.00
129.50 110.50
129.00 110.00
