107.00 141.00
107.00 140.50
107.00 140.00
107.00 139.50
107.00 139.00
107.00 138.50
107.00 138.00
107.00 137.50
107.00 137.00
107.00 136.50
107.00 136.00
107.00 135.50
107.00 135.00
107.00 134.50
107.00 134.00
107.50 133.50
107.50 133.00
107.50 132.50
107.50 132.00
107.50 131.50
107.50 131.00
108.00 130.50
108.00 130.00
108.00 129.50
108.00 129.00
108.50 128.50
108.50 128.00
108.50 127.50
109.00 127.00
109.00 126.50
109.00 126.00
109.50 125.50
109.50 125.00
110.00 124.50
110.00 124.00
110.00 123.50
110.50 123.00
110.50 122.50
110.50 122.00
111.00 121.50
111.00 121.00
111.50 120.50
111.50 120.00
112.00 119.50
112.00 119.00
112.50 118.50
112.50 118.00
113.00 117.50
113.50 117.00
113.50 116.50
114.00 116.00
114.00 115.50
114.50 115.00
115.00 114.50
115.50 114.00
116.00 113.50
116.50 113.00
117.00 112.50
117.50 112.00
118.00 111.50
118.50 111.00
119.00 110.50
119.50 110.00
120.00 109.50
120.50 109.00
121.00 108.50
121.50 108.00
122.00 107.50
122.50 107.50
123.00 107.50
123.50 107.00
124.00 107.00
124.50 106.50
125.00 106.00
125.50 106.00
126.00 106.00
126.50 105.50
127.00 105.50
127.50 105.00
128.00 105.00
128.50 105.00
129.00 105.00
129.50 104.50
130.00 104.50
130.50 104.50
131.00 104.50
131.50 104.50
132.00 104.00
132.50 104.00
133.00 104.00
133.50 104.00
134.00 104.00
134.50 104.00
135.00 104.00
135.50 104.00
136.00 104.50
136.50 104.50
137.00 104.50
137.50 104.50
138.00 104.50
138.50 105.00
139.00 105.50
139.50 105.50
140.00 105.50
140.50 106.00
141.00 106.00
141.50 106.50
142.00 107.00
142.50 107.50
143.00 107.50
143.50 108.00
144.00 108.50
144.50 109.00
145.00 109.50
145.50 110.00
146.00 110.00
146.50 110.50
146.50 111.00
147.00 111.50
147.50 112.00
148.00 112.50
148.50 113.00
149.00 113.50
149.00 114.00
149.50 114.50
150.00 115.00
150.00 115.50
150.50 116.00
151.00 116.50
151.50 117.00
151.50 117.50
151.50 118.00
152.00 118.50
152.50 119.00
152.50 119.50
153.00 120.00
153.00 120.50
153.00 121.00
153.50 121.50
153.50 122.00
153.50 122.50
154.00 123.00
154.00 123.50
154.00 124.00
154.50 124.50
154.50 125.00
154.50 125.50
154.50 126.00
154.50 126.50
154.50 127.00
154.50 127.50
155.00 128.00
155.00 128.50
155.00 129.00
155.00 129.50
155.00 130.00
155.00 130.50
154.50 131.00
154.50 131.50
154.50 132.00
154.50 132.50
154.50 133.00
154.50 133.50
154.50 134.00
154.00 134.50
154.00 135.00
154.00 135.50
154.00 136.00
153.50 136.50
153.50 137.00
153.50 137.50
153.00 138.00
153.00 138.50
152.50 139.00
152.50 139.50
152.00 140.00
152.00 140.50
152.00 141.00
151.50 141.50
151.50 142.00
151.00 142.50
150.50 143.00
150.00 143.50
150.00 144.00
149.50 144.50
149.00 145.00
148.50 145.50
148.00 146.00
147.50 146.50
147.50 147.00
147.00 147.50
146.50 148.00
146.00 148.50
145.50 149.00
145.00 149.50
144.50 150.00
144.00 150.50
143.50 150.50
143.00 151.00
142.50 151.00
142.00 151.50
141.50 152.00
141.00 152.50
140.50 153.00
140.00 153.00
139.50 153.50
139.00 153.50
138.50 154.00
138.00 154.00
137.50 154.50
137.00 154.50
136.50 155.00
136.00 155.00
135.50 155.50
135.00 155.50
134.50 156.00
134.00 156.50
133.50 156.50
133.00 156.50
132.50 157.00
132.00 157.00
131.50 157.00
131.00 157.50
130.50 157.50
130.00 157.50
129.50 157.50
129.00 158.00
128.50 158.00
128.00 158.00
127.50 158.00
127.00 158.00
126.50 158.00
126.00 158.00
125.50 158.00
125.00 158.00
124.50 158.00
124.00 158.00
123.50 158.00
123.00 158.00
122.50 158.00
122.00 158.00
121.50 158.00
121.00 158.00
120.50 157.50
120.00 157.50
119.50 157.50
119.00 157.50
118.50 157.00
118.00 157.00
117.50 156.50
117.00 156.50
116.50 156.50
116.00 156.00
115.50 156.00
115.00 155.50
114.50 155.00
114.00 155.00
113.50 154.50
113.00 154.00
112.50 153.50
112.00 153.00
111.50 152.50
111.00 152.00
110.50 151.50
110.00 151.00
109.50 150.50
109.50 150.00
109.00 149.50
109.00 149.00
108.50 148.50
108.50 148.00
108.50 147.50
108.00 147.00
108.00 146.50
108.00 146.00
107.50 145.50
107.50 145.00
107.50 144.50
107.50 144.00
107.50 143.50
107.00 143.00
107.00 142.50
107.00 142.00
107.00 141.50
