149.00 116.00
149.50 116.50
149.50 117.00
149.50 117.50
150.00 118.00
150.00 118.50
150.00 119.00
150.50 119.50
150.50 120.00
150.50 120.50
151.00 121.00
151.00 121.50
151.00 122.00
151.00 122.50
151.50 123.00
151.50 123.50
151.50 124.00
151.50 124.50
152.00 125.00
152.00 125.50
152.00 126.00
152.00 126.50
152.00 127.00
152.00 127.50
152.00 128.00
152.00 128.50
152.00 129.00
152.00 129.50
152.00 130.00
152.00 130.50
152.00 131.00
152.00 131.50
152.00 132.00
152.00 132.50
152.00 133.00
151.50 133.50
151.50 134.00
151.50 134.50
151.00 135.00
151.00 135.50
151.00 136.00
150.50 136.50
150.00 137.00
150.00 137.50
149.50 138.00
149.50 138.50
149.00 139.00
149.00 139.50
148.50 140.00
148.50 140.50
148.00 141.00
148.00 141.50
147.50 142.00
147.50 142.50
147.00 143.00
146.50 143.50
146.50 144.00
146.00 144.50
146.00 145.00
145.50 145.50
145.00 146.00
144.50 146.50
144.00 147.00
143.50 147.00
143.00 147.50
142.50 148.00
142.00 148.50
141.50 148.50
141.00 149.00
140.50 149.00
140.00 149.00
139.50 149.50
139.00 149.50
138.50 149.50
138.00 150.00
137.50 150.00
137.00 150.00
136.50 150.00
136.00 150.50
135.50 150.50
135.00 150.50
134.50 150.50
134.00 150.50
133.50 150.50
133.00 150.50
132.50 150.50
132.00 150.50
131.50 151.00
131.00 151.00
130.50 151.00
130.00 151.00
129.50 151.00
129.00 151.00
128.50 151.00
128.00 151.00
127.50 151.00
127.00 151.00
126.50 151.00
126.00 151.00
125.50 151.00
125.00 151.00
124.50 151.00
124.00 151.00
123.50 151.00
123.00 150.50
122.50 150.50
122.00 150.50
121.50 150.00
121.00 150.00
120.50 149.50
120.00 149.50
119.50 149.00
119.00 149.00
118.50 148.50
118.00 148.50
117.50 148.50
117.00 148.00
116.50 147.50
116.00 147.00
115.50 146.50
115.00 146.50
114.50 146.00
114.00 145.50
113.50 145.00
113.00 144.50
112.50 144.00
112.00 143.50
111.50 143.00
111.50 142.50
111.00 142.00
110.50 141.50
110.50 141.00
110.00 140.50
110.00 140.00
109.50 139.50
109.50 139.00
109.00 138.50
109.00 138.00
108.50 137.50
108.50 137.00
108.50 136.50
108.00 136.00
108.00 135.50
108.00 135.00
108.00 134.50
107.50 134.00
107.50 133.50
107.50 133.00
107.50 132.50
107.50 132.00
107.50 131.50
107.50 131.00
107.50 130.50
107.50 130.00
107.50 129.50
107.50 129.00
107.50 128.50
107.50 128.00
107.50 127.50
107.50 127.00
107.50 126.50
107.50 126.00
107.50 125.50
107.50 125.00
107.50 124.50
108.00 124.00
108.00 123.50
108.00 123.00
108.00 122.50
108.50 122.00
108.50 121.50
108.50 121.00
108.50 120.50
109.00 120.00
109.00 119.50
109.00 119.00
109.50 118.50
109.50 118.00
110.00 117.50
110.00 117.00
110.50 116.50
110.50 116.00
111.00 115.50
111.00 115.00
111.50 114.50
112.00 114.00
112.00 113.50
112.50 113.00
113.00 112.50
113.00 112.00
113.50 111.50
114.00 111.00
114.50 110.50
115.00 110.00
115.50 109.50
116.00 109.00
116.50 108.50
117.00 108.50
117.50 108.00
118.00 107.50
118.50 107.00
119.00 107.00
119.50 106.50
120.00 106.00
120.50 105.50
121.00 105.50
121.50 105.00
122.00 105.00
122.50 104.50
123.00 104.50
123.50 104.50
124.00 104.00
124.50 103.50
125.00 103.50
125.50 103.50
126.00 103.00
126.50 103.00
127.00 103.00
127.50 102.50
128.00 102.50
128.50 102.50
129.00 102.50
129.50 102.00
130.00 102.00
130.50 102.00
131.00 102.00
131.50 102.00
132.00 102.00
132.50 102.00
133.00 102.00
133.50 102.00
134.00 102.00
134.50 102.00
135.00 102.00
135.50 102.50
136.00 102.50
136.50 102.50
137.00 103.00
137.50 103.00
138.00 103.50
138.50 103.50
139.00 104.00
139.50 104.00
140.00 104.50
140.50 105.00
141.00 105.50
141.50 106.00
142.00 106.50
142.50 107.00
143.00 107.50
143.50 108.00
144.00 108.50
144.50 109.00
145.00 109.50
145.50 110.00
146.00 110.50
146.50 111.00
146.50 111.50
147.00 112.00
147.00 112.50
147.50 113.00
148.00 113.50
148.50 114.00
148.50 114.50
149.00 115.00
149.00 115.50
