120.00 145.50
119.50 145.00
119.00 145.00
118.50 144.50
118.00 144.00
117.50 143.50
117.00 143.00
116.50 142.50
116.00 142.00
116.00 141.50
115.50 141.00
115.00 140.50
115.00 140.00
114.50 139.50
114.50 139.00
114.00 138.50
114.00 138.00
113.50 137.50
113.50 137.00
113.00 136.50
113.00 136.00
113.00 135.50
112.50 135.00
112.50 134.50
112.50 134.00
112.50 133.50
112.50 133.00
112.50 132.50
112.00 132.00
112.00 131.50
112.00 131.00
112.00 130.50
112.00 130.00
112.00 129.50
112.00 129.00
112.00 128.50
112.00 128.00
112.00 127.50
112.00 127.00
112.00 126.50
112.00 126.00
112.00 125.50
112.50 125.00
112.50 124.50
112.50 124.00
112.50 123.50
112.50 123.00
113.00 122.50
113.00 122.00
113.00 121.50
113.50 121.00
113.50 120.50
113.50 120.00
114.00 119.50
114.00 119.00
114.50 118.50
114.50 118.00
115.00 117.50
115.50 117.00
115.50 116.50
116.00 116.00
116.50 115.50
116.50 115.00
117.00 114.50
117.50 114.00
117.50 113.50
118.00 113.00
118.50 112.50
119.00 112.00
119.50 111.50
120.00 111.00
120.50 110.50
121.00 110.00
121.50 109.50
122.00 109.00
122.50 108.50
123.00 108.50
123.50 108.00
124.00 107.50
124.50 107.50
125.00 107.00
125.50 107.00
126.00 106.50
126.50 106.50
127.00 106.50
127.50 106.00
128.00 106.00
128.50 106.00
129.00 105.50
129.50 105.50
130.00 105.50
130.50 105.50
131.00 105.50
131.50 105.50
132.00 105.50
132.50 105.50
133.00 105.50
133.50 106.00
134.00 106.00
134.50 106.00
135.00 106.50
135.50 106.50
136.00 107.00
136.50 107.00
137.00 107.00
137.50 107.50
138.00 108.00
138.50 108.50
139.00 108.50
139.50 109.00
140.00 109.50
140.50 110.00
141.00 110.50
141.50 111.00
142.00 111.50
142.50 112.00
143.00 112.50
143.00 113.00
143.50 113.50
143.50 114.00
144.00 114.50
144.50 115.00
144.50 115.50
145.00 116.00
145.00 116.50
145.00 117.00
145.50 117.50
145.50 118.00
146.00 118.50
146.00 119.00
146.00 119.50
146.00 120.00
146.50 120.50
146.50 121.00
146.50 121.50
146.50 122.00
146.50 122.50
146.50 123.00
146.50 123.50
147.00 124.00
147.00 124.50
147.00 125.00
147.00 125.50
147.00 126.00
147.00 126.50
146.50 127.00
146.50 127.50
146.50 128.00
146.50 128.50
146.50 129.00
146.50 129.50
146.50 130.00
146.00 130.50
146.00 131.00
146.00 131.50
146.00 132.00
145.50 132.50
145.50 133.00
145.50 133.50
145.00 134.00
145.00 134.50
144.50 135.00
144.50 135.50
144.50 136.00
144.00 136.50
143.50 137.00
143.50 137.50
143.00 138.00
143.00 138.50
142.50 139.00
142.00 139.50
141.50 140.00
141.00 140.50
140.50 141.00
140.00 141.50
139.50 142.00
139.00 142.50
138.50 143.00
138.00 143.00
137.50 143.50
137.00 144.00
136.50 144.00
136.00 144.50
135.50 144.50
135.00 145.00
134.50 145.00
134.00 145.50
133.50 145.50
133.00 145.50
132.50 146.00
132.00 146.00
131.50 146.50
131.00 146.50
130.50 146.50
130.00 146.50
129.50 146.50
129.00 147.00
128.50 147.00
128.00 147.00
127.50 147.00
127.00 147.00
126.50 147.00
126.00 147.00
125.50 147.00
125.00 147.00
124.50 147.00
124.00 147.00
123.50 146.50
123.00 146.50
122.50 146.50
122.00 146.50
121.50 146.00
121.00 146.00
120.50 146.00
