131.00 114.00
131.50 114.00
132.00 114.50
132.50 114.50
133.00 114.50
133.50 115.00
134.00 115.00
134.50 115.50
135.00 116.00
135.50 116.00
136.00 116.50
136.50 117.00
137.00 117.50
137.50 118.00
137.50 118.50
138.00 119.00
138.50 119.50
138.50 120.00
139.00 120.50
139.00 121.00
139.50 121.50
139.50 122.00
140.00 122.50
140.00 123.00
140.00 123.50
140.00 124.00
140.00 124.50
140.00 125.00
140.50 125.50
140.50 126.00
140.50 126.50
140.50 127.00
140.50 127.50
140.50 128.00
140.50 128.50
140.50 129.00
140.00 129.50
140.00 130.00
140.00 130.50
140.00 131.00
140.00 131.50
140.00 132.00
139.50 132.50
139.50 133.00
139.50 133.50
139.50 134.00
139.00 134.50
139.00 135.00
138.50 135.50
138.00 136.00
138.00 136.50
137.50 137.00
137.00 137.50
136.50 138.00
136.00 138.00
135.50 138.50
135.00 139.00
134.50 139.00
134.00 139.00
133.50 139.50
133.00 139.50
132.50 139.50
132.00 140.00
131.50 140.00
131.00 140.00
130.50 140.00
130.00 140.00
129.50 140.50
129.00 140.50
128.50 140.50
128.00 140.50
127.50 140.50
127.00 140.50
126.50 140.50
126.00 140.00
125.50 140.00
125.00 140.00
124.50 140.00
124.00 139.50
123.50 139.50
123.00 139.00
122.50 139.00
122.00 138.50
121.50 138.50
121.00 138.00
120.50 137.50
120.00 137.00
119.50 136.50
119.00 136.00
119.00 135.50
118.50 135.00
118.50 134.50
118.00 134.00
118.00 133.50
117.50 133.00
117.50 132.50
117.00 132.00
117.00 131.50
117.00 131.00
117.00 130.50
117.00 130.00
117.00 129.50
117.00 129.00
117.00 128.50
117.00 128.00
117.00 127.50
117.00 127.00
117.50 126.50
117.50 126.00
117.50 125.50
118.00 125.00
118.00 124.50
118.00 124.00
118.50 123.50
118.50 123.00
118.50 122.50
119.00 122.00
119.50 121.50
119.50 121.00
119.50 120.50
120.00 120.00
120.00 119.50
120.50 119.00
120.50 118.50
121.00 118.00
121.00 117.50
121.50 117.00
122.00 116.50
122.50 116.00
122.50 115.50
123.00 115.00
123.50 114.50
124.00 114.50
124.50 114.00
125.00 114.00
125.50 113.50
126.00 113.50
126.50 113.50
127.00 113.50
127.50 113.50
128.00 113.50
128.50 113.50
129.00 113.50
129.50 113.50
130.00 113.50
130.50 114.00
