146.50 128.00
146.50 128.50
146.50 129.00
146.50 129.50
146.00 130.00
146.00 130.50
146.00 131.00
145.50 131.50
145.00 132.00
145.00 132.50
144.50 133.00
144.00 133.50
143.50 134.00
143.00 134.50
142.50 135.00
142.00 135.50
141.50 136.00
141.00 136.00
140.50 136.50
140.00 137.00
139.50 136.50
139.50 136.00
139.50 135.50
139.50 135.00
140.00 134.50
140.00 134.00
140.00 133.50
140.00 133.00
140.50 132.50
140.50 132.00
140.50 131.50
141.00 131.00
141.00 130.50
141.00 130.00
141.00 129.50
141.00 129.00
141.00 128.50
141.00 128.00
141.50 127.50
141.50 127.00
141.50 126.50
141.50 126.00
141.50 125.50
141.50 125.00
141.50 124.50
141.50 124.00
141.50 123.50
141.50 123.00
141.00 122.50
141.50 122.00
141.50 121.50
141.50 121.00
142.00 120.50
142.50 121.00
143.00 121.50
143.50 122.00
144.00 122.50
144.00 123.00
144.50 123.50
145.00 124.00
145.50 124.50
145.50 125.00
146.00 125.50
146.00 126.00
146.00 126.50
146.50 127.00
146.50 127.50
