131.00 135.50
130.50 135.50
130.00 136.00
129.50 136.00
129.00 136.00
128.50 136.00
128.00 136.00
127.50 136.00
127.00 136.00
126.50 136.00
126.00 136.00
125.50 136.00
125.00 136.00
124.50 135.50
124.00 135.00
123.50 135.00
123.00 134.50
122.50 134.00
122.00 133.50
121.50 133.00
121.50 132.50
121.00 132.00
121.00 131.50
120.50 131.00
120.50 130.50
120.50 130.00
120.50 129.50
120.50 129.00
120.50 128.50
120.50 128.00
120.50 127.50
120.50 127.00
120.50 126.50
120.50 126.00
120.50 125.50
121.00 125.00
121.00 124.50
121.00 124.00
121.50 123.50
121.50 123.00
121.50 122.50
122.00 122.00
122.00 121.50
122.50 121.00
122.50 120.50
123.00 120.00
123.50 119.50
124.00 119.00
124.00 118.50
124.50 118.00
125.00 117.50
125.50 117.00
126.00 116.50
126.50 116.50
127.00 116.00
127.50 116.00
128.00 115.50
128.50 115.50
129.00 115.50
129.50 115.50
130.00 115.50
130.50 115.50
131.00 116.00
131.50 116.50
132.00 117.00
132.50 117.50
132.50 118.00
133.00 118.50
133.50 119.00
133.50 119.50
134.00 120.00
134.00 120.50
134.50 121.00
134.50 121.50
135.00 122.00
135.00 122.50
135.00 123.00
135.50 123.50
136.00 124.00
136.00 124.50
136.00 125.00
136.50 125.50
136.50 126.00
136.50 126.50
137.00 127.00
137.00 127.50
137.00 128.00
137.00 128.50
137.00 129.00
137.00 129.50
137.00 130.00
136.50 130.50
136.50 131.00
136.00 131.50
136.00 132.00
135.50 132.50
135.00 133.00
134.50 133.50
134.00 133.50
133.50 134.00
133.00 134.50
132.50 134.50
132.00 135.00
131.50 135.50
