114.00 151.50
113.50 151.00
113.00 150.50
112.50 150.00
112.00 149.50
111.50 149.00
111.50 148.50
111.00 148.00
111.00 147.50
110.50 147.00
110.50 146.50
110.00 146.00
110.00 145.50
110.00 145.00
110.00 144.50
109.50 144.00
109.50 143.50
109.50 143.00
109.50 142.50
109.50 142.00
109.50 141.50
109.50 141.00
109.50 140.50
109.50 140.00
109.50 139.50
109.50 139.00
109.50 138.50
109.50 138.00
109.50 137.50
109.50 137.00
109.50 136.50
109.50 136.00
109.50 135.50
109.50 135.00
109.50 134.50
109.50 134.00
109.50 133.50
109.50 133.00
110.00 132.50
110.00 132.00
110.00 131.50
110.00 131.00
110.00 130.50
110.50 130.00
110.50 129.50
110.50 129.00
111.00 128.50
111.00 128.00
111.00 127.50
111.50 127.00
111.50 126.50
111.50 126.00
112.00 125.50
112.00 125.00
112.50 124.50
112.50 124.00
113.00 123.50
113.00 123.00
113.50 122.50
114.00 122.00
114.00 121.50
114.50 121.00
115.00 120.50
115.00 120.00
115.50 119.50
116.00 119.00
116.50 118.50
117.00 118.00
117.50 117.50
118.00 117.00
118.50 116.50
119.00 116.00
119.50 116.00
120.00 115.50
120.50 115.50
121.00 115.00
121.50 114.50
122.00 114.00
122.50 114.00
123.00 114.00
123.50 113.50
124.00 113.50
124.50 113.00
125.00 113.00
125.50 112.50
126.00 112.50
126.50 112.50
127.00 112.00
127.50 112.00
128.00 112.00
128.50 111.50
129.00 111.50
129.50 111.50
130.00 111.50
130.50 111.50
131.00 111.00
131.50 111.00
132.00 111.00
132.50 111.00
133.00 111.00
133.50 111.00
134.00 111.00
134.50 111.00
135.00 111.00
135.50 111.00
136.00 111.00
136.50 111.50
137.00 111.50
137.50 111.50
138.00 111.50
138.50 112.00
139.00 112.00
139.50 112.00
140.00 112.50
140.50 113.00
141.00 113.00
141.50 113.50
142.00 114.00
142.50 114.50
143.00 114.50
143.50 115.00
144.00 115.50
144.50 116.00
144.50 116.50
145.00 117.00
145.50 117.50
145.50 118.00
146.00 118.50
146.50 119.00
146.50 119.50
147.00 120.00
147.00 120.50
147.50 121.00
147.50 121.50
147.50 122.00
148.00 122.50
148.00 123.00
148.00 123.50
148.00 124.00
148.50 124.50
148.50 125.00
148.50 125.50
148.50 126.00
148.50 126.50
148.50 127.00
148.50 127.50
148.50 128.00
148.50 128.50
148.50 129.00
148.50 129.50
148.50 130.00
148.50 130.50
148.50 131.00
148.50 131.50
148.50 132.00
148.00 132.50
148.00 133.00
148.00 133.50
147.50 134.00
147.50 134.50
147.50 135.00
147.00 135.50
147.00 136.00
146.50 136.50
146.00 137.00
146.00 137.50
145.50 138.00
145.50 138.50
145.00 139.00
144.50 139.50
144.00 140.00
143.50 140.50
143.00 141.00
142.50 141.50
142.00 142.00
141.50 142.50
141.00 143.00
140.50 143.50
140.00 143.50
139.50 144.00
139.00 144.50
138.50 144.50
138.00 145.00
137.50 145.50
137.00 146.00
136.50 146.00
136.00 146.00
135.50 146.50
135.00 147.00
134.50 147.00
134.00 147.50
133.50 148.00
133.00 148.00
132.50 148.00
132.00 148.50
131.50 149.00
131.00 149.00
130.50 149.00
130.00 149.50
129.50 149.50
129.00 150.00
128.50 150.00
128.00 150.50
127.50 150.50
127.00 150.50
126.50 151.00
126.00 151.00
125.50 151.00
125.00 151.50
124.50 151.50
124.00 151.50
123.50 152.00
123.00 152.00
122.50 152.00
122.00 152.00
121.50 152.50
121.00 152.50
120.50 152.50
120.00 152.50
119.50 152.50
119.00 152.50
118.50 152.50
118.00 152.50
117.50 152.50
117.00 152.50
116.50 152.50
116.00 152.50
115.50 152.50
115.00 152.00
114.50 151.50
