118.00 151.00
117.50 151.00
117.00 150.50
116.50 150.50
116.00 150.00
115.50 149.50
115.00 149.50
114.50 149.00
114.00 148.50
113.50 148.00
113.00 147.50
112.50 147.00
112.00 146.50
111.50 146.00
111.50 145.50
111.00 145.00
110.50 144.50
110.50 144.00
110.00 143.50
109.50 143.00
109.50 142.50
109.00 142.00
109.00 141.50
108.50 141.00
108.50 140.50
108.50 140.00
108.00 139.50
108.00 139.00
108.00 138.50
108.00 138.00
107.50 137.50
107.50 137.00
107.50 136.50
107.50 136.00
107.00 135.50
107.00 135.00
107.00 134.50
107.00 134.00
107.00 133.50
107.00 133.00
107.00 132.50
107.00 132.00
107.00 131.50
107.00 131.00
107.00 130.50
107.00 130.00
107.00 129.50
107.50 129.00
107.50 128.50
107.50 128.00
107.50 127.50
107.50 127.00
108.00 126.50
108.00 126.00
108.00 125.50
108.00 125.00
108.50 124.50
108.50 124.00
108.50 123.50
109.00 123.00
109.00 122.50
109.50 122.00
109.50 121.50
109.50 121.00
110.00 120.50
110.00 120.00
110.50 119.50
111.00 119.00
111.00 118.50
111.50 118.00
112.00 117.50
112.00 117.00
112.50 116.50
113.00 116.00
113.50 115.50
113.50 115.00
114.00 114.50
114.50 114.00
115.00 113.50
115.50 113.00
116.00 113.00
116.50 112.50
117.00 112.00
117.50 111.50
118.00 111.00
118.50 110.50
119.00 110.50
119.50 110.00
120.00 109.50
120.50 109.50
121.00 109.00
121.50 108.50
122.00 108.00
122.50 108.00
123.00 107.50
123.50 107.50
124.00 107.00
124.50 107.00
125.00 106.50
125.50 106.50
126.00 106.00
126.50 106.00
127.00 105.50
127.50 105.50
128.00 105.50
128.50 105.00
129.00 105.00
129.50 105.00
130.00 104.50
130.50 104.50
131.00 104.50
131.50 104.50
132.00 104.50
132.50 104.00
133.00 104.00
133.50 104.00
134.00 104.00
134.50 104.00
135.00 104.00
135.50 104.00
136.00 104.00
136.50 104.50
137.00 104.50
137.50 104.50
138.00 104.50
138.50 105.00
139.00 105.00
139.50 105.50
140.00 105.50
140.50 106.00
141.00 106.00
141.50 106.50
142.00 107.00
142.50 107.50
143.00 108.00
143.50 108.50
144.00 109.00
144.50 109.50
145.00 110.00
145.50 110.50
146.00 111.00
146.00 111.50
146.50 112.00
146.50 112.50
147.00 113.00
147.50 113.50
147.50 114.00
148.00 114.50
148.00 115.00
148.50 115.50
148.50 116.00
148.50 116.50
149.00 117.00
149.00 117.50
149.50 118.00
149.50 118.50
149.50 119.00
149.50 119.50
150.00 120.00
150.00 120.50
150.00 121.00
150.00 121.50
150.00 122.00
150.50 122.50
150.50 123.00
150.50 123.50
150.50 124.00
150.50 124.50
150.50 125.00
150.50 125.50
150.50 126.00
150.50 126.50
150.50 127.00
150.50 127.50
150.50 128.00
150.50 128.50
150.50 129.00
150.50 129.50
150.00 130.00
150.00 130.50
150.00 131.00
150.00 131.50
150.00 132.00
150.00 132.50
149.50 133.00
149.50 133.50
149.50 134.00
149.00 134.50
149.00 135.00
149.00 135.50
149.00 136.00
148.50 136.50
148.50 137.00
148.00 137.50
148.00 138.00
147.50 138.50
147.00 139.00
147.00 139.50
146.50 140.00
146.50 140.50
146.00 141.00
145.50 141.50
145.00 142.00
145.00 142.50
144.50 143.00
144.00 143.00
143.50 143.50
143.50 144.00
143.00 144.50
142.50 145.00
142.00 145.00
141.50 145.50
141.00 146.00
140.50 146.50
140.00 146.50
139.50 147.00
139.00 147.50
138.50 147.50
138.00 148.00
137.50 148.50
137.00 148.50
136.50 149.00
136.00 149.00
135.50 149.50
135.00 149.50
134.50 150.00
134.00 150.00
133.50 150.50
133.00 150.50
132.50 151.00
132.00 151.00
131.50 151.00
131.00 151.00
130.50 151.50
130.00 151.50
129.50 151.50
129.00 152.00
128.50 152.00
128.00 152.00
127.50 152.00
127.00 152.00
126.50 152.00
126.00 152.00
125.50 152.00
125.00 152.00
124.50 152.50
124.00 152.00
123.50 152.00
123.00 152.00
122.50 152.00
122.00 152.00
121.50 152.00
121.00 152.00
120.50 152.00
120.00 151.50
119.50 151.50
119.00 151.50
118.50 151.00
