116.00 143.00
115.50 142.50
115.00 142.00
115.00 141.50
114.50 141.00
114.50 140.50
114.50 140.00
114.00 139.50
114.00 139.00
114.00 138.50
114.00 138.00
114.00 137.50
114.00 137.00
114.00 136.50
114.00 136.00
114.00 135.50
114.00 135.00
114.00 134.50
114.00 134.00
114.00 133.50
114.00 133.00
114.00 132.50
114.00 132.00
114.50 131.50
114.50 131.00
114.50 130.50
114.50 130.00
114.50 129.50
115.00 129.00
115.00 128.50
115.00 128.00
115.50 127.50
115.50 127.00
115.50 126.50
116.00 126.00
116.00 125.50
116.00 125.00
116.50 124.50
116.50 124.00
117.00 123.50
117.50 123.00
117.50 122.50
118.00 122.00
118.00 121.50
118.50 121.00
119.00 120.50
119.50 120.00
120.00 119.50
120.50 119.00
121.00 118.50
121.50 118.00
122.00 117.50
122.50 117.00
123.00 116.50
123.50 116.50
124.00 116.00
124.50 115.50
125.00 115.50
125.50 115.50
126.00 115.00
126.50 115.00
127.00 114.50
127.50 114.50
128.00 114.50
128.50 114.00
129.00 114.00
129.50 114.00
130.00 114.00
130.50 114.00
131.00 114.00
131.50 114.00
132.00 114.00
132.50 114.00
133.00 114.50
133.50 114.50
134.00 114.50
134.50 115.00
135.00 115.50
135.50 115.50
136.00 115.50
136.50 116.00
137.00 116.50
137.50 117.00
138.00 117.50
138.50 118.00
139.00 118.50
139.00 119.00
139.50 119.50
139.50 120.00
140.00 120.50
140.00 121.00
140.50 121.50
140.50 122.00
140.50 122.50
140.50 123.00
140.50 123.50
141.00 124.00
141.00 124.50
141.00 125.00
140.50 125.50
140.50 126.00
140.50 126.50
140.50 127.00
140.50 127.50
140.50 128.00
140.00 128.50
140.00 129.00
140.00 129.50
140.00 130.00
140.00 130.50
139.50 131.00
139.50 131.50
139.50 132.00
139.00 132.50
139.00 133.00
139.00 133.50
138.50 134.00
138.50 134.50
138.00 135.00
138.00 135.50
137.50 136.00
137.50 136.50
137.00 137.00
137.00 137.50
136.50 138.00
136.00 138.50
135.50 139.00
135.00 139.50
134.50 140.00
134.00 140.50
133.50 141.00
133.00 141.00
132.50 141.50
132.00 141.50
131.50 142.00
131.00 142.50
130.50 142.50
130.00 143.00
129.50 143.00
129.00 143.50
128.50 143.50
128.00 143.50
127.50 144.00
127.00 144.00
126.50 144.00
126.00 144.00
125.50 144.50
125.00 144.50
124.50 144.50
124.00 144.50
123.50 144.50
123.00 145.00
122.50 145.00
122.00 145.00
121.50 145.00
121.00 145.00
120.50 145.00
120.00 145.00
119.50 144.50
119.00 144.50
118.50 144.50
118.00 144.00
117.50 144.00
117.00 143.50
116.50 143.50
