120.50 147.50
120.00 147.00
119.50 147.00
119.00 146.50
118.50 146.50
118.00 146.00
117.50 145.50
117.00 145.00
116.50 144.50
116.00 144.00
115.50 143.50
115.50 143.00
115.00 142.50
114.50 142.00
114.00 141.50
114.00 141.00
113.50 140.50
113.50 140.00
113.00 139.50
113.00 139.00
112.50 138.50
112.50 138.00
112.50 137.50
112.00 137.00
112.00 136.50
112.00 136.00
111.50 135.50
111.50 135.00
111.50 134.50
111.50 134.00
111.50 133.50
111.50 133.00
111.50 132.50
111.50 132.00
111.50 131.50
111.50 131.00
111.50 130.50
111.50 130.00
111.50 129.50
111.50 129.00
112.00 128.50
112.00 128.00
112.00 127.50
112.50 127.00
112.50 126.50
112.50 126.00
113.00 125.50
113.00 125.00
113.00 124.50
113.50 124.00
113.50 123.50
113.50 123.00
114.00 122.50
114.00 122.00
114.50 121.50
114.50 121.00
115.00 120.50
115.00 120.00
115.50 119.50
116.00 119.00
116.00 118.50
116.50 118.00
116.50 117.50
117.00 117.00
117.00 116.50
117.50 116.00
118.00 115.50
118.00 115.00
118.50 114.50
119.00 114.00
119.00 113.50
119.50 113.00
120.00 112.50
120.50 112.00
120.50 111.50
121.00 111.00
121.50 110.50
122.00 110.00
122.50 109.50
123.00 109.00
123.50 108.50
124.00 108.00
124.50 108.00
125.00 107.50
125.50 107.00
126.00 106.50
126.50 106.50
127.00 106.50
127.50 106.00
128.00 106.00
128.50 106.00
129.00 105.50
129.50 105.50
130.00 105.50
130.50 105.50
131.00 105.50
131.50 105.50
132.00 105.50
132.50 105.50
133.00 105.50
133.50 105.50
134.00 105.50
134.50 105.50
135.00 105.50
135.50 105.50
136.00 106.00
136.50 106.00
137.00 106.00
137.50 106.50
138.00 106.50
138.50 107.00
139.00 107.00
139.50 107.50
140.00 107.50
140.50 108.00
141.00 108.50
141.50 109.00
142.00 109.50
142.50 110.00
143.00 110.50
143.00 111.00
143.50 111.50
144.00 112.00
144.00 112.50
144.50 113.00
145.00 113.50
145.00 114.00
145.50 114.50
145.50 115.00
145.50 115.50
146.00 116.00
146.00 116.50
146.00 117.00
146.00 117.50
146.50 118.00
146.50 118.50
146.50 119.00
146.50 119.50
146.50 120.00
146.50 120.50
146.50 121.00
146.50 121.50
146.50 122.00
146.50 122.50
146.50 123.00
146.50 123.50
146.50 124.00
146.50 124.50
146.50 125.00
146.50 125.50
146.50 126.00
146.50 126.50
146.50 127.00
146.50 127.50
146.50 128.00
146.50 128.50
146.50 129.00
146.50 129.50
146.00 130.00
146.00 130.50
146.00 131.00
146.00 131.50
146.00 132.00
146.00 132.50
146.00 133.00
146.00 133.50
145.50 134.00
145.50 134.50
145.50 135.00
145.00 135.50
145.00 136.00
145.00 136.50
144.50 137.00
144.50 137.50
144.00 138.00
144.00 138.50
143.50 139.00
143.50 139.50
143.00 140.00
142.50 140.50
142.50 141.00
142.00 141.50
141.50 142.00
141.50 142.50
141.00 143.00
140.50 143.50
140.00 144.00
139.50 144.50
139.00 145.00
138.50 145.50
138.00 145.50
137.50 146.00
137.00 146.50
136.50 146.50
136.00 147.00
135.50 147.50
135.00 147.50
134.50 148.00
134.00 148.00
133.50 148.00
133.00 148.50
132.50 148.50
132.00 148.50
131.50 149.00
131.00 149.00
130.50 149.00
130.00 149.00
129.50 149.00
129.00 149.00
128.50 149.00
128.00 149.00
127.50 149.00
127.00 149.00
126.50 149.00
126.00 149.00
125.50 149.00
125.00 149.00
124.50 149.00
124.00 149.00
123.50 148.50
123.00 148.50
122.50 148.50
122.00 148.00
121.50 148.00
121.00 147.50
