146.00 130.50
146.00 131.00
146.00 131.50
145.50 132.00
145.50 132.50
145.50 133.00
145.50 133.50
145.00 134.00
145.00 134.50
145.00 135.00
144.50 135.50
144.50 136.00
144.50 136.50
144.00 137.00
144.00 137.50
144.00 138.00
143.50 138.50
143.00 139.00
142.50 139.50
142.50 140.00
142.00 140.50
141.50 141.00
141.00 141.50
140.50 142.00
140.00 142.50
139.50 142.50
139.00 143.00
138.50 142.50
138.50 142.00
138.50 141.50
138.50 141.00
139.00 140.50
139.00 140.00
139.50 139.50
139.50 139.00
140.00 138.50
140.50 138.00
141.00 137.50
141.50 137.00
142.00 136.50
142.50 136.00
142.50 135.50
143.00 135.00
143.00 134.50
143.00 134.00
143.00 133.50
143.00 133.00
142.50 132.50
142.00 132.00
142.00 131.50
141.50 131.00
141.00 130.50
140.50 130.00
140.00 130.00
139.50 129.50
139.00 129.00
138.50 128.50
138.00 128.00
137.50 127.50
137.50 127.00
137.50 126.50
138.00 126.00
138.00 125.50
138.50 125.00
139.00 124.50
139.50 124.50
140.00 124.00
140.50 124.00
141.00 124.00
141.50 124.00
142.00 124.00
142.50 124.00
143.00 124.00
143.50 124.00
144.00 124.00
144.50 124.50
145.00 124.50
145.50 125.00
146.00 125.50
146.00 126.00
146.00 126.50
146.00 127.00
146.00 127.50
146.50 128.00
146.00 128.50
146.00 129.00
146.00 129.50
146.00 130.00
