132.00 133.50
131.50 133.50
131.00 134.00
130.50 134.00
130.00 134.00
129.50 134.00
129.00 134.00
128.50 134.00
128.00 133.50
127.50 133.50
127.00 133.50
126.50 133.00
126.00 133.00
125.50 132.50
125.00 132.50
124.50 132.00
124.00 131.50
123.50 131.00
123.00 130.50
123.00 130.00
123.00 129.50
122.50 129.00
122.50 128.50
122.50 128.00
122.50 127.50
122.50 127.00
122.50 126.50
122.50 126.00
122.50 125.50
122.50 125.00
123.00 124.50
123.00 124.00
123.50 123.50
123.50 123.00
124.00 122.50
124.50 122.00
125.00 121.50
125.50 121.00
126.00 120.50
126.50 120.00
127.00 120.00
127.50 119.50
128.00 119.00
128.50 119.00
129.00 119.00
129.50 119.00
130.00 119.00
130.50 119.00
131.00 119.50
131.50 120.00
132.00 120.50
132.50 121.00
132.50 121.50
133.00 122.00
133.00 122.50
133.50 123.00
133.50 123.50
133.50 124.00
134.00 124.50
134.00 125.00
134.00 125.50
134.00 126.00
134.00 126.50
134.50 127.00
134.50 127.50
134.50 128.00
134.50 128.50
134.50 129.00
134.50 129.50
134.00 130.00
134.00 130.50
134.00 131.00
133.50 131.50
133.50 132.00
133.00 132.50
132.50 133.00
