125.50 140.00
125.00 139.50
124.50 139.50
124.00 139.50
123.50 139.00
123.00 139.00
122.50 138.50
122.00 138.00
121.50 137.50
121.00 137.00
120.50 136.50
120.00 136.00
119.50 135.50
119.00 135.00
118.50 134.50
118.50 134.00
118.50 133.50
118.00 133.00
117.50 132.50
117.50 132.00
117.50 131.50
117.00 131.00
117.00 130.50
117.00 130.00
117.00 129.50
116.50 129.00
116.50 128.50
116.50 128.00
116.50 127.50
116.50 127.00
116.50 126.50
116.50 126.00
116.50 125.50
116.50 125.00
116.50 124.50
116.50 124.00
116.50 123.50
116.50 123.00
117.00 122.50
117.00 122.00
117.00 121.50
117.50 121.00
117.50 120.50
118.00 120.00
118.00 119.50
118.50 119.00
118.50 118.50
119.00 118.00
119.50 117.50
119.50 117.00
120.00 116.50
120.50 116.00
121.00 116.00
121.50 115.50
122.00 115.00
122.50 114.50
123.00 114.00
123.50 113.50
124.00 113.50
124.50 113.00
125.00 113.00
125.50 113.00
126.00 112.50
126.50 112.50
127.00 112.00
127.50 112.00
128.00 111.50
128.50 111.50
129.00 111.50
129.50 111.50
130.00 111.50
130.50 111.00
131.00 111.00
131.50 111.00
132.00 111.00
132.50 111.00
133.00 111.00
133.50 111.00
134.00 111.00
134.50 111.50
135.00 111.50
135.50 111.50
136.00 111.50
136.50 112.00
137.00 112.00
137.50 112.50
138.00 112.50
138.50 112.50
139.00 113.00
139.50 113.00
140.00 113.50
140.50 114.00
141.00 114.50
141.50 115.00
142.00 115.50
142.50 116.00
142.50 116.50
143.00 117.00
143.50 117.50
143.50 118.00
144.00 118.50
144.00 119.00
144.00 119.50
144.50 120.00
144.50 120.50
144.50 121.00
144.50 121.50
145.00 122.00
145.00 122.50
145.00 123.00
145.00 123.50
145.00 124.00
145.00 124.50
145.00 125.00
145.00 125.50
144.50 126.00
144.50 126.50
144.50 127.00
144.50 127.50
144.50 128.00
144.50 128.50
144.00 129.00
144.00 129.50
144.00 130.00
143.50 130.50
143.50 131.00
143.00 131.50
143.00 132.00
142.50 132.50
142.00 133.00
142.00 133.50
141.50 134.00
141.00 134.50
141.00 135.00
140.50 135.50
140.00 136.00
139.50 136.00
139.00 136.50
138.50 137.00
138.00 137.50
137.50 137.50
137.00 138.00
136.50 138.50
136.00 138.50
135.50 139.00
135.00 139.00
134.50 139.50
134.00 139.50
133.50 139.50
133.00 140.00
132.50 140.00
132.00 140.00
131.50 140.50
131.00 140.50
130.50 140.50
130.00 140.50
129.50 140.50
129.00 140.50
128.50 140.50
128.00 140.50
127.50 140.50
127.00 140.50
126.50 140.50
126.00 140.00
