130.50 147.50
130.00 148.00
129.50 148.50
129.00 149.00
128.50 149.00
128.00 149.00
127.50 149.00
127.00 149.00
126.50 149.00
126.00 148.50
125.50 148.50
125.00 148.50
124.50 148.50
124.00 148.00
123.50 148.00
123.00 148.00
122.50 147.50
122.00 147.00
121.50 146.50
121.00 146.00
121.00 145.50
120.50 145.00
120.50 144.50
120.50 144.00
120.50 143.50
120.50 143.00
120.50 142.50
120.50 142.00
120.50 141.50
120.50 141.00
120.50 140.50
120.50 140.00
121.00 139.50
121.00 139.00
121.00 138.50
121.50 138.00
122.00 137.50
122.50 137.50
123.00 137.00
123.50 137.00
124.00 137.50
124.50 137.50
125.00 137.50
125.50 137.50
126.00 138.00
126.50 138.50
127.00 139.00
127.50 139.00
128.00 139.50
128.00 140.00
128.00 140.50
128.00 141.00
127.50 141.50
127.50 142.00
127.00 142.50
127.00 143.00
127.00 143.50
127.00 144.00
127.50 144.50
128.00 144.50
128.50 145.00
129.00 145.00
129.50 145.00
130.00 145.00
130.50 145.00
131.00 145.50
131.00 146.00
131.00 146.50
131.00 147.00
