125.50 143.50
125.00 143.50
124.50 143.50
124.00 143.50
123.50 143.50
123.00 143.50
122.50 143.50
122.00 143.00
121.50 143.00
121.00 143.00
120.50 143.00
120.00 142.50
119.50 142.50
119.00 142.00
118.50 142.00
118.00 141.50
117.50 141.50
117.00 141.00
116.50 140.50
116.00 140.00
115.50 139.50
115.00 139.00
114.50 138.50
114.50 138.00
114.00 137.50
113.50 137.00
113.50 136.50
113.50 136.00
113.50 135.50
113.00 135.00
113.00 134.50
113.00 134.00
113.00 133.50
113.00 133.00
113.00 132.50
112.50 132.00
112.50 131.50
113.00 131.00
113.00 130.50
113.00 130.00
113.00 129.50
113.00 129.00
113.00 128.50
113.00 128.00
113.50 127.50
113.50 127.00
113.50 126.50
114.00 126.00
114.00 125.50
114.50 125.00
114.50 124.50
114.50 124.00
115.00 123.50
115.50 123.00
115.50 122.50
116.00 122.00
116.50 121.50
117.00 121.00
117.50 120.50
118.00 120.00
118.50 119.50
119.00 119.00
119.50 119.00
120.00 118.50
120.50 118.00
121.00 118.00
121.50 118.00
122.00 117.50
122.50 117.50
123.00 117.50
123.50 117.50
124.00 117.50
124.50 117.50
125.00 117.50
125.50 117.50
126.00 117.50
126.50 117.50
127.00 117.50
127.50 117.50
128.00 117.50
128.50 117.50
129.00 118.00
129.50 118.00
130.00 118.00
130.50 118.50
131.00 118.50
131.50 119.00
132.00 119.00
132.50 119.00
133.00 119.50
133.50 120.00
134.00 120.00
134.50 120.50
135.00 121.00
135.50 121.00
136.00 121.50
136.50 122.00
137.00 122.50
137.50 123.00
138.00 123.50
138.50 124.00
138.50 124.50
139.00 125.00
139.00 125.50
139.50 126.00
139.50 126.50
139.50 127.00
139.50 127.50
139.50 128.00
139.50 128.50
139.50 129.00
139.50 129.50
139.50 130.00
139.00 130.50
139.00 131.00
139.00 131.50
138.50 132.00
138.50 132.50
138.00 133.00
138.00 133.50
137.50 134.00
137.50 134.50
137.00 135.00
136.50 135.50
136.50 136.00
136.00 136.50
135.50 137.00
135.50 137.50
135.00 138.00
134.50 138.50
134.00 139.00
133.50 139.50
133.00 140.00
132.50 140.50
132.00 141.00
131.50 141.00
131.00 141.50
130.50 142.00
130.00 142.00
129.50 142.50
129.00 142.50
128.50 143.00
128.00 143.00
127.50 143.00
127.00 143.00
126.50 143.50
126.00 143.50
