120.00 136.00
119.50 135.50
119.00 135.00
118.50 134.50
118.00 134.00
117.50 133.50
117.50 133.00
117.00 132.50
117.00 132.00
116.50 131.50
116.50 131.00
116.50 130.50
116.50 130.00
116.00 129.50
116.00 129.00
116.00 128.50
116.00 128.00
116.00 127.50
116.00 127.00
116.00 126.50
116.00 126.00
116.00 125.50
116.00 125.00
116.00 124.50
116.50 124.00
116.50 123.50
116.50 123.00
117.00 122.50
117.00 122.00
117.00 121.50
117.50 121.00
118.00 120.50
118.00 120.00
118.50 119.50
118.50 119.00
119.00 118.50
119.50 118.00
119.50 117.50
120.00 117.00
120.50 116.50
121.00 116.00
121.50 115.50
121.50 115.00
122.00 114.50
122.50 114.00
123.00 113.50
123.50 113.00
124.00 112.50
124.50 112.50
125.00 112.00
125.50 111.50
126.00 111.50
126.50 111.00
127.00 110.50
127.50 110.00
128.00 110.00
128.50 110.00
129.00 109.50
129.50 109.50
130.00 109.50
130.50 109.50
131.00 109.50
131.50 109.50
132.00 109.50
132.50 110.00
133.00 110.00
133.50 110.00
134.00 110.50
134.50 111.00
135.00 111.50
135.50 112.00
136.00 112.50
136.00 113.00
136.50 113.50
137.00 114.00
137.00 114.50
137.50 115.00
137.50 115.50
138.00 116.00
138.50 116.50
138.50 117.00
138.50 117.50
139.00 118.00
139.00 118.50
139.00 119.00
139.00 119.50
139.00 120.00
139.00 120.50
139.50 121.00
139.50 121.50
139.50 122.00
139.50 122.50
139.00 123.00
139.00 123.50
139.00 124.00
139.00 124.50
139.00 125.00
138.50 125.50
138.50 126.00
138.50 126.50
138.00 127.00
138.00 127.50
137.50 128.00
137.50 128.50
137.00 129.00
136.50 129.50
136.50 130.00
136.00 130.50
135.50 131.00
135.00 131.50
134.50 132.00
134.00 132.50
133.50 133.00
133.00 133.50
132.50 133.50
132.00 134.00
131.50 134.50
131.00 134.50
130.50 135.00
130.00 135.00
129.50 135.50
129.00 135.50
128.50 136.00
128.00 136.00
127.50 136.50
127.00 136.50
126.50 136.50
126.00 136.50
125.50 137.00
125.00 137.00
124.50 137.00
124.00 137.00
123.50 137.00
123.00 137.00
122.50 137.00
122.00 137.00
121.50 136.50
121.00 136.50
120.50 136.00
