115.50 135.00
115.50 134.50
115.50 134.00
115.50 133.50
115.50 133.00
115.50 132.50
115.50 132.00
115.50 131.50
115.50 131.00
115.50 130.50
115.50 130.00
115.50 129.50
115.50 129.00
115.50 128.50
115.50 128.00
115.50 127.50
115.50 127.00
115.50 126.50
116.00 126.00
116.00 125.50
116.00 125.00
116.00 124.50
116.50 124.00
116.50 123.50
116.50 123.00
117.00 122.50
117.00 122.00
117.00 121.50
117.50 121.00
117.50 120.50
118.00 120.00
118.00 119.50
118.00 119.00
118.50 118.50
119.00 118.00
119.00 117.50
119.00 117.00
119.50 116.50
120.00 117.00
120.50 116.50
121.00 116.00
121.50 116.00
122.00 115.50
122.50 115.00
123.00 114.50
123.50 114.00
124.00 113.50
124.50 113.00
125.00 112.50
125.50 112.00
126.00 111.50
126.50 111.50
127.00 111.00
127.50 110.50
128.00 110.50
128.50 110.00
129.00 110.00
129.50 109.50
130.00 109.50
130.50 109.50
131.00 109.50
131.50 109.50
132.00 109.50
132.50 110.00
133.00 110.00
133.50 110.50
134.00 110.50
134.50 110.50
135.00 111.00
135.50 111.50
136.00 111.50
136.50 112.00
137.00 112.50
137.00 113.00
137.50 113.50
138.00 114.00
138.50 114.50
139.00 115.00
139.50 115.50
139.50 116.00
140.00 116.50
140.00 117.00
140.50 117.50
140.50 118.00
141.00 118.50
141.00 119.00
141.00 119.50
141.50 120.00
141.50 120.50
141.50 121.00
141.50 121.50
142.00 122.00
142.00 122.50
142.00 123.00
142.00 123.50
142.00 124.00
142.00 124.50
142.00 125.00
142.00 125.50
142.00 126.00
142.00 126.50
142.00 127.00
142.00 127.50
142.00 128.00
142.00 128.50
141.50 129.00
141.50 129.50
141.50 130.00
141.50 130.50
141.00 131.00
141.00 131.50
141.00 132.00
140.50 132.50
140.50 133.00
140.50 133.50
140.00 134.00
140.00 134.50
139.50 135.00
139.00 135.50
139.00 136.00
139.00 136.50
138.50 137.00
138.00 137.50
137.50 138.00
137.00 138.50
136.50 139.00
136.00 139.50
135.50 140.00
135.00 140.50
134.50 141.00
134.00 141.00
133.50 141.50
133.00 141.50
132.50 142.00
132.00 142.50
131.50 142.50
131.00 142.50
130.50 143.00
130.00 143.00
129.50 143.00
129.00 143.50
128.50 143.50
128.00 143.50
127.50 143.50
127.00 143.50
126.50 143.50
126.00 143.50
125.50 143.50
125.00 143.50
124.50 143.00
124.00 143.00
123.50 143.00
123.00 143.00
122.50 142.50
122.00 142.50
121.50 142.00
121.00 142.00
120.50 141.50
120.00 141.00
119.50 140.50
119.00 140.00
118.50 139.50
118.00 139.00
117.50 138.50
117.50 138.00
117.00 137.50
116.50 137.00
116.50 136.50
116.00 136.00
116.00 135.50
