130.00 149.00
129.50 149.50
129.00 149.50
128.50 150.00
128.00 150.00
127.50 150.00
127.00 150.00
126.50 149.50
126.00 149.50
125.50 149.50
125.00 149.50
124.50 149.00
124.00 149.00
123.50 148.50
123.00 148.00
122.50 147.50
122.00 147.00
122.00 146.50
121.50 146.00
121.50 145.50
121.50 145.00
121.50 144.50
121.50 144.00
122.00 143.50
122.00 143.00
122.50 142.50
122.50 142.00
123.00 141.50
123.50 141.50
124.00 141.00
124.50 141.00
125.00 141.00
125.50 141.00
126.00 141.00
126.50 141.00
127.00 141.00
127.50 141.50
128.00 141.50
128.50 142.00
129.00 142.50
129.50 143.00
130.00 143.50
130.00 144.00
130.50 144.50
130.50 145.00
130.50 145.50
130.50 146.00
130.50 146.50
130.50 147.00
130.50 147.50
130.50 148.00
130.50 148.50
