137.00 142.50
137.00 143.00
136.50 143.50
136.00 144.00
135.50 144.00
135.00 144.00
134.50 144.50
134.00 144.50
133.50 144.50
133.00 144.50
132.50 144.50
132.00 144.50
131.50 145.00
131.00 145.00
130.50 145.00
130.00 145.50
129.50 145.50
129.00 146.00
128.50 146.00
128.00 146.00
127.50 146.50
127.00 146.50
126.50 146.50
126.00 147.00
125.50 147.00
125.00 146.50
124.50 146.50
124.00 146.00
123.50 145.50
123.00 145.00
123.00 144.50
123.00 144.00
122.50 143.50
122.50 143.00
122.50 142.50
123.00 142.00
123.50 142.50
124.00 142.50
124.50 143.00
125.00 143.50
125.50 143.50
126.00 144.00
126.50 144.00
127.00 144.00
127.50 143.50
128.00 143.00
128.50 142.50
129.00 142.50
129.50 142.50
130.00 142.50
130.50 143.00
131.00 143.00
131.50 143.50
132.00 143.50
132.50 143.00
133.00 142.50
133.00 142.00
133.00 141.50
133.00 141.00
133.50 140.50
133.50 140.00
134.00 139.50
134.50 139.50
135.00 139.50
135.50 140.00
136.00 140.50
136.00 141.00
136.50 141.50
137.00 142.00
