154.50 137.50
154.00 138.00
154.00 138.50
154.00 139.00
153.50 139.50
153.00 140.00
153.00 140.50
152.50 141.00
152.50 141.50
152.00 142.00
151.50 142.50
151.50 143.00
151.00 143.50
150.50 144.00
150.00 144.50
149.50 145.00
149.00 145.50
149.00 146.00
148.50 146.50
148.00 147.00
147.50 147.50
147.00 148.00
146.50 148.50
146.00 149.00
145.50 149.50
145.00 150.00
144.50 150.50
144.00 151.00
143.50 151.00
143.00 151.00
142.50 151.50
142.00 152.00
141.50 152.50
141.00 152.50
140.50 153.00
140.00 153.00
139.50 153.50
139.00 153.50
138.50 154.00
138.00 154.00
137.50 154.50
137.00 154.50
136.50 155.00
136.00 155.00
135.50 155.00
135.00 155.00
134.50 155.00
134.00 155.50
133.50 155.50
133.00 155.50
132.50 155.50
132.00 155.50
131.50 156.00
131.00 156.00
130.50 156.00
130.00 156.00
129.50 156.00
129.00 156.00
128.50 156.00
128.00 156.00
127.50 156.00
127.00 156.00
126.50 156.00
126.00 156.00
125.50 156.00
125.00 156.00
124.50 156.00
124.00 156.00
123.50 155.50
123.00 155.50
122.50 155.50
122.00 155.50
121.50 155.50
121.00 155.50
120.50 155.50
120.00 155.50
119.50 155.50
119.00 155.50
118.50 155.50
118.00 155.00
117.50 155.00
117.00 155.00
116.50 155.00
116.00 155.00
115.50 154.50
115.00 154.50
114.50 154.50
114.00 154.00
113.50 154.00
113.00 154.00
112.50 153.50
112.00 153.00
111.50 153.00
111.00 152.50
110.50 152.00
110.00 151.50
109.50 151.00
109.50 150.50
109.00 150.00
108.50 149.50
108.50 149.00
108.00 148.50
107.50 148.00
107.50 147.50
107.00 147.00
107.00 146.50
107.00 146.00
106.50 145.50
106.50 145.00
106.00 144.50
106.00 144.00
106.00 143.50
105.50 143.00
105.50 142.50
105.50 142.00
105.00 141.50
105.00 141.00
105.00 140.50
105.00 140.00
104.50 139.50
104.50 139.00
104.50 138.50
104.50 138.00
104.50 137.50
104.00 137.00
104.00 136.50
104.00 136.00
104.00 135.50
104.00 135.00
104.00 134.50
104.00 134.00
104.00 133.50
104.00 133.00
104.00 132.50
104.00 132.00
104.00 131.50
104.00 131.00
104.00 130.50
104.00 130.00
104.00 129.50
104.50 129.00
104.50 128.50
104.50 128.00
104.50 127.50
104.50 127.00
104.50 126.50
104.50 126.00
105.00 125.50
105.00 125.00
105.00 124.50
105.50 124.00
105.50 123.50
105.50 123.00
106.00 122.50
106.00 122.00
106.00 121.50
106.00 121.00
106.50 120.50
106.50 120.00
107.00 119.50
107.00 119.00
107.50 118.50
107.50 118.00
108.00 117.50
108.00 117.00
108.50 116.50
108.50 116.00
109.00 115.50
109.50 115.00
109.50 114.50
110.00 114.00
110.50 113.50
111.00 113.00
111.50 112.50
111.50 112.00
112.00 111.50
112.50 111.00
113.00 110.50
113.50 110.00
114.00 109.50
114.50 109.00
115.00 108.50
115.50 108.00
116.00 107.50
116.50 107.00
117.00 107.00
117.50 106.50
118.00 106.00
118.50 106.00
119.00 105.50
119.50 105.00
120.00 105.00
120.50 105.00
121.00 104.50
121.50 104.00
122.00 104.00
122.50 103.50
123.00 103.50
123.50 103.50
124.00 103.00
124.50 103.00
125.00 103.00
125.50 102.50
126.00 102.50
126.50 102.50
127.00 102.00
127.50 102.00
128.00 102.00
128.50 102.00
129.00 101.50
129.50 101.50
130.00 101.50
130.50 101.50
131.00 101.50
131.50 101.00
132.00 101.00
132.50 101.00
133.00 101.00
133.50 101.00
134.00 101.00
134.50 101.00
135.00 101.00
135.50 101.00
136.00 101.00
136.50 101.00
137.00 101.00
137.50 101.00
138.00 101.00
138.50 101.00
139.00 101.50
139.50 101.50
140.00 101.50
140.50 102.00
141.00 102.50
141.50 102.50
142.00 102.50
142.50 103.00
143.00 103.50
143.50 103.50
144.00 104.00
144.50 104.50
145.00 105.00
145.50 105.50
146.00 105.50
146.50 106.00
146.50 106.50
147.00 107.00
147.50 107.50
148.00 108.00
148.50 108.50
149.00 109.00
149.00 109.50
149.50 110.00
149.50 110.50
150.00 111.00
150.50 111.50
151.00 112.00
151.00 112.50
151.00 113.00
151.50 113.50
151.50 114.00
152.00 114.50
152.00 115.00
152.00 115.50
152.50 116.00
152.50 116.50
153.00 117.00
153.00 117.50
153.50 118.00
153.50 118.50
153.50 119.00
154.00 119.50
154.00 120.00
154.00 120.50
154.50 121.00
154.50 121.50
154.50 122.00
154.50 122.50
154.50 123.00
155.00 123.50
155.00 124.00
155.00 124.50
155.00 125.00
155.00 125.50
155.00 126.00
155.00 126.50
155.50 127.00
155.50 127.50
155.50 128.00
155.50 128.50
155.50 129.00
155.50 129.50
155.50 130.00
155.50 130.50
155.50 131.00
155.50 131.50
155.50 132.00
155.50 132.50
155.50 133.00
155.50 133.50
155.50 134.00
155.50 134.50
155.00 135.00
155.00 135.50
155.00 136.00
155.00 136.50
155.00 137.00
154.50 137.50
