107.00 133.50
107.00 133.00
107.00 132.50
107.00 132.00
107.00 131.50
107.00 131.00
107.50 130.50
107.50 130.00
107.50 129.50
107.50 129.00
107.50 128.50
107.50 128.00
107.50 127.50
108.00 127.00
108.00 126.50
108.00 126.00
108.00 125.50
108.50 125.00
108.50 124.50
108.50 124.00
108.50 123.50
109.00 123.00
109.00 122.50
109.00 122.00
109.50 121.50
109.50 121.00
109.50 120.50
110.00 120.00
110.50 119.50
110.50 119.00
111.00 118.50
111.00 118.00
111.00 117.50
111.50 117.00
112.00 116.50
112.50 116.00
112.50 115.50
113.00 115.00
113.50 114.50
114.00 114.00
114.00 113.50
114.50 113.00
115.00 112.50
115.50 112.00
116.00 112.00
116.50 111.50
117.00 111.00
117.50 110.50
118.00 110.00
118.50 109.50
119.00 109.50
119.50 109.00
120.00 109.00
120.50 108.50
121.00 108.00
121.50 108.00
122.00 107.50
122.50 107.50
123.00 107.50
123.50 107.00
124.00 107.00
124.50 107.00
125.00 106.50
125.50 106.50
126.00 106.50
126.50 106.50
127.00 106.50
127.50 106.00
128.00 106.00
128.50 106.00
129.00 106.00
129.50 106.00
130.00 106.00
130.50 106.00
131.00 106.00
131.50 106.00
132.00 106.00
132.50 106.00
133.00 106.00
133.50 106.00
134.00 106.00
134.50 106.00
135.00 106.50
135.50 106.50
136.00 106.50
136.50 106.50
137.00 106.50
137.50 107.00
138.00 107.00
138.50 107.00
139.00 107.50
139.50 107.50
140.00 107.50
140.50 108.00
141.00 108.00
141.50 108.00
142.00 108.50
142.50 108.50
143.00 109.00
143.50 109.00
144.00 109.50
144.50 110.00
145.00 110.00
145.50 110.50
146.00 111.00
146.50 111.50
147.00 112.00
147.50 112.50
148.00 113.00
148.50 113.50
148.50 114.00
148.50 114.50
149.00 115.00
149.50 115.50
149.50 116.00
150.00 116.50
150.00 117.00
150.00 117.50
150.50 118.00
150.50 118.50
150.50 119.00
151.00 119.50
151.00 120.00
151.00 120.50
151.00 121.00
151.50 121.50
151.50 122.00
151.50 122.50
151.50 123.00
151.50 123.50
152.00 124.00
152.00 124.50
152.00 125.00
152.00 125.50
152.00 126.00
152.00 126.50
152.00 127.00
152.00 127.50
152.00 128.00
152.50 128.50
152.50 129.00
152.50 129.50
152.50 130.00
152.50 130.50
152.50 131.00
152.50 131.50
152.50 132.00
152.00 132.50
152.00 133.00
152.00 133.50
152.00 134.00
152.00 134.50
152.00 135.00
152.00 135.50
152.00 136.00
151.50 136.50
151.50 137.00
151.50 137.50
151.50 138.00
151.00 138.50
151.00 139.00
150.50 139.50
150.50 140.00
150.50 140.50
150.00 141.00
150.00 141.50
149.50 142.00
149.50 142.50
149.00 143.00
149.00 143.50
148.50 144.00
148.00 144.50
147.50 145.00
147.00 145.50
147.00 146.00
146.50 146.50
146.00 146.50
145.50 147.00
145.00 147.50
144.50 148.00
144.00 148.00
143.50 148.50
143.00 149.00
142.50 149.00
142.00 149.50
141.50 150.00
141.00 150.00
140.50 150.50
140.00 151.00
139.50 151.00
139.00 151.50
138.50 151.50
138.00 152.00
137.50 152.00
137.00 152.50
136.50 152.50
136.00 153.00
135.50 153.00
135.00 153.00
134.50 153.00
134.00 153.50
133.50 153.50
133.00 153.50
132.50 154.00
132.00 154.00
131.50 154.00
131.00 154.00
130.50 154.50
130.00 154.50
129.50 154.50
129.00 154.50
128.50 154.50
128.00 154.50
127.50 154.50
127.00 154.50
126.50 154.50
126.00 154.50
125.50 154.50
125.00 154.50
124.50 154.50
124.00 154.50
123.50 154.00
123.00 154.00
122.50 154.00
122.00 154.00
121.50 154.00
121.00 153.50
120.50 153.50
120.00 153.50
119.50 153.00
119.00 153.00
118.50 153.00
118.00 152.50
117.50 152.50
117.00 152.50
116.50 152.00
116.00 152.00
115.50 151.50
115.00 151.50
114.50 151.00
114.00 150.50
113.50 150.50
113.00 150.00
112.50 149.50
112.00 149.50
111.50 149.00
111.00 148.50
110.50 148.00
110.00 147.50
110.00 147.00
109.50 146.50
109.00 146.00
108.50 145.50
108.50 145.00
108.00 144.50
108.00 144.00
108.00 143.50
107.50 143.00
107.50 142.50
107.50 142.00
107.50 141.50
107.00 141.00
107.00 140.50
107.00 140.00
107.00 139.50
107.00 139.00
107.00 138.50
107.00 138.00
107.00 137.50
107.00 137.00
107.00 136.50
107.00 136.00
107.00 135.50
107.00 135.00
107.00 134.50
107.00 134.00
