138.00 107.00
138.50 107.00
139.00 107.50
139.50 107.50
140.00 107.50
140.50 108.00
141.00 108.50
141.50 108.50
142.00 108.50
142.50 109.00
143.00 109.50
143.50 110.00
144.00 110.50
144.50 111.00
145.00 111.50
145.50 112.00
145.50 112.50
146.00 113.00
146.00 113.50
146.50 114.00
147.00 114.50
147.00 115.00
147.50 115.50
147.50 116.00
147.50 116.50
148.00 117.00
148.00 117.50
148.00 118.00
148.00 118.50
148.50 119.00
148.50 119.50
148.50 120.00
148.50 120.50
149.00 121.00
149.00 121.50
149.00 122.00
149.00 122.50
149.00 123.00
149.00 123.50
149.00 124.00
149.00 124.50
149.00 125.00
149.00 125.50
149.00 126.00
149.00 126.50
149.00 127.00
149.00 127.50
149.00 128.00
149.00 128.50
149.00 129.00
149.00 129.50
149.00 130.00
149.00 130.50
149.00 131.00
149.00 131.50
148.50 132.00
148.50 132.50
148.50 133.00
148.50 133.50
148.50 134.00
148.00 134.50
148.00 135.00
147.50 135.50
147.50 136.00
147.00 136.50
147.00 137.00
146.50 137.50
146.00 138.00
145.50 138.50
145.50 139.00
145.00 139.50
144.50 139.50
144.00 140.00
143.50 140.50
143.00 141.00
142.50 141.50
142.00 141.50
141.50 142.00
141.00 142.00
140.50 142.00
140.00 142.50
139.50 142.50
139.00 142.50
138.50 142.50
138.00 143.00
137.50 143.00
137.00 143.00
136.50 143.00
136.00 143.00
135.50 143.50
135.00 143.50
134.50 143.50
134.00 143.50
133.50 143.50
133.00 143.50
132.50 144.00
132.00 144.00
131.50 144.00
131.00 144.00
130.50 144.00
130.00 144.00
129.50 144.50
129.00 144.50
128.50 144.50
128.00 144.50
127.50 144.50
127.00 144.50
126.50 144.50
126.00 144.50
125.50 144.50
125.00 144.50
124.50 144.50
124.00 144.50
123.50 144.50
123.00 144.00
122.50 144.00
122.00 144.00
121.50 143.50
121.00 143.50
120.50 143.00
120.00 142.50
119.50 142.50
119.00 142.00
118.50 141.50
118.00 141.00
117.50 140.50
117.50 140.00
117.00 139.50
116.50 139.00
116.00 138.50
116.00 138.00
115.50 137.50
115.50 137.00
115.00 136.50
114.50 136.00
114.50 135.50
114.50 135.00
114.00 134.50
114.00 134.00
114.00 133.50
114.00 133.00
113.50 132.50
113.50 132.00
113.50 131.50
113.50 131.00
113.50 130.50
113.50 130.00
113.50 129.50
113.50 129.00
113.50 128.50
113.50 128.00
113.50 127.50
113.50 127.00
113.50 126.50
113.50 126.00
113.50 125.50
113.50 125.00
114.00 124.50
114.00 124.00
114.00 123.50
114.00 123.00
114.00 122.50
114.50 122.00
114.50 121.50
115.00 121.00
115.00 120.50
115.50 120.00
115.50 119.50
115.50 119.00
116.00 118.50
116.50 118.00
116.50 117.50
117.00 117.00
117.50 116.50
118.00 116.00
118.00 115.50
118.50 115.00
119.00 114.50
119.50 114.00
120.00 113.50
120.50 113.00
121.00 112.50
121.50 112.00
122.00 112.00
122.50 111.50
123.00 111.00
123.50 110.50
124.00 110.50
124.50 110.50
125.00 110.00
125.50 109.50
126.00 109.50
126.50 109.50
127.00 109.00
127.50 109.00
128.00 108.50
128.50 108.50
129.00 108.00
129.50 108.00
130.00 108.00
130.50 107.50
131.00 107.50
131.50 107.50
132.00 107.50
132.50 107.50
133.00 107.00
133.50 107.00
134.00 107.00
134.50 107.00
135.00 107.00
135.50 107.00
136.00 107.00
136.50 107.00
137.00 107.00
137.50 107.00
