145.50 127.00
145.50 127.50
145.50 128.00
145.50 128.50
145.50 129.00
145.50 129.50
145.50 130.00
145.50 130.50
145.50 131.00
145.00 131.50
145.00 132.00
145.00 132.50
145.00 133.00
145.00 133.50
145.00 134.00
145.00 134.50
145.00 135.00
144.50 135.50
144.50 136.00
144.50 136.50
144.00 137.00
143.50 137.50
143.00 138.00
142.50 138.00
142.00 138.00
141.50 138.00
141.00 138.00
140.50 137.50
140.50 137.00
140.00 136.50
140.00 136.00
140.00 135.50
139.50 135.00
139.50 134.50
139.50 134.00
139.50 133.50
139.50 133.00
139.50 132.50
139.50 132.00
139.50 131.50
139.50 131.00
139.50 130.50
139.50 130.00
139.50 129.50
139.50 129.00
139.50 128.50
139.50 128.00
139.50 127.50
139.50 127.00
139.50 126.50
139.50 126.00
139.50 125.50
139.50 125.00
139.50 124.50
139.50 124.00
140.00 123.50
140.50 123.00
141.00 123.00
141.50 123.00
142.00 123.50
142.50 123.50
143.00 123.50
143.50 124.00
144.00 124.50
144.50 125.00
145.00 125.50
145.50 126.00
145.50 126.50
