135.50 146.50
135.00 147.00
134.50 147.50
134.00 147.50
133.50 148.00
133.00 148.00
132.50 148.00
132.00 148.00
131.50 148.00
131.00 148.00
130.50 148.00
130.00 148.00
129.50 148.00
129.00 148.00
128.50 148.00
128.00 148.00
127.50 148.00
127.00 148.00
126.50 148.00
126.00 148.00
125.50 148.00
125.00 148.00
124.50 148.00
124.00 148.00
123.50 147.50
123.00 147.50
122.50 147.00
122.00 146.50
122.00 146.00
121.50 145.50
121.50 145.00
121.50 144.50
121.50 144.00
121.50 143.50
122.00 143.00
122.00 142.50
122.50 142.00
123.00 141.50
123.50 141.00
124.00 141.00
124.50 141.00
125.00 141.00
125.50 141.00
126.00 141.00
126.50 141.00
127.00 141.50
127.50 141.50
128.00 141.50
128.50 141.50
129.00 141.50
129.50 142.00
130.00 142.00
130.50 142.00
131.00 142.00
131.50 142.00
132.00 142.00
132.50 142.00
133.00 142.00
133.50 142.00
134.00 142.00
134.50 142.00
135.00 142.50
135.50 143.00
135.50 143.50
135.50 144.00
136.00 144.50
136.00 145.00
136.00 145.50
135.50 146.00
