123.50 143.50
123.00 143.50
122.50 143.50
122.00 143.00
121.50 143.00
121.00 143.00
120.50 142.50
120.00 142.50
119.50 142.00
119.00 141.50
118.50 141.50
118.00 141.00
117.50 140.50
117.00 140.00
116.50 140.00
116.00 139.50
115.50 139.00
115.50 138.50
115.00 138.00
114.50 137.50
114.00 137.00
114.00 136.50
113.50 136.00
113.50 135.50
113.00 135.00
113.00 134.50
112.50 134.00
112.50 133.50
112.50 133.00
112.50 132.50
112.00 132.00
112.00 131.50
112.00 131.00
112.00 130.50
112.00 130.00
112.00 129.50
112.00 129.00
112.00 128.50
112.50 128.00
112.50 127.50
112.50 127.00
113.00 126.50
113.00 126.00
113.00 125.50
113.50 125.00
114.00 124.50
114.00 124.00
114.50 123.50
115.00 123.00
115.00 122.50
115.50 122.00
116.00 121.50
116.50 121.00
117.00 120.50
117.50 120.00
118.00 119.50
118.50 119.00
119.00 118.50
119.50 118.00
120.00 117.50
120.50 117.00
121.00 116.50
121.50 116.00
122.00 115.50
122.50 115.00
123.00 115.00
123.50 114.50
124.00 114.00
124.50 114.00
125.00 113.50
125.50 113.00
126.00 112.50
126.50 112.50
127.00 112.00
127.50 112.00
128.00 112.00
128.50 111.50
129.00 111.50
129.50 111.00
130.00 111.00
130.50 111.00
131.00 111.00
131.50 111.00
132.00 111.00
132.50 111.00
133.00 111.00
133.50 111.00
134.00 111.00
134.50 111.50
135.00 111.50
135.50 111.50
136.00 112.00
136.50 112.00
137.00 112.50
137.50 113.00
138.00 113.00
138.50 113.50
139.00 114.00
139.50 114.00
140.00 114.50
140.00 115.00
140.50 115.50
141.00 116.00
141.00 116.50
141.00 117.00
141.50 117.50
141.50 118.00
141.50 118.50
142.00 119.00
142.00 119.50
142.00 120.00
142.00 120.50
142.00 121.00
142.00 121.50
142.00 122.00
142.00 122.50
142.00 123.00
142.00 123.50
142.00 124.00
142.00 124.50
142.00 125.00
141.50 125.50
141.50 126.00
141.50 126.50
141.50 127.00
141.00 127.50
141.00 128.00
141.00 128.50
140.50 129.00
140.50 129.50
140.00 130.00
140.00 130.50
139.50 131.00
139.50 131.50
139.00 132.00
139.00 132.50
138.50 133.00
138.50 133.50
138.00 134.00
138.00 134.50
137.50 135.00
137.00 135.50
137.00 136.00
136.50 136.50
136.00 137.00
135.50 137.50
135.00 138.00
134.50 138.50
134.00 139.00
133.50 139.50
133.00 140.00
132.50 140.50
132.00 140.50
131.50 141.00
131.00 141.50
130.50 141.50
130.00 142.00
129.50 142.00
129.00 142.50
128.50 142.50
128.00 143.00
127.50 143.00
127.00 143.00
126.50 143.50
126.00 143.50
125.50 143.50
125.00 143.50
124.50 143.50
124.00 143.50
