128.50 104.00
129.00 103.50
129.50 103.50
130.00 103.50
130.50 103.00
131.00 103.00
131.50 103.00
132.00 103.00
132.50 103.00
133.00 103.00
133.50 102.50
134.00 102.50
134.50 102.50
135.00 102.50
135.50 102.50
136.00 102.50
136.50 102.50
137.00 102.50
137.50 102.50
138.00 103.00
138.50 103.00
139.00 103.00
139.50 103.00
140.00 103.50
140.50 103.50
141.00 104.00
141.50 104.00
142.00 104.00
142.50 104.50
143.00 105.00
143.50 105.00
144.00 105.50
144.50 106.00
144.50 106.50
145.00 107.00
145.50 107.50
146.00 108.00
146.50 108.50
147.00 109.00
147.00 109.50
147.50 110.00
148.00 110.50
148.00 111.00
148.50 111.50
148.50 112.00
149.00 112.50
149.50 113.00
149.50 113.50
149.50 114.00
150.00 114.50
150.00 115.00
150.50 115.50
150.50 116.00
150.50 116.50
151.00 117.00
151.00 117.50
151.00 118.00
151.50 118.50
151.50 119.00
151.50 119.50
152.00 120.00
152.00 120.50
152.00 121.00
152.00 121.50
152.00 122.00
152.50 122.50
152.50 123.00
152.50 123.50
152.50 124.00
152.50 124.50
152.50 125.00
153.00 125.50
153.00 126.00
153.00 126.50
153.00 127.00
153.00 127.50
153.00 128.00
153.00 128.50
153.00 129.00
153.00 129.50
153.00 130.00
152.50 130.50
152.50 131.00
152.50 131.50
152.50 132.00
152.50 132.50
152.50 133.00
152.00 133.50
152.00 134.00
152.00 134.50
152.00 135.00
151.50 135.50
151.50 136.00
151.50 136.50
151.00 137.00
151.00 137.50
150.50 138.00
150.50 138.50
150.00 139.00
150.00 139.50
149.50 140.00
149.00 140.50
149.00 141.00
148.50 141.50
148.00 142.00
148.00 142.50
147.50 143.00
147.00 143.50
147.00 144.00
146.50 144.50
146.00 145.00
145.50 145.50
145.00 146.00
144.50 146.50
144.00 147.00
143.50 147.50
143.00 148.00
142.50 148.00
142.00 148.50
141.50 149.00
141.00 149.00
140.50 149.50
140.00 149.50
139.50 150.00
139.00 150.50
138.50 150.50
138.00 150.50
137.50 151.00
137.00 151.00
136.50 151.50
136.00 151.50
135.50 151.50
135.00 152.00
134.50 152.00
134.00 152.00
133.50 152.00
133.00 152.50
132.50 152.50
132.00 152.50
131.50 152.50
131.00 152.50
130.50 152.50
130.00 152.50
129.50 153.00
129.00 153.00
128.50 153.00
128.00 153.00
127.50 153.00
127.00 153.00
126.50 153.00
126.00 153.00
125.50 153.00
125.00 153.00
124.50 153.00
124.00 153.00
123.50 153.00
123.00 153.00
122.50 153.00
122.00 153.00
121.50 153.00
121.00 153.00
120.50 153.00
120.00 152.50
119.50 152.50
119.00 152.50
118.50 152.50
118.00 152.00
117.50 152.00
117.00 152.00
116.50 151.50
116.00 151.50
115.50 151.00
115.00 150.50
114.50 150.00
114.00 149.50
113.50 149.00
113.00 148.50
112.50 148.00
112.00 147.50
111.50 147.00
111.50 146.50
111.00 146.00
111.00 145.50
110.50 145.00
110.50 144.50
110.50 144.00
110.00 143.50
110.00 143.00
110.00 142.50
109.50 142.00
109.50 141.50
109.50 141.00
109.00 140.50
109.00 140.00
109.00 139.50
109.00 139.00
109.00 138.50
109.00 138.00
108.50 137.50
108.50 137.00
108.50 136.50
108.50 136.00
108.50 135.50
108.50 135.00
108.50 134.50
108.50 134.00
108.50 133.50
108.50 133.00
108.50 132.50
108.50 132.00
108.50 131.50
108.50 131.00
108.50 130.50
108.50 130.00
108.50 129.50
108.50 129.00
108.50 128.50
108.50 128.00
109.00 127.50
109.00 127.00
109.00 126.50
109.00 126.00
109.00 125.50
109.00 125.00
109.00 124.50
109.50 124.00
109.50 123.50
109.50 123.00
109.50 122.50
109.50 122.00
110.00 121.50
110.00 121.00
110.00 120.50
110.00 120.00
110.50 119.50
110.50 119.00
110.50 118.50
110.50 118.00
111.00 117.50
111.00 117.00
111.00 116.50
111.50 116.00
112.00 115.50
112.00 115.00
112.50 114.50
113.00 114.00
113.50 113.50
114.00 113.00
114.00 112.50
114.50 112.00
115.00 111.50
115.50 111.00
116.00 110.50
116.50 110.50
117.00 110.00
117.50 109.50
118.00 109.50
118.50 109.00
119.00 108.50
119.50 108.00
120.00 108.00
120.50 107.50
121.00 107.00
121.50 107.00
122.00 106.50
122.50 106.50
123.00 106.00
123.50 106.00
124.00 105.50
124.50 105.50
125.00 105.00
125.50 105.00
126.00 104.50
126.50 104.50
127.00 104.50
127.50 104.00
128.00 104.00
