139.50 144.50
139.00 144.50
138.50 145.00
138.00 145.00
137.50 145.50
137.00 145.50
136.50 145.50
136.00 146.00
135.50 146.00
135.00 146.00
134.50 146.00
134.00 146.50
133.50 146.50
133.00 146.50
132.50 146.50
132.00 147.00
131.50 147.00
131.00 147.00
130.50 147.00
130.00 147.00
129.50 147.00
129.00 147.00
128.50 147.00
128.00 147.00
127.50 147.00
127.00 147.00
126.50 147.00
126.00 147.00
125.50 147.00
125.00 147.00
124.50 147.00
124.00 147.00
123.50 147.00
123.00 147.00
122.50 147.00
122.00 147.00
121.50 147.00
121.00 146.50
120.50 146.50
120.00 146.50
119.50 146.00
119.00 146.00
118.50 146.00
118.00 145.50
117.50 145.50
117.00 145.00
116.50 144.50
116.00 144.50
115.50 144.00
115.00 143.50
114.50 143.50
114.00 143.00
113.50 142.50
113.00 142.00
113.00 141.50
112.50 141.00
112.00 140.50
112.00 140.00
111.50 139.50
111.50 139.00
111.50 138.50
111.50 138.00
111.00 137.50
111.00 137.00
111.00 136.50
111.00 136.00
111.00 135.50
111.00 135.00
111.00 134.50
110.50 134.00
110.50 133.50
110.50 133.00
111.00 132.50
111.00 132.00
111.00 131.50
111.00 131.00
111.00 130.50
111.00 130.00
111.00 129.50
111.00 129.00
111.00 128.50
111.00 128.00
111.50 127.50
111.50 127.00
111.50 126.50
111.50 126.00
111.50 125.50
111.50 125.00
112.00 124.50
112.00 124.00
112.00 123.50
112.00 123.00
112.50 122.50
112.50 122.00
112.50 121.50
113.00 121.00
113.00 120.50
113.50 120.00
113.50 119.50
113.50 119.00
114.00 118.50
114.00 118.00
114.50 117.50
115.00 117.00
115.00 116.50
115.50 116.00
116.00 115.50
116.50 115.00
116.50 114.50
117.00 114.00
117.50 113.50
118.00 113.00
118.50 112.50
119.00 112.00
119.50 111.50
120.00 111.00
120.50 110.50
121.00 110.50
121.50 110.00
122.00 109.50
122.50 109.50
123.00 109.00
123.50 108.50
124.00 108.50
124.50 108.00
125.00 108.00
125.50 108.00
126.00 107.50
126.50 107.50
127.00 107.00
127.50 107.00
128.00 107.00
128.50 107.00
129.00 106.50
129.50 106.50
130.00 106.50
130.50 106.50
131.00 106.50
131.50 106.50
132.00 106.50
132.50 106.50
133.00 106.50
133.50 106.50
134.00 106.50
134.50 106.50
135.00 107.00
135.50 107.00
136.00 107.50
136.50 107.50
137.00 107.50
137.50 108.00
138.00 108.00
138.50 108.50
139.00 109.00
139.50 109.50
140.00 109.50
140.50 110.00
140.50 110.50
141.00 111.00
141.50 111.50
142.00 112.00
142.50 112.50
143.00 113.00
143.00 113.50
143.50 114.00
144.00 114.50
144.00 115.00
144.50 115.50
145.00 116.00
145.00 116.50
145.50 117.00
145.50 117.50
146.00 118.00
146.00 118.50
146.00 119.00
146.50 119.50
146.50 120.00
146.50 120.50
147.00 121.00
147.00 121.50
147.00 122.00
147.00 122.50
146.50 123.00
146.50 123.50
146.50 124.00
146.50 124.50
146.50 125.00
146.50 125.50
146.00 126.00
146.00 126.50
146.00 127.00
146.00 127.50
146.00 128.00
145.50 128.50
145.50 129.00
145.50 129.50
145.50 130.00
145.00 130.50
145.00 131.00
145.00 131.50
145.00 132.00
145.00 132.50
144.50 133.00
144.50 133.50
144.50 134.00
144.00 134.50
144.00 135.00
144.00 135.50
143.50 136.00
143.50 136.50
143.00 137.00
143.00 137.50
143.00 138.00
142.50 138.50
142.50 139.00
142.00 139.50
142.00 140.00
141.50 140.50
141.50 141.00
141.00 141.50
141.00 142.00
141.00 142.50
140.50 143.00
140.50 143.50
140.00 144.00
139.50 144.50
