125.00 149.50
124.50 149.50
124.00 149.50
123.50 149.50
123.00 149.50
122.50 149.50
122.00 149.00
121.50 149.00
121.00 149.00
120.50 148.50
120.00 148.50
119.50 148.50
119.00 148.00
118.50 148.00
118.00 147.50
117.50 147.50
117.00 147.00
116.50 147.00
116.00 146.50
115.50 146.00
115.00 146.00
114.50 145.50
114.00 145.00
113.50 144.50
113.00 144.00
112.50 143.50
112.50 143.00
112.00 142.50
111.50 142.00
111.50 141.50
111.00 141.00
111.00 140.50
110.50 140.00
110.50 139.50
110.50 139.00
110.50 138.50
110.00 138.00
110.00 137.50
110.00 137.00
110.00 136.50
110.00 136.00
109.50 135.50
109.50 135.00
109.50 134.50
109.50 134.00
109.50 133.50
109.50 133.00
109.50 132.50
109.50 132.00
110.00 131.50
110.00 131.00
110.00 130.50
110.00 130.00
110.00 129.50
110.00 129.00
110.50 128.50
110.50 128.00
110.50 127.50
110.50 127.00
111.00 126.50
111.00 126.00
111.00 125.50
111.50 125.00
111.50 124.50
111.50 124.00
112.00 123.50
112.00 123.00
112.50 122.50
112.50 122.00
113.00 121.50
113.00 121.00
113.50 120.50
114.00 120.00
114.00 119.50
114.50 119.00
115.00 118.50
115.00 118.00
115.50 117.50
116.00 117.00
116.50 116.50
117.00 116.00
117.50 116.00
118.00 115.50
118.50 115.00
119.00 114.50
119.50 114.50
120.00 114.00
120.50 113.50
121.00 113.50
121.50 113.00
122.00 113.00
122.50 112.50
123.00 112.50
123.50 112.50
124.00 112.00
124.50 112.00
125.00 112.00
125.50 111.50
126.00 111.50
126.50 111.50
127.00 111.50
127.50 111.50
128.00 111.00
128.50 111.00
129.00 111.00
129.50 111.00
130.00 111.00
130.50 111.00
131.00 111.00
131.50 111.00
132.00 111.00
132.50 111.00
133.00 111.00
133.50 111.00
134.00 111.00
134.50 111.00
135.00 111.50
135.50 111.50
136.00 111.50
136.50 111.50
137.00 112.00
137.50 112.00
138.00 112.00
138.50 112.50
139.00 112.50
139.50 113.00
140.00 113.00
140.50 113.50
141.00 114.00
141.50 114.50
142.00 115.00
142.50 115.50
143.00 116.00
143.50 116.50
143.50 117.00
144.00 117.50
144.00 118.00
144.00 118.50
144.50 119.00
145.00 119.50
145.00 120.00
145.00 120.50
145.50 121.00
145.50 121.50
145.50 122.00
145.50 122.50
146.00 123.00
146.00 123.50
146.00 124.00
146.00 124.50
146.00 125.00
146.00 125.50
146.00 126.00
146.00 126.50
146.00 127.00
146.00 127.50
146.00 128.00
146.00 128.50
146.00 129.00
146.00 129.50
146.00 130.00
146.00 130.50
145.50 131.00
145.50 131.50
145.50 132.00
145.50 132.50
145.50 133.00
145.00 133.50
145.00 134.00
144.50 134.50
144.50 135.00
144.50 135.50
144.00 136.00
144.00 136.50
143.50 137.00
143.00 137.50
143.00 138.00
142.50 138.50
142.50 139.00
142.00 139.50
141.50 140.00
141.50 140.50
141.00 141.00
140.50 141.50
140.00 142.00
139.50 142.50
139.00 143.00
138.50 143.50
138.00 144.00
137.50 144.50
137.00 145.00
136.50 145.50
136.00 145.50
135.50 146.00
135.00 146.00
134.50 146.50
134.00 147.00
133.50 147.50
133.00 147.50
132.50 148.00
132.00 148.00
131.50 148.00
131.00 148.50
130.50 148.50
130.00 148.50
129.50 149.00
129.00 149.00
128.50 149.00
128.00 149.00
127.50 149.50
127.00 149.50
126.50 149.50
126.00 149.50
125.50 149.50
