116.00 151.00
115.50 150.50
115.00 150.00
114.50 149.50
114.00 149.00
113.50 148.50
113.00 148.00
113.00 147.50
112.50 147.00
112.50 146.50
112.00 146.00
112.00 145.50
111.50 145.00
111.50 144.50
111.50 144.00
111.00 143.50
111.00 143.00
111.00 142.50
111.00 142.00
111.00 141.50
110.50 141.00
110.50 140.50
110.50 140.00
110.50 139.50
110.50 139.00
110.50 138.50
110.50 138.00
110.50 137.50
110.50 137.00
110.50 136.50
110.50 136.00
111.00 135.50
111.00 135.00
111.00 134.50
111.00 134.00
111.00 133.50
111.50 133.00
111.50 132.50
111.50 132.00
112.00 131.50
112.00 131.00
112.00 130.50
112.50 130.00
112.50 129.50
113.00 129.00
113.00 128.50
113.50 128.00
113.50 127.50
114.00 127.00
114.00 126.50
114.50 126.00
115.00 125.50
115.00 125.00
115.50 124.50
115.50 124.00
116.00 123.50
116.50 123.00
116.50 122.50
117.00 122.00
117.50 121.50
117.50 121.00
118.00 120.50
118.50 120.00
119.00 119.50
119.00 119.00
119.50 118.50
120.00 118.00
120.50 117.50
121.00 117.00
121.50 116.50
122.00 116.00
122.50 115.50
123.00 115.00
123.50 114.50
124.00 114.00
124.50 113.50
125.00 113.00
125.50 112.50
126.00 112.00
126.50 111.50
127.00 111.00
127.50 111.00
128.00 111.00
128.50 110.50
129.00 110.00
129.50 109.50
130.00 109.50
130.50 109.00
131.00 109.00
131.50 108.50
132.00 108.50
132.50 108.50
133.00 108.00
133.50 108.00
134.00 108.00
134.50 108.00
135.00 108.00
135.50 108.00
136.00 108.00
136.50 108.00
137.00 108.00
137.50 108.50
138.00 108.50
138.50 108.50
139.00 109.00
139.50 109.50
140.00 109.50
140.50 110.00
141.00 110.50
141.50 110.50
142.00 111.00
142.50 111.50
143.00 112.00
143.50 112.50
144.00 112.50
144.50 113.00
144.50 113.50
145.00 114.00
145.50 114.50
146.00 115.00
146.50 115.50
146.50 116.00
147.00 116.50
147.50 117.00
147.50 117.50
148.00 118.00
148.00 118.50
148.00 119.00
148.50 119.50
148.50 120.00
149.00 120.50
149.00 121.00
149.00 121.50
149.00 122.00
149.50 122.50
149.50 123.00
149.50 123.50
149.50 124.00
149.50 124.50
149.50 125.00
149.50 125.50
149.50 126.00
149.50 126.50
149.50 127.00
149.50 127.50
149.50 128.00
149.50 128.50
149.50 129.00
149.00 129.50
149.00 130.00
149.00 130.50
149.00 131.00
148.50 131.50
148.50 132.00
148.50 132.50
148.00 133.00
148.00 133.50
148.00 134.00
147.50 134.50
147.50 135.00
147.50 135.50
147.00 136.00
147.00 136.50
146.50 137.00
146.00 137.50
146.00 138.00
145.50 138.50
145.50 139.00
145.00 139.50
145.00 140.00
144.50 140.50
144.00 141.00
144.00 141.50
143.50 142.00
143.00 142.50
143.00 143.00
142.50 143.50
142.00 144.00
141.50 144.50
141.50 145.00
141.00 145.50
140.50 146.00
140.00 146.50
140.00 147.00
139.50 147.50
139.00 148.00
138.50 148.00
138.00 148.50
137.50 149.00
137.00 149.50
136.50 149.50
136.00 150.00
135.50 150.50
135.00 151.00
134.50 151.50
134.00 151.50
133.50 152.00
133.00 152.00
132.50 152.00
132.00 152.50
131.50 152.50
131.00 153.00
130.50 153.00
130.00 153.00
129.50 153.00
129.00 153.50
128.50 153.50
128.00 153.50
127.50 153.50
127.00 153.50
126.50 154.00
126.00 154.00
125.50 154.00
125.00 154.00
124.50 154.00
124.00 154.00
123.50 153.50
123.00 153.50
122.50 153.50
122.00 153.50
121.50 153.50
121.00 153.50
120.50 153.00
120.00 153.00
119.50 153.00
119.00 153.00
118.50 152.50
118.00 152.00
117.50 152.00
117.00 152.00
116.50 151.50
