143.50 135.00
143.00 135.00
142.50 135.00
142.00 135.00
141.50 135.00
141.00 135.00
140.50 135.00
140.00 135.00
139.50 134.50
139.50 134.00
139.00 133.50
139.00 133.00
139.00 132.50
139.00 132.00
139.00 131.50
138.50 131.00
138.00 130.50
137.50 130.00
137.00 130.00
136.50 129.50
136.00 129.00
135.50 128.50
135.50 128.00
135.50 127.50
135.50 127.00
136.00 126.50
136.00 126.00
136.50 125.50
137.00 125.00
137.50 125.00
138.00 124.50
138.50 124.50
139.00 124.00
139.50 124.00
140.00 124.00
140.50 124.00
141.00 124.00
141.50 124.50
142.00 125.00
142.50 125.50
142.50 126.00
142.50 126.50
143.00 127.00
143.50 127.50
143.50 128.00
143.50 128.50
144.00 129.00
144.00 129.50
144.00 130.00
144.00 130.50
144.00 131.00
144.00 131.50
144.00 132.00
144.00 132.50
144.00 133.00
144.00 133.50
144.00 134.00
144.00 134.50
