129.00 141.50
129.50 142.00
130.00 142.00
130.50 142.50
131.00 143.00
131.50 143.00
132.00 143.50
131.50 144.00
131.00 144.50
130.50 144.50
130.00 144.50
129.50 145.00
129.00 145.00
128.50 145.00
128.00 145.00
127.50 145.00
127.00 145.00
126.50 144.50
126.00 144.50
125.50 144.00
125.00 143.50
124.50 143.00
124.50 142.50
124.50 142.00
124.00 141.50
124.00 141.00
124.00 140.50
124.00 140.00
124.00 139.50
124.50 139.00
124.50 138.50
125.00 138.00
125.50 137.50
126.00 137.50
126.50 137.00
127.00 137.00
127.50 137.00
128.00 137.00
128.50 137.50
128.50 138.00
128.50 138.50
128.50 139.00
128.50 139.50
128.50 140.00
128.50 140.50
128.50 141.00
