128.00 146.50
127.50 146.50
127.00 146.00
126.50 146.00
126.00 145.50
125.50 145.00
125.00 144.50
124.50 144.00
124.00 143.50
123.50 143.00
123.00 142.50
123.00 142.00
122.50 141.50
122.00 141.00
122.00 140.50
121.50 140.00
121.00 139.50
121.00 139.00
121.00 138.50
120.50 138.00
120.50 137.50
120.50 137.00
120.00 136.50
120.00 136.00
120.00 135.50
120.00 135.00
120.00 134.50
119.50 134.00
119.50 133.50
119.50 133.00
119.50 132.50
119.50 132.00
119.50 131.50
119.50 131.00
119.50 130.50
119.50 130.00
119.50 129.50
119.50 129.00
119.50 128.50
119.50 128.00
119.50 127.50
119.50 127.00
120.00 126.50
120.00 126.00
120.00 125.50
120.00 125.00
120.00 124.50
120.00 124.00
120.50 123.50
120.50 123.00
120.50 122.50
121.00 122.00
121.00 121.50
121.00 121.00
121.50 120.50
121.50 120.00
121.50 119.50
122.00 119.00
122.50 118.50
122.50 118.00
123.00 117.50
123.50 117.00
123.50 116.50
124.00 116.00
124.50 115.50
125.00 115.00
125.50 114.50
125.50 114.00
126.00 113.50
126.50 113.00
127.00 112.50
127.50 112.50
128.00 112.00
128.50 111.50
129.00 111.50
129.50 111.00
130.00 110.50
130.50 110.50
131.00 110.00
131.50 110.00
132.00 110.00
132.50 109.50
133.00 109.50
133.50 109.50
134.00 109.00
134.50 109.00
135.00 109.00
135.50 109.00
136.00 108.50
136.50 108.50
137.00 108.50
137.50 108.50
138.00 108.50
138.50 108.50
139.00 108.50
139.50 108.50
140.00 108.50
140.50 108.50
141.00 108.50
141.50 108.50
142.00 108.50
142.50 109.00
143.00 109.00
143.50 109.00
144.00 109.00
144.50 109.50
145.00 109.50
145.50 110.00
146.00 110.00
146.50 110.50
147.00 110.50
147.50 111.00
148.00 111.00
148.50 111.50
149.00 112.00
149.50 112.50
150.00 113.00
150.50 113.50
151.00 114.00
151.50 114.50
152.00 115.00
152.50 115.50
152.50 116.00
153.00 116.50
153.50 117.00
153.50 117.50
154.00 118.00
154.00 118.50
154.50 119.00
154.50 119.50
155.00 120.00
155.00 120.50
155.50 121.00
155.50 121.50
155.50 122.00
156.00 122.50
156.00 123.00
156.00 123.50
156.00 124.00
156.50 124.50
156.50 125.00
156.50 125.50
156.50 126.00
156.50 126.50
156.50 127.00
156.50 127.50
156.50 128.00
156.50 128.50
156.50 129.00
156.50 129.50
156.50 130.00
156.00 130.50
156.00 131.00
156.00 131.50
156.00 132.00
155.50 132.50
155.50 133.00
155.50 133.50
155.00 134.00
155.00 134.50
154.50 135.00
154.50 135.50
154.00 136.00
154.00 136.50
153.50 137.00
153.50 137.50
153.00 138.00
152.50 138.50
152.00 139.00
152.00 139.50
151.50 140.00
151.00 140.50
150.50 141.00
150.00 141.50
149.50 142.00
149.00 142.50
148.50 143.00
148.00 143.00
147.50 143.50
147.00 144.00
146.50 144.50
146.00 144.50
145.50 144.50
145.00 145.00
144.50 145.50
144.00 145.50
143.50 145.50
143.00 146.00
142.50 146.00
142.00 146.50
141.50 146.50
141.00 146.50
140.50 147.00
140.00 147.00
139.50 147.00
139.00 147.50
138.50 147.50
138.00 147.50
137.50 147.50
137.00 147.50
136.50 148.00
136.00 148.00
135.50 148.00
135.00 148.00
134.50 148.00
134.00 148.00
133.50 148.00
133.00 148.00
132.50 148.00
132.00 148.00
131.50 148.00
131.00 148.00
130.50 147.50
130.00 147.50
129.50 147.50
129.00 147.50
128.50 147.00
