146.50 123.00
146.50 123.50
146.00 124.00
146.00 124.50
146.00 125.00
146.00 125.50
146.50 126.00
146.50 126.50
147.00 127.00
147.50 127.50
147.50 128.00
148.00 128.50
148.50 129.00
148.50 129.50
149.00 130.00
149.00 130.50
149.00 131.00
149.00 131.50
149.00 132.00
148.50 132.50
148.50 133.00
148.00 133.50
147.50 134.00
147.00 134.00
146.50 134.00
146.00 133.50
145.50 133.00
145.00 132.50
145.00 132.00
144.50 131.50
144.50 131.00
144.00 130.50
144.00 130.00
144.00 129.50
144.00 129.00
144.00 128.50
144.00 128.00
144.00 127.50
144.00 127.00
144.00 126.50
144.00 126.00
144.00 125.50
144.00 125.00
144.00 124.50
144.00 124.00
144.00 123.50
144.00 123.00
144.00 122.50
143.50 122.00
143.50 121.50
143.00 121.00
142.50 120.50
142.00 120.50
141.50 120.00
141.50 119.50
141.50 119.00
141.50 118.50
142.00 118.00
142.50 117.50
143.00 117.50
143.50 117.00
144.00 117.00
144.50 117.00
145.00 117.00
145.50 117.00
146.00 117.50
146.50 117.50
147.00 118.00
147.00 118.50
147.50 119.00
147.50 119.50
147.50 120.00
147.50 120.50
147.50 121.00
147.00 121.50
146.50 122.00
146.00 122.50
