139.50 149.00
139.00 149.00
138.50 149.50
138.00 149.50
137.50 149.50
137.00 149.50
136.50 149.50
136.00 149.50
135.50 149.50
135.00 149.50
134.50 149.50
134.00 149.50
133.50 149.00
133.00 149.00
132.50 149.00
132.00 149.00
131.50 149.00
131.00 149.00
130.50 148.50
130.00 148.50
129.50 148.50
129.00 148.50
128.50 148.00
128.00 148.00
127.50 147.50
127.00 147.50
126.50 147.50
126.00 147.00
125.50 147.00
125.00 146.50
124.50 146.00
124.00 146.00
123.50 145.50
123.00 145.00
122.50 145.00
122.00 144.50
121.50 144.00
121.00 143.50
120.50 143.00
120.00 142.50
119.50 142.00
119.00 141.50
118.50 141.00
118.50 140.50
118.00 140.00
117.50 139.50
117.50 139.00
117.00 138.50
117.00 138.00
116.50 137.50
116.50 137.00
116.00 136.50
116.00 136.00
115.50 135.50
115.50 135.00
115.00 134.50
115.00 134.00
114.50 133.50
114.50 133.00
114.50 132.50
114.00 132.00
114.00 131.50
114.00 131.00
114.00 130.50
114.00 130.00
113.50 129.50
113.50 129.00
113.50 128.50
113.50 128.00
113.50 127.50
113.50 127.00
113.50 126.50
113.50 126.00
113.50 125.50
113.50 125.00
113.50 124.50
113.50 124.00
113.50 123.50
113.50 123.00
113.50 122.50
113.50 122.00
113.50 121.50
113.50 121.00
113.50 120.50
114.00 120.00
114.00 119.50
114.00 119.00
114.00 118.50
114.00 118.00
114.00 117.50
114.50 117.00
114.50 116.50
114.50 116.00
115.00 115.50
115.00 115.00
115.00 114.50
115.50 114.00
115.50 113.50
115.50 113.00
116.00 112.50
116.00 112.00
116.50 111.50
116.50 111.00
116.50 110.50
117.00 110.00
117.50 109.50
117.50 109.00
118.00 108.50
118.00 108.00
118.50 107.50
118.50 107.00
119.00 106.50
119.50 106.00
120.00 105.50
120.50 105.00
121.00 104.50
121.50 104.00
122.00 103.50
122.50 103.00
123.00 103.00
123.50 102.50
124.00 102.00
124.50 102.00
125.00 102.00
125.50 101.50
126.00 101.50
126.50 101.50
127.00 101.00
127.50 101.00
128.00 101.00
128.50 101.00
129.00 101.00
129.50 101.00
130.00 100.50
130.50 100.50
131.00 100.50
131.50 100.50
132.00 100.50
132.50 100.50
133.00 101.00
133.50 101.00
134.00 101.00
134.50 101.00
135.00 101.00
135.50 101.00
136.00 101.00
136.50 101.50
137.00 101.50
137.50 101.50
138.00 102.00
138.50 102.00
139.00 102.00
139.50 102.00
140.00 102.50
140.50 102.50
141.00 103.00
141.50 103.00
142.00 103.50
142.50 103.50
143.00 103.50
143.50 104.00
144.00 104.50
144.50 104.50
145.00 105.00
145.50 105.00
146.00 105.50
146.50 106.00
147.00 106.50
147.50 106.50
148.00 107.00
148.50 107.50
149.00 107.50
149.50 108.00
150.00 108.50
150.50 109.00
151.00 109.50
151.50 110.00
152.00 110.50
152.50 111.00
153.00 111.50
153.50 112.00
154.00 112.50
154.50 113.00
155.00 113.50
155.50 114.00
156.00 114.50
156.50 115.00
156.50 115.50
157.00 116.00
157.50 116.50
158.00 117.00
158.00 117.50
158.50 118.00
158.50 118.50
159.00 119.00
159.00 119.50
159.50 120.00
159.50 120.50
159.50 121.00
160.00 121.50
160.00 122.00
160.00 122.50
160.00 123.00
160.00 123.50
160.00 124.00
160.00 124.50
160.00 125.00
160.00 125.50
160.00 126.00
160.00 126.50
160.00 127.00
160.00 127.50
160.00 128.00
160.00 128.50
160.00 129.00
159.50 129.50
159.50 130.00
159.50 130.50
159.00 131.00
159.00 131.50
159.00 132.00
158.50 132.50
158.50 133.00
158.50 133.50
158.00 134.00
157.50 134.50
157.50 135.00
157.50 135.50
157.00 136.00
156.50 136.50
156.50 137.00
156.00 137.50
155.50 138.00
155.00 138.50
154.50 139.00
154.50 139.50
154.00 140.00
154.00 140.50
153.50 141.00
153.00 141.00
152.50 141.50
152.00 142.00
151.50 142.50
151.00 143.00
150.50 143.50
150.00 144.00
149.50 144.50
149.00 144.50
148.50 145.00
148.00 145.50
147.50 146.00
147.00 146.00
146.50 146.50
146.00 146.50
145.50 147.00
145.00 147.50
144.50 147.50
144.00 147.50
143.50 148.00
143.00 148.00
142.50 148.50
142.00 148.50
141.50 148.50
141.00 148.50
140.50 149.00
140.00 149.00
