123.50 116.50
124.00 116.50
124.50 116.50
125.00 116.50
125.50 116.50
126.00 116.50
126.50 117.00
127.00 117.00
127.50 117.00
128.00 117.00
128.50 117.00
129.00 117.00
129.50 117.50
130.00 117.50
130.50 118.00
131.00 118.00
131.50 118.50
132.00 119.00
132.50 119.50
133.00 120.00
133.50 120.50
133.50 121.00
134.00 121.50
134.00 122.00
134.50 122.50
134.50 123.00
135.00 123.50
135.00 124.00
135.00 124.50
135.00 125.00
135.00 125.50
135.00 126.00
135.50 126.50
135.50 127.00
135.50 127.50
135.50 128.00
135.00 128.50
135.00 129.00
135.00 129.50
135.00 130.00
135.00 130.50
134.50 131.00
134.50 131.50
134.00 132.00
134.00 132.50
134.00 133.00
133.50 133.50
133.00 134.00
132.50 134.50
132.00 135.00
131.50 135.50
131.00 136.00
130.50 136.00
130.00 136.50
129.50 137.00
129.00 137.00
128.50 137.50
128.00 137.50
127.50 137.50
127.00 138.00
126.50 138.00
126.00 138.00
125.50 138.00
125.00 138.00
124.50 138.00
124.00 138.00
123.50 138.00
123.00 138.00
122.50 138.00
122.00 138.00
121.50 138.00
121.00 137.50
120.50 137.50
120.00 137.50
119.50 137.00
119.00 136.50
118.50 136.50
118.00 136.00
117.50 135.50
117.00 135.00
116.50 134.50
116.00 134.00
116.00 133.50
115.50 133.00
115.00 132.50
115.00 132.00
114.50 131.50
114.00 131.00
114.00 130.50
114.00 130.00
113.50 129.50
113.50 129.00
113.50 128.50
113.50 128.00
113.00 127.50
113.00 127.00
113.00 126.50
113.00 126.00
113.00 125.50
113.00 125.00
113.00 124.50
113.00 124.00
113.50 123.50
113.50 123.00
113.50 122.50
113.50 122.00
114.00 121.50
114.00 121.00
114.50 120.50
114.50 120.00
115.00 119.50
115.00 119.00
115.50 118.50
116.00 118.00
116.50 117.50
117.00 117.50
117.50 117.00
118.00 116.50
118.50 116.50
119.00 116.50
119.50 116.50
120.00 116.50
120.50 116.50
121.00 116.50
121.50 116.50
122.00 116.50
122.50 116.50
123.00 116.50
