132.00 153.00
131.50 153.00
131.00 153.00
130.50 153.00
130.00 153.00
129.50 153.00
129.00 153.00
128.50 153.00
128.00 153.00
127.50 153.00
127.00 153.00
126.50 153.00
126.00 153.00
125.50 153.00
125.00 153.00
124.50 153.00
124.00 153.00
123.50 153.00
123.00 152.50
122.50 152.50
122.00 152.50
121.50 152.50
121.00 152.00
120.50 152.00
120.00 151.50
119.50 151.50
119.00 151.50
118.50 151.00
118.00 150.50
117.50 150.00
117.00 149.50
116.50 149.00
116.00 148.50
115.50 148.00
115.00 147.50
114.50 147.00
114.50 146.50
114.00 146.00
113.50 145.50
113.50 145.00
113.50 144.50
113.00 144.00
113.00 143.50
113.00 143.00
112.50 142.50
112.50 142.00
112.00 141.50
112.00 141.00
112.00 140.50
111.50 140.00
111.50 139.50
111.50 139.00
111.50 138.50
111.50 138.00
111.00 137.50
111.00 137.00
111.00 136.50
111.00 136.00
111.00 135.50
110.50 135.00
110.50 134.50
110.50 134.00
110.50 133.50
110.50 133.00
110.50 132.50
110.50 132.00
110.50 131.50
110.50 131.00
110.50 130.50
110.50 130.00
110.50 129.50
110.50 129.00
110.50 128.50
110.50 128.00
111.00 127.50
111.00 127.00
111.00 126.50
111.00 126.00
111.00 125.50
111.00 125.00
111.50 124.50
111.50 124.00
111.50 123.50
111.50 123.00
112.00 122.50
112.00 122.00
112.00 121.50
112.50 121.00
112.50 120.50
112.50 120.00
113.00 119.50
113.00 119.00
113.50 118.50
113.50 118.00
114.00 117.50
114.00 117.00
114.50 116.50
114.50 116.00
115.00 115.50
115.50 115.00
115.50 114.50
116.00 114.00
116.50 113.50
117.00 113.00
117.50 112.50
118.00 112.00
118.50 111.50
119.00 111.00
119.50 111.00
120.00 110.50
120.50 110.00
121.00 110.00
121.50 109.50
122.00 109.00
122.50 109.00
123.00 108.50
123.50 108.50
124.00 108.00
124.50 108.00
125.00 108.00
125.50 107.50
126.00 107.50
126.50 107.00
127.00 107.00
127.50 107.00
128.00 107.00
128.50 106.50
129.00 106.50
129.50 106.50
130.00 106.50
130.50 106.50
131.00 106.50
131.50 106.50
132.00 106.50
132.50 106.50
133.00 106.50
133.50 106.50
134.00 106.50
134.50 106.50
135.00 106.50
135.50 106.50
136.00 106.50
136.50 106.50
137.00 106.50
137.50 106.50
138.00 107.00
138.50 107.00
139.00 107.00
139.50 107.00
140.00 107.50
140.50 107.50
141.00 107.50
141.50 108.00
142.00 108.00
142.50 108.50
143.00 108.50
143.50 109.00
144.00 109.00
144.50 109.50
145.00 109.50
145.50 110.00
146.00 110.50
146.50 110.50
147.00 111.00
147.50 111.50
148.00 112.00
148.50 112.50
149.00 113.00
149.50 113.50
150.00 114.00
150.50 114.50
151.00 115.00
151.00 115.50
151.50 116.00
152.00 116.50
152.50 117.00
152.50 117.50
153.00 118.00
153.00 118.50
153.00 119.00
153.50 119.50
153.50 120.00
154.00 120.50
154.00 121.00
154.50 121.50
154.50 122.00
154.50 122.50
154.50 123.00
155.00 123.50
155.00 124.00
155.00 124.50
155.00 125.00
155.00 125.50
155.00 126.00
155.00 126.50
155.00 127.00
155.00 127.50
155.00 128.00
155.00 128.50
155.00 129.00
155.00 129.50
155.00 130.00
155.00 130.50
155.00 131.00
155.00 131.50
155.00 132.00
154.50 132.50
154.50 133.00
154.50 133.50
154.50 134.00
154.00 134.50
154.00 135.00
154.00 135.50
153.50 136.00
153.50 136.50
153.00 137.00
153.00 137.50
153.00 138.00
152.50 138.50
152.50 139.00
152.50 139.50
152.00 140.00
152.00 140.50
151.50 141.00
151.50 141.50
151.00 142.00
151.00 142.50
150.50 143.00
150.50 143.50
150.00 144.00
149.50 144.50
149.50 145.00
149.00 145.50
148.50 146.00
148.00 146.50
147.50 147.00
147.50 147.50
147.00 148.00
146.50 148.50
146.00 148.50
145.50 149.00
145.00 149.50
144.50 150.00
144.00 150.50
143.50 150.50
143.00 151.00
142.50 151.00
142.00 151.00
141.50 151.50
141.00 151.50
140.50 152.00
140.00 152.00
139.50 152.00
139.00 152.00
138.50 152.00
138.00 152.50
137.50 152.50
137.00 152.50
136.50 152.50
136.00 152.50
135.50 152.50
135.00 153.00
134.50 153.00
134.00 153.00
133.50 153.00
133.00 153.00
132.50 153.00
