134.00 146.00
133.50 146.50
133.00 146.50
132.50 146.50
132.00 147.00
131.50 147.00
131.00 147.00
130.50 147.50
130.00 147.50
129.50 147.50
129.00 147.50
128.50 147.50
128.00 148.00
127.50 148.00
127.00 148.00
126.50 148.00
126.00 148.00
125.50 148.00
125.00 148.50
124.50 148.50
124.00 148.50
123.50 148.50
123.00 148.50
122.50 148.50
122.00 148.50
121.50 148.50
121.00 148.50
120.50 148.00
120.00 148.00
119.50 148.00
119.00 148.00
118.50 148.00
118.00 148.00
117.50 147.50
117.00 147.50
116.50 147.00
116.00 147.00
115.50 146.50
115.00 146.50
114.50 146.00
114.00 145.50
113.50 145.00
113.00 144.50
112.50 144.00
112.00 143.50
112.00 143.00
111.50 142.50
111.50 142.00
111.00 141.50
111.00 141.00
110.50 140.50
110.50 140.00
110.00 139.50
110.00 139.00
110.00 138.50
109.50 138.00
109.50 137.50
109.50 137.00
109.00 136.50
109.00 136.00
109.00 135.50
109.00 135.00
109.00 134.50
109.00 134.00
109.00 133.50
108.50 133.00
108.50 132.50
108.50 132.00
108.50 131.50
108.50 131.00
108.50 130.50
108.50 130.00
108.50 129.50
108.50 129.00
108.50 128.50
108.50 128.00
108.50 127.50
108.50 127.00
108.50 126.50
108.50 126.00
108.50 125.50
108.50 125.00
108.50 124.50
108.50 124.00
108.50 123.50
109.00 123.00
109.00 122.50
109.00 122.00
109.00 121.50
109.00 121.00
109.50 120.50
109.50 120.00
110.00 119.50
110.00 119.00
110.00 118.50
110.50 118.00
111.00 117.50
111.00 117.00
111.50 116.50
111.50 116.00
112.00 115.50
112.50 115.00
113.00 114.50
113.50 114.00
114.00 113.50
114.50 113.00
115.00 112.50
115.50 112.00
116.00 111.50
116.50 111.00
117.00 111.00
117.50 110.50
118.00 110.00
118.50 110.00
119.00 110.00
119.50 109.50
120.00 109.50
120.50 109.00
121.00 109.00
121.50 109.00
122.00 108.50
122.50 108.50
123.00 108.50
123.50 108.00
124.00 108.00
124.50 108.00
125.00 108.00
125.50 108.00
126.00 108.00
126.50 108.00
127.00 108.00
127.50 108.00
128.00 108.00
128.50 108.00
129.00 108.00
129.50 108.00
130.00 108.00
130.50 108.00
131.00 108.50
131.50 108.50
132.00 108.50
132.50 108.50
133.00 108.50
133.50 109.00
134.00 109.00
134.50 109.50
135.00 109.50
135.50 109.50
136.00 110.00
136.50 110.00
137.00 110.50
137.50 111.00
138.00 111.00
138.50 111.50
139.00 112.00
139.50 112.00
140.00 112.50
140.50 113.00
141.00 113.50
141.50 114.00
142.00 114.50
142.50 115.00
143.00 115.50
143.00 116.00
143.50 116.50
143.50 117.00
144.00 117.50
144.00 118.00
144.50 118.50
144.50 119.00
145.00 119.50
145.00 120.00
145.00 120.50
145.50 121.00
145.50 121.50
145.50 122.00
146.00 122.50
146.00 123.00
146.00 123.50
146.00 124.00
146.00 124.50
146.50 125.00
146.50 125.50
146.50 126.00
146.50 126.50
146.50 127.00
146.50 127.50
146.50 128.00
146.50 128.50
146.50 129.00
146.50 129.50
146.50 130.00
146.50 130.50
146.50 131.00
146.50 131.50
146.50 132.00
146.00 132.50
146.00 133.00
146.00 133.50
146.00 134.00
145.50 134.50
145.50 135.00
145.50 135.50
145.50 136.00
145.00 136.50
145.00 137.00
144.50 137.50
144.50 138.00
144.50 138.50
144.00 139.00
143.50 139.50
143.50 140.00
143.00 140.50
142.50 141.00
142.00 141.50
141.50 142.00
141.00 142.50
140.50 143.00
140.00 143.50
139.50 143.50
139.00 144.00
138.50 144.00
138.00 144.50
137.50 145.00
137.00 145.00
136.50 145.00
136.00 145.50
135.50 145.50
135.00 146.00
134.50 146.00
