126.00 119.00
126.50 118.50
127.00 118.00
127.50 117.50
128.00 117.00
128.50 116.50
129.00 116.00
129.50 115.50
130.00 115.00
130.50 114.50
131.00 114.50
131.50 114.50
132.00 114.00
132.50 114.00
133.00 114.00
133.50 113.50
134.00 113.50
134.50 113.50
135.00 113.50
135.50 113.50
136.00 113.00
136.50 113.00
137.00 113.00
137.50 113.00
138.00 113.00
138.50 113.00
139.00 113.00
139.50 113.00
140.00 113.00
140.50 113.00
141.00 113.00
141.50 113.00
142.00 113.00
142.50 113.00
143.00 113.00
143.50 113.00
144.00 113.00
144.50 113.00
145.00 113.50
145.50 113.50
146.00 114.00
146.50 114.00
147.00 114.00
147.50 114.50
148.00 114.50
148.50 115.00
149.00 115.00
149.50 115.50
150.00 116.00
150.50 116.50
151.00 117.00
151.50 117.50
152.00 117.50
152.50 118.00
152.50 118.50
153.00 119.00
153.50 119.50
154.00 120.00
154.00 120.50
154.50 121.00
154.50 121.50
155.00 122.00
155.00 122.50
155.00 123.00
155.50 123.50
155.50 124.00
155.50 124.50
155.50 125.00
155.50 125.50
155.50 126.00
155.50 126.50
155.50 127.00
155.50 127.50
155.50 128.00
155.50 128.50
155.50 129.00
155.00 129.50
155.00 130.00
155.00 130.50
155.00 131.00
154.50 131.50
154.50 132.00
154.00 132.50
154.00 133.00
154.00 133.50
153.50 134.00
153.50 134.50
153.00 135.00
152.50 135.50
152.50 136.00
152.00 136.50
151.50 137.00
151.50 137.50
151.00 138.00
150.50 138.50
150.00 139.00
150.00 139.50
149.50 140.00
149.00 140.50
148.50 141.00
148.00 141.50
147.50 142.00
147.00 142.50
146.50 142.50
146.00 143.00
145.50 143.50
145.00 143.50
144.50 143.50
144.00 144.00
143.50 144.50
143.00 144.50
142.50 144.50
142.00 144.50
141.50 145.00
141.00 145.00
140.50 145.00
140.00 145.00
139.50 145.50
139.00 145.50
138.50 145.50
138.00 145.50
137.50 145.50
137.00 145.50
136.50 145.50
136.00 145.50
135.50 145.50
135.00 145.50
134.50 145.50
134.00 145.50
133.50 145.50
133.00 145.00
132.50 145.00
132.00 145.00
131.50 145.00
131.00 144.50
130.50 144.50
130.00 144.50
129.50 144.00
129.00 144.00
128.50 143.50
128.00 143.00
127.50 143.00
127.00 142.50
126.50 142.00
126.00 141.50
125.50 141.00
125.00 140.50
125.00 140.00
124.50 139.50
124.50 139.00
124.00 138.50
124.00 138.00
124.00 137.50
123.50 137.00
123.50 136.50
123.50 136.00
123.00 135.50
123.00 135.00
123.00 134.50
123.00 134.00
123.00 133.50
123.00 133.00
123.00 132.50
123.00 132.00
123.00 131.50
123.00 131.00
123.00 130.50
123.00 130.00
123.00 129.50
123.00 129.00
123.00 128.50
123.00 128.00
123.00 127.50
123.00 127.00
123.00 126.50
123.50 126.00
123.50 125.50
123.50 125.00
123.50 124.50
124.00 124.00
124.00 123.50
124.00 123.00
124.50 122.50
124.50 122.00
125.00 121.50
125.00 121.00
125.00 120.50
125.50 120.00
125.50 119.50
