151.00 110.00
151.50 110.00
152.00 110.50
152.50 111.00
153.00 111.50
153.50 111.50
154.00 112.00
154.00 112.50
154.50 113.00
155.00 113.50
155.50 114.00
156.00 114.50
156.00 115.00
156.50 115.50
157.00 116.00
157.00 116.50
157.00 117.00
157.50 117.50
157.50 118.00
158.00 118.50
158.00 119.00
158.50 119.50
158.50 120.00
158.50 120.50
159.00 121.00
159.00 121.50
159.00 122.00
159.50 122.50
159.50 123.00
159.50 123.50
159.50 124.00
160.00 124.50
160.00 125.00
160.00 125.50
160.00 126.00
160.00 126.50
160.00 127.00
160.00 127.50
160.00 128.00
160.00 128.50
160.00 129.00
160.00 129.50
159.50 130.00
159.50 130.50
159.50 131.00
159.50 131.50
159.50 132.00
159.00 132.50
159.00 133.00
158.50 133.50
158.50 134.00
158.50 134.50
158.00 135.00
158.00 135.50
158.00 136.00
157.50 136.50
157.50 137.00
157.00 137.50
157.00 138.00
157.00 138.50
156.50 139.00
156.00 139.50
156.00 140.00
155.50 140.50
155.00 141.00
155.00 141.50
154.50 142.00
154.00 142.50
153.50 143.00
153.50 143.50
153.00 144.00
152.50 144.50
152.00 145.00
151.50 145.50
151.00 146.00
150.50 146.50
150.00 146.50
149.50 147.00
149.00 147.50
148.50 148.00
148.00 148.50
147.50 148.50
147.00 149.00
146.50 149.50
146.00 149.50
145.50 150.00
145.00 150.50
144.50 150.50
144.00 150.50
143.50 151.00
143.00 151.00
142.50 151.50
142.00 151.50
141.50 151.50
141.00 152.00
140.50 152.00
140.00 152.00
139.50 152.50
139.00 152.50
138.50 152.50
138.00 152.50
137.50 152.50
137.00 152.50
136.50 152.50
136.00 152.50
135.50 153.00
135.00 153.00
134.50 153.00
134.00 153.00
133.50 153.00
133.00 152.50
132.50 152.50
132.00 152.50
131.50 152.50
131.00 152.50
130.50 152.50
130.00 152.50
129.50 152.00
129.00 152.00
128.50 152.00
128.00 151.50
127.50 151.50
127.00 151.50
126.50 151.00
126.00 151.00
125.50 150.50
125.00 150.00
124.50 150.00
124.00 149.50
123.50 149.50
123.00 149.00
122.50 148.50
122.00 148.00
121.50 147.50
121.00 147.00
120.50 146.50
120.00 146.00
119.50 145.50
119.00 145.00
118.50 144.50
118.50 144.00
118.00 143.50
118.00 143.00
117.50 142.50
117.00 142.00
117.00 141.50
116.50 141.00
116.50 140.50
116.50 140.00
116.00 139.50
116.00 139.00
116.00 138.50
115.50 138.00
115.50 137.50
115.50 137.00
115.50 136.50
115.00 136.00
115.00 135.50
115.00 135.00
115.00 134.50
115.00 134.00
115.00 133.50
115.00 133.00
115.00 132.50
115.00 132.00
115.00 131.50
115.00 131.00
115.00 130.50
115.00 130.00
115.00 129.50
115.00 129.00
115.00 128.50
115.00 128.00
115.00 127.50
115.00 127.00
115.00 126.50
115.00 126.00
115.50 125.50
115.50 125.00
115.50 124.50
115.50 124.00
115.50 123.50
115.50 123.00
116.00 122.50
116.00 122.00
116.00 121.50
116.00 121.00
116.00 120.50
116.50 120.00
116.50 119.50
116.50 119.00
117.00 118.50
117.00 118.00
117.00 117.50
117.50 117.00
117.50 116.50
117.50 116.00
118.00 115.50
118.00 115.00
118.50 114.50
118.50 114.00
119.00 113.50
119.50 113.00
119.50 112.50
120.00 112.00
120.50 111.50
121.00 111.00
121.50 110.50
122.00 110.00
122.50 109.50
123.00 109.50
123.50 109.00
124.00 108.50
124.50 108.00
125.00 108.00
125.50 107.50
126.00 107.50
126.50 107.00
127.00 107.00
127.50 106.50
128.00 106.50
128.50 106.50
129.00 106.00
129.50 106.00
130.00 106.00
130.50 105.50
131.00 105.50
131.50 105.50
132.00 105.50
132.50 105.00
133.00 105.00
133.50 105.00
134.00 105.00
134.50 104.50
135.00 104.50
135.50 104.50
136.00 104.50
136.50 104.50
137.00 104.00
137.50 104.00
138.00 104.00
138.50 104.00
139.00 104.00
139.50 104.00
140.00 104.00
140.50 104.00
141.00 104.00
141.50 104.00
142.00 104.50
142.50 104.50
143.00 104.50
143.50 104.50
144.00 105.00
144.50 105.00
145.00 105.00
145.50 105.50
146.00 106.00
146.50 106.00
147.00 106.50
147.50 107.00
148.00 107.00
148.50 107.50
149.00 108.00
149.50 108.50
150.00 109.00
150.50 109.50
