142.00 146.50
141.50 147.00
141.00 147.00
140.50 147.00
140.00 147.50
139.50 147.50
139.00 147.50
138.50 147.50
138.00 148.00
137.50 148.00
137.00 148.00
136.50 148.00
136.00 148.00
135.50 148.00
135.00 148.00
134.50 148.00
134.00 148.00
133.50 148.00
133.00 148.00
132.50 148.00
132.00 148.00
131.50 148.00
131.00 148.00
130.50 148.00
130.00 148.00
129.50 148.00
129.00 148.00
128.50 148.00
128.00 147.50
127.50 147.50
127.00 147.50
126.50 147.00
126.00 147.00
125.50 147.00
125.00 146.50
124.50 146.50
124.00 146.50
123.50 146.00
123.00 146.00
122.50 145.50
122.00 145.50
121.50 145.00
121.00 144.50
120.50 144.00
120.00 144.00
119.50 143.50
119.00 143.00
118.50 142.50
118.00 142.00
117.50 141.50
117.00 141.00
117.00 140.50
116.50 140.00
116.00 139.50
115.50 139.00
115.50 138.50
115.00 138.00
114.50 137.50
114.00 137.00
114.00 136.50
114.00 136.00
113.50 135.50
113.50 135.00
113.00 134.50
113.00 134.00
113.00 133.50
112.50 133.00
112.50 132.50
112.50 132.00
112.00 131.50
112.00 131.00
112.00 130.50
112.00 130.00
112.00 129.50
112.00 129.00
112.00 128.50
111.50 128.00
111.50 127.50
111.50 127.00
111.50 126.50
111.50 126.00
111.50 125.50
111.50 125.00
111.50 124.50
111.50 124.00
112.00 123.50
112.00 123.00
112.00 122.50
112.00 122.00
112.00 121.50
112.00 121.00
112.00 120.50
112.50 120.00
112.50 119.50
112.50 119.00
112.50 118.50
112.50 118.00
113.00 117.50
113.00 117.00
113.00 116.50
113.50 116.00
113.50 115.50
113.50 115.00
114.00 114.50
114.00 114.00
114.50 113.50
114.50 113.00
115.00 112.50
115.00 112.00
115.50 111.50
115.50 111.00
116.00 110.50
116.50 110.00
117.00 109.50
117.50 109.00
118.00 108.50
118.50 108.00
119.00 107.50
119.50 107.50
120.00 107.00
120.50 107.00
121.00 106.50
121.50 106.50
122.00 106.00
122.50 106.00
123.00 106.00
123.50 105.50
124.00 105.50
124.50 105.50
125.00 105.50
125.50 105.00
126.00 105.00
126.50 105.00
127.00 105.00
127.50 105.00
128.00 105.00
128.50 105.00
129.00 105.00
129.50 105.00
130.00 105.00
130.50 105.00
131.00 105.00
131.50 105.00
132.00 105.00
132.50 105.00
133.00 105.00
133.50 105.00
134.00 105.00
134.50 105.00
135.00 105.50
135.50 105.50
136.00 105.50
136.50 105.50
137.00 106.00
137.50 106.00
138.00 106.00
138.50 106.00
139.00 106.50
139.50 106.50
140.00 106.50
140.50 107.00
141.00 107.00
141.50 107.50
142.00 107.50
142.50 108.00
143.00 108.00
143.50 108.50
144.00 109.00
144.50 109.00
145.00 109.50
145.50 109.50
146.00 110.00
146.50 110.50
147.00 111.00
147.50 111.50
148.00 112.00
148.50 112.50
149.00 112.50
149.50 113.00
150.00 113.50
150.00 114.00
150.50 114.50
151.00 115.00
151.50 115.50
152.00 116.00
152.50 116.50
152.50 117.00
153.00 117.50
153.00 118.00
153.50 118.50
153.50 119.00
154.00 119.50
154.00 120.00
154.00 120.50
154.50 121.00
154.50 121.50
155.00 122.00
155.00 122.50
155.00 123.00
155.00 123.50
155.00 124.00
155.50 124.50
155.50 125.00
155.50 125.50
155.50 126.00
155.50 126.50
155.50 127.00
155.50 127.50
155.50 128.00
155.50 128.50
155.50 129.00
155.50 129.50
155.50 130.00
155.50 130.50
155.50 131.00
155.00 131.50
155.00 132.00
155.00 132.50
155.00 133.00
154.50 133.50
154.50 134.00
154.50 134.50
154.50 135.00
154.00 135.50
154.00 136.00
153.50 136.50
153.50 137.00
153.00 137.50
153.00 138.00
152.50 138.50
152.50 139.00
152.00 139.50
151.50 140.00
151.00 140.50
150.50 141.00
150.00 141.50
149.50 142.00
149.00 142.50
148.50 143.00
148.00 143.50
147.50 144.00
147.00 144.00
146.50 144.50
146.00 145.00
145.50 145.00
145.00 145.50
144.50 145.50
144.00 146.00
143.50 146.00
143.00 146.00
142.50 146.50
