141.50 124.50
141.00 125.00
140.50 125.00
140.00 124.50
139.50 124.50
139.00 124.50
138.50 124.00
138.00 123.50
137.50 123.00
137.50 122.50
137.50 122.00
137.50 121.50
137.50 121.00
137.50 120.50
138.00 120.00
138.50 119.50
139.00 119.00
139.50 119.00
140.00 119.00
140.50 119.00
141.00 119.00
141.50 119.00
142.00 119.00
142.50 119.00
143.00 119.50
143.50 120.00
144.00 120.50
144.00 121.00
144.00 121.50
144.00 122.00
144.00 122.50
143.50 123.00
143.50 123.50
143.00 124.00
142.50 124.00
142.00 124.50
