131.00 143.50
130.50 143.50
130.00 144.00
129.50 144.00
129.00 144.00
128.50 144.50
128.00 144.50
127.50 144.50
127.00 144.50
126.50 145.00
126.00 145.00
125.50 145.00
125.00 145.00
124.50 145.00
124.00 145.00
123.50 145.00
123.00 145.00
122.50 145.00
122.00 145.00
121.50 145.00
121.00 145.00
120.50 145.00
120.00 144.50
119.50 144.50
119.00 144.50
118.50 144.50
118.00 144.50
117.50 144.00
117.00 144.00
116.50 144.00
116.00 144.00
115.50 143.50
115.00 143.50
114.50 143.00
114.00 143.00
113.50 142.50
113.00 142.00
112.50 141.50
112.00 141.00
111.50 141.00
111.00 140.50
110.50 140.00
110.00 139.50
109.50 139.00
109.00 138.50
108.50 138.00
108.50 137.50
108.00 137.00
107.50 136.50
107.50 136.00
107.00 135.50
107.00 135.00
107.00 134.50
106.50 134.00
106.50 133.50
106.50 133.00
106.50 132.50
106.50 132.00
106.00 131.50
106.00 131.00
106.00 130.50
106.00 130.00
106.00 129.50
106.00 129.00
106.00 128.50
106.00 128.00
106.00 127.50
106.50 127.00
106.50 126.50
106.50 126.00
106.50 125.50
106.50 125.00
106.50 124.50
107.00 124.00
107.00 123.50
107.00 123.00
107.50 122.50
107.50 122.00
107.50 121.50
108.00 121.00
108.00 120.50
108.50 120.00
108.50 119.50
109.00 119.00
109.00 118.50
109.50 118.00
110.00 117.50
110.50 117.00
110.50 116.50
111.00 116.00
111.50 116.00
112.00 115.50
112.50 115.00
113.00 114.50
113.50 114.50
114.00 114.00
114.50 114.00
115.00 113.50
115.50 113.50
116.00 113.00
116.50 113.00
117.00 113.00
117.50 113.00
118.00 113.00
118.50 112.50
119.00 112.50
119.50 112.50
120.00 112.50
120.50 112.50
121.00 112.50
121.50 112.50
122.00 112.50
122.50 112.50
123.00 112.50
123.50 112.50
124.00 112.50
124.50 113.00
125.00 113.00
125.50 113.00
126.00 113.00
126.50 113.00
127.00 113.00
127.50 113.50
128.00 113.50
128.50 113.50
129.00 113.50
129.50 114.00
130.00 114.00
130.50 114.00
131.00 114.50
131.50 114.50
132.00 114.50
132.50 115.00
133.00 115.00
133.50 115.50
134.00 115.50
134.50 116.00
135.00 116.00
135.50 116.50
136.00 117.00
136.50 117.50
137.00 118.00
137.50 118.50
138.00 119.00
138.50 119.50
139.00 120.00
139.00 120.50
139.00 121.00
139.50 121.50
139.50 122.00
140.00 122.50
140.50 123.00
140.50 123.50
140.50 124.00
140.50 124.50
140.50 125.00
140.50 125.50
140.50 126.00
140.50 126.50
140.00 127.00
140.00 127.50
140.00 128.00
140.00 128.50
140.00 129.00
140.00 129.50
140.00 130.00
140.00 130.50
139.50 131.00
139.50 131.50
139.50 132.00
139.50 132.50
139.50 133.00
139.00 133.50
139.00 134.00
139.00 134.50
138.50 135.00
138.50 135.50
138.00 136.00
138.00 136.50
137.50 137.00
137.50 137.50
137.00 138.00
136.50 138.50
136.00 139.00
135.50 139.50
135.00 140.00
134.50 140.50
134.00 141.00
133.50 141.50
133.00 142.00
132.50 142.50
132.00 142.50
131.50 143.00
