145.50 120.00
145.00 120.00
144.50 120.50
144.00 120.50
143.50 120.50
143.00 120.00
142.50 119.50
142.50 119.00
142.50 118.50
142.50 118.00
142.50 117.50
143.00 117.00
143.00 116.50
143.50 116.00
143.50 115.50
144.00 115.00
144.50 115.00
145.00 114.50
145.50 114.50
146.00 114.50
146.50 114.50
147.00 114.50
147.50 114.50
148.00 115.00
148.50 115.00
149.00 115.00
149.50 115.50
149.50 116.00
150.00 116.50
150.00 117.00
149.50 117.50
149.50 118.00
149.50 118.50
149.50 119.00
149.50 119.50
149.50 120.00
149.50 120.50
150.00 121.00
150.00 121.50
150.00 122.00
150.00 122.50
150.50 123.00
150.50 123.50
151.00 124.00
151.50 124.50
151.50 125.00
152.00 125.50
152.50 126.00
152.50 126.50
153.00 127.00
153.00 127.50
152.50 128.00
152.00 128.50
151.50 128.50
151.00 128.50
150.50 128.50
150.00 128.50
149.50 128.50
149.00 128.50
148.50 128.50
148.00 128.50
147.50 128.00
147.00 128.00
146.50 127.50
146.00 127.00
145.50 126.50
145.50 126.00
145.50 125.50
145.50 125.00
146.00 124.50
146.50 124.50
147.00 124.00
147.50 123.50
148.00 123.00
148.50 122.50
148.50 122.00
148.00 121.50
147.50 121.00
147.00 120.50
146.50 120.50
146.00 120.00
