126.50 146.50
126.00 146.50
125.50 146.00
125.00 145.50
124.50 145.00
124.00 144.50
124.00 144.00
123.50 143.50
123.00 143.00
123.00 142.50
122.50 142.00
122.50 141.50
122.00 141.00
122.00 140.50
121.50 140.00
121.50 139.50
121.50 139.00
121.50 138.50
121.00 138.00
121.00 137.50
121.00 137.00
120.50 136.50
120.50 136.00
120.50 135.50
120.50 135.00
120.50 134.50
120.50 134.00
120.50 133.50
120.50 133.00
120.50 132.50
120.50 132.00
120.50 131.50
120.50 131.00
120.50 130.50
120.50 130.00
120.50 129.50
120.50 129.00
120.50 128.50
120.50 128.00
121.00 127.50
121.00 127.00
121.00 126.50
121.00 126.00
121.50 125.50
121.50 125.00
121.50 124.50
122.00 124.00
122.00 123.50
122.00 123.00
122.50 122.50
123.00 122.00
123.00 121.50
123.50 121.00
123.50 120.50
124.00 120.00
124.50 119.50
124.50 119.00
125.00 118.50
125.50 118.00
126.00 117.50
126.50 117.00
127.00 116.50
127.50 116.00
128.00 116.00
128.50 115.50
129.00 115.00
129.50 115.00
130.00 114.50
130.50 114.50
131.00 114.50
131.50 114.00
132.00 114.00
132.50 114.00
133.00 113.50
133.50 113.50
134.00 113.50
134.50 113.50
135.00 113.50
135.50 113.00
136.00 113.00
136.50 113.00
137.00 113.00
137.50 113.00
138.00 113.00
138.50 113.00
139.00 113.00
139.50 113.00
140.00 113.00
140.50 113.00
141.00 113.00
141.50 113.00
142.00 113.00
142.50 113.00
143.00 113.50
143.50 113.50
144.00 113.50
144.50 113.50
145.00 113.50
145.50 113.50
146.00 114.00
146.50 114.00
147.00 114.00
147.50 114.50
148.00 114.50
148.50 115.00
149.00 115.00
149.50 115.50
150.00 115.50
150.50 116.00
151.00 116.50
151.50 117.00
152.00 117.50
152.50 118.00
153.00 118.50
153.00 119.00
153.50 119.50
153.50 120.00
154.00 120.50
154.00 121.00
154.50 121.50
154.50 122.00
154.50 122.50
155.00 123.00
155.00 123.50
155.00 124.00
155.00 124.50
155.50 125.00
155.50 125.50
155.50 126.00
155.50 126.50
155.50 127.00
155.50 127.50
155.50 128.00
155.50 128.50
155.50 129.00
155.50 129.50
155.50 130.00
155.50 130.50
155.50 131.00
155.00 131.50
155.00 132.00
155.00 132.50
155.00 133.00
154.50 133.50
154.50 134.00
154.50 134.50
154.00 135.00
154.00 135.50
153.50 136.00
153.50 136.50
153.50 137.00
153.00 137.50
152.50 138.00
152.50 138.50
152.00 139.00
151.50 139.50
151.00 140.00
151.00 140.50
150.50 141.00
150.00 141.50
149.50 142.00
149.00 142.50
148.50 143.00
148.00 143.50
147.50 143.50
147.00 144.00
146.50 144.50
146.00 144.50
145.50 145.00
145.00 145.50
144.50 145.50
144.00 146.00
143.50 146.00
143.00 146.50
142.50 146.50
142.00 147.00
141.50 147.00
141.00 147.00
140.50 147.50
140.00 147.50
139.50 147.50
139.00 147.50
138.50 148.00
138.00 148.00
137.50 148.00
137.00 148.00
136.50 148.50
136.00 148.50
135.50 148.50
135.00 148.50
134.50 148.50
134.00 148.50
133.50 148.50
133.00 148.50
132.50 148.50
132.00 148.50
131.50 148.50
131.00 148.50
130.50 148.50
130.00 148.00
129.50 148.00
129.00 148.00
128.50 147.50
128.00 147.50
127.50 147.50
127.00 147.00
