139.50 110.00
140.00 110.00
140.50 110.00
141.00 110.00
141.50 110.00
142.00 109.50
142.50 109.50
143.00 109.50
143.50 109.50
144.00 109.50
144.50 109.50
145.00 110.00
145.50 110.00
146.00 110.00
146.50 110.00
147.00 110.00
147.50 110.00
148.00 110.50
148.50 110.50
149.00 111.00
149.50 111.00
150.00 111.50
150.50 112.00
151.00 112.00
151.50 112.50
152.00 112.50
152.50 113.00
153.00 113.50
153.50 114.00
154.00 114.50
154.50 115.00
155.00 115.50
155.50 116.00
156.00 116.50
156.50 117.00
157.00 117.50
157.00 118.00
157.50 118.50
157.50 119.00
158.00 119.50
158.00 120.00
158.50 120.50
158.50 121.00
158.50 121.50
159.00 122.00
159.00 122.50
159.00 123.00
159.00 123.50
159.00 124.00
159.50 124.50
159.50 125.00
159.50 125.50
159.50 126.00
159.50 126.50
159.50 127.00
159.00 127.50
159.00 128.00
159.00 128.50
159.00 129.00
159.00 129.50
159.00 130.00
158.50 130.50
158.50 131.00
158.50 131.50
158.50 132.00
158.00 132.50
158.00 133.00
158.00 133.50
157.50 134.00
157.00 134.50
157.00 135.00
157.00 135.50
156.50 136.00
156.50 136.50
156.00 137.00
156.00 137.50
155.50 138.00
155.00 138.50
155.00 139.00
154.50 139.50
154.00 140.00
153.50 140.50
153.50 141.00
153.00 141.50
152.50 142.00
152.00 142.50
151.50 143.00
151.00 143.50
150.50 144.00
150.00 144.50
149.50 144.50
149.00 145.00
148.50 145.50
148.00 145.50
147.50 146.00
147.00 146.50
146.50 146.50
146.00 147.00
145.50 147.00
145.00 147.50
144.50 147.50
144.00 148.00
143.50 148.00
143.00 148.00
142.50 148.50
142.00 148.50
141.50 148.50
141.00 148.50
140.50 149.00
140.00 149.00
139.50 149.00
139.00 149.50
138.50 149.50
138.00 149.50
137.50 149.50
137.00 149.50
136.50 149.50
136.00 149.50
135.50 149.50
135.00 149.50
134.50 149.50
134.00 149.50
133.50 149.50
133.00 149.50
132.50 149.50
132.00 149.50
131.50 149.50
131.00 149.00
130.50 149.00
130.00 149.00
129.50 148.50
129.00 148.00
128.50 148.00
128.00 147.50
127.50 147.50
127.00 147.00
126.50 146.50
126.00 146.00
125.50 145.50
125.00 145.00
124.50 144.50
124.50 144.00
124.00 143.50
123.50 143.00
123.50 142.50
123.00 142.00
122.50 141.50
122.50 141.00
122.50 140.50
122.00 140.00
122.00 139.50
121.50 139.00
121.50 138.50
121.50 138.00
121.00 137.50
121.00 137.00
121.00 136.50
121.00 136.00
120.50 135.50
120.50 135.00
120.50 134.50
120.50 134.00
120.50 133.50
120.00 133.00
120.00 132.50
120.00 132.00
120.00 131.50
120.00 131.00
120.00 130.50
120.00 130.00
120.00 129.50
120.00 129.00
120.00 128.50
120.00 128.00
120.00 127.50
120.00 127.00
120.00 126.50
120.00 126.00
120.00 125.50
120.00 125.00
120.50 124.50
120.50 124.00
120.50 123.50
120.50 123.00
121.00 122.50
121.00 122.00
121.00 121.50
121.50 121.00
121.50 120.50
122.00 120.00
122.00 119.50
122.00 119.00
122.50 118.50
123.00 118.00
123.50 117.50
123.50 117.00
124.00 116.50
124.50 116.00
125.00 115.50
125.50 115.00
126.00 114.50
126.50 114.00
127.00 113.50
127.50 113.00
128.00 112.50
128.50 112.50
129.00 112.50
129.50 112.00
130.00 112.00
130.50 111.50
131.00 111.50
131.50 111.00
132.00 111.00
132.50 111.00
133.00 111.00
133.50 110.50
134.00 110.50
134.50 110.50
135.00 110.50
135.50 110.50
136.00 110.50
136.50 110.50
137.00 110.00
137.50 110.00
138.00 110.00
138.50 110.00
139.00 110.00
