135.00 142.00
134.50 142.00
134.00 142.50
133.50 143.00
133.00 143.00
132.50 143.00
132.00 143.00
131.50 143.00
131.00 143.00
130.50 143.00
130.00 143.00
129.50 142.50
129.00 142.00
128.50 142.00
128.00 141.50
127.50 141.00
127.50 140.50
127.00 140.00
127.00 139.50
127.00 139.00
126.50 138.50
126.50 138.00
127.00 137.50
127.00 137.00
127.50 136.50
128.00 136.00
128.50 135.50
129.00 135.00
129.50 135.00
130.00 135.00
130.50 135.00
131.00 135.00
131.50 135.00
132.00 135.00
132.50 135.00
133.00 135.00
133.50 135.00
134.00 135.50
134.50 135.50
135.00 135.50
135.50 136.00
135.50 136.50
136.00 137.00
136.50 137.50
136.50 138.00
136.50 138.50
136.50 139.00
136.50 139.50
136.50 140.00
136.00 140.50
136.00 141.00
135.50 141.50
