113.00 95.00
113.50 94.50
114.00 94.50
114.50 94.00
115.00 93.50
115.50 93.00
116.00 93.00
116.50 92.50
117.00 92.50
117.50 92.00
118.00 92.00
118.50 91.50
119.00 91.50
119.50 91.50
120.00 91.00
120.50 91.00
121.00 91.00
121.50 91.00
122.00 90.50
122.50 90.50
123.00 90.50
123.50 90.50
124.00 90.00
124.50 90.00
125.00 90.00
125.50 90.00
126.00 90.00
126.50 90.00
127.00 90.00
127.50 90.00
128.00 90.00
128.50 90.00
129.00 90.00
129.50 90.00
130.00 90.00
130.50 90.00
131.00 90.00
131.50 90.50
132.00 90.50
132.50 90.50
133.00 90.50
133.50 90.50
134.00 91.00
134.50 91.00
135.00 91.00
135.50 91.50
136.00 91.50
136.50 91.50
137.00 92.00
137.50 92.00
138.00 92.00
138.50 92.50
139.00 92.50
139.50 93.00
140.00 93.00
140.50 93.50
141.00 93.50
141.50 94.00
142.00 94.00
142.50 94.50
143.00 95.00
143.50 95.00
144.00 95.50
144.50 95.50
145.00 96.00
145.50 96.00
146.00 96.50
146.50 97.00
147.00 97.50
147.50 98.00
148.00 98.00
148.50 98.50
149.00 99.00
149.50 99.00
150.00 99.50
150.50 100.00
151.00 100.50
151.50 101.00
152.00 101.50
152.50 102.00
153.00 102.50
153.50 103.00
154.00 103.50
154.50 104.00
154.50 104.50
155.00 105.00
155.50 105.50
156.00 106.00
156.00 106.50
156.50 107.00
156.50 107.50
157.00 108.00
157.00 108.50
157.50 109.00
158.00 109.50
158.00 110.00
158.50 110.50
158.50 111.00
158.50 111.50
158.50 112.00
159.00 112.50
159.00 113.00
159.00 113.50
159.50 114.00
159.50 114.50
159.50 115.00
159.50 115.50
160.00 116.00
160.00 116.50
160.00 117.00
160.00 117.50
160.00 118.00
160.50 118.50
160.50 119.00
160.50 119.50
160.50 120.00
160.50 120.50
160.50 121.00
160.50 121.50
160.50 122.00
160.50 122.50
160.50 123.00
160.50 123.50
160.50 124.00
160.50 124.50
160.50 125.00
160.50 125.50
160.50 126.00
160.50 126.50
160.00 127.00
160.00 127.50
160.00 128.00
160.00 128.50
160.00 129.00
159.50 129.50
159.50 130.00
159.50 130.50
159.50 131.00
159.00 131.50
159.00 132.00
159.00 132.50
158.50 133.00
158.50 133.50
158.00 134.00
157.50 134.50
157.50 135.00
157.00 135.50
157.00 136.00
156.50 136.50
156.00 137.00
155.50 137.50
155.00 138.00
154.50 138.50
154.00 139.00
154.00 139.50
153.50 140.00
153.00 140.00
152.50 140.50
152.00 141.00
151.50 141.50
151.00 141.50
150.50 142.00
150.00 142.50
149.50 142.50
149.00 143.00
148.50 143.00
148.00 143.50
147.50 144.00
147.00 144.00
146.50 144.50
146.00 144.50
145.50 145.00
145.00 145.00
144.50 145.50
144.00 145.50
143.50 145.50
143.00 145.50
142.50 146.00
142.00 146.00
141.50 146.00
141.00 146.50
140.50 146.50
140.00 146.50
139.50 146.50
139.00 146.50
138.50 147.00
138.00 147.00
137.50 147.00
137.00 147.00
136.50 147.00
136.00 147.00
135.50 147.00
135.00 147.00
134.50 147.50
134.00 147.50
133.50 147.50
133.00 147.50
132.50 147.50
132.00 147.50
131.50 147.50
131.00 147.50
130.50 147.50
130.00 147.50
129.50 147.00
129.00 147.00
128.50 147.00
128.00 147.00
127.50 147.00
127.00 147.00
126.50 147.00
126.00 147.00
125.50 147.00
125.00 146.50
124.50 146.50
124.00 146.50
123.50 146.50
123.00 146.50
122.50 146.50
122.00 146.00
121.50 146.00
121.00 146.00
120.50 146.00
120.00 146.00
119.50 145.50
119.00 145.50
118.50 145.50
118.00 145.50
117.50 145.00
117.00 145.00
116.50 144.50
116.00 144.50
115.50 144.50
115.00 144.50
114.50 144.00
114.00 144.00
113.50 143.50
113.00 143.50
112.50 143.50
112.00 143.00
111.50 142.50
111.00 142.00
110.50 142.00
110.00 141.50
109.50 141.50
109.00 141.00
108.50 140.50
108.00 140.00
107.50 139.50
107.00 139.00
107.00 138.50
106.50 138.00
106.00 137.50
105.50 137.00
105.50 136.50
105.00 136.00
105.00 135.50
104.50 135.00
104.50 134.50
104.00 134.00
104.00 133.50
103.50 133.00
103.50 132.50
103.50 132.00
103.00 131.50
103.00 131.00
103.00 130.50
103.00 130.00
103.00 129.50
102.50 129.00
102.50 128.50
102.50 128.00
102.50 127.50
102.50 127.00
102.50 126.50
102.00 126.00
102.00 125.50
102.00 125.00
102.00 124.50
102.00 124.00
102.00 123.50
102.00 123.00
102.00 122.50
102.00 122.00
102.00 121.50
102.00 121.00
102.00 120.50
102.00 120.00
102.00 119.50
102.00 119.00
102.00 118.50
102.00 118.00
102.00 117.50
102.50 117.00
102.50 116.50
102.50 116.00
102.50 115.50
102.50 115.00
102.50 114.50
103.00 114.00
103.00 113.50
103.00 113.00
103.00 112.50
103.00 112.00
103.50 111.50
103.50 111.00
103.50 110.50
103.50 110.00
104.00 109.50
104.00 109.00
104.50 108.50
104.50 108.00
104.50 107.50
105.00 107.00
105.00 106.50
105.00 106.00
105.50 105.50
105.50 105.00
106.00 104.50
106.00 104.00
106.50 103.50
106.50 103.00
107.00 102.50
107.00 102.00
107.50 101.50
108.00 101.00
108.00 100.50
108.50 100.00
109.00 99.50
109.50 99.00
109.50 98.50
110.00 98.00
110.50 97.50
111.00 97.00
111.50 96.50
112.00 96.00
112.50 95.50
