112.50 101.00
113.00 100.50
113.50 100.00
114.00 99.50
114.50 99.00
115.00 98.50
115.50 98.00
116.00 97.50
116.50 97.00
117.00 97.00
117.50 96.50
118.00 96.00
118.50 95.50
119.00 95.50
119.50 95.00
120.00 95.00
120.50 95.00
121.00 94.50
121.50 94.50
122.00 94.00
122.50 94.00
123.00 94.00
123.50 93.50
124.00 93.50
124.50 93.50
125.00 93.50
125.50 93.00
126.00 93.00
126.50 93.00
127.00 93.00
127.50 93.00
128.00 93.00
128.50 93.00
129.00 93.00
129.50 93.00
130.00 93.00
130.50 93.00
131.00 93.00
131.50 93.00
132.00 93.00
132.50 93.00
133.00 93.00
133.50 93.50
134.00 93.50
134.50 93.50
135.00 93.50
135.50 93.50
136.00 94.00
136.50 94.00
137.00 94.00
137.50 94.50
138.00 94.50
138.50 95.00
139.00 95.00
139.50 95.00
140.00 95.50
140.50 95.50
141.00 96.00
141.50 96.00
142.00 96.50
142.50 97.00
143.00 97.00
143.50 97.50
144.00 98.00
144.50 98.50
145.00 99.00
145.50 99.00
146.00 99.50
146.50 100.00
147.00 100.50
147.50 101.00
148.00 101.50
148.50 102.00
149.00 102.50
149.50 103.00
150.00 103.50
150.00 104.00
150.50 104.50
151.00 105.00
151.00 105.50
151.50 106.00
152.00 106.50
152.00 107.00
152.50 107.50
152.50 108.00
153.00 108.50
153.00 109.00
153.50 109.50
153.50 110.00
154.00 110.50
154.50 111.00
154.50 111.50
154.50 112.00
155.00 112.50
155.00 113.00
155.00 113.50
155.50 114.00
155.50 114.50
155.50 115.00
155.50 115.50
155.50 116.00
156.00 116.50
156.00 117.00
156.00 117.50
156.00 118.00
156.00 118.50
156.00 119.00
156.00 119.50
156.00 120.00
156.00 120.50
156.00 121.00
156.00 121.50
156.00 122.00
155.50 122.50
155.50 123.00
155.50 123.50
155.50 124.00
155.50 124.50
155.00 125.00
155.00 125.50
155.00 126.00
155.00 126.50
154.50 127.00
154.50 127.50
154.00 128.00
153.50 128.50
153.50 129.00
153.50 129.50
153.00 130.00
153.00 130.50
152.50 131.00
152.00 131.50
152.00 132.00
151.50 132.50
151.00 133.00
150.50 133.50
150.50 134.00
150.00 134.50
149.50 135.00
149.00 135.50
148.50 136.00
148.00 136.50
147.50 137.00
147.00 137.50
146.50 138.00
146.00 138.00
145.50 138.50
145.00 139.00
144.50 139.50
144.00 139.50
143.50 140.00
143.00 140.00
142.50 140.50
142.00 140.50
141.50 141.00
141.00 141.00
140.50 141.00
140.00 141.50
139.50 141.50
139.00 141.50
138.50 142.00
138.00 142.00
137.50 142.00
137.00 142.00
136.50 142.00
136.00 142.00
135.50 142.50
135.00 142.50
134.50 142.50
134.00 142.50
133.50 142.50
133.00 142.50
132.50 142.50
132.00 142.50
131.50 142.50
131.00 142.50
130.50 142.50
130.00 142.00
129.50 142.00
129.00 142.00
128.50 142.00
128.00 142.00
127.50 141.50
127.00 141.50
126.50 141.50
126.00 141.50
125.50 141.00
125.00 141.00
124.50 140.50
124.00 140.50
123.50 140.50
123.00 140.00
122.50 140.00
122.00 139.50
121.50 139.50
121.00 139.00
120.50 138.50
120.00 138.50
119.50 138.00
119.00 137.50
118.50 137.50
118.00 137.00
117.50 136.50
117.00 136.00
116.50 135.50
116.00 135.50
115.50 135.00
115.00 134.50
114.50 134.00
114.00 133.50
113.50 133.00
113.00 132.50
112.50 132.00
112.00 131.50
111.50 131.00
111.00 130.50
110.50 130.00
110.00 129.50
109.50 129.00
109.50 128.50
109.00 128.00
108.50 127.50
108.00 127.00
108.00 126.50
108.00 126.00
107.50 125.50
107.00 125.00
107.00 124.50
106.50 124.00
106.50 123.50
106.50 123.00
106.50 122.50
106.00 122.00
106.00 121.50
106.00 121.00
106.00 120.50
106.00 120.00
106.00 119.50
106.00 119.00
106.00 118.50
106.00 118.00
106.00 117.50
106.00 117.00
106.00 116.50
106.00 116.00
106.00 115.50
106.50 115.00
106.50 114.50
106.50 114.00
106.50 113.50
107.00 113.00
107.00 112.50
107.00 112.00
107.50 111.50
107.50 111.00
107.50 110.50
107.50 110.00
108.00 109.50
108.00 109.00
108.00 108.50
108.50 108.00
108.50 107.50
109.00 107.00
109.00 106.50
109.50 106.00
109.50 105.50
110.00 105.00
110.00 104.50
110.50 104.00
110.50 103.50
111.00 103.00
111.50 102.50
111.50 102.00
112.00 101.50
