120.00 106.00
120.50 105.50
121.00 105.50
121.50 105.00
122.00 104.50
122.50 104.50
123.00 104.00
123.50 104.00
124.00 104.00
124.50 103.50
125.00 103.50
125.50 103.00
126.00 103.00
126.50 103.00
127.00 103.00
127.50 103.00
128.00 102.50
128.50 102.50
129.00 102.50
129.50 102.50
130.00 102.50
130.50 102.50
131.00 102.50
131.50 102.50
132.00 102.50
132.50 102.50
133.00 102.50
133.50 102.50
134.00 102.50
134.50 102.50
135.00 102.50
135.50 102.50
136.00 102.50
136.50 102.50
137.00 102.50
137.50 103.00
138.00 103.00
138.50 103.00
139.00 103.00
139.50 103.50
140.00 103.50
140.50 104.00
141.00 104.00
141.50 104.00
142.00 104.50
142.50 105.00
143.00 105.50
143.50 105.50
144.00 106.00
144.50 106.50
145.00 107.00
145.00 107.50
145.50 108.00
146.00 108.50
146.50 109.00
147.00 109.50
147.50 110.00
147.50 110.50
147.50 111.00
148.00 111.50
148.50 112.00
148.50 112.50
148.50 113.00
149.00 113.50
149.50 114.00
149.50 114.50
149.50 115.00
150.00 115.50
150.00 116.00
150.00 116.50
150.50 117.00
150.50 117.50
150.50 118.00
150.50 118.50
151.00 119.00
151.00 119.50
151.00 120.00
151.00 120.50
151.00 121.00
151.00 121.50
151.00 122.00
151.00 122.50
151.00 123.00
151.00 123.50
151.00 124.00
151.00 124.50
151.00 125.00
151.00 125.50
151.00 126.00
150.50 126.50
150.50 127.00
150.00 127.50
150.00 128.00
150.00 128.50
150.00 129.00
149.50 129.50
149.00 130.00
149.00 130.50
148.50 131.00
148.00 131.50
148.00 132.00
147.50 132.50
147.00 133.00
146.50 133.50
146.00 134.00
145.50 134.50
145.00 134.50
144.50 135.00
144.00 135.50
143.50 136.00
143.00 136.00
142.50 136.00
142.00 136.50
141.50 136.50
141.00 137.00
140.50 137.00
140.00 137.00
139.50 137.50
139.00 137.50
138.50 137.50
138.00 138.00
137.50 138.00
137.00 138.00
136.50 138.00
136.00 138.00
135.50 138.50
135.00 138.50
134.50 138.50
134.00 138.50
133.50 138.50
133.00 138.50
132.50 138.50
132.00 138.50
131.50 138.50
131.00 138.50
130.50 138.50
130.00 138.50
129.50 138.50
129.00 138.50
128.50 138.50
128.00 138.00
127.50 138.00
127.00 138.00
126.50 137.50
126.00 137.50
125.50 137.00
125.00 137.00
124.50 136.50
124.00 136.50
123.50 136.00
123.00 135.50
122.50 135.00
122.00 134.50
121.50 134.00
121.00 133.50
120.50 133.00
120.00 132.50
119.50 132.00
119.50 131.50
119.00 131.00
118.50 130.50
118.00 130.00
118.00 129.50
117.50 129.00
117.50 128.50
117.00 128.00
117.00 127.50
116.50 127.00
116.50 126.50
116.50 126.00
116.00 125.50
116.00 125.00
116.00 124.50
115.50 124.00
115.50 123.50
115.50 123.00
115.50 122.50
115.00 122.00
115.00 121.50
115.00 121.00
115.00 120.50
115.00 120.00
115.00 119.50
115.00 119.00
115.00 118.50
115.00 118.00
115.00 117.50
115.00 117.00
115.00 116.50
115.00 116.00
115.00 115.50
115.00 115.00
115.00 114.50
115.00 114.00
115.50 113.50
115.50 113.00
115.50 112.50
116.00 112.00
116.00 111.50
116.00 111.00
116.50 110.50
116.50 110.00
117.00 109.50
117.00 109.00
117.50 108.50
118.00 108.00
118.50 107.50
119.00 107.00
119.50 106.50
