120.00 103.50
120.50 103.00
121.00 102.50
121.50 102.50
122.00 102.00
122.50 101.50
123.00 101.00
123.50 101.00
124.00 100.50
124.50 100.50
125.00 100.00
125.50 100.00
126.00 100.00
126.50 99.50
127.00 99.50
127.50 99.00
128.00 99.00
128.50 99.00
129.00 99.00
129.50 99.00
130.00 99.00
130.50 99.00
131.00 99.00
131.50 99.00
132.00 99.50
132.50 99.50
133.00 99.50
133.50 100.00
134.00 100.00
134.50 100.50
135.00 100.50
135.50 100.50
136.00 101.00
136.50 101.50
137.00 101.50
137.50 102.00
138.00 102.00
138.50 102.50
139.00 103.00
139.50 103.00
140.00 103.50
140.50 104.00
141.00 104.50
141.50 105.00
142.00 105.00
142.50 105.50
143.00 106.00
143.50 106.50
144.00 107.00
144.50 107.50
145.00 108.00
145.50 108.50
146.00 109.00
146.50 109.50
147.00 110.00
147.00 110.50
147.50 111.00
148.00 111.50
148.50 112.00
148.50 112.50
148.50 113.00
149.00 113.50
149.50 114.00
149.50 114.50
149.50 115.00
150.00 115.50
150.00 116.00
150.00 116.50
150.00 117.00
150.50 117.50
150.50 118.00
150.50 118.50
150.50 119.00
150.50 119.50
150.50 120.00
150.50 120.50
150.50 121.00
150.50 121.50
150.50 122.00
150.50 122.50
150.50 123.00
150.50 123.50
150.00 124.00
150.00 124.50
150.00 125.00
150.00 125.50
150.00 126.00
149.50 126.50
149.50 127.00
149.50 127.50
149.00 128.00
148.50 128.50
148.50 129.00
148.00 129.50
148.00 130.00
147.50 130.50
147.50 131.00
147.00 131.50
146.50 132.00
146.00 132.50
145.50 133.00
145.00 133.50
144.50 134.00
144.00 134.00
143.50 134.50
143.00 135.00
142.50 135.50
142.00 135.50
141.50 135.50
141.00 136.00
140.50 136.00
140.00 136.50
139.50 136.50
139.00 136.50
138.50 136.50
138.00 137.00
137.50 137.00
137.00 137.00
136.50 137.00
136.00 137.00
135.50 137.00
135.00 137.00
134.50 137.00
134.00 137.00
133.50 137.00
133.00 137.00
132.50 137.00
132.00 137.00
131.50 137.00
131.00 137.00
130.50 137.00
130.00 137.00
129.50 137.00
129.00 136.50
128.50 136.50
128.00 136.50
127.50 136.50
127.00 136.50
126.50 136.50
126.00 136.00
125.50 136.00
125.00 136.00
124.50 135.50
124.00 135.50
123.50 135.00
123.00 135.00
122.50 135.00
122.00 134.50
121.50 134.50
121.00 134.00
120.50 133.50
120.00 133.00
119.50 132.50
119.00 132.00
118.50 131.50
118.00 131.00
118.00 130.50
117.50 130.00
117.00 129.50
117.00 129.00
117.00 128.50
116.50 128.00
116.50 127.50
116.00 127.00
116.00 126.50
115.50 126.00
115.50 125.50
115.50 125.00
115.00 124.50
115.00 124.00
114.50 123.50
114.50 123.00
114.50 122.50
114.50 122.00
114.50 121.50
114.00 121.00
114.00 120.50
114.00 120.00
114.00 119.50
113.50 119.00
113.50 118.50
113.50 118.00
113.50 117.50
113.50 117.00
113.00 116.50
113.00 116.00
113.00 115.50
113.00 115.00
113.00 114.50
113.00 114.00
113.00 113.50
113.00 113.00
113.50 112.50
113.50 112.00
113.50 111.50
113.50 111.00
113.50 110.50
114.00 110.00
114.00 109.50
114.50 109.00
115.00 108.50
115.00 108.00
115.50 107.50
116.00 107.00
116.50 106.50
117.00 106.00
117.50 105.50
118.00 105.00
118.50 104.50
119.00 104.00
119.50 104.00
