119.50 109.50
120.00 109.00
120.50 108.50
121.00 108.00
121.50 107.50
122.00 107.50
122.50 107.00
123.00 107.00
123.50 107.00
124.00 106.50
124.50 106.50
125.00 106.00
125.50 106.00
126.00 106.00
126.50 105.50
127.00 105.50
127.50 105.50
128.00 105.50
128.50 105.50
129.00 105.50
129.50 105.50
130.00 105.50
130.50 105.50
131.00 105.50
131.50 105.50
132.00 105.50
132.50 105.50
133.00 105.50
133.50 105.50
134.00 105.50
134.50 105.50
135.00 105.50
135.50 105.50
136.00 106.00
136.50 106.00
137.00 106.00
137.50 106.50
138.00 106.50
138.50 106.50
139.00 107.00
139.50 107.00
140.00 107.00
140.50 107.50
141.00 107.50
141.50 108.00
142.00 108.50
142.50 108.50
143.00 109.00
143.50 109.50
144.00 110.00
144.50 110.00
145.00 110.50
145.00 111.00
145.50 111.50
146.00 112.00
146.50 112.50
146.50 113.00
147.00 113.50
147.00 114.00
147.50 114.50
147.50 115.00
148.00 115.50
148.00 116.00
148.00 116.50
148.50 117.00
148.50 117.50
148.50 118.00
149.00 118.50
149.00 119.00
149.00 119.50
149.00 120.00
149.00 120.50
149.00 121.00
149.00 121.50
149.00 122.00
149.00 122.50
149.00 123.00
149.00 123.50
149.00 124.00
148.50 124.50
148.50 125.00
148.50 125.50
148.50 126.00
148.00 126.50
148.00 127.00
147.50 127.50
147.50 128.00
147.50 128.50
147.00 129.00
147.00 129.50
146.50 130.00
146.00 130.50
145.50 131.00
145.00 131.50
144.50 132.00
144.00 132.50
143.50 133.00
143.00 133.50
142.50 134.00
142.00 134.00
141.50 134.50
141.00 135.00
140.50 135.00
140.00 135.00
139.50 135.50
139.00 135.50
138.50 136.00
138.00 136.00
137.50 136.00
137.00 136.00
136.50 136.50
136.00 136.50
135.50 136.50
135.00 136.50
134.50 136.50
134.00 136.50
133.50 136.50
133.00 136.50
132.50 136.50
132.00 136.00
131.50 136.00
131.00 136.00
130.50 136.00
130.00 136.00
129.50 135.50
129.00 135.50
128.50 135.50
128.00 135.00
127.50 135.00
127.00 134.50
126.50 134.50
126.00 134.00
125.50 134.00
125.00 133.50
124.50 133.50
124.00 133.00
123.50 133.00
123.00 132.50
122.50 132.00
122.00 131.50
121.50 131.50
121.00 131.00
120.50 130.50
120.00 130.00
119.50 129.50
119.50 129.00
119.50 128.50
119.00 128.00
118.50 127.50
118.00 127.00
118.00 126.50
117.50 126.00
117.50 125.50
117.50 125.00
117.00 124.50
117.00 124.00
116.50 123.50
116.50 123.00
116.50 122.50
116.50 122.00
116.50 121.50
116.00 121.00
116.00 120.50
116.00 120.00
116.00 119.50
116.00 119.00
116.00 118.50
116.00 118.00
116.00 117.50
116.50 117.00
116.50 116.50
116.50 116.00
116.50 115.50
116.50 115.00
117.00 114.50
117.00 114.00
117.00 113.50
117.50 113.00
117.50 112.50
118.00 112.00
118.00 111.50
118.50 111.00
118.50 110.50
119.00 110.00
