115.50 103.00
116.00 102.50
116.50 102.00
117.00 101.50
117.50 101.00
118.00 100.50
118.50 100.00
119.00 99.50
119.50 99.50
120.00 99.00
120.50 98.50
121.00 98.00
121.50 98.00
122.00 97.50
122.50 97.50
123.00 97.00
123.50 97.00
124.00 96.50
124.50 96.50
125.00 96.00
125.50 96.00
126.00 96.00
126.50 96.00
127.00 95.50
127.50 95.50
128.00 95.50
128.50 95.50
129.00 95.50
129.50 95.50
130.00 95.50
130.50 95.50
131.00 95.50
131.50 95.50
132.00 95.50
132.50 95.50
133.00 95.50
133.50 95.50
134.00 95.50
134.50 95.50
135.00 96.00
135.50 96.00
136.00 96.00
136.50 96.50
137.00 96.50
137.50 96.50
138.00 97.00
138.50 97.00
139.00 97.50
139.50 97.50
140.00 98.00
140.50 98.00
141.00 98.50
141.50 99.00
142.00 99.50
142.50 100.00
143.00 100.00
143.50 100.50
143.50 101.00
144.00 101.50
144.50 102.00
145.00 102.50
145.50 103.00
146.00 103.50
146.00 104.00
146.50 104.50
147.00 105.00
147.50 105.50
148.00 106.00
148.00 106.50
148.50 107.00
149.00 107.50
149.00 108.00
149.50 108.50
150.00 109.00
150.00 109.50
150.50 110.00
151.00 110.50
151.00 111.00
151.50 111.50
151.50 112.00
152.00 112.50
152.00 113.00
152.50 113.50
152.50 114.00
153.00 114.50
153.00 115.00
153.50 115.50
153.50 116.00
153.50 116.50
154.00 117.00
154.00 117.50
154.00 118.00
154.00 118.50
154.50 119.00
154.50 119.50
154.50 120.00
154.50 120.50
154.50 121.00
154.50 121.50
154.50 122.00
154.50 122.50
154.50 123.00
154.50 123.50
154.50 124.00
154.00 124.50
154.00 125.00
154.00 125.50
154.00 126.00
154.00 126.50
153.50 127.00
153.50 127.50
153.00 128.00
153.00 128.50
152.50 129.00
152.50 129.50
152.00 130.00
152.00 130.50
151.50 131.00
151.00 131.50
151.00 132.00
150.50 132.50
150.00 133.00
149.50 133.50
149.00 134.00
148.50 134.50
148.00 135.00
147.50 135.50
147.00 135.50
146.50 136.00
146.00 136.50
145.50 136.50
145.00 137.00
144.50 137.50
144.00 137.50
143.50 138.00
143.00 138.00
142.50 138.00
142.00 138.50
141.50 138.50
141.00 138.50
140.50 139.00
140.00 139.00
139.50 139.00
139.00 139.50
138.50 139.50
138.00 139.50
137.50 139.50
137.00 139.50
136.50 139.50
136.00 139.50
135.50 139.50
135.00 139.50
134.50 139.50
134.00 139.50
133.50 139.50
133.00 139.50
132.50 139.50
132.00 139.50
131.50 139.50
131.00 139.50
130.50 139.50
130.00 139.50
129.50 139.00
129.00 139.00
128.50 139.00
128.00 139.00
127.50 138.50
127.00 138.50
126.50 138.50
126.00 138.00
125.50 138.00
125.00 138.00
124.50 137.50
124.00 137.50
123.50 137.00
123.00 137.00
122.50 137.00
122.00 136.50
121.50 136.50
121.00 136.00
120.50 135.50
120.00 135.50
119.50 135.00
119.00 135.00
118.50 134.50
118.00 134.00
117.50 133.50
117.00 133.50
116.50 133.00
116.00 132.50
115.50 132.00
115.00 131.50
114.50 131.00
114.00 130.50
113.50 130.00
113.50 129.50
113.00 129.00
113.00 128.50
112.50 128.00
112.50 127.50
112.00 127.00
112.00 126.50
111.50 126.00
111.50 125.50
111.50 125.00
111.00 124.50
111.00 124.00
111.00 123.50
111.00 123.00
111.00 122.50
111.00 122.00
111.00 121.50
110.50 121.00
110.50 120.50
110.50 120.00
110.50 119.50
110.50 119.00
110.50 118.50
110.50 118.00
110.50 117.50
110.50 117.00
110.50 116.50
110.50 116.00
110.50 115.50
110.50 115.00
110.50 114.50
110.50 114.00
110.50 113.50
110.50 113.00
110.50 112.50
110.50 112.00
110.50 111.50
110.50 111.00
110.50 110.50
110.50 110.00
110.50 109.50
111.00 109.00
111.00 108.50
111.00 108.00
111.50 107.50
112.00 107.00
112.50 106.50
112.50 106.00
113.00 105.50
113.50 105.00
114.00 104.50
114.50 104.00
115.00 103.50
