107.50 122.00
107.50 121.50
107.00 121.00
107.00 120.50
107.00 120.00
106.50 119.50
106.50 119.00
106.50 118.50
106.50 118.00
106.50 117.50
106.50 117.00
106.50 116.50
106.50 116.00
106.50 115.50
106.50 115.00
106.50 114.50
107.00 114.00
107.00 113.50
107.00 113.00
107.00 112.50
107.50 112.00
107.50 111.50
107.50 111.00
108.00 110.50
108.00 110.00
108.50 109.50
109.00 109.00
109.00 108.50
109.50 108.00
110.00 107.50
110.50 107.00
111.00 107.00
111.50 106.50
112.00 106.00
112.50 106.00
113.00 105.50
113.50 105.50
114.00 105.50
114.50 105.50
115.00 105.50
115.50 105.50
116.00 105.00
116.50 105.00
117.00 105.00
117.50 105.00
118.00 105.00
118.50 104.50
119.00 104.50
119.50 104.00
120.00 104.00
120.50 103.50
121.00 103.50
121.50 103.50
122.00 103.50
122.50 103.00
123.00 103.00
123.50 103.00
124.00 103.00
124.50 103.00
125.00 103.00
125.50 103.50
126.00 103.50
126.50 103.50
127.00 103.50
127.50 103.50
128.00 103.50
128.50 104.00
129.00 104.00
129.50 104.00
130.00 104.00
130.50 104.50
131.00 104.50
131.50 104.50
132.00 104.50
132.50 105.00
133.00 105.00
133.50 105.00
134.00 105.50
134.50 105.50
135.00 105.50
135.50 106.00
136.00 106.00
136.50 106.00
137.00 106.50
137.50 106.50
138.00 107.00
138.50 107.00
139.00 107.50
139.50 107.50
140.00 108.00
140.50 108.50
141.00 108.50
141.50 109.00
142.00 109.50
142.50 110.00
142.50 110.50
143.00 111.00
143.50 111.50
143.50 112.00
144.00 112.50
144.00 113.00
144.50 113.50
144.50 114.00
144.50 114.50
144.50 115.00
145.00 115.50
145.00 116.00
145.00 116.50
145.00 117.00
145.00 117.50
145.00 118.00
145.00 118.50
145.00 119.00
145.00 119.50
145.00 120.00
145.00 120.50
145.00 121.00
145.00 121.50
145.00 122.00
145.00 122.50
145.00 123.00
145.00 123.50
145.00 124.00
145.00 124.50
145.00 125.00
145.00 125.50
145.00 126.00
145.00 126.50
145.00 127.00
145.00 127.50
145.00 128.00
145.00 128.50
145.00 129.00
145.00 129.50
145.00 130.00
145.00 130.50
145.00 131.00
144.50 131.50
144.50 132.00
144.50 132.50
144.50 133.00
144.00 133.50
144.00 134.00
144.00 134.50
143.50 135.00
143.50 135.50
143.00 136.00
143.00 136.50
142.50 137.00
142.00 137.50
142.00 138.00
141.50 138.00
141.00 138.50
140.50 139.00
140.00 139.00
139.50 139.50
139.00 139.50
138.50 140.00
138.00 140.00
137.50 140.00
137.00 140.00
136.50 140.50
136.00 140.50
135.50 140.50
135.00 140.50
134.50 140.50
134.00 140.50
133.50 141.00
133.00 141.00
132.50 141.00
132.00 141.00
131.50 141.00
131.00 141.00
130.50 141.00
130.00 141.00
129.50 141.00
129.00 141.00
128.50 141.00
128.00 141.00
127.50 141.00
127.00 141.00
126.50 141.00
126.00 141.00
125.50 141.00
125.00 141.00
124.50 141.00
124.00 141.00
123.50 141.00
123.00 141.00
122.50 141.00
122.00 141.00
121.50 141.00
121.00 141.00
120.50 141.00
120.00 141.00
119.50 140.50
119.00 140.50
118.50 140.50
118.00 140.50
117.50 140.00
117.00 140.00
116.50 139.50
116.00 139.00
115.50 139.00
115.00 138.50
114.50 138.00
114.00 137.50
113.50 137.00
113.00 136.50
112.50 136.00
112.50 135.50
112.00 135.00
111.50 134.50
111.50 134.00
111.00 133.50
111.00 133.00
110.50 132.50
110.50 132.00
110.00 131.50
110.00 131.00
110.00 130.50
109.50 130.00
109.50 129.50
109.50 129.00
109.50 128.50
109.50 128.00
109.00 127.50
109.00 127.00
109.00 126.50
109.00 126.00
109.00 125.50
109.00 125.00
108.50 124.50
108.50 124.00
108.50 123.50
108.00 123.00
108.00 122.50
108.00 122.00
