113.00 102.00
113.50 101.50
114.00 101.00
114.50 101.00
115.00 100.50
115.50 100.50
116.00 100.00
116.50 99.50
117.00 99.50
117.50 99.00
118.00 98.50
118.50 98.50
119.00 98.00
119.50 98.00
120.00 97.50
120.50 97.50
121.00 97.00
121.50 97.00
122.00 97.00
122.50 96.50
123.00 96.50
123.50 96.00
124.00 96.00
124.50 96.00
125.00 95.50
125.50 95.50
126.00 95.50
126.50 95.00
127.00 95.00
127.50 95.00
128.00 95.00
128.50 95.00
129.00 95.00
129.50 94.50
130.00 94.50
130.50 94.50
131.00 94.50
131.50 94.50
132.00 94.50
132.50 94.50
133.00 94.50
133.50 94.50
134.00 94.50
134.50 95.00
135.00 95.00
135.50 95.00
136.00 95.00
136.50 95.00
137.00 95.50
137.50 95.50
138.00 95.50
138.50 96.00
139.00 96.00
139.50 96.50
140.00 97.00
140.50 97.00
141.00 97.50
141.50 97.50
142.00 98.00
142.50 98.50
143.00 98.50
143.50 99.00
144.00 99.50
144.50 100.00
145.00 100.50
145.50 101.00
146.00 101.50
146.50 102.00
147.00 102.50
147.50 103.00
148.00 103.50
148.50 104.00
148.50 104.50
149.00 105.00
149.50 105.50
150.00 106.00
150.00 106.50
150.50 107.00
151.00 107.50
151.50 108.00
151.50 108.50
151.50 109.00
152.00 109.50
152.00 110.00
152.50 110.50
153.00 111.00
153.00 111.50
153.00 112.00
153.50 112.50
153.50 113.00
153.50 113.50
154.00 114.00
154.00 114.50
154.00 115.00
154.50 115.50
154.50 116.00
154.50 116.50
155.00 117.00
155.00 117.50
155.00 118.00
155.00 118.50
155.00 119.00
155.50 119.50
155.50 120.00
155.50 120.50
155.50 121.00
155.50 121.50
155.50 122.00
155.50 122.50
155.50 123.00
155.50 123.50
155.50 124.00
155.50 124.50
155.50 125.00
155.50 125.50
155.50 126.00
155.50 126.50
155.50 127.00
155.00 127.50
155.00 128.00
155.00 128.50
155.00 129.00
155.00 129.50
155.00 130.00
154.50 130.50
154.50 131.00
154.00 131.50
154.00 132.00
154.00 132.50
153.50 133.00
153.50 133.50
153.50 134.00
153.00 134.50
152.50 135.00
152.50 135.50
152.00 136.00
152.00 136.50
151.50 137.00
151.00 137.50
150.50 138.00
150.00 138.50
149.50 139.00
149.00 139.50
148.50 139.50
148.00 140.00
147.50 140.50
147.00 140.50
146.50 141.00
146.00 141.50
145.50 141.50
145.00 142.00
144.50 142.00
144.00 142.50
143.50 142.50
143.00 142.50
142.50 143.00
142.00 143.00
141.50 143.00
141.00 143.50
140.50 143.50
140.00 143.50
139.50 143.50
139.00 143.50
138.50 144.00
138.00 144.00
137.50 144.00
137.00 144.00
136.50 144.00
136.00 144.00
135.50 144.00
135.00 144.00
134.50 144.00
134.00 144.00
133.50 144.00
133.00 144.00
132.50 144.00
132.00 144.00
131.50 144.00
131.00 144.00
130.50 144.00
130.00 144.00
129.50 144.00
129.00 143.50
128.50 143.50
128.00 143.50
127.50 143.50
127.00 143.50
126.50 143.00
126.00 143.00
125.50 143.00
125.00 143.00
124.50 143.00
124.00 142.50
123.50 142.50
123.00 142.50
122.50 142.00
122.00 142.00
121.50 142.00
121.00 141.50
120.50 141.50
120.00 141.00
119.50 141.00
119.00 141.00
118.50 140.50
118.00 140.00
117.50 140.00
117.00 139.50
116.50 139.00
116.00 138.50
115.50 138.50
115.00 138.00
114.50 137.50
114.00 137.00
113.50 136.50
113.00 136.00
113.00 135.50
112.50 135.00
112.00 134.50
112.00 134.00
111.50 133.50
111.50 133.00
111.00 132.50
111.00 132.00
110.50 131.50
110.50 131.00
110.50 130.50
110.00 130.00
110.00 129.50
110.00 129.00
109.50 128.50
109.50 128.00
109.50 127.50
109.50 127.00
109.00 126.50
109.00 126.00
109.00 125.50
109.00 125.00
108.50 124.50
108.50 124.00
108.50 123.50
108.50 123.00
108.50 122.50
108.00 122.00
108.00 121.50
108.00 121.00
108.00 120.50
108.00 120.00
108.00 119.50
108.00 119.00
107.50 118.50
107.50 118.00
107.50 117.50
107.50 117.00
107.50 116.50
107.50 116.00
107.50 115.50
107.50 115.00
107.50 114.50
107.50 114.00
107.50 113.50
107.50 113.00
107.50 112.50
107.50 112.00
107.50 111.50
107.50 111.00
107.50 110.50
107.50 110.00
108.00 109.50
108.00 109.00
108.00 108.50
108.00 108.00
108.00 107.50
108.50 107.00
109.00 106.50
109.00 106.00
109.50 105.50
110.00 105.00
110.50 104.50
111.00 104.00
111.50 103.50
112.00 103.00
112.50 102.50
