127.00 108.50
127.50 108.00
128.00 108.00
128.50 108.00
129.00 108.00
129.50 107.50
130.00 107.50
130.50 107.50
131.00 107.50
131.50 107.50
132.00 107.50
132.50 107.50
133.00 107.50
133.50 107.50
134.00 107.50
134.50 107.50
135.00 107.50
135.50 108.00
136.00 108.00
136.50 108.00
137.00 108.00
137.50 108.50
138.00 108.50
138.50 109.00
139.00 109.00
139.50 109.00
140.00 109.50
140.50 109.50
141.00 110.00
141.50 110.00
142.00 110.50
142.50 111.00
143.00 111.50
143.50 111.50
144.00 112.00
144.50 112.50
145.00 113.00
145.50 113.50
145.50 114.00
146.00 114.50
146.00 115.00
146.50 115.50
147.00 116.00
147.00 116.50
147.00 117.00
147.50 117.50
147.50 118.00
147.50 118.50
148.00 119.00
148.00 119.50
148.00 120.00
148.00 120.50
148.00 121.00
148.00 121.50
148.00 122.00
148.00 122.50
148.00 123.00
148.00 123.50
148.00 124.00
148.00 124.50
148.00 125.00
148.00 125.50
147.50 126.00
147.50 126.50
147.50 127.00
147.00 127.50
146.50 128.00
146.50 128.50
146.00 129.00
146.00 129.50
145.50 130.00
145.00 130.50
144.50 131.00
144.00 131.50
143.50 132.00
143.00 132.00
142.50 132.50
142.00 133.00
141.50 133.00
141.00 133.50
140.50 134.00
140.00 134.00
139.50 134.50
139.00 134.50
138.50 134.50
138.00 134.50
137.50 135.00
137.00 135.00
136.50 135.00
136.00 135.00
135.50 135.00
135.00 135.00
134.50 135.00
134.00 135.00
133.50 135.00
133.00 135.00
132.50 135.00
132.00 135.00
131.50 135.00
131.00 135.00
130.50 135.00
130.00 134.50
129.50 134.50
129.00 134.50
128.50 134.50
128.00 134.00
127.50 134.00
127.00 133.50
126.50 133.50
126.00 133.00
125.50 133.00
125.00 132.50
124.50 132.00
124.00 131.50
123.50 131.00
123.00 130.50
122.50 130.00
122.00 129.50
122.00 129.00
121.50 128.50
121.00 128.00
121.00 127.50
120.50 127.00
120.50 126.50
120.00 126.00
120.00 125.50
120.00 125.00
120.00 124.50
119.50 124.00
119.50 123.50
119.50 123.00
119.50 122.50
119.50 122.00
119.50 121.50
119.50 121.00
119.50 120.50
119.50 120.00
119.50 119.50
120.00 119.00
120.00 118.50
120.00 118.00
120.00 117.50
120.50 117.00
120.50 116.50
121.00 116.00
121.00 115.50
121.50 115.00
121.50 114.50
122.00 114.00
122.00 113.50
122.50 113.00
122.50 112.50
123.00 112.00
123.50 111.50
124.00 111.00
124.50 110.50
125.00 110.00
125.50 109.50
126.00 109.00
126.50 108.50
