115.50 98.00
116.00 97.50
116.50 97.50
117.00 97.00
117.50 96.50
118.00 96.50
118.50 96.50
119.00 96.00
119.50 95.50
120.00 95.50
120.50 95.00
121.00 95.00
121.50 95.00
122.00 94.50
122.50 94.50
123.00 94.00
123.50 94.00
124.00 94.00
124.50 93.50
125.00 93.50
125.50 93.50
126.00 93.00
126.50 93.00
127.00 93.00
127.50 93.00
128.00 92.50
128.50 92.50
129.00 92.50
129.50 92.50
130.00 92.50
130.50 92.50
131.00 92.00
131.50 92.00
132.00 92.00
132.50 92.00
133.00 92.00
133.50 92.00
134.00 92.00
134.50 92.50
135.00 92.50
135.50 92.50
136.00 92.50
136.50 92.50
137.00 93.00
137.50 93.00
138.00 93.00
138.50 93.50
139.00 93.50
139.50 93.50
140.00 94.00
140.50 94.00
141.00 94.50
141.50 95.00
142.00 95.00
142.50 95.50
143.00 96.00
143.50 96.00
144.00 96.50
144.50 96.50
145.00 97.00
145.50 97.50
146.00 98.00
146.50 98.50
147.00 99.00
147.50 99.00
148.00 99.50
148.50 100.00
148.50 100.50
149.00 101.00
149.50 101.50
150.00 101.50
150.50 102.00
151.00 102.50
151.00 103.00
151.50 103.50
152.00 104.00
152.00 104.50
152.50 105.00
153.00 105.50
153.00 106.00
153.50 106.50
153.50 107.00
154.00 107.50
154.00 108.00
154.50 108.50
154.50 109.00
154.50 109.50
155.00 110.00
155.00 110.50
155.50 111.00
155.50 111.50
155.50 112.00
156.00 112.50
156.00 113.00
156.00 113.50
156.00 114.00
156.00 114.50
156.50 115.00
156.50 115.50
156.50 116.00
156.50 116.50
157.00 117.00
157.00 117.50
157.00 118.00
157.00 118.50
157.00 119.00
157.50 119.50
157.50 120.00
157.50 120.50
157.50 121.00
157.50 121.50
157.50 122.00
157.50 122.50
157.50 123.00
157.50 123.50
157.50 124.00
157.50 124.50
157.50 125.00
157.50 125.50
157.50 126.00
157.50 126.50
157.50 127.00
157.50 127.50
157.00 128.00
157.00 128.50
157.00 129.00
157.00 129.50
157.00 130.00
156.50 130.50
156.50 131.00
156.00 131.50
156.00 132.00
155.50 132.50
155.50 133.00
155.00 133.50
154.50 134.00
154.50 134.50
154.00 135.00
153.50 135.50
153.50 136.00
153.00 136.50
152.50 137.00
152.00 137.50
151.50 138.00
151.00 138.50
150.50 139.00
150.00 139.00
149.50 139.50
149.00 140.00
148.50 140.50
148.00 140.50
147.50 141.00
147.00 141.50
146.50 141.50
146.00 141.50
145.50 142.00
145.00 142.50
144.50 142.50
144.00 143.00
143.50 143.00
143.00 143.00
142.50 143.00
142.00 143.50
141.50 143.50
141.00 143.50
140.50 144.00
140.00 144.00
139.50 144.00
139.00 144.00
138.50 144.50
138.00 144.50
137.50 144.50
137.00 144.50
136.50 144.50
136.00 144.50
135.50 144.50
135.00 144.50
134.50 144.50
134.00 144.50
133.50 144.50
133.00 144.50
132.50 144.50
132.00 144.50
131.50 144.50
131.00 144.50
130.50 144.50
130.00 144.50
129.50 144.50
129.00 144.50
128.50 144.50
128.00 144.50
127.50 144.50
127.00 144.00
126.50 144.00
126.00 144.00
125.50 144.00
125.00 144.00
124.50 143.50
124.00 143.50
123.50 143.50
123.00 143.50
122.50 143.00
122.00 143.00
121.50 143.00
121.00 142.50
120.50 142.50
120.00 142.00
119.50 142.00
119.00 141.50
118.50 141.50
118.00 141.50
117.50 141.00
117.00 140.50
116.50 140.50
116.00 140.00
115.50 140.00
115.00 139.50
114.50 139.50
114.00 139.00
113.50 138.50
113.00 138.50
112.50 138.00
112.00 137.50
111.50 137.00
111.00 136.50
110.50 136.00
110.00 135.50
109.50 135.00
109.00 134.50
108.50 134.00
108.50 133.50
108.00 133.00
108.00 132.50
107.50 132.00
107.00 131.50
107.00 131.00
107.00 130.50
106.50 130.00
106.50 129.50
106.50 129.00
106.00 128.50
106.00 128.00
106.00 127.50
106.00 127.00
106.00 126.50
105.50 126.00
105.50 125.50
105.50 125.00
105.50 124.50
105.50 124.00
105.50 123.50
105.50 123.00
105.50 122.50
105.50 122.00
105.50 121.50
105.50 121.00
105.50 120.50
105.50 120.00
105.50 119.50
105.50 119.00
105.50 118.50
105.50 118.00
105.50 117.50
105.50 117.00
105.50 116.50
105.50 116.00
105.50 115.50
105.50 115.00
105.50 114.50
106.00 114.00
106.00 113.50
106.00 113.00
106.00 112.50
106.00 112.00
106.00 111.50
106.00 111.00
106.50 110.50
106.50 110.00
106.50 109.50
106.50 109.00
107.00 108.50
107.00 108.00
107.50 107.50
107.50 107.00
107.50 106.50
108.00 106.00
108.00 105.50
108.50 105.00
109.00 104.50
109.00 104.00
109.50 103.50
110.00 103.00
110.50 102.50
110.50 102.00
111.00 101.50
111.50 101.00
112.00 100.50
112.50 100.50
113.00 100.00
113.50 99.50
114.00 99.00
114.50 98.50
115.00 98.50
