115.00 95.00
115.50 94.50
116.00 94.50
116.50 94.00
117.00 94.00
117.50 93.50
118.00 93.50
118.50 93.00
119.00 93.00
119.50 93.00
120.00 92.50
120.50 92.50
121.00 92.50
121.50 92.00
122.00 92.00
122.50 92.00
123.00 91.50
123.50 91.50
124.00 91.50
124.50 91.50
125.00 91.50
125.50 91.00
126.00 91.00
126.50 91.00
127.00 91.00
127.50 91.00
128.00 91.00
128.50 91.00
129.00 91.00
129.50 91.00
130.00 91.00
130.50 91.00
131.00 91.00
131.50 91.00
132.00 91.00
132.50 91.00
133.00 91.00
133.50 91.00
134.00 91.50
134.50 91.50
135.00 91.50
135.50 91.50
136.00 91.50
136.50 92.00
137.00 92.00
137.50 92.00
138.00 92.00
138.50 92.50
139.00 92.50
139.50 92.50
140.00 93.00
140.50 93.00
141.00 93.50
141.50 93.50
142.00 94.00
142.50 94.00
143.00 94.00
143.50 94.50
144.00 94.50
144.50 95.00
145.00 95.50
145.50 95.50
146.00 96.00
146.50 96.00
147.00 96.50
147.50 96.50
148.00 97.00
148.50 97.50
149.00 97.50
149.50 98.00
150.00 98.50
150.50 98.50
151.00 99.00
151.50 99.50
152.00 100.00
152.50 100.50
153.00 100.50
153.50 101.00
153.50 101.50
154.00 102.00
154.50 102.50
155.00 103.00
155.50 103.50
156.00 104.00
156.00 104.50
156.50 105.00
157.00 105.50
157.00 106.00
157.50 106.50
158.00 107.00
158.00 107.50
158.00 108.00
158.50 108.50
158.50 109.00
159.00 109.50
159.00 110.00
159.00 110.50
159.50 111.00
159.50 111.50
159.50 112.00
159.50 112.50
160.00 113.00
160.00 113.50
160.00 114.00
160.00 114.50
160.00 115.00
160.00 115.50
160.50 116.00
160.50 116.50
160.50 117.00
160.50 117.50
160.50 118.00
160.50 118.50
160.50 119.00
160.50 119.50
160.50 120.00
160.50 120.50
160.50 121.00
160.50 121.50
160.50 122.00
160.50 122.50
160.50 123.00
160.50 123.50
160.50 124.00
160.50 124.50
160.50 125.00
160.50 125.50
160.50 126.00
160.00 126.50
160.00 127.00
160.00 127.50
160.00 128.00
160.00 128.50
159.50 129.00
159.50 129.50
159.50 130.00
159.50 130.50
159.00 131.00
159.00 131.50
159.00 132.00
158.50 132.50
158.00 133.00
158.00 133.50
157.50 134.00
157.50 134.50
157.00 135.00
156.50 135.50
156.50 136.00
156.00 136.50
155.50 137.00
155.00 137.50
154.50 138.00
154.00 138.50
153.50 139.00
153.00 139.50
152.50 140.00
152.00 140.50
151.50 140.50
151.00 141.00
150.50 141.50
150.00 142.00
149.50 142.00
149.00 142.50
148.50 143.00
148.00 143.00
147.50 143.50
147.00 143.50
146.50 144.00
146.00 144.00
145.50 144.00
145.00 144.50
144.50 145.00
144.00 145.00
143.50 145.00
143.00 145.50
142.50 145.50
142.00 146.00
141.50 146.00
141.00 146.00
140.50 146.00
140.00 146.50
139.50 146.50
139.00 146.50
138.50 147.00
138.00 147.00
137.50 147.00
137.00 147.00
136.50 147.00
136.00 147.50
135.50 147.50
135.00 147.50
134.50 147.50
134.00 147.50
133.50 148.00
133.00 148.00
132.50 148.00
132.00 148.00
131.50 148.00
131.00 148.00
130.50 148.00
130.00 148.00
129.50 148.00
129.00 148.50
128.50 148.50
128.00 148.50
127.50 148.50
127.00 148.50
126.50 148.50
126.00 148.50
125.50 148.50
125.00 148.50
124.50 148.50
124.00 148.50
123.50 148.50
123.00 148.50
122.50 148.50
122.00 148.50
121.50 148.50
121.00 148.50
120.50 148.50
120.00 148.50
119.50 148.50
119.00 148.50
118.50 148.50
118.00 148.50
117.50 148.50
117.00 148.50
116.50 148.00
116.00 148.00
115.50 148.00
115.00 148.00
114.50 148.00
114.00 147.50
113.50 147.50
113.00 147.50
112.50 147.00
112.00 147.00
111.50 146.50
111.00 146.00
110.50 146.00
110.00 145.50
109.50 145.00
109.00 144.50
108.50 144.00
108.00 143.50
107.50 143.00
107.50 142.50
107.00 142.00
106.50 141.50
106.00 141.00
106.00 140.50
105.50 140.00
105.50 139.50
105.00 139.00
105.00 138.50
104.50 138.00
104.50 137.50
104.50 137.00
104.00 136.50
104.00 136.00
104.00 135.50
104.00 135.00
103.50 134.50
103.50 134.00
103.50 133.50
103.00 133.00
103.00 132.50
103.00 132.00
103.00 131.50
103.00 131.00
103.00 130.50
102.50 130.00
102.50 129.50
102.50 129.00
102.50 128.50
102.50 128.00
102.50 127.50
102.50 127.00
102.50 126.50
102.50 126.00
102.50 125.50
102.50 125.00
102.50 124.50
102.50 124.00
102.50 123.50
102.50 123.00
102.50 122.50
102.50 122.00
102.50 121.50
102.50 121.00
102.50 120.50
102.50 120.00
102.50 119.50
102.50 119.00
102.50 118.50
102.50 118.00
102.50 117.50
102.50 117.00
102.50 116.50
102.50 116.00
102.50 115.50
102.50 115.00
102.50 114.50
103.00 114.00
103.00 113.50
103.00 113.00
103.00 112.50
103.00 112.00
103.00 111.50
103.00 111.00
103.50 110.50
103.50 110.00
103.50 109.50
103.50 109.00
104.00 108.50
104.00 108.00
104.50 107.50
104.50 107.00
104.50 106.50
105.00 106.00
105.50 105.50
105.50 105.00
106.00 104.50
106.50 104.00
106.50 103.50
107.00 103.00
107.50 102.50
107.50 102.00
108.00 101.50
108.50 101.00
109.00 100.50
109.00 100.00
109.50 99.50
110.00 99.50
110.50 99.00
111.00 98.50
111.50 98.00
112.00 97.50
112.50 97.00
113.00 96.50
113.50 96.00
114.00 95.50
114.50 95.50
