106.50 113.00
107.00 112.50
107.00 112.00
107.50 111.50
107.50 111.00
108.00 110.50
108.50 110.00
108.50 109.50
109.00 109.00
109.50 108.50
110.00 108.00
110.50 107.50
111.00 107.00
111.00 106.50
111.50 106.00
112.00 105.50
112.50 105.00
113.00 104.50
113.50 104.00
113.50 103.50
114.00 103.00
114.50 102.50
115.00 102.00
115.50 101.50
116.00 101.00
116.00 100.50
116.50 100.00
117.00 100.00
117.50 99.50
118.00 99.00
118.50 98.50
119.00 98.00
119.50 98.00
120.00 97.50
120.50 97.50
121.00 97.00
121.50 96.50
122.00 96.50
122.50 96.50
123.00 96.00
123.50 96.00
124.00 96.00
124.50 96.00
125.00 95.50
125.50 95.50
126.00 95.50
126.50 95.50
127.00 95.50
127.50 95.50
128.00 95.50
128.50 95.50
129.00 95.50
129.50 95.50
130.00 95.50
130.50 95.50
131.00 95.50
131.50 95.50
132.00 95.50
132.50 95.50
133.00 96.00
133.50 96.00
134.00 96.00
134.50 96.00
135.00 96.00
135.50 96.50
136.00 96.50
136.50 96.50
137.00 97.00
137.50 97.00
138.00 97.50
138.50 97.50
139.00 97.50
139.50 98.00
140.00 98.00
140.50 98.50
141.00 99.00
141.50 99.00
142.00 99.50
142.50 100.00
143.00 100.00
143.50 100.50
144.00 101.00
144.50 101.00
145.00 101.50
145.50 102.00
146.00 102.50
146.50 103.00
147.00 103.50
147.50 104.00
148.00 104.50
148.00 105.00
148.50 105.50
149.00 106.00
149.50 106.50
149.50 107.00
150.00 107.50
150.50 108.00
150.50 108.50
151.00 109.00
151.50 109.50
151.50 110.00
151.50 110.50
152.00 111.00
152.00 111.50
152.50 112.00
152.50 112.50
153.00 113.00
153.00 113.50
153.50 114.00
153.50 114.50
153.50 115.00
154.00 115.50
154.00 116.00
154.00 116.50
154.50 117.00
154.50 117.50
154.50 118.00
155.00 118.50
155.00 119.00
155.00 119.50
155.00 120.00
155.00 120.50
155.50 121.00
155.50 121.50
155.50 122.00
155.50 122.50
155.50 123.00
155.50 123.50
155.50 124.00
155.50 124.50
155.50 125.00
155.50 125.50
155.50 126.00
155.50 126.50
155.50 127.00
155.50 127.50
155.50 128.00
155.50 128.50
155.50 129.00
155.50 129.50
155.00 130.00
155.00 130.50
155.00 131.00
154.50 131.50
154.50 132.00
154.50 132.50
154.00 133.00
154.00 133.50
154.00 134.00
153.50 134.50
153.50 135.00
153.00 135.50
153.00 136.00
152.50 136.50
152.00 137.00
152.00 137.50
151.50 138.00
151.50 138.50
151.00 139.00
150.50 139.50
150.50 140.00
150.00 140.50
149.50 141.00
149.00 141.50
148.50 142.00
148.00 142.50
147.50 143.00
147.00 143.50
146.50 144.00
146.00 144.50
145.50 145.00
145.00 145.50
144.50 145.50
144.00 146.00
143.50 146.50
143.00 146.50
142.50 147.00
142.00 147.00
141.50 147.50
141.00 147.50
140.50 148.00
140.00 148.00
139.50 148.50
139.00 148.50
138.50 148.50
138.00 149.00
137.50 149.00
137.00 149.00
136.50 149.50
136.00 149.50
135.50 149.50
135.00 150.00
134.50 150.00
134.00 150.00
133.50 150.00
133.00 150.00
132.50 150.00
132.00 150.00
131.50 150.00
131.00 150.00
130.50 150.00
130.00 150.00
129.50 150.00
129.00 150.00
128.50 150.00
128.00 150.00
127.50 150.00
127.00 150.00
126.50 150.00
126.00 150.00
125.50 149.50
125.00 149.50
124.50 149.50
124.00 149.50
123.50 149.00
123.00 149.00
122.50 149.00
122.00 149.00
121.50 148.50
121.00 148.50
120.50 148.00
120.00 148.00
119.50 148.00
119.00 147.50
118.50 147.50
118.00 147.00
117.50 147.00
117.00 146.50
116.50 146.00
116.00 146.00
115.50 145.50
115.00 145.00
114.50 145.00
114.00 144.50
113.50 144.00
113.00 143.50
112.50 143.00
112.00 142.50
111.50 142.00
111.00 141.50
110.50 141.00
110.00 140.50
109.50 140.00
109.00 139.50
109.00 139.00
108.50 138.50
108.00 138.00
108.00 137.50
107.50 137.00
107.00 136.50
107.00 136.00
106.50 135.50
106.50 135.00
106.00 134.50
106.00 134.00
105.50 133.50
105.50 133.00
105.00 132.50
105.00 132.00
105.00 131.50
104.50 131.00
104.50 130.50
104.50 130.00
104.00 129.50
104.00 129.00
104.00 128.50
104.00 128.00
103.50 127.50
103.50 127.00
103.50 126.50
103.50 126.00
103.50 125.50
103.50 125.00
103.50 124.50
103.50 124.00
103.50 123.50
103.50 123.00
103.50 122.50
103.50 122.00
103.50 121.50
103.50 121.00
104.00 120.50
104.00 120.00
104.00 119.50
104.00 119.00
104.50 118.50
104.50 118.00
104.50 117.50
104.50 117.00
105.00 116.50
105.00 116.00
105.50 115.50
105.50 115.00
106.00 114.50
106.00 114.00
106.00 113.50
