114.50 95.00
115.00 94.50
115.50 94.50
116.00 94.00
116.50 94.00
117.00 93.50
117.50 93.50
118.00 93.00
118.50 93.00
119.00 93.00
119.50 92.50
120.00 92.50
120.50 92.50
121.00 92.00
121.50 92.00
122.00 92.00
122.50 92.00
123.00 92.00
123.50 92.00
124.00 91.50
124.50 91.50
125.00 91.50
125.50 91.50
126.00 91.50
126.50 91.50
127.00 91.50
127.50 91.50
128.00 91.50
128.50 91.50
129.00 91.50
129.50 91.50
130.00 91.50
130.50 91.50
131.00 91.50
131.50 91.50
132.00 91.50
132.50 92.00
133.00 92.00
133.50 92.00
134.00 92.00
134.50 92.00
135.00 92.00
135.50 92.50
136.00 92.50
136.50 92.50
137.00 92.50
137.50 92.50
138.00 93.00
138.50 93.00
139.00 93.00
139.50 93.50
140.00 93.50
140.50 94.00
141.00 94.00
141.50 94.00
142.00 94.00
142.50 94.50
143.00 94.50
143.50 95.00
144.00 95.00
144.50 95.50
145.00 95.50
145.50 96.00
146.00 96.50
146.50 96.50
147.00 97.00
147.50 97.00
148.00 97.50
148.50 98.00
149.00 98.50
149.50 98.50
150.00 99.00
150.50 99.50
151.00 100.00
151.50 100.50
152.00 101.00
152.50 101.50
153.00 102.00
153.50 102.50
154.00 103.00
154.50 103.50
155.00 104.00
155.00 104.50
155.50 105.00
156.00 105.50
156.50 106.00
156.50 106.50
157.00 107.00
157.00 107.50
157.50 108.00
157.50 108.50
157.50 109.00
158.00 109.50
158.00 110.00
158.50 110.50
158.50 111.00
158.50 111.50
159.00 112.00
159.00 112.50
159.00 113.00
159.00 113.50
159.50 114.00
159.50 114.50
159.50 115.00
159.50 115.50
159.50 116.00
160.00 116.50
160.00 117.00
160.00 117.50
160.00 118.00
160.00 118.50
160.00 119.00
160.00 119.50
160.00 120.00
160.00 120.50
160.00 121.00
160.00 121.50
160.00 122.00
160.00 122.50
160.00 123.00
160.00 123.50
160.00 124.00
160.00 124.50
160.00 125.00
159.50 125.50
159.50 126.00
159.50 126.50
159.50 127.00
159.50 127.50
159.50 128.00
159.00 128.50
159.00 129.00
159.00 129.50
158.50 130.00
158.50 130.50
158.50 131.00
158.00 131.50
158.00 132.00
158.00 132.50
157.50 133.00
157.50 133.50
157.00 134.00
156.50 134.50
156.50 135.00
156.00 135.50
156.00 136.00
155.50 136.50
155.00 137.00
154.50 137.50
154.50 138.00
154.00 138.50
153.50 139.00
153.00 139.50
152.50 140.00
152.00 140.50
151.50 140.50
151.00 141.00
150.50 141.50
150.00 142.00
149.50 142.00
149.00 142.50
148.50 143.00
148.00 143.00
147.50 143.50
147.00 143.50
146.50 144.00
146.00 144.00
145.50 144.00
145.00 144.50
144.50 144.50
144.00 144.50
143.50 145.00
143.00 145.00
142.50 145.00
142.00 145.00
141.50 145.00
141.00 145.50
140.50 145.50
140.00 145.50
139.50 145.50
139.00 145.50
138.50 145.50
138.00 145.50
137.50 145.50
137.00 145.50
136.50 145.50
136.00 145.50
135.50 145.50
135.00 145.50
134.50 145.50
134.00 145.50
133.50 145.50
133.00 145.50
132.50 145.50
132.00 145.50
131.50 145.00
131.00 145.00
130.50 145.00
130.00 145.00
129.50 145.00
129.00 145.00
128.50 145.00
128.00 144.50
127.50 144.50
127.00 144.50
126.50 144.50
126.00 144.50
125.50 144.50
125.00 144.00
124.50 144.00
124.00 144.00
123.50 144.00
123.00 143.50
122.50 143.50
122.00 143.50
121.50 143.00
121.00 143.00
120.50 143.00
120.00 143.00
119.50 142.50
119.00 142.50
118.50 142.50
118.00 142.50
117.50 142.00
117.00 142.00
116.50 141.50
116.00 141.50
115.50 141.00
115.00 141.00
114.50 140.50
114.00 140.50
113.50 140.00
113.00 140.00
112.50 139.50
112.00 139.00
111.50 139.00
111.00 138.50
110.50 138.00
110.00 137.50
109.50 137.00
109.00 136.50
108.50 136.00
108.00 135.50
108.00 135.00
107.50 134.50
107.50 134.00
107.00 133.50
106.50 133.00
106.50 132.50
106.00 132.00
106.00 131.50
105.50 131.00
105.50 130.50
105.00 130.00
105.00 129.50
105.00 129.00
104.50 128.50
104.50 128.00
104.50 127.50
104.00 127.00
104.00 126.50
104.00 126.00
104.00 125.50
104.00 125.00
104.00 124.50
103.50 124.00
103.50 123.50
103.50 123.00
103.50 122.50
103.50 122.00
103.50 121.50
103.50 121.00
103.50 120.50
103.50 120.00
103.50 119.50
103.50 119.00
103.50 118.50
103.50 118.00
103.50 117.50
103.50 117.00
103.50 116.50
103.50 116.00
104.00 115.50
104.00 115.00
104.00 114.50
104.00 114.00
104.00 113.50
104.50 113.00
104.50 112.50
104.50 112.00
104.50 111.50
105.00 111.00
105.00 110.50
105.00 110.00
105.50 109.50
105.50 109.00
105.50 108.50
106.00 108.00
106.00 107.50
106.00 107.00
106.50 106.50
106.50 106.00
106.50 105.50
107.00 105.00
107.50 104.50
107.50 104.00
107.50 103.50
108.00 103.00
108.00 102.50
108.50 102.00
109.00 101.50
109.00 101.00
109.50 100.50
109.50 100.00
110.00 99.50
110.50 99.00
111.00 98.50
111.00 98.00
111.50 97.50
112.00 97.00
112.50 96.50
113.00 96.00
113.50 96.00
114.00 95.50
