108.00 101.50
108.50 101.00
109.00 100.50
109.50 100.00
110.00 99.50
110.50 99.00
111.00 98.50
111.50 98.00
112.00 98.00
112.50 97.50
113.00 97.00
113.50 97.00
114.00 96.50
114.50 96.50
115.00 96.00
115.50 96.00
116.00 95.50
116.50 95.50
117.00 95.50
117.50 95.00
118.00 95.00
118.50 95.00
119.00 94.50
119.50 94.50
120.00 94.50
120.50 94.00
121.00 94.00
121.50 94.00
122.00 94.00
122.50 94.00
123.00 93.50
123.50 93.50
124.00 93.50
124.50 93.50
125.00 93.50
125.50 93.50
126.00 93.00
126.50 93.00
127.00 93.00
127.50 93.00
128.00 93.00
128.50 93.00
129.00 93.00
129.50 93.00
130.00 93.00
130.50 93.00
131.00 93.00
131.50 93.00
132.00 93.00
132.50 93.00
133.00 93.00
133.50 93.00
134.00 93.00
134.50 93.00
135.00 93.00
135.50 93.00
136.00 93.50
136.50 93.50
137.00 93.50
137.50 93.50
138.00 93.50
138.50 94.00
139.00 94.00
139.50 94.00
140.00 94.00
140.50 94.50
141.00 94.50
141.50 94.50
142.00 95.00
142.50 95.00
143.00 95.50
143.50 95.50
144.00 95.50
144.50 96.00
145.00 96.00
145.50 96.50
146.00 96.50
146.50 97.00
147.00 97.00
147.50 97.50
148.00 98.00
148.50 98.00
149.00 98.50
149.50 98.50
150.00 99.00
150.50 99.50
151.00 99.50
151.50 100.00
151.50 100.50
152.00 101.00
152.50 101.00
153.00 101.50
153.50 102.00
153.50 102.50
154.00 103.00
154.50 103.00
155.00 103.50
155.00 104.00
155.50 104.50
156.00 105.00
156.00 105.50
156.50 106.00
157.00 106.50
157.00 107.00
157.50 107.50
157.50 108.00
158.00 108.50
158.00 109.00
158.50 109.50
158.50 110.00
158.50 110.50
159.00 111.00
159.00 111.50
159.50 112.00
159.50 112.50
159.50 113.00
160.00 113.50
160.00 114.00
160.00 114.50
160.00 115.00
160.50 115.50
160.50 116.00
160.50 116.50
160.50 117.00
160.50 117.50
161.00 118.00
161.00 118.50
161.00 119.00
161.00 119.50
161.00 120.00
161.00 120.50
161.00 121.00
161.50 121.50
161.50 122.00
161.50 122.50
161.50 123.00
161.50 123.50
161.50 124.00
161.50 124.50
161.50 125.00
161.50 125.50
161.50 126.00
161.50 126.50
161.50 127.00
161.50 127.50
161.50 128.00
161.50 128.50
161.50 129.00
161.50 129.50
161.00 130.00
161.00 130.50
161.00 131.00
161.00 131.50
160.50 132.00
160.50 132.50
160.50 133.00
160.50 133.50
160.00 134.00
160.00 134.50
160.00 135.00
159.50 135.50
159.50 136.00
159.00 136.50
159.00 137.00
158.50 137.50
158.50 138.00
158.00 138.50
157.50 139.00
157.00 139.50
157.00 140.00
156.50 140.50
156.50 141.00
156.00 141.50
155.50 142.00
155.00 142.50
154.50 143.00
154.00 143.50
153.50 144.00
153.00 144.50
152.50 145.00
152.00 145.50
151.50 146.00
151.00 146.00
150.50 146.50
150.00 147.00
149.50 147.50
149.00 147.50
148.50 148.00
148.00 148.00
147.50 148.50
147.00 148.50
146.50 149.00
146.00 149.00
145.50 149.50
145.00 149.50
144.50 149.50
144.00 150.00
143.50 150.00
143.00 150.50
142.50 150.50
142.00 150.50
141.50 151.00
141.00 151.00
140.50 151.00
140.00 151.00
139.50 151.50
139.00 151.50
138.50 151.50
138.00 151.50
137.50 151.50
137.00 152.00
136.50 152.00
136.00 152.00
135.50 152.00
135.00 152.00
134.50 152.00
134.00 152.00
133.50 152.50
133.00 152.50
132.50 152.50
132.00 152.50
131.50 152.50
131.00 152.50
130.50 152.50
130.00 152.50
129.50 152.50
129.00 152.50
128.50 152.50
128.00 152.50
127.50 152.50
127.00 152.50
126.50 152.50
126.00 152.50
125.50 152.50
125.00 152.50
124.50 152.50
124.00 152.50
123.50 152.50
123.00 152.50
122.50 152.50
122.00 152.50
121.50 152.00
121.00 152.00
120.50 152.00
120.00 152.00
119.50 152.00
119.00 152.00
118.50 151.50
118.00 151.50
117.50 151.50
117.00 151.50
116.50 151.50
116.00 151.00
115.50 151.00
115.00 151.00
114.50 151.00
114.00 150.50
113.50 150.50
113.00 150.00
112.50 150.00
112.00 149.50
111.50 149.50
111.00 149.50
110.50 149.00
110.00 148.50
109.50 148.50
109.00 148.00
108.50 148.00
108.00 147.50
107.50 147.00
107.00 146.50
106.50 146.00
106.00 145.50
105.50 145.00
105.50 144.50
105.00 144.00
104.50 143.50
104.00 143.00
104.00 142.50
103.50 142.00
103.00 141.50
103.00 141.00
102.50 140.50
102.50 140.00
102.00 139.50
102.00 139.00
102.00 138.50
101.50 138.00
101.50 137.50
101.50 137.00
101.00 136.50
101.00 136.00
101.00 135.50
100.50 135.00
100.50 134.50
100.50 134.00
100.50 133.50
100.50 133.00
100.50 132.50
100.00 132.00
100.00 131.50
100.00 131.00
100.00 130.50
100.00 130.00
100.00 129.50
100.00 129.00
100.00 128.50
100.00 128.00
100.00 127.50
100.00 127.00
100.00 126.50
100.00 126.00
100.00 125.50
100.00 125.00
100.00 124.50
100.50 124.00
100.50 123.50
100.50 123.00
100.50 122.50
100.50 122.00
101.00 121.50
101.00 121.00
101.00 120.50
101.00 120.00
101.50 119.50
101.50 119.00
101.50 118.50
101.50 118.00
102.00 117.50
102.00 117.00
102.00 116.50
102.00 116.00
102.50 115.50
102.50 115.00
103.00 114.50
103.00 114.00
103.00 113.50
103.00 113.00
103.50 112.50
103.50 112.00
103.50 111.50
104.00 111.00
104.00 110.50
104.00 110.00
104.50 109.50
104.50 109.00
104.50 108.50
105.00 108.00
105.00 107.50
105.00 107.00
105.50 106.50
105.50 106.00
106.00 105.50
106.00 105.00
106.00 104.50
106.50 104.00
106.50 103.50
107.00 103.00
107.00 102.50
107.50 102.00
