113.50 105.50
114.00 105.00
114.50 104.50
115.00 104.50
115.50 104.50
116.00 104.00
116.50 103.50
117.00 103.50
117.50 103.50
118.00 103.00
118.50 102.50
119.00 102.50
119.50 102.50
120.00 102.00
120.50 102.00
121.00 101.50
121.50 101.50
122.00 101.50
122.50 101.00
123.00 101.00
123.50 101.00
124.00 100.50
124.50 100.50
125.00 100.00
125.50 100.00
126.00 100.00
126.50 99.50
127.00 99.50
127.50 99.50
128.00 99.00
128.50 99.00
129.00 99.00
129.50 98.50
130.00 98.50
130.50 98.50
131.00 98.50
131.50 98.00
132.00 98.00
132.50 98.00
133.00 98.00
133.50 98.00
134.00 98.00
134.50 98.00
135.00 98.00
135.50 98.00
136.00 98.00
136.50 98.00
137.00 98.00
137.50 98.00
138.00 98.00
138.50 98.50
139.00 98.50
139.50 98.50
140.00 99.00
140.50 99.00
141.00 99.00
141.50 99.00
142.00 99.50
142.50 99.50
143.00 100.00
143.50 100.50
144.00 100.50
144.50 101.00
145.00 101.50
145.50 102.00
146.00 102.50
146.50 103.00
147.00 103.50
147.50 104.00
147.50 104.50
148.00 105.00
148.50 105.50
149.00 106.00
149.00 106.50
149.50 107.00
149.50 107.50
150.00 108.00
150.50 108.50
150.50 109.00
150.50 109.50
151.00 110.00
151.50 110.50
151.50 111.00
151.50 111.50
152.00 112.00
152.00 112.50
152.50 113.00
152.50 113.50
152.50 114.00
153.00 114.50
153.00 115.00
153.00 115.50
153.50 116.00
153.50 116.50
153.50 117.00
154.00 117.50
154.00 118.00
154.00 118.50
154.00 119.00
154.50 119.50
154.50 120.00
154.50 120.50
154.50 121.00
154.50 121.50
154.50 122.00
154.50 122.50
154.50 123.00
155.00 123.50
155.00 124.00
155.00 124.50
155.00 125.00
155.00 125.50
155.00 126.00
155.00 126.50
155.00 127.00
154.50 127.50
154.50 128.00
154.50 128.50
154.50 129.00
154.50 129.50
154.50 130.00
154.50 130.50
154.50 131.00
154.50 131.50
154.00 132.00
154.00 132.50
154.00 133.00
154.00 133.50
153.50 134.00
153.50 134.50
153.50 135.00
153.00 135.50
153.00 136.00
152.50 136.50
152.50 137.00
152.50 137.50
152.00 138.00
151.50 138.50
151.50 139.00
151.00 139.50
150.50 140.00
150.00 140.50
150.00 141.00
149.50 141.50
149.00 142.00
148.50 142.50
148.00 142.50
147.50 143.00
147.00 143.50
146.50 144.00
146.00 144.00
145.50 144.50
145.00 145.00
144.50 145.00
144.00 145.50
143.50 145.50
143.00 145.50
142.50 146.00
142.00 146.50
141.50 146.50
141.00 146.50
140.50 147.00
140.00 147.00
139.50 147.00
139.00 147.50
138.50 147.50
138.00 147.50
137.50 147.50
137.00 148.00
136.50 148.00
136.00 148.00
135.50 148.00
135.00 148.00
134.50 148.00
134.00 148.00
133.50 148.50
133.00 148.50
132.50 148.50
132.00 148.50
131.50 148.50
131.00 148.50
130.50 148.50
130.00 148.50
129.50 148.50
129.00 148.50
128.50 148.50
128.00 148.00
127.50 148.00
127.00 148.00
126.50 148.00
126.00 148.00
125.50 148.00
125.00 147.50
124.50 147.50
124.00 147.50
123.50 147.50
123.00 147.50
122.50 147.00
122.00 147.00
121.50 147.00
121.00 146.50
120.50 146.50
120.00 146.50
119.50 146.00
119.00 146.00
118.50 145.50
118.00 145.50
117.50 145.00
117.00 145.00
116.50 144.50
116.00 144.00
115.50 144.00
115.00 143.50
114.50 143.00
114.00 142.50
113.50 142.00
113.00 141.50
113.00 141.00
112.50 140.50
112.00 140.00
112.00 139.50
111.50 139.00
111.00 138.50
111.00 138.00
110.50 137.50
110.50 137.00
110.50 136.50
110.00 136.00
110.00 135.50
109.50 135.00
109.50 134.50
109.50 134.00
109.00 133.50
109.00 133.00
109.00 132.50
109.00 132.00
108.50 131.50
108.50 131.00
108.50 130.50
108.00 130.00
108.00 129.50
108.00 129.00
108.00 128.50
107.50 128.00
107.50 127.50
107.50 127.00
107.00 126.50
107.00 126.00
107.00 125.50
107.00 125.00
106.50 124.50
106.50 124.00
106.50 123.50
106.50 123.00
106.50 122.50
106.00 122.00
106.00 121.50
106.00 121.00
106.00 120.50
106.00 120.00
106.00 119.50
106.00 119.00
106.00 118.50
106.00 118.00
106.00 117.50
106.00 117.00
106.00 116.50
106.00 116.00
106.50 115.50
106.50 115.00
106.50 114.50
106.50 114.00
107.00 113.50
107.00 113.00
107.00 112.50
107.50 112.00
107.50 111.50
108.00 111.00
108.50 110.50
108.50 110.00
109.00 109.50
109.50 109.00
110.00 108.50
110.50 108.00
111.00 107.50
111.50 107.00
112.00 106.50
112.50 106.00
113.00 106.00
