110.50 103.50
111.00 103.00
111.50 102.50
112.00 102.00
112.50 101.50
113.00 101.00
113.50 100.50
114.00 100.00
114.50 99.50
115.00 99.50
115.50 99.00
116.00 98.50
116.50 98.00
117.00 98.00
117.50 98.00
118.00 97.50
118.50 97.00
119.00 97.00
119.50 96.50
120.00 96.50
120.50 96.00
121.00 96.00
121.50 96.00
122.00 95.50
122.50 95.50
123.00 95.50
123.50 95.00
124.00 95.00
124.50 95.00
125.00 94.50
125.50 94.50
126.00 94.50
126.50 94.50
127.00 94.50
127.50 94.00
128.00 94.00
128.50 94.00
129.00 94.00
129.50 94.00
130.00 94.00
130.50 94.00
131.00 94.00
131.50 94.00
132.00 94.00
132.50 94.00
133.00 94.00
133.50 94.00
134.00 94.00
134.50 94.00
135.00 94.00
135.50 94.00
136.00 94.50
136.50 94.50
137.00 94.50
137.50 94.50
138.00 95.00
138.50 95.00
139.00 95.00
139.50 95.00
140.00 95.50
140.50 95.50
141.00 95.50
141.50 96.00
142.00 96.00
142.50 96.50
143.00 96.50
143.50 97.00
144.00 97.00
144.50 97.50
145.00 98.00
145.50 98.00
146.00 98.50
146.50 99.00
147.00 99.00
147.50 99.50
148.00 100.00
148.50 100.50
149.00 101.00
149.50 101.50
150.00 102.00
150.50 102.50
151.00 103.00
151.50 103.50
151.50 104.00
152.00 104.50
152.00 105.00
152.50 105.50
153.00 106.00
153.00 106.50
153.50 107.00
153.50 107.50
153.50 108.00
154.00 108.50
154.00 109.00
154.50 109.50
154.50 110.00
154.50 110.50
155.00 111.00
155.00 111.50
155.00 112.00
155.00 112.50
155.50 113.00
155.50 113.50
155.50 114.00
155.50 114.50
155.50 115.00
155.50 115.50
155.50 116.00
156.00 116.50
156.00 117.00
156.00 117.50
156.00 118.00
156.00 118.50
156.00 119.00
156.00 119.50
156.00 120.00
156.00 120.50
156.00 121.00
156.00 121.50
156.00 122.00
156.00 122.50
156.00 123.00
156.00 123.50
156.00 124.00
156.00 124.50
156.00 125.00
156.00 125.50
156.00 126.00
156.00 126.50
156.00 127.00
155.50 127.50
155.50 128.00
155.50 128.50
155.50 129.00
155.50 129.50
155.00 130.00
155.00 130.50
155.00 131.00
154.50 131.50
154.00 132.00
154.00 132.50
153.50 133.00
153.50 133.50
153.50 134.00
153.00 134.50
152.50 135.00
152.00 135.50
152.00 136.00
151.50 136.50
151.00 137.00
150.50 137.50
150.00 138.00
149.50 138.50
149.00 138.50
148.50 139.00
148.00 139.50
147.50 140.00
147.00 140.00
146.50 140.50
146.00 141.00
145.50 141.00
145.00 141.50
144.50 141.50
144.00 141.50
143.50 142.00
143.00 142.00
142.50 142.50
142.00 142.50
141.50 142.50
141.00 143.00
140.50 143.00
140.00 143.00
139.50 143.00
139.00 143.50
138.50 143.50
138.00 143.50
137.50 143.50
137.00 143.50
136.50 143.50
136.00 144.00
135.50 144.00
135.00 144.00
134.50 144.00
134.00 144.00
133.50 144.00
133.00 144.00
132.50 144.00
132.00 144.00
131.50 144.00
131.00 144.00
130.50 144.00
130.00 144.00
129.50 144.00
129.00 144.00
128.50 144.00
128.00 144.00
127.50 144.00
127.00 144.00
126.50 144.00
126.00 143.50
125.50 143.50
125.00 143.50
124.50 143.50
124.00 143.50
123.50 143.50
123.00 143.00
122.50 143.00
122.00 143.00
121.50 142.50
121.00 142.50
120.50 142.50
120.00 142.50
119.50 142.00
119.00 142.00
118.50 142.00
118.00 141.50
117.50 141.50
117.00 141.00
116.50 141.00
116.00 140.50
115.50 140.00
115.00 140.00
114.50 140.00
114.00 139.50
113.50 139.00
113.00 139.00
112.50 138.50
112.00 138.00
111.50 137.50
111.00 137.00
110.50 136.50
110.00 136.00
109.50 135.50
109.00 135.00
108.50 134.50
108.50 134.00
108.00 133.50
107.50 133.00
107.50 132.50
107.00 132.00
107.00 131.50
106.50 131.00
106.50 130.50
106.00 130.00
106.00 129.50
106.00 129.00
106.00 128.50
105.50 128.00
105.50 127.50
105.50 127.00
105.50 126.50
105.50 126.00
105.50 125.50
105.50 125.00
105.50 124.50
105.50 124.00
106.00 123.50
106.00 123.00
106.00 122.50
106.00 122.00
106.00 121.50
106.50 121.00
106.50 120.50
106.50 120.00
106.50 119.50
106.50 119.00
107.00 118.50
107.00 118.00
107.00 117.50
107.00 117.00
107.00 116.50
107.00 116.00
107.00 115.50
107.00 115.00
107.00 114.50
107.00 114.00
107.00 113.50
107.00 113.00
107.00 112.50
107.00 112.00
107.50 111.50
107.50 111.00
107.50 110.50
107.50 110.00
107.50 109.50
107.50 109.00
107.50 108.50
108.00 108.00
108.00 107.50
108.00 107.00
108.50 106.50
109.00 106.00
109.00 105.50
109.50 105.00
109.50 104.50
110.00 104.00
