128.50 111.50
129.00 111.00
129.50 111.00
130.00 111.00
130.50 111.00
131.00 110.50
131.50 110.50
132.00 110.50
132.50 110.50
133.00 110.50
133.50 110.50
134.00 110.50
134.50 110.50
135.00 110.50
135.50 110.50
136.00 111.00
136.50 111.00
137.00 111.00
137.50 111.50
138.00 111.50
138.50 111.50
139.00 112.00
139.50 112.50
140.00 112.50
140.50 113.00
141.00 113.50
141.50 114.00
142.00 114.50
142.50 115.00
143.00 115.50
143.00 116.00
143.50 116.50
144.00 117.00
144.00 117.50
144.00 118.00
144.50 118.50
144.50 119.00
144.50 119.50
145.00 120.00
145.00 120.50
145.00 121.00
145.00 121.50
145.00 122.00
145.00 122.50
145.00 123.00
145.00 123.50
145.00 124.00
145.00 124.50
144.50 125.00
144.50 125.50
144.50 126.00
144.00 126.50
144.00 127.00
143.50 127.50
143.50 128.00
143.00 128.50
142.50 129.00
142.50 129.50
142.00 130.00
141.50 130.50
141.00 130.50
140.50 131.00
140.00 131.00
139.50 131.50
139.00 131.50
138.50 132.00
138.00 132.00
137.50 132.00
137.00 132.00
136.50 132.00
136.00 132.00
135.50 132.00
135.00 132.00
134.50 132.00
134.00 132.00
133.50 132.00
133.00 131.50
132.50 131.50
132.00 131.50
131.50 131.50
131.00 131.50
130.50 131.00
130.00 131.00
129.50 131.00
129.00 130.50
128.50 130.50
128.00 130.00
127.50 130.00
127.00 129.50
126.50 129.50
126.00 129.00
125.50 129.00
125.00 128.50
124.50 128.00
124.00 127.50
123.50 127.00
123.00 126.50
123.00 126.00
122.50 125.50
122.50 125.00
122.00 124.50
122.00 124.00
122.00 123.50
122.00 123.00
122.00 122.50
122.00 122.00
122.00 121.50
122.00 121.00
122.00 120.50
122.00 120.00
122.00 119.50
122.00 119.00
122.50 118.50
122.50 118.00
123.00 117.50
123.00 117.00
123.00 116.50
123.50 116.00
123.50 115.50
124.00 115.00
124.50 114.50
125.00 114.00
125.50 113.50
126.00 113.00
126.50 113.00
127.00 112.50
127.50 112.00
128.00 111.50
