109.50 103.00
110.00 102.50
110.50 102.00
111.00 101.50
111.50 101.00
111.50 100.50
112.00 100.00
112.50 99.50
113.00 99.00
113.00 98.50
113.50 98.00
114.00 97.50
114.50 97.00
115.00 96.50
115.50 96.00
116.00 95.50
116.50 95.00
117.00 94.50
117.50 94.00
118.00 94.00
118.50 93.50
119.00 93.00
119.50 92.50
120.00 92.50
120.50 92.50
121.00 92.00
121.50 92.00
122.00 91.50
122.50 91.50
123.00 91.50
123.50 91.50
124.00 91.50
124.50 91.00
125.00 91.00
125.50 91.00
126.00 91.00
126.50 91.00
127.00 91.00
127.50 91.00
128.00 91.00
128.50 91.00
129.00 91.00
129.50 91.00
130.00 91.50
130.50 91.50
131.00 91.50
131.50 91.50
132.00 91.50
132.50 91.50
133.00 91.50
133.50 92.00
134.00 92.00
134.50 92.00
135.00 92.00
135.50 92.50
136.00 92.50
136.50 92.50
137.00 92.50
137.50 92.50
138.00 93.00
138.50 93.00
139.00 93.00
139.50 93.50
140.00 93.50
140.50 93.50
141.00 94.00
141.50 94.00
142.00 94.00
142.50 94.50
143.00 94.50
143.50 95.00
144.00 95.00
144.50 95.50
145.00 95.50
145.50 95.50
146.00 96.00
146.50 96.50
147.00 96.50
147.50 97.00
148.00 97.00
148.50 97.50
149.00 98.00
149.50 98.50
150.00 99.00
150.50 99.00
151.00 99.50
151.50 100.00
152.00 100.50
152.50 101.00
153.00 101.50
153.50 102.00
154.00 102.50
154.50 103.00
155.00 103.50
155.00 104.00
155.50 104.50
156.00 105.00
156.00 105.50
156.50 106.00
157.00 106.50
157.00 107.00
157.50 107.50
157.50 108.00
158.00 108.50
158.00 109.00
158.50 109.50
158.50 110.00
159.00 110.50
159.00 111.00
159.00 111.50
159.50 112.00
159.50 112.50
159.50 113.00
160.00 113.50
160.00 114.00
160.00 114.50
160.00 115.00
160.00 115.50
160.50 116.00
160.50 116.50
160.50 117.00
160.50 117.50
160.50 118.00
160.50 118.50
160.50 119.00
160.50 119.50
161.00 120.00
161.00 120.50
161.00 121.00
161.00 121.50
161.00 122.00
161.00 122.50
161.00 123.00
161.00 123.50
161.00 124.00
161.00 124.50
161.00 125.00
161.00 125.50
160.50 126.00
160.50 126.50
160.50 127.00
160.50 127.50
160.50 128.00
160.50 128.50
160.50 129.00
160.50 129.50
160.50 130.00
160.50 130.50
160.50 131.00
160.50 131.50
160.00 132.00
160.00 132.50
160.00 133.00
160.00 133.50
160.00 134.00
160.00 134.50
160.00 135.00
160.00 135.50
159.50 136.00
159.50 136.50
159.50 137.00
159.50 137.50
159.00 138.00
159.00 138.50
158.50 139.00
158.50 139.50
158.50 140.00
158.00 140.50
157.50 141.00
157.50 141.50
157.00 142.00
156.50 142.50
156.50 143.00
156.00 143.50
155.50 144.00
155.00 144.50
154.50 145.00
154.00 145.50
153.50 146.00
153.00 146.50
152.50 146.50
152.00 147.00
151.50 147.00
151.00 147.50
150.50 148.00
150.00 148.00
149.50 148.50
149.00 149.00
148.50 149.00
148.00 149.50
147.50 149.50
147.00 149.50
146.50 150.00
146.00 150.00
145.50 150.50
145.00 150.50
144.50 151.00
144.00 151.00
143.50 151.50
143.00 151.50
142.50 151.50
142.00 152.00
141.50 152.00
141.00 152.00
140.50 152.50
140.00 152.50
139.50 152.50
139.00 153.00
138.50 153.00
138.00 153.00
137.50 153.50
137.00 153.50
136.50 153.50
136.00 154.00
135.50 154.00
135.00 154.00
134.50 154.00
134.00 154.50
133.50 154.50
133.00 154.50
132.50 154.50
132.00 154.50
131.50 155.00
131.00 155.00
130.50 155.00
130.00 155.00
129.50 155.00
129.00 155.00
128.50 155.50
128.00 155.50
127.50 155.50
127.00 155.50
126.50 155.50
126.00 155.50
125.50 155.50
125.00 155.50
124.50 155.50
124.00 155.50
123.50 155.50
123.00 155.50
122.50 155.50
122.00 155.50
121.50 155.50
121.00 155.00
120.50 155.00
120.00 155.00
119.50 155.00
119.00 155.00
118.50 154.50
118.00 154.50
117.50 154.50
117.00 154.50
116.50 154.50
116.00 154.00
115.50 154.00
115.00 153.50
114.50 153.50
114.00 153.00
113.50 153.00
113.00 152.50
112.50 152.00
112.00 152.00
111.50 151.50
111.00 151.50
110.50 151.00
110.00 150.50
109.50 150.00
109.00 150.00
108.50 149.50
108.00 149.00
107.50 148.50
107.00 148.00
106.50 148.00
106.00 147.50
105.50 147.00
105.50 146.50
105.00 146.00
104.50 145.50
104.00 145.00
104.00 144.50
103.50 144.00
103.00 143.50
103.00 143.00
102.50 142.50
102.50 142.00
102.00 141.50
101.50 141.00
101.50 140.50
101.00 140.00
101.00 139.50
101.00 139.00
101.00 138.50
100.50 138.00
100.50 137.50
100.00 137.00
100.00 136.50
100.00 136.00
100.00 135.50
100.00 135.00
99.50 134.50
99.50 134.00
99.50 133.50
99.50 133.00
99.50 132.50
99.50 132.00
99.50 131.50
99.00 131.00
99.00 130.50
99.00 130.00
99.00 129.50
99.00 129.00
99.00 128.50
99.00 128.00
99.00 127.50
99.00 127.00
99.00 126.50
99.00 126.00
99.00 125.50
99.00 125.00
99.50 124.50
99.50 124.00
99.50 123.50
99.50 123.00
99.50 122.50
99.50 122.00
99.50 121.50
99.50 121.00
99.50 120.50
100.00 120.00
100.00 119.50
100.00 119.00
100.00 118.50
100.00 118.00
100.50 117.50
100.50 117.00
100.50 116.50
100.50 116.00
101.00 115.50
101.00 115.00
101.00 114.50
101.50 114.00
101.50 113.50
101.50 113.00
102.00 112.50
102.50 112.00
102.50 111.50
102.50 111.00
103.00 110.50
103.50 110.00
103.50 109.50
104.00 109.00
104.50 108.50
105.00 108.00
105.00 107.50
105.50 107.00
106.00 106.50
106.50 106.00
107.00 106.00
107.50 105.50
108.00 105.00
108.00 104.50
108.50 104.00
109.00 103.50
