114.00 105.00
114.50 104.50
115.00 104.00
115.50 103.50
116.00 103.00
116.50 102.50
117.00 102.50
117.50 102.00
118.00 101.50
118.50 101.00
119.00 101.00
119.50 100.50
120.00 100.00
120.50 100.00
121.00 99.50
121.50 99.50
122.00 99.50
122.50 99.00
123.00 99.00
123.50 98.50
124.00 98.50
124.50 98.00
125.00 98.00
125.50 98.00
126.00 97.50
126.50 97.50
127.00 97.50
127.50 97.00
128.00 97.00
128.50 97.00
129.00 97.00
129.50 97.00
130.00 97.00
130.50 97.00
131.00 97.00
131.50 97.00
132.00 97.00
132.50 97.00
133.00 97.50
133.50 97.50
134.00 97.50
134.50 97.50
135.00 97.50
135.50 98.00
136.00 98.00
136.50 98.50
137.00 98.50
137.50 98.50
138.00 99.00
138.50 99.50
139.00 99.50
139.50 100.00
140.00 100.00
140.50 100.50
141.00 101.00
141.50 101.50
142.00 102.00
142.50 102.50
143.00 103.00
143.50 103.50
144.00 104.00
144.00 104.50
144.50 105.00
145.00 105.50
145.00 106.00
145.00 106.50
145.50 107.00
145.50 107.50
146.00 108.00
146.00 108.50
146.50 109.00
146.50 109.50
147.00 110.00
147.00 110.50
147.00 111.00
147.50 111.50
147.50 112.00
147.50 112.50
148.00 113.00
148.00 113.50
148.00 114.00
148.00 114.50
148.50 115.00
148.50 115.50
148.50 116.00
148.50 116.50
149.00 117.00
149.00 117.50
149.00 118.00
149.00 118.50
149.00 119.00
149.50 119.50
149.50 120.00
149.50 120.50
149.50 121.00
149.50 121.50
149.50 122.00
149.50 122.50
149.50 123.00
149.50 123.50
149.50 124.00
149.50 124.50
149.50 125.00
149.50 125.50
149.50 126.00
149.50 126.50
149.50 127.00
149.50 127.50
149.00 128.00
149.00 128.50
149.00 129.00
148.50 129.50
148.50 130.00
148.00 130.50
148.00 131.00
147.50 131.50
147.50 132.00
147.00 132.50
146.50 133.00
146.00 133.50
145.50 134.00
145.00 134.50
144.50 135.00
144.00 135.50
143.50 136.00
143.00 136.00
142.50 136.50
142.00 137.00
141.50 137.00
141.00 137.00
140.50 137.50
140.00 138.00
139.50 138.00
139.00 138.00
138.50 138.00
138.00 138.50
137.50 138.50
137.00 138.50
136.50 138.50
136.00 138.50
135.50 138.50
135.00 138.50
134.50 138.50
134.00 138.50
133.50 138.50
133.00 138.50
132.50 138.50
132.00 138.50
131.50 138.50
131.00 138.50
130.50 138.50
130.00 138.50
129.50 138.50
129.00 138.50
128.50 138.50
128.00 138.50
127.50 138.50
127.00 138.50
126.50 138.50
126.00 138.50
125.50 138.00
125.00 138.00
124.50 138.00
124.00 138.00
123.50 138.00
123.00 138.00
122.50 137.50
122.00 137.50
121.50 137.50
121.00 137.50
120.50 137.00
120.00 137.00
119.50 137.00
119.00 136.50
118.50 136.00
118.00 136.00
117.50 135.50
117.00 135.00
116.50 134.50
116.00 134.00
115.50 133.50
115.00 133.00
114.50 132.50
114.00 132.00
114.00 131.50
114.00 131.00
113.50 130.50
113.00 130.00
113.00 129.50
112.50 129.00
112.00 128.50
112.00 128.00
111.50 127.50
111.50 127.00
111.50 126.50
111.00 126.00
111.00 125.50
110.50 125.00
110.50 124.50
110.00 124.00
110.00 123.50
110.00 123.00
109.50 122.50
109.50 122.00
109.50 121.50
109.50 121.00
109.50 120.50
109.00 120.00
109.00 119.50
109.00 119.00
109.00 118.50
109.00 118.00
109.00 117.50
109.00 117.00
109.00 116.50
109.00 116.00
109.00 115.50
109.00 115.00
109.00 114.50
109.50 114.00
109.50 113.50
109.50 113.00
109.50 112.50
110.00 112.00
110.00 111.50
110.00 111.00
110.50 110.50
110.50 110.00
111.00 109.50
111.00 109.00
111.50 108.50
111.50 108.00
112.00 107.50
112.50 107.00
112.50 106.50
113.00 106.00
113.50 105.50
