148.50 118.50
148.50 119.00
148.50 119.50
149.00 120.00
149.00 120.50
149.00 121.00
149.00 121.50
149.00 122.00
149.50 122.50
149.50 123.00
149.50 123.50
149.50 124.00
150.00 124.50
150.00 125.00
150.00 125.50
150.00 126.00
150.00 126.50
150.00 127.00
150.00 127.50
150.00 128.00
150.00 128.50
150.00 129.00
150.00 129.50
149.50 130.00
149.50 130.50
149.50 131.00
149.00 131.50
149.00 132.00
149.00 132.50
148.50 133.00
148.50 133.50
148.00 134.00
148.00 134.50
147.50 135.00
147.00 135.50
147.00 136.00
146.50 136.50
146.50 137.00
146.00 137.50
145.50 138.00
145.00 138.50
144.50 139.00
144.00 139.50
144.00 140.00
143.50 140.50
143.00 141.00
142.50 141.50
142.00 142.00
141.50 142.50
141.00 143.00
140.50 143.50
140.00 143.50
139.50 144.00
139.00 144.00
138.50 144.50
138.00 144.50
137.50 145.00
137.00 145.00
136.50 145.50
136.00 145.50
135.50 146.00
135.00 146.00
134.50 146.00
134.00 146.00
133.50 146.50
133.00 146.50
132.50 146.50
132.00 146.50
131.50 146.50
131.00 146.50
130.50 146.50
130.00 146.50
129.50 146.50
129.00 146.50
128.50 146.50
128.00 146.00
127.50 146.00
127.00 146.00
126.50 145.50
126.00 145.50
125.50 145.50
125.00 145.00
124.50 144.50
124.00 144.50
123.50 144.00
123.00 143.50
122.50 143.50
122.00 143.00
121.50 142.50
121.00 142.00
120.50 141.50
120.00 141.00
119.50 140.50
119.50 140.00
119.00 139.50
118.50 139.00
118.00 138.50
118.00 138.00
117.50 137.50
117.00 137.00
117.00 136.50
116.50 136.00
116.50 135.50
116.50 135.00
116.50 134.50
116.50 134.00
116.50 133.50
117.00 133.00
117.50 132.50
118.00 132.00
118.50 132.00
119.00 132.00
119.50 131.50
119.50 131.00
120.00 130.50
120.00 130.00
120.00 129.50
120.00 129.00
120.00 128.50
120.00 128.00
120.00 127.50
120.50 127.00
120.50 126.50
120.50 126.00
120.50 125.50
121.00 125.00
121.00 124.50
121.50 124.00
122.00 123.50
122.00 123.00
122.50 122.50
123.00 122.00
123.50 121.50
123.50 121.00
124.00 120.50
124.50 120.00
125.00 120.00
125.50 119.50
126.00 119.00
126.50 118.50
127.00 118.00
127.50 117.50
128.00 117.00
128.50 117.00
129.00 116.50
129.50 116.00
130.00 115.50
130.50 115.50
131.00 115.00
131.50 114.50
132.00 114.50
132.50 114.00
133.00 114.00
133.50 114.00
134.00 114.00
134.50 113.50
135.00 113.50
135.50 113.50
136.00 113.50
136.50 113.50
137.00 113.50
137.50 113.50
138.00 113.50
138.50 113.50
139.00 113.50
139.50 113.50
140.00 114.00
140.50 114.00
141.00 114.00
141.50 114.00
142.00 114.50
142.50 114.50
143.00 114.50
143.50 114.50
144.00 114.50
144.50 114.50
145.00 114.50
145.50 114.00
146.00 114.00
146.50 114.00
147.00 114.50
147.50 115.00
147.50 115.50
148.00 116.00
148.00 116.50
148.50 117.00
148.50 117.50
148.50 118.00
