117.00 113.50
117.50 113.00
117.50 112.50
118.00 112.00
118.50 111.50
119.00 111.00
119.00 110.50
119.50 110.00
120.00 109.50
120.50 109.00
121.00 108.50
121.00 108.00
121.50 107.50
122.00 107.00
122.50 106.50
123.00 106.00
123.50 105.50
124.00 105.00
124.50 104.50
125.00 104.50
125.50 104.00
126.00 103.50
126.50 103.00
127.00 103.00
127.50 102.50
128.00 102.50
128.50 102.00
129.00 101.50
129.50 101.50
130.00 101.50
130.50 101.00
131.00 101.00
131.50 101.00
132.00 101.00
132.50 101.00
133.00 101.00
133.50 101.00
134.00 101.00
134.50 101.50
135.00 101.50
135.50 101.50
136.00 101.50
136.50 102.00
137.00 102.00
137.50 102.50
138.00 102.50
138.50 103.00
139.00 103.00
139.50 103.50
140.00 104.00
140.50 104.00
141.00 104.00
141.50 104.50
142.00 105.00
142.50 105.00
143.00 105.50
143.50 105.50
144.00 105.50
144.50 106.00
145.00 106.50
145.50 106.50
146.00 107.00
146.50 107.50
147.00 107.50
147.50 108.00
148.00 108.50
148.50 108.50
149.00 109.00
149.50 109.50
150.00 110.00
150.50 110.50
151.00 111.00
151.00 111.50
151.50 112.00
151.50 112.50
152.00 113.00
152.00 113.50
152.50 114.00
152.50 114.50
152.50 115.00
153.00 115.50
153.00 116.00
153.00 116.50
153.00 117.00
153.50 117.50
153.50 118.00
153.50 118.50
153.50 119.00
153.50 119.50
153.50 120.00
153.50 120.50
153.50 121.00
153.50 121.50
153.50 122.00
153.50 122.50
153.50 123.00
153.50 123.50
153.50 124.00
153.50 124.50
153.50 125.00
153.50 125.50
153.00 126.00
153.00 126.50
153.00 127.00
153.00 127.50
152.50 128.00
152.50 128.50
152.50 129.00
152.00 129.50
152.00 130.00
152.00 130.50
151.50 131.00
151.50 131.50
151.00 132.00
151.00 132.50
150.50 133.00
150.00 133.50
150.00 134.00
149.50 134.50
149.00 135.00
149.00 135.50
148.50 136.00
148.00 136.50
147.50 137.00
147.00 137.50
146.50 138.00
146.00 138.50
145.50 139.00
145.00 139.50
144.50 139.50
144.00 140.00
143.50 140.00
143.00 140.50
142.50 140.50
142.00 141.00
141.50 141.00
141.00 141.00
140.50 141.50
140.00 141.50
139.50 142.00
139.00 142.00
138.50 142.00
138.00 142.00
137.50 142.00
137.00 142.00
136.50 142.00
136.00 142.00
135.50 142.00
135.00 142.00
134.50 142.00
134.00 142.00
133.50 142.00
133.00 142.00
132.50 142.00
132.00 142.00
131.50 141.50
131.00 141.50
130.50 141.50
130.00 141.00
129.50 141.00
129.00 141.00
128.50 140.50
128.00 140.50
127.50 140.00
127.00 139.50
126.50 139.50
126.00 139.00
125.50 139.00
125.00 139.00
124.50 138.50
124.00 138.50
123.50 138.00
123.00 138.00
122.50 137.50
122.00 137.50
121.50 137.00
121.00 136.50
120.50 136.00
120.00 135.50
119.50 135.00
119.00 134.50
119.00 134.00
118.50 133.50
118.00 133.00
118.00 132.50
117.50 132.00
117.50 131.50
117.00 131.00
117.00 130.50
117.00 130.00
116.50 129.50
116.50 129.00
116.50 128.50
116.00 128.00
116.00 127.50
116.00 127.00
116.00 126.50
116.00 126.00
115.50 125.50
115.50 125.00
115.50 124.50
115.50 124.00
115.50 123.50
115.50 123.00
115.50 122.50
115.50 122.00
115.50 121.50
115.50 121.00
115.50 120.50
115.50 120.00
115.50 119.50
116.00 119.00
116.00 118.50
116.00 118.00
116.00 117.50
116.50 117.00
116.50 116.50
116.50 116.00
116.50 115.50
116.50 115.00
117.00 114.50
117.00 114.00
