117.00 127.00
117.50 126.50
117.50 126.00
117.50 125.50
118.00 125.00
118.50 124.50
119.00 124.00
119.50 123.50
120.00 123.00
120.50 122.50
121.00 122.00
121.50 121.50
122.00 121.00
122.50 121.00
123.00 121.00
123.50 120.50
124.00 120.50
124.50 120.00
125.00 120.00
125.50 119.50
126.00 119.50
126.50 119.50
127.00 119.00
127.50 119.00
128.00 119.00
128.50 118.50
129.00 118.50
129.50 118.50
130.00 118.50
130.50 118.50
131.00 118.50
131.50 118.50
132.00 118.50
132.50 118.50
133.00 118.50
133.50 118.50
134.00 118.50
134.50 119.00
135.00 119.00
135.50 119.00
136.00 119.00
136.50 119.50
137.00 120.00
137.50 120.00
138.00 120.50
138.50 121.00
139.00 121.00
139.50 121.50
139.50 122.00
140.00 122.50
140.50 123.00
140.50 123.50
141.00 124.00
141.00 124.50
141.50 125.00
141.50 125.50
142.00 126.00
142.00 126.50
142.00 127.00
142.00 127.50
142.50 128.00
142.50 128.50
142.50 129.00
142.50 129.50
142.50 130.00
142.50 130.50
142.50 131.00
142.50 131.50
142.50 132.00
142.50 132.50
142.50 133.00
142.50 133.50
142.00 134.00
142.00 134.50
142.00 135.00
142.00 135.50
141.50 136.00
141.50 136.50
141.00 137.00
141.00 137.50
140.50 138.00
140.00 138.50
140.00 139.00
139.50 139.50
139.00 140.00
138.50 140.50
138.00 140.50
137.50 141.00
137.00 141.50
136.50 141.50
136.00 141.50
135.50 142.00
135.00 142.00
134.50 142.50
134.00 142.50
133.50 142.50
133.00 142.50
132.50 143.00
132.00 143.00
131.50 143.00
131.00 143.00
130.50 143.00
130.00 143.00
129.50 143.50
129.00 143.50
128.50 143.50
128.00 143.50
127.50 143.50
127.00 143.50
126.50 143.50
126.00 143.50
125.50 143.00
125.00 143.00
124.50 143.00
124.00 142.50
123.50 142.50
123.00 142.00
122.50 142.00
122.00 141.50
121.50 141.00
121.00 140.50
120.50 140.00
120.00 139.50
120.00 139.00
119.50 138.50
119.50 138.00
119.00 137.50
119.00 137.00
118.50 136.50
118.50 136.00
118.00 135.50
118.00 135.00
118.00 134.50
117.50 134.00
117.50 133.50
117.50 133.00
117.00 132.50
117.00 132.00
117.00 131.50
117.00 131.00
117.00 130.50
117.00 130.00
117.00 129.50
117.00 129.00
117.00 128.50
117.00 128.00
117.00 127.50
