144.50 117.00
144.50 116.50
144.50 116.00
145.00 115.50
145.00 115.00
145.00 114.50
145.00 114.00
145.50 113.50
146.00 113.50
146.50 113.50
147.00 113.50
147.50 113.50
148.00 113.50
148.50 113.50
149.00 114.00
149.50 114.00
150.00 114.50
150.50 115.00
150.50 115.50
150.50 116.00
150.50 116.50
150.50 117.00
150.00 117.50
150.00 118.00
149.50 118.50
149.00 119.00
148.50 119.50
148.00 120.00
147.50 120.00
147.00 120.50
146.50 120.50
146.00 120.50
145.50 120.50
145.00 120.50
144.50 120.50
144.00 120.00
143.50 119.50
143.50 119.00
144.00 118.50
144.00 118.00
144.50 117.50
