120.00 118.00
120.50 117.50
120.50 117.00
121.00 116.50
121.50 116.00
121.50 115.50
122.00 115.00
122.50 114.50
123.00 114.00
123.50 113.50
124.00 113.00
123.50 112.50
124.00 112.00
124.00 111.50
124.50 111.00
125.00 110.50
125.00 110.00
125.50 109.50
126.00 109.00
126.00 108.50
126.50 108.00
127.00 107.50
127.50 107.00
128.00 106.50
128.50 106.00
129.00 105.50
129.50 105.50
130.00 105.00
130.50 105.00
131.00 104.50
131.50 105.00
132.00 105.50
132.50 105.00
133.00 105.00
133.50 105.00
134.00 105.00
134.50 105.00
135.00 105.00
135.50 105.00
136.00 105.00
136.50 105.00
137.00 105.00
137.50 105.00
138.00 105.50
138.50 105.50
139.00 105.50
139.50 105.50
140.00 106.00
140.50 106.00
141.00 106.00
141.50 106.50
142.00 106.50
142.50 106.50
143.00 107.00
143.50 107.00
144.00 107.50
144.50 108.00
145.00 108.00
145.50 108.50
146.00 109.00
146.50 109.00
147.00 109.00
147.50 109.50
148.00 110.00
148.00 110.50
148.50 111.00
149.00 111.00
149.50 111.50
150.00 112.00
150.50 112.50
151.00 113.00
151.00 113.50
151.50 114.00
152.00 114.50
152.50 115.00
152.50 115.50
152.50 116.00
153.00 116.50
153.00 117.00
153.50 117.50
153.50 118.00
153.50 118.50
154.00 119.00
154.00 119.50
154.00 120.00
154.00 120.50
154.00 121.00
154.00 121.50
154.00 122.00
154.00 122.50
154.00 123.00
154.00 123.50
154.00 124.00
154.00 124.50
154.00 125.00
154.00 125.50
154.00 126.00
154.00 126.50
154.00 127.00
154.00 127.50
154.00 128.00
154.00 128.50
154.00 129.00
154.00 129.50
154.00 130.00
153.50 130.50
153.50 131.00
153.50 131.50
153.50 132.00
153.50 132.50
153.50 133.00
153.00 133.50
153.00 134.00
153.00 134.50
153.00 135.00
152.50 135.50
152.50 136.00
152.50 136.50
152.00 137.00
152.00 137.50
152.00 138.00
151.50 138.50
151.00 139.00
150.50 139.50
150.00 140.00
149.50 140.50
149.00 141.00
148.50 141.50
148.00 142.00
147.50 142.50
147.00 142.50
146.50 143.00
146.00 143.00
145.50 143.50
145.00 143.50
144.50 144.00
144.00 144.00
143.50 144.50
143.00 144.50
142.50 144.50
142.00 145.00
141.50 145.00
141.00 145.00
140.50 145.50
140.00 145.50
139.50 145.50
139.00 145.50
138.50 146.00
138.00 146.00
137.50 146.00
137.00 146.00
136.50 146.00
136.00 146.00
135.50 146.00
135.00 146.50
134.50 146.50
134.00 146.50
133.50 146.50
133.00 146.50
132.50 146.50
132.00 146.50
131.50 146.50
131.00 146.50
130.50 146.00
130.00 146.00
129.50 146.00
129.00 146.00
128.50 146.00
128.00 145.50
127.50 145.50
127.00 145.50
126.50 145.00
126.00 145.00
125.50 145.00
125.00 144.50
124.50 144.50
124.00 144.00
123.50 144.00
123.00 143.50
122.50 143.00
122.00 143.00
121.50 142.50
121.00 142.00
120.50 141.50
120.00 141.00
119.50 140.50
119.00 140.00
118.50 139.50
118.50 139.00
118.00 138.50
118.00 138.00
117.50 137.50
117.00 137.00
117.00 136.50
117.00 136.00
116.50 135.50
116.00 135.00
116.00 134.50
116.00 134.00
115.50 133.50
115.50 133.00
115.50 132.50
115.50 132.00
115.00 131.50
115.00 131.00
115.00 130.50
115.00 130.00
115.00 129.50
115.00 129.00
115.00 128.50
115.00 128.00
115.00 127.50
115.00 127.00
115.50 126.50
115.50 126.00
115.50 125.50
116.00 125.00
116.00 124.50
116.00 124.00
116.50 123.50
117.00 123.00
117.00 122.50
117.00 122.00
117.50 121.50
118.00 121.00
118.50 120.50
118.50 120.00
118.50 119.50
119.00 119.00
119.50 118.50
