126.00 111.00
126.50 111.00
127.00 111.00
127.50 111.00
128.00 110.50
128.50 110.50
129.00 110.50
129.50 110.50
130.00 110.50
130.50 110.50
131.00 110.00
131.50 110.00
132.00 110.00
132.50 110.00
133.00 110.00
133.50 110.50
134.00 110.50
134.50 110.50
135.00 110.50
135.50 110.50
136.00 111.00
136.50 111.00
137.00 111.50
137.50 112.00
138.00 112.00
138.50 112.50
138.50 113.00
139.00 113.50
139.50 114.00
139.50 114.50
140.00 115.00
140.00 115.50
140.50 116.00
140.50 116.50
140.50 117.00
141.00 117.50
141.00 118.00
141.00 118.50
141.50 119.00
141.50 119.50
141.50 120.00
141.50 120.50
141.50 121.00
142.00 121.50
142.00 122.00
142.00 122.50
142.00 123.00
142.00 123.50
142.00 124.00
142.00 124.50
142.00 125.00
142.00 125.50
142.00 126.00
142.00 126.50
142.00 127.00
142.00 127.50
142.00 128.00
141.50 128.50
141.50 129.00
141.50 129.50
141.50 130.00
141.00 130.50
141.00 131.00
140.50 131.50
140.00 132.00
140.00 132.50
139.50 133.00
139.00 133.00
138.50 133.50
138.50 134.00
138.00 134.50
137.50 135.00
137.00 135.00
136.50 135.50
136.00 135.50
135.50 136.00
135.00 136.50
134.50 136.50
134.00 136.50
133.50 137.00
133.00 137.00
132.50 137.00
132.00 137.50
131.50 137.50
131.00 137.50
130.50 137.50
130.00 137.50
129.50 137.50
129.00 137.50
128.50 137.50
128.00 137.50
127.50 137.50
127.00 137.50
126.50 137.50
126.00 137.50
125.50 137.00
125.00 137.00
124.50 137.00
124.00 136.50
123.50 136.50
123.00 136.00
122.50 136.00
122.00 135.50
121.50 135.50
121.00 135.00
120.50 134.50
120.00 134.50
119.50 134.00
119.50 133.50
119.00 133.00
118.50 132.50
118.00 132.00
118.00 131.50
117.50 131.00
117.50 130.50
117.00 130.00
117.00 129.50
116.50 129.00
116.50 128.50
116.50 128.00
116.00 127.50
116.00 127.00
116.00 126.50
116.00 126.00
116.00 125.50
116.00 125.00
116.00 124.50
116.00 124.00
116.00 123.50
116.00 123.00
116.00 122.50
116.00 122.00
116.00 121.50
116.50 121.00
116.50 120.50
116.50 120.00
117.00 119.50
117.00 119.00
117.00 118.50
117.50 118.00
118.00 117.50
118.00 117.00
118.50 116.50
119.00 116.00
119.50 115.50
120.00 115.00
120.50 114.50
121.00 114.00
121.50 113.50
122.00 113.00
122.50 113.00
123.00 112.50
123.50 112.50
124.00 112.00
124.50 112.00
125.00 111.50
125.50 111.50
