119.50 132.50
119.50 132.00
119.50 131.50
119.50 131.00
119.50 130.50
120.00 130.00
120.00 129.50
120.00 129.00
120.00 128.50
120.50 128.00
120.50 127.50
120.50 127.00
121.00 126.50
121.00 126.00
121.50 125.50
121.50 125.00
121.50 124.50
122.00 124.00
122.50 123.50
122.50 123.00
122.50 122.50
123.00 122.00
123.50 121.50
124.00 121.00
124.50 120.50
125.00 120.00
125.50 119.50
126.00 119.00
126.50 118.50
127.00 118.00
127.50 117.50
128.00 117.00
128.50 116.50
129.00 116.00
129.50 116.00
130.00 115.50
130.50 115.50
131.00 115.00
131.50 115.00
132.00 114.50
132.50 114.50
133.00 114.00
133.50 114.00
134.00 114.00
134.50 113.50
135.00 113.50
135.50 113.50
136.00 113.50
136.50 113.50
137.00 113.50
137.50 113.50
138.00 113.50
138.50 113.50
139.00 114.00
139.50 114.00
140.00 114.50
140.50 114.50
141.00 115.00
141.50 115.00
142.00 115.50
142.50 116.00
143.00 116.50
143.50 117.00
144.00 117.50
144.00 118.00
144.50 118.50
145.00 119.00
145.00 119.50
145.00 120.00
145.50 120.50
145.50 121.00
145.50 121.50
145.50 122.00
145.50 122.50
145.50 123.00
145.50 123.50
145.50 124.00
145.50 124.50
145.50 125.00
145.50 125.50
145.50 126.00
145.50 126.50
145.00 127.00
145.00 127.50
145.00 128.00
145.00 128.50
145.00 129.00
145.00 129.50
144.50 130.00
144.50 130.50
144.50 131.00
144.50 131.50
144.00 132.00
143.50 132.00
143.00 132.50
143.00 133.00
142.50 133.50
142.00 134.00
141.50 134.50
141.50 135.00
141.00 135.50
140.50 136.00
140.00 136.50
139.50 137.00
139.00 137.50
138.50 138.00
138.00 138.50
137.50 139.00
137.00 139.50
136.50 140.00
136.00 140.50
135.50 141.00
135.00 141.50
134.50 141.50
134.00 142.00
133.50 142.00
133.00 142.50
132.50 142.50
132.00 142.50
131.50 142.50
131.00 142.50
130.50 142.50
130.00 142.50
129.50 142.50
129.00 142.50
128.50 142.00
128.00 142.00
127.50 142.00
127.00 142.00
126.50 141.50
126.00 141.50
125.50 141.00
125.00 140.50
124.50 140.50
124.00 140.00
123.50 139.50
123.00 139.00
122.50 138.50
122.00 138.00
122.00 137.50
121.50 137.00
121.00 136.50
121.00 136.00
120.50 135.50
120.50 135.00
120.00 134.50
120.00 134.00
119.50 133.50
119.50 133.00
