146.00 124.50
146.00 125.00
146.00 125.50
146.00 126.00
146.00 126.50
146.00 127.00
145.50 127.50
145.50 128.00
145.00 128.50
144.50 129.00
144.50 129.50
144.00 130.00
143.50 130.50
143.00 131.00
142.50 131.50
142.00 132.00
141.50 132.50
141.00 132.50
140.50 133.00
140.00 133.50
139.50 133.50
139.00 134.00
138.50 134.50
138.00 134.50
137.50 134.50
137.00 135.00
136.50 135.00
136.00 135.50
135.50 135.50
135.00 135.50
134.50 135.50
134.00 136.00
133.50 136.00
133.00 136.00
132.50 136.00
132.00 136.00
131.50 136.00
131.00 136.00
130.50 136.00
130.00 136.00
129.50 136.00
129.00 136.00
128.50 136.00
128.00 136.00
127.50 136.00
127.00 135.50
126.50 135.50
126.00 135.50
125.50 135.00
125.00 135.00
124.50 135.00
124.00 134.50
123.50 134.50
123.00 134.00
122.50 134.00
122.00 133.50
121.50 133.00
121.00 133.00
120.50 132.50
120.00 132.00
119.50 131.50
119.00 131.00
118.50 130.50
118.00 130.00
117.50 129.50
117.50 129.00
117.00 128.50
117.00 128.00
116.50 127.50
116.50 127.00
116.50 126.50
116.00 126.00
116.00 125.50
116.00 125.00
116.00 124.50
116.00 124.00
115.50 123.50
115.50 123.00
115.50 122.50
115.50 122.00
115.50 121.50
115.50 121.00
115.50 120.50
116.00 120.00
116.00 119.50
116.00 119.00
116.00 118.50
116.00 118.00
116.00 117.50
116.00 117.00
116.50 116.50
116.50 116.00
116.50 115.50
116.50 115.00
116.50 114.50
117.00 114.00
117.00 113.50
117.00 113.00
117.50 112.50
117.50 112.00
118.00 111.50
118.50 111.00
118.50 110.50
119.00 110.00
119.50 109.50
120.00 109.00
120.50 108.50
121.00 108.00
121.50 107.50
122.00 107.00
122.50 107.00
123.00 106.50
123.50 106.00
124.00 106.00
124.50 105.50
125.00 105.50
125.50 105.00
126.00 105.00
126.50 105.00
127.00 105.00
127.50 104.50
128.00 104.50
128.50 104.50
129.00 104.50
129.50 104.50
130.00 104.50
130.50 104.50
131.00 104.50
131.50 105.00
132.00 105.00
132.50 105.00
133.00 105.00
133.50 105.00
134.00 105.50
134.50 105.50
135.00 105.50
135.50 106.00
136.00 106.00
136.50 106.50
137.00 106.50
137.50 106.50
138.00 107.00
138.50 107.50
139.00 107.50
139.50 108.00
140.00 108.00
140.50 108.50
141.00 109.00
141.50 109.50
142.00 109.50
142.50 110.00
143.00 110.50
143.50 111.00
144.00 111.50
144.50 112.00
145.00 112.50
145.00 113.00
145.50 113.50
146.00 114.00
146.00 114.50
146.00 115.00
146.50 115.50
146.50 116.00
146.50 116.50
146.50 117.00
146.50 117.50
146.50 118.00
146.50 118.50
146.50 119.00
146.50 119.50
146.50 120.00
146.50 120.50
146.50 121.00
146.50 121.50
146.50 122.00
146.00 122.50
146.00 123.00
146.00 123.50
146.00 124.00
