127.00 111.50
127.50 111.00
128.00 110.50
128.50 110.00
129.00 110.00
129.50 109.50
130.00 109.50
130.50 109.00
131.00 109.00
131.50 108.50
132.00 108.50
132.50 108.50
133.00 108.50
133.50 108.50
134.00 108.50
134.50 108.50
135.00 109.00
135.50 109.00
136.00 109.00
136.50 109.50
137.00 110.00
137.50 110.00
138.00 110.50
138.50 110.50
139.00 111.00
139.50 111.50
140.00 112.00
140.50 112.50
141.00 113.00
141.50 113.50
142.00 114.00
142.00 114.50
142.50 115.00
142.50 115.50
143.00 116.00
143.00 116.50
143.50 117.00
143.50 117.50
143.50 118.00
143.50 118.50
144.00 119.00
144.00 119.50
144.00 120.00
144.00 120.50
144.00 121.00
144.50 121.50
144.50 122.00
144.50 122.50
144.50 123.00
144.50 123.50
144.00 124.00
144.00 124.50
144.00 125.00
144.00 125.50
143.50 126.00
143.50 126.50
143.50 127.00
143.00 127.50
142.50 128.00
142.00 128.50
141.50 129.00
141.00 129.50
140.50 130.00
140.00 130.00
139.50 130.50
139.00 130.50
138.50 130.50
138.00 131.00
137.50 131.00
137.00 131.00
136.50 131.00
136.00 131.00
135.50 131.00
135.00 131.00
134.50 131.00
134.00 131.00
133.50 131.00
133.00 130.50
132.50 130.50
132.00 130.50
131.50 130.00
131.00 130.00
130.50 129.50
130.00 129.50
129.50 129.00
129.00 129.00
128.50 128.50
128.00 128.00
127.50 127.50
127.00 127.00
126.50 126.50
126.00 126.00
125.50 125.50
125.00 125.00
125.00 124.50
124.50 124.00
124.00 123.50
124.00 123.00
123.50 122.50
123.50 122.00
123.50 121.50
123.50 121.00
123.50 120.50
123.50 120.00
123.50 119.50
123.50 119.00
123.50 118.50
123.50 118.00
123.50 117.50
123.50 117.00
123.50 116.50
124.00 116.00
124.00 115.50
124.50 115.00
124.50 114.50
125.00 114.00
125.00 113.50
125.50 113.00
126.00 112.50
126.50 112.00
