128.50 100.50
129.00 100.50
129.50 100.50
130.00 100.00
130.50 100.00
131.00 100.00
131.50 100.00
132.00 100.00
132.50 100.00
133.00 100.00
133.50 100.00
134.00 100.00
134.50 100.00
135.00 100.00
135.50 100.00
136.00 100.50
136.50 100.50
137.00 100.50
137.50 100.50
138.00 100.50
138.50 101.00
139.00 101.00
139.50 101.00
140.00 101.50
140.50 101.50
141.00 101.50
141.50 102.00
142.00 102.50
142.50 102.50
143.00 102.50
143.50 103.00
144.00 103.50
144.50 103.50
145.00 104.00
145.50 104.00
146.00 104.50
146.50 105.00
147.00 105.50
147.50 106.00
148.00 106.50
148.50 107.00
149.00 107.50
149.50 108.00
150.00 108.50
150.50 109.00
150.50 109.50
151.00 110.00
151.00 110.50
151.50 111.00
152.00 111.50
152.00 112.00
152.50 112.50
152.50 113.00
153.00 113.50
153.00 114.00
153.00 114.50
153.50 115.00
153.50 115.50
153.50 116.00
154.00 116.50
154.00 117.00
154.00 117.50
154.00 118.00
154.00 118.50
154.50 119.00
154.50 119.50
154.50 120.00
154.50 120.50
154.50 121.00
154.50 121.50
154.50 122.00
154.50 122.50
154.50 123.00
154.50 123.50
154.50 124.00
154.50 124.50
154.50 125.00
154.50 125.50
154.50 126.00
154.00 126.50
154.00 127.00
154.00 127.50
154.00 128.00
154.00 128.50
153.50 129.00
153.50 129.50
153.50 130.00
153.00 130.50
153.00 131.00
152.50 131.50
152.50 132.00
152.00 132.50
152.00 133.00
152.00 133.50
151.50 134.00
151.00 134.50
150.50 135.00
150.50 135.50
150.00 136.00
149.50 136.50
149.00 137.00
148.50 137.50
148.00 138.00
147.50 138.50
147.00 139.00
146.50 139.50
146.00 139.50
145.50 140.00
145.00 140.00
144.50 140.50
144.00 140.50
143.50 141.00
143.00 141.00
142.50 141.50
142.00 141.50
141.50 141.50
141.00 142.00
140.50 142.00
140.00 142.00
139.50 142.50
139.00 142.50
138.50 142.50
138.00 142.50
137.50 142.50
137.00 142.50
136.50 143.00
136.00 143.00
135.50 143.00
135.00 143.00
134.50 143.00
134.00 143.00
133.50 143.00
133.00 143.00
132.50 143.00
132.00 143.00
131.50 142.50
131.00 142.50
130.50 142.50
130.00 142.50
129.50 142.50
129.00 142.50
128.50 142.00
128.00 142.00
127.50 142.00
127.00 142.00
126.50 141.50
126.00 141.50
125.50 141.50
125.00 141.00
124.50 141.00
124.00 140.50
123.50 140.50
123.00 140.00
122.50 140.00
122.00 139.50
121.50 139.50
121.00 139.00
120.50 139.00
120.00 138.50
119.50 138.50
119.00 138.00
118.50 137.50
118.00 137.00
117.50 136.50
117.00 136.50
116.50 136.00
116.00 135.50
116.00 135.00
115.50 134.50
115.00 134.00
114.50 133.50
114.00 133.00
114.00 132.50
114.00 132.00
113.50 131.50
113.00 131.00
113.00 130.50
113.00 130.00
112.50 129.50
112.50 129.00
112.50 128.50
112.50 128.00
112.50 127.50
112.00 127.00
112.00 126.50
112.00 126.00
112.00 125.50
112.00 125.00
112.00 124.50
112.00 124.00
112.00 123.50
112.00 123.00
112.00 122.50
112.00 122.00
112.50 121.50
112.50 121.00
112.50 120.50
112.50 120.00
112.50 119.50
113.00 119.00
113.00 118.50
113.00 118.00
113.00 117.50
113.00 117.00
113.50 116.50
113.50 116.00
114.00 115.50
114.00 115.00
114.00 114.50
114.50 114.00
114.50 113.50
115.00 113.00
115.00 112.50
115.50 112.00
115.50 111.50
116.00 111.00
116.50 110.50
116.50 110.00
117.00 109.50
117.50 109.00
118.00 108.50
118.00 108.00
118.50 107.50
119.00 107.00
119.50 106.50
120.00 106.00
120.00 105.50
120.50 105.00
121.00 105.00
121.50 104.50
122.00 104.00
122.50 103.50
123.00 103.00
123.50 103.00
124.00 102.50
124.50 102.50
125.00 102.00
125.50 101.50
126.00 101.50
126.50 101.00
127.00 101.00
127.50 101.00
128.00 100.50
