131.50 103.00
132.00 103.00
132.50 103.00
133.00 103.00
133.50 103.00
134.00 103.00
134.50 103.00
135.00 103.00
135.50 103.50
136.00 103.50
136.50 104.00
137.00 104.00
137.50 104.00
138.00 104.50
138.50 104.50
139.00 105.00
139.50 105.00
140.00 105.50
140.50 106.00
141.00 106.00
141.50 106.50
142.00 106.50
142.50 107.00
143.00 107.00
143.50 107.50
144.00 107.50
144.50 108.00
145.00 108.50
145.50 108.50
146.00 109.00
146.50 109.50
147.00 110.00
147.50 110.50
148.00 111.00
148.50 111.50
149.00 112.00
149.50 112.50
149.50 113.00
150.00 113.50
150.00 114.00
150.50 114.50
150.50 115.00
150.50 115.50
151.00 116.00
151.00 116.50
151.00 117.00
151.00 117.50
151.50 118.00
151.50 118.50
151.50 119.00
151.50 119.50
151.50 120.00
151.50 120.50
151.50 121.00
151.50 121.50
151.50 122.00
151.50 122.50
151.50 123.00
151.50 123.50
151.50 124.00
151.50 124.50
151.50 125.00
151.50 125.50
151.50 126.00
151.50 126.50
151.50 127.00
151.00 127.50
151.00 128.00
151.00 128.50
151.00 129.00
151.00 129.50
150.50 130.00
150.50 130.50
150.00 131.00
150.00 131.50
150.00 132.00
149.50 132.50
149.00 133.00
149.00 133.50
148.50 134.00
148.00 134.50
147.50 135.00
147.00 135.50
146.50 136.00
146.00 136.50
145.50 136.50
145.00 136.50
144.50 137.00
144.00 137.00
143.50 137.50
143.00 137.50
142.50 138.00
142.00 138.00
141.50 138.00
141.00 138.00
140.50 138.50
140.00 138.50
139.50 138.50
139.00 138.50
138.50 138.50
138.00 139.00
137.50 139.00
137.00 139.00
136.50 139.00
136.00 139.00
135.50 139.00
135.00 139.00
134.50 139.00
134.00 139.00
133.50 139.00
133.00 139.00
132.50 139.00
132.00 139.00
131.50 139.00
131.00 139.00
130.50 138.50
130.00 138.50
129.50 138.50
129.00 138.00
128.50 138.00
128.00 138.00
127.50 137.50
127.00 137.50
126.50 137.00
126.00 137.00
125.50 136.50
125.00 136.50
124.50 136.00
124.00 136.00
123.50 135.50
123.00 135.00
122.50 135.00
122.00 134.50
121.50 134.00
121.00 133.50
120.50 133.00
120.00 132.50
119.50 132.00
119.00 131.50
118.50 131.00
118.50 130.50
118.00 130.00
118.00 129.50
117.50 129.00
117.50 128.50
117.00 128.00
117.00 127.50
117.00 127.00
116.50 126.50
116.50 126.00
116.50 125.50
116.50 125.00
116.00 124.50
116.00 124.00
116.00 123.50
116.00 123.00
116.00 122.50
116.00 122.00
116.00 121.50
116.00 121.00
116.00 120.50
116.00 120.00
116.00 119.50
116.00 119.00
116.00 118.50
116.00 118.00
116.50 117.50
116.50 117.00
116.50 116.50
116.50 116.00
116.50 115.50
117.00 115.00
117.00 114.50
117.00 114.00
117.00 113.50
117.50 113.00
117.50 112.50
117.50 112.00
117.50 111.50
118.00 111.00
118.00 110.50
118.50 110.00
118.50 109.50
119.00 109.00
119.50 108.50
120.00 108.00
120.50 107.50
121.00 107.00
121.50 107.00
122.00 107.50
122.50 107.00
123.00 106.50
123.50 106.00
124.00 105.50
124.50 105.00
125.00 104.50
125.50 104.50
126.00 104.00
126.50 103.50
127.00 103.50
127.50 103.50
128.00 103.50
128.50 103.00
129.00 103.00
129.50 103.00
130.00 102.50
130.50 102.50
131.00 102.50
