152.50 113.00
153.00 113.50
153.00 114.00
153.50 114.50
153.50 115.00
154.00 115.50
154.00 116.00
154.00 116.50
154.50 117.00
154.50 117.50
155.00 118.00
155.00 118.50
155.00 119.00
155.00 119.50
155.50 120.00
155.50 120.50
155.50 121.00
155.50 121.50
155.50 122.00
155.50 122.50
155.50 123.00
155.50 123.50
155.50 124.00
155.50 124.50
155.50 125.00
155.50 125.50
155.50 126.00
155.50 126.50
155.50 127.00
155.50 127.50
155.50 128.00
155.00 128.50
155.00 129.00
155.00 129.50
155.00 130.00
155.00 130.50
154.50 131.00
154.50 131.50
154.50 132.00
154.00 132.50
154.00 133.00
154.00 133.50
153.50 134.00
153.00 134.50
153.00 135.00
152.50 135.50
152.00 136.00
151.50 136.50
151.50 137.00
151.00 137.50
150.50 138.00
150.00 138.50
149.50 139.00
149.00 139.50
148.50 139.50
148.00 140.00
147.50 140.50
147.00 140.50
146.50 141.00
146.00 141.00
145.50 141.50
145.00 141.50
144.50 142.00
144.00 142.50
143.50 142.50
143.00 143.00
142.50 143.00
142.00 143.00
141.50 143.50
141.00 143.50
140.50 144.00
140.00 144.00
139.50 144.50
139.00 144.50
138.50 144.50
138.00 144.50
137.50 145.00
137.00 145.00
136.50 145.00
136.00 145.00
135.50 145.50
135.00 145.50
134.50 145.50
134.00 145.50
133.50 145.50
133.00 145.50
132.50 145.50
132.00 145.50
131.50 145.50
131.00 145.50
130.50 145.50
130.00 145.50
129.50 145.50
129.00 145.50
128.50 145.00
128.00 145.00
127.50 144.50
127.00 144.50
126.50 144.50
126.00 144.00
125.50 144.00
125.00 143.50
124.50 143.00
124.00 142.50
123.50 142.00
123.00 141.50
122.50 141.00
122.00 140.50
121.50 140.00
121.00 139.50
120.50 139.00
120.50 138.50
120.00 138.00
120.00 137.50
119.50 137.00
119.50 136.50
119.00 136.00
118.50 135.50
118.50 135.00
118.50 134.50
118.00 134.00
118.00 133.50
118.00 133.00
117.50 132.50
117.50 132.00
117.50 131.50
117.00 131.00
117.00 130.50
117.00 130.00
117.00 129.50
117.00 129.00
116.50 128.50
116.50 128.00
116.50 127.50
116.50 127.00
116.50 126.50
116.50 126.00
116.50 125.50
116.50 125.00
116.50 124.50
116.50 124.00
116.50 123.50
116.50 123.00
116.50 122.50
116.50 122.00
116.50 121.50
116.50 121.00
116.50 120.50
117.00 120.00
117.00 119.50
117.00 119.00
117.00 118.50
117.00 118.00
117.00 117.50
117.50 117.00
117.50 116.50
117.50 116.00
117.50 115.50
118.00 115.00
118.00 114.50
118.00 114.00
118.50 113.50
118.50 113.00
118.50 112.50
119.00 112.00
119.00 111.50
119.50 111.00
120.00 110.50
120.00 110.00
120.50 109.50
120.50 109.00
121.00 108.50
121.50 108.00
122.00 107.50
122.00 107.00
122.50 106.50
123.00 106.00
123.50 105.50
124.00 105.00
124.50 104.50
125.00 104.00
125.50 103.50
126.00 103.00
126.50 103.00
127.00 102.50
127.50 102.00
128.00 102.00
128.50 102.00
129.00 101.50
129.50 101.50
130.00 101.50
130.50 101.50
131.00 101.50
131.50 101.50
132.00 101.50
132.50 101.50
133.00 101.50
133.50 101.50
134.00 101.50
134.50 101.50
135.00 101.50
135.50 101.50
136.00 102.00
136.50 102.00
137.00 102.00
137.50 102.00
138.00 102.50
138.50 102.50
139.00 103.00
139.50 103.00
140.00 103.50
140.50 103.50
141.00 104.00
141.50 104.00
142.00 104.50
142.50 104.50
143.00 105.00
143.50 105.50
144.00 105.50
144.50 106.00
145.00 106.50
145.50 106.50
146.00 107.00
146.50 107.50
147.00 108.00
147.50 108.00
148.00 108.50
148.50 109.00
149.00 109.50
149.50 110.00
150.00 110.50
150.50 111.00
151.00 111.00
151.50 111.50
152.00 112.00
152.50 112.50
