124.00 150.00
123.50 149.50
123.00 149.50
122.50 149.00
122.00 149.00
121.50 148.50
121.00 148.00
120.50 148.00
120.00 147.50
119.50 147.00
119.00 147.00
118.50 146.50
118.00 146.00
117.50 146.00
117.00 145.50
116.50 145.00
116.00 144.50
116.00 144.00
115.50 143.50
115.00 143.00
114.50 142.50
114.00 142.00
114.00 141.50
113.50 141.00
113.50 140.50
113.00 140.00
113.00 139.50
113.00 139.00
113.00 138.50
112.50 138.00
112.50 137.50
112.50 137.00
112.50 136.50
112.00 136.00
112.00 135.50
112.00 135.00
112.00 134.50
112.00 134.00
112.00 133.50
112.00 133.00
112.00 132.50
112.00 132.00
112.00 131.50
112.00 131.00
112.00 130.50
112.00 130.00
112.00 129.50
112.00 129.00
112.00 128.50
112.00 128.00
112.50 127.50
112.50 127.00
112.50 126.50
112.50 126.00
112.50 125.50
112.50 125.00
113.00 124.50
113.00 124.00
113.00 123.50
113.00 123.00
113.00 122.50
113.00 122.00
113.50 121.50
113.50 121.00
113.00 120.50
113.50 120.00
113.50 119.50
114.00 119.00
114.50 118.50
114.50 118.00
114.50 117.50
115.00 117.00
115.00 116.50
115.50 116.00
116.00 115.50
116.00 115.00
116.00 114.50
116.50 114.00
116.50 113.50
117.00 113.00
117.00 112.50
117.50 112.00
117.50 111.50
118.00 111.00
118.00 110.50
118.50 110.00
118.50 109.50
119.00 109.00
119.50 108.50
119.50 108.00
120.00 107.50
120.00 107.00
120.50 106.50
121.00 106.00
121.50 105.50
122.00 105.00
122.50 104.50
123.00 104.50
123.50 104.00
124.00 103.50
124.50 103.50
125.00 103.00
125.50 103.00
126.00 102.50
126.50 102.50
127.00 102.00
127.50 102.00
128.00 102.00
128.50 101.50
129.00 101.50
129.50 101.50
130.00 101.50
130.50 101.50
131.00 101.00
131.50 101.00
132.00 101.00
132.50 101.00
133.00 101.00
133.50 101.00
134.00 101.00
134.50 101.00
135.00 101.00
135.50 101.00
136.00 101.00
136.50 101.00
137.00 101.00
137.50 101.00
138.00 101.00
138.50 101.00
139.00 101.00
139.50 101.00
140.00 101.00
140.50 101.00
141.00 101.50
141.50 101.50
142.00 101.50
142.50 101.50
143.00 101.50
143.50 102.00
144.00 102.00
144.50 102.00
145.00 102.50
145.50 102.50
146.00 103.00
146.50 103.00
147.00 103.00
147.50 103.50
148.00 104.00
148.50 104.50
149.00 105.00
149.50 105.50
150.00 106.00
150.50 106.00
151.00 106.50
151.50 107.00
152.00 107.50
152.00 108.00
152.50 108.50
153.00 109.00
153.00 109.50
153.50 110.00
154.00 110.50
154.50 111.00
154.50 111.50
155.00 112.00
155.00 112.50
155.50 113.00
156.00 113.50
156.00 114.00
156.50 114.50
156.50 115.00
156.50 115.50
157.00 116.00
157.00 116.50
157.50 117.00
157.50 117.50
157.50 118.00
158.00 118.50
158.00 119.00
158.00 119.50
158.00 120.00
158.50 120.50
158.50 121.00
158.50 121.50
158.50 122.00
158.50 122.50
158.50 123.00
158.50 123.50
158.50 124.00
158.50 124.50
158.50 125.00
158.50 125.50
158.50 126.00
158.50 126.50
158.50 127.00
158.50 127.50
158.50 128.00
158.50 128.50
158.50 129.00
158.00 129.50
158.00 130.00
158.00 130.50
158.00 131.00
158.00 131.50
157.50 132.00
157.50 132.50
157.50 133.00
157.00 133.50
157.00 134.00
156.50 134.50
156.50 135.00
156.00 135.50
156.00 136.00
155.50 136.50
155.50 137.00
155.00 137.50
155.00 138.00
154.50 138.50
154.50 139.00
154.00 139.50
153.50 140.00
153.50 140.50
153.00 141.00
152.50 141.50
152.00 142.00
151.50 142.50
151.50 143.00
151.00 143.50
150.50 143.50
150.00 144.00
150.00 144.50
149.50 145.00
149.00 145.00
148.50 145.50
148.00 146.00
147.50 146.50
147.00 146.50
146.50 147.00
146.00 147.50
145.50 148.00
145.00 148.00
144.50 148.50
144.00 148.50
143.50 148.50
143.00 149.00
142.50 149.00
142.00 149.50
141.50 149.50
141.00 150.00
140.50 150.00
140.00 150.00
139.50 150.00
139.00 150.50
138.50 150.50
138.00 150.50
137.50 150.50
137.00 151.00
136.50 151.00
136.00 151.00
135.50 151.00
135.00 151.00
134.50 151.00
134.00 151.00
133.50 151.00
133.00 151.00
132.50 151.00
132.00 151.00
131.50 151.00
131.00 151.00
130.50 151.00
130.00 151.00
129.50 151.00
129.00 151.00
128.50 151.00
128.00 151.00
127.50 151.00
127.00 151.00
126.50 150.50
126.00 150.50
125.50 150.50
125.00 150.50
124.50 150.00
