124.50 118.00
124.50 117.50
125.00 117.00
125.00 116.50
125.00 116.00
125.50 115.50
125.50 115.00
126.00 114.50
126.50 114.00
126.50 113.50
127.00 113.00
127.50 112.50
128.00 112.00
128.50 111.50
129.00 111.00
129.50 110.50
130.00 110.50
130.50 110.00
131.00 110.00
131.50 109.50
132.00 109.50
132.50 109.50
133.00 109.00
133.50 109.00
134.00 109.00
134.50 109.00
135.00 109.00
135.50 109.00
136.00 109.00
136.50 109.00
137.00 109.50
137.50 109.50
138.00 109.50
138.50 110.00
139.00 110.50
139.50 111.00
140.00 111.50
140.50 112.00
141.00 112.50
141.50 113.00
142.00 113.50
142.50 114.00
143.00 114.50
143.00 115.00
143.00 115.50
143.50 116.00
144.00 116.50
144.00 117.00
144.50 117.50
144.50 118.00
144.50 118.50
144.50 119.00
145.00 119.50
145.00 120.00
145.00 120.50
145.00 121.00
145.00 121.50
145.00 122.00
145.00 122.50
145.00 123.00
145.00 123.50
145.00 124.00
144.50 124.50
144.50 125.00
144.00 125.50
144.00 126.00
143.50 126.50
143.00 127.00
142.50 127.50
142.00 128.00
141.50 128.50
141.00 129.00
140.50 129.50
140.00 130.00
139.50 130.50
139.00 131.00
138.50 131.50
138.00 132.00
137.50 132.50
137.00 133.00
136.50 133.50
136.00 133.50
135.50 134.00
135.00 134.50
134.50 134.50
134.00 135.00
133.50 135.00
133.00 135.00
132.50 135.00
132.00 135.50
131.50 135.50
131.00 135.50
130.50 135.50
130.00 135.50
129.50 135.50
129.00 135.50
128.50 135.50
128.00 135.50
127.50 135.50
127.00 135.00
126.50 135.00
126.00 135.00
125.50 134.50
125.00 134.50
124.50 134.00
124.00 133.50
123.50 133.00
123.00 132.50
122.50 132.00
122.50 131.50
122.00 131.00
122.00 130.50
121.50 130.00
121.50 129.50
121.00 129.00
121.00 128.50
120.50 128.00
120.50 127.50
120.50 127.00
120.00 126.50
120.00 126.00
120.00 125.50
120.00 125.00
120.00 124.50
120.00 124.00
120.00 123.50
120.00 123.00
120.50 122.50
120.50 122.00
121.00 121.50
121.50 121.00
122.00 120.50
122.50 120.00
123.00 119.50
123.50 119.00
124.00 118.50
