141.00 115.50
141.00 116.00
141.00 116.50
141.00 117.00
141.50 117.50
141.50 118.00
141.50 118.50
141.50 119.00
141.50 119.50
141.50 120.00
141.50 120.50
141.00 121.00
141.00 121.50
141.00 122.00
140.50 122.50
140.50 123.00
140.50 123.50
140.00 124.00
139.50 124.50
139.00 125.00
139.00 125.50
138.50 126.00
138.00 126.00
137.50 126.00
137.00 126.50
136.50 126.50
136.00 127.00
135.50 127.00
135.00 127.00
134.50 127.00
134.00 127.00
133.50 127.00
133.00 127.00
132.50 126.50
132.00 126.50
131.50 126.50
131.00 126.50
130.50 126.50
130.00 126.50
129.50 126.50
129.00 126.50
128.50 126.00
128.00 126.00
127.50 126.00
127.00 126.00
126.50 126.00
126.00 125.50
125.50 125.50
125.00 125.50
124.50 125.00
124.00 125.00
123.50 124.50
123.00 124.00
122.50 123.50
122.50 123.00
122.50 122.50
122.00 122.00
122.00 121.50
122.00 121.00
122.00 120.50
122.00 120.00
122.00 119.50
122.00 119.00
122.00 118.50
122.00 118.00
122.00 117.50
122.00 117.00
122.50 116.50
122.50 116.00
122.50 115.50
122.50 115.00
122.50 114.50
123.00 114.00
123.00 113.50
123.50 113.00
124.00 112.50
124.50 112.00
125.00 111.50
125.50 111.00
126.00 110.50
126.50 110.00
127.00 110.00
127.50 109.50
128.00 109.50
128.50 109.00
129.00 109.00
129.50 109.00
130.00 109.00
130.50 109.00
131.00 109.00
131.50 109.00
132.00 109.00
132.50 109.00
133.00 109.00
133.50 109.00
134.00 109.00
134.50 109.00
135.00 109.00
135.50 109.50
136.00 109.50
136.50 110.00
137.00 110.00
137.50 110.50
138.00 111.00
138.50 111.50
138.00 112.00
138.50 112.50
139.00 113.00
139.50 113.50
140.00 114.00
140.00 114.50
140.50 115.00
