144.50 102.00
145.00 102.00
145.50 102.50
146.00 102.50
146.50 102.50
147.00 103.00
147.50 103.00
148.00 103.00
148.50 103.50
149.00 104.00
149.50 104.00
150.00 104.00
150.50 104.50
151.00 105.00
151.50 105.50
152.00 106.00
152.50 106.50
153.00 107.00
153.50 107.50
154.00 108.00
154.00 108.50
154.00 109.00
154.50 109.50
155.00 110.00
155.00 110.50
155.50 111.00
155.50 111.50
155.50 112.00
156.00 112.50
156.00 113.00
156.00 113.50
156.50 114.00
156.50 114.50
156.50 115.00
156.50 115.50
156.50 116.00
157.00 116.50
157.00 117.00
157.00 117.50
157.00 118.00
157.00 118.50
157.00 119.00
157.00 119.50
157.00 120.00
157.00 120.50
157.00 121.00
157.00 121.50
157.00 122.00
157.00 122.50
157.00 123.00
157.00 123.50
157.00 124.00
157.00 124.50
157.00 125.00
157.00 125.50
156.50 126.00
156.50 126.50
156.50 127.00
156.50 127.50
156.50 128.00
156.00 128.50
156.00 129.00
156.00 129.50
156.00 130.00
156.00 130.50
155.50 131.00
155.50 131.50
155.50 132.00
155.50 132.50
155.50 133.00
155.00 133.50
155.00 134.00
155.00 134.50
154.50 135.00
154.50 135.50
154.50 136.00
154.50 136.50
154.00 137.00
154.00 137.50
154.00 138.00
153.50 138.50
153.50 139.00
153.50 139.50
153.00 140.00
153.00 140.50
152.50 141.00
152.50 141.50
152.00 142.00
151.50 142.50
151.50 143.00
151.00 143.50
150.50 144.00
150.00 144.50
149.50 145.00
149.00 145.50
148.50 145.50
148.00 146.00
147.50 146.00
147.00 146.50
146.50 146.50
146.00 147.00
145.50 147.00
145.00 147.00
144.50 147.50
144.00 147.50
143.50 147.50
143.00 147.50
142.50 148.00
142.00 148.00
141.50 148.00
141.00 148.00
140.50 148.00
140.00 148.50
139.50 148.50
139.00 148.50
138.50 148.50
138.00 148.50
137.50 148.50
137.00 149.00
136.50 149.00
136.00 149.00
135.50 149.00
135.00 149.00
134.50 149.00
134.00 149.00
133.50 149.00
133.00 149.00
132.50 149.00
132.00 149.00
131.50 149.00
131.00 149.00
130.50 149.00
130.00 149.00
129.50 149.00
129.00 149.00
128.50 149.00
128.00 149.00
127.50 148.50
127.00 148.50
126.50 148.50
126.00 148.50
125.50 148.00
125.00 148.00
124.50 148.00
124.00 147.50
123.50 147.50
123.00 147.00
122.50 147.00
122.00 146.50
121.50 146.50
121.00 146.00
120.50 145.50
120.00 145.00
119.50 144.50
119.00 144.00
118.50 143.50
118.50 143.00
118.00 142.50
118.00 142.00
117.50 141.50
117.00 141.00
117.00 140.50
116.50 140.00
116.50 139.50
116.00 139.00
116.00 138.50
115.50 138.00
115.50 137.50
115.50 137.00
115.00 136.50
115.00 136.00
115.00 135.50
114.50 135.00
114.50 134.50
114.50 134.00
114.50 133.50
114.00 133.00
114.00 132.50
114.00 132.00
114.00 131.50
114.00 131.00
113.50 130.50
113.50 130.00
113.50 129.50
113.50 129.00
113.50 128.50
113.50 128.00
113.50 127.50
113.50 127.00
113.50 126.50
113.50 126.00
113.50 125.50
113.50 125.00
113.50 124.50
114.00 124.00
114.00 123.50
114.00 123.00
114.00 122.50
114.00 122.00
114.50 121.50
114.50 121.00
114.50 120.50
114.50 120.00
115.00 119.50
115.00 119.00
115.50 118.50
115.50 118.00
115.50 117.50
116.00 117.00
116.00 116.50
116.50 116.00
116.50 115.50
117.00 115.00
117.00 114.50
117.50 114.00
117.50 113.50
118.00 113.00
118.00 112.50
118.50 112.00
118.50 111.50
119.00 111.00
119.00 110.50
119.00 110.00
119.50 109.50
119.50 109.00
120.00 108.50
120.00 108.00
120.50 107.50
120.50 107.00
120.50 106.50
121.00 106.00
121.50 105.50
121.50 105.00
122.00 104.50
122.50 104.00
123.00 103.50
123.50 103.00
124.00 102.50
124.50 102.50
125.00 102.00
125.50 102.00
126.00 101.50
126.50 101.50
127.00 101.50
127.50 101.00
128.00 101.00
128.50 101.00
129.00 101.00
129.50 101.00
130.00 101.00
130.50 100.50
131.00 100.50
131.50 100.50
132.00 100.50
132.50 100.50
133.00 100.50
133.50 100.50
134.00 100.50
134.50 100.50
135.00 100.50
135.50 100.50
136.00 100.50
136.50 100.50
137.00 100.50
137.50 100.50
138.00 100.50
138.50 100.50
139.00 101.00
139.50 101.00
140.00 101.00
140.50 101.00
141.00 101.00
141.50 101.00
142.00 101.50
142.50 101.50
143.00 101.50
143.50 101.50
144.00 102.00
