127.00 134.00
127.50 134.50
128.00 135.00
128.50 135.00
129.00 135.50
129.50 136.00
130.00 136.50
130.50 136.50
131.00 136.50
131.50 136.50
132.00 136.50
132.50 136.50
133.00 136.50
133.50 136.50
134.00 136.50
134.50 137.00
134.00 137.50
133.50 138.00
133.00 138.50
132.50 138.50
132.00 139.00
131.50 139.00
131.00 139.50
130.50 139.50
130.00 140.00
129.50 140.00
129.00 140.00
128.50 140.00
128.00 140.00
127.50 140.00
127.00 140.00
126.50 139.50
126.00 139.50
125.50 139.00
125.00 138.50
124.50 138.00
124.50 137.50
124.50 137.00
124.50 136.50
124.50 136.00
124.50 135.50
125.00 135.00
125.50 134.50
126.00 134.00
126.50 134.00
