127.50 110.00
128.00 109.50
128.50 109.50
129.00 109.00
129.50 109.00
130.00 109.00
130.50 109.00
131.00 108.50
131.50 108.50
132.00 108.50
132.50 108.00
133.00 108.00
133.50 108.00
134.00 108.00
134.50 108.00
135.00 108.00
135.50 108.00
136.00 108.00
136.50 108.00
137.00 108.00
137.50 108.00
138.00 108.00
138.50 108.00
139.00 108.00
139.50 108.50
140.00 108.50
140.50 108.50
141.00 108.50
141.50 109.00
142.00 109.00
142.50 109.00
143.00 109.50
143.50 109.50
144.00 110.00
144.50 110.00
145.00 110.00
145.50 110.50
146.00 111.00
146.50 111.00
147.00 111.50
147.50 112.00
148.00 112.50
148.50 112.50
149.00 113.00
149.00 113.50
149.50 114.00
150.00 114.50
150.50 115.00
150.50 115.50
151.00 116.00
151.00 116.50
151.50 117.00
151.50 117.50
152.00 118.00
152.00 118.50
152.00 119.00
152.50 119.50
152.50 120.00
152.50 120.50
153.00 121.00
153.00 121.50
153.00 122.00
153.00 122.50
153.50 123.00
153.50 123.50
153.00 124.00
153.00 124.50
153.50 125.00
153.50 125.50
153.50 126.00
153.50 126.50
153.50 127.00
153.50 127.50
153.50 128.00
153.50 128.50
153.50 129.00
153.50 129.50
153.50 130.00
153.50 130.50
153.50 131.00
153.00 131.50
153.00 132.00
153.00 132.50
153.00 133.00
152.50 133.50
152.50 134.00
152.50 134.50
152.00 135.00
152.00 135.50
152.00 136.00
151.50 136.50
151.50 137.00
151.00 137.50
150.50 138.00
150.50 138.50
150.00 139.00
149.50 139.50
149.00 140.00
148.50 140.50
148.00 140.50
147.50 141.00
147.00 141.50
146.50 142.00
146.00 142.00
145.50 142.50
145.00 143.00
144.50 143.00
144.00 143.00
143.50 143.50
143.00 143.50
142.50 143.50
142.00 144.00
141.50 144.00
141.00 144.50
140.50 144.50
140.00 144.50
139.50 144.50
139.00 144.50
138.50 145.00
138.00 145.00
137.50 145.00
137.00 145.00
136.50 145.00
136.00 145.00
135.50 145.00
135.00 145.00
134.50 145.00
134.00 145.00
133.50 145.00
133.00 145.00
132.50 145.00
132.00 145.00
131.50 145.00
131.00 145.00
130.50 145.00
130.00 144.50
129.50 144.50
129.00 144.50
128.50 144.50
128.00 144.00
127.50 144.00
127.00 143.50
126.50 143.50
126.00 143.00
125.50 143.00
125.00 143.00
124.50 142.50
124.00 142.00
123.50 141.50
123.00 141.00
123.00 140.50
122.50 140.00
122.00 139.50
121.50 139.00
121.00 138.50
120.50 138.00
120.50 137.50
120.00 137.00
119.50 136.50
119.50 136.00
119.00 135.50
119.00 135.00
119.00 134.50
118.50 134.00
118.50 133.50
118.50 133.00
118.00 132.50
118.00 132.00
118.00 131.50
118.00 131.00
118.00 130.50
117.50 130.00
117.50 129.50
117.50 129.00
117.50 128.50
117.50 128.00
117.50 127.50
117.50 127.00
117.50 126.50
117.50 126.00
117.50 125.50
117.50 125.00
117.50 124.50
117.50 124.00
118.00 123.50
118.00 123.00
118.00 122.50
118.00 122.00
118.50 121.50
118.50 121.00
118.50 120.50
119.00 120.00
119.00 119.50
119.50 119.00
119.50 118.50
119.50 118.00
120.00 117.50
120.50 117.00
120.50 116.50
121.00 116.00
121.50 115.50
122.00 115.00
122.50 114.50
123.00 114.00
123.50 113.50
124.00 113.00
124.50 112.50
125.00 112.00
125.50 111.50
126.00 111.50
126.50 111.50
127.00 111.00
127.00 110.50
127.50 110.00
