150.50 121.50
150.50 122.00
150.00 122.50
150.00 123.00
150.00 123.50
150.00 124.00
150.00 124.50
149.50 125.00
149.50 125.50
149.50 126.00
149.00 126.50
149.00 127.00
148.50 127.50
148.50 128.00
148.50 128.50
148.00 129.00
148.00 129.50
147.50 130.00
147.50 130.50
147.00 131.00
147.00 131.50
146.50 132.00
146.00 132.50
146.00 133.00
145.50 133.50
145.00 134.00
144.50 134.50
144.00 135.00
143.50 135.50
143.00 135.50
142.50 136.00
142.00 136.50
141.50 136.50
141.00 137.00
140.50 137.50
140.00 137.50
139.50 138.00
139.00 138.50
138.50 138.50
138.00 138.50
137.50 139.00
137.00 139.00
136.50 139.50
136.00 139.50
135.50 139.50
135.00 139.50
134.50 140.00
134.00 140.00
133.50 140.00
133.00 140.00
132.50 140.00
132.00 140.00
131.50 140.00
131.00 140.00
130.50 140.00
130.00 140.00
129.50 140.00
129.00 140.00
128.50 140.00
128.00 140.00
127.50 140.00
127.00 140.00
126.50 139.50
126.00 139.50
125.50 139.50
125.00 139.00
124.50 139.00
124.00 138.50
123.50 138.50
123.00 138.00
122.50 137.50
122.00 137.50
121.50 137.00
121.00 136.50
120.50 136.50
120.00 136.00
119.50 135.50
119.00 135.50
118.50 135.00
118.00 134.50
117.50 134.50
117.00 134.00
117.00 133.50
116.50 133.00
116.00 132.50
115.50 132.00
115.00 131.50
114.50 131.00
114.50 130.50
114.00 130.00
114.00 129.50
114.00 129.00
113.50 128.50
113.50 128.00
113.00 127.50
113.00 127.00
113.00 126.50
113.00 126.00
112.50 125.50
112.50 125.00
112.50 124.50
112.50 124.00
112.50 123.50
112.50 123.00
112.50 122.50
112.50 122.00
112.50 121.50
112.50 121.00
112.50 120.50
112.50 120.00
113.00 119.50
113.00 119.00
113.00 118.50
113.00 118.00
113.00 117.50
113.00 117.00
113.50 116.50
113.50 116.00
113.50 115.50
113.50 115.00
114.00 114.50
114.00 114.00
114.00 113.50
114.50 113.00
114.50 112.50
115.00 112.00
115.00 111.50
115.50 111.00
115.50 110.50
116.00 110.00
116.00 109.50
116.50 109.00
117.00 108.50
117.50 108.00
118.00 107.50
118.50 107.00
119.00 106.50
119.50 106.00
120.00 106.00
120.50 105.50
121.00 105.50
121.50 105.00
122.00 104.50
122.50 104.50
123.00 104.00
123.50 104.00
124.00 104.00
124.50 103.50
125.00 103.50
125.50 103.00
126.00 103.00
126.50 103.00
127.00 103.00
127.50 102.50
128.00 102.50
128.50 102.50
129.00 102.50
129.50 102.50
130.00 102.50
130.50 102.50
131.00 102.50
131.50 102.50
132.00 102.50
132.50 102.50
133.00 102.50
133.50 102.50
134.00 102.50
134.50 102.50
135.00 102.50
135.50 103.00
136.00 103.00
136.50 103.00
137.00 103.00
137.50 103.00
138.00 103.50
138.50 103.50
139.00 103.50
139.50 104.00
140.00 104.00
140.50 104.50
141.00 104.50
141.50 105.00
142.00 105.00
142.50 105.50
143.00 105.50
143.50 106.00
144.00 106.50
144.50 107.00
145.00 107.50
145.50 108.00
146.00 108.50
146.50 109.00
147.00 109.50
147.00 110.00
147.50 110.50
148.00 111.00
148.50 111.50
148.50 112.00
148.50 112.50
149.00 113.00
149.00 113.50
149.50 114.00
149.50 114.50
149.50 115.00
150.00 115.50
150.00 116.00
150.00 116.50
150.00 117.00
150.50 117.50
150.50 118.00
150.50 118.50
150.50 119.00
150.50 119.50
150.50 120.00
150.50 120.50
150.50 121.00
