128.00 110.50
128.50 110.00
129.00 110.00
129.50 109.50
130.00 109.50
130.50 109.50
131.00 109.50
131.50 109.00
132.00 109.00
132.50 109.00
133.00 109.00
133.50 109.00
134.00 109.00
134.50 109.00
135.00 109.00
135.50 109.00
136.00 109.00
136.50 109.00
137.00 109.50
137.50 109.50
138.00 109.50
138.50 110.00
139.00 110.00
139.50 110.00
140.00 110.50
140.50 110.50
141.00 111.00
141.50 111.50
142.00 112.00
142.50 112.50
143.00 113.00
143.50 113.50
144.00 114.00
144.50 114.50
145.00 115.00
145.00 115.50
145.00 116.00
145.50 116.50
145.50 117.00
146.00 117.50
146.00 118.00
146.00 118.50
146.00 119.00
146.50 119.50
146.50 120.00
146.50 120.50
146.50 121.00
146.50 121.50
146.50 122.00
146.50 122.50
146.50 123.00
146.50 123.50
146.50 124.00
146.50 124.50
146.50 125.00
146.50 125.50
146.00 126.00
146.00 126.50
146.00 127.00
145.50 127.50
145.50 128.00
145.00 128.50
144.50 129.00
144.00 129.50
143.50 130.00
143.00 130.00
142.50 130.00
142.00 130.50
141.50 130.50
141.00 130.50
140.50 131.00
140.00 131.00
139.50 131.00
139.00 131.50
138.50 131.50
138.00 131.50
137.50 132.00
137.00 132.00
136.50 132.50
136.00 132.50
135.50 133.00
135.00 133.00
134.50 133.50
134.00 133.50
133.50 134.00
133.00 134.00
132.50 134.00
132.00 134.50
131.50 134.50
131.00 134.50
130.50 134.50
130.00 134.50
129.50 134.50
129.00 134.50
128.50 134.00
128.00 134.00
127.50 133.50
127.00 133.00
126.50 133.00
126.00 132.50
126.00 132.00
125.50 131.50
125.00 131.00
124.50 130.50
124.00 130.00
124.00 129.50
123.50 129.00
123.50 128.50
123.50 128.00
123.50 127.50
123.00 127.00
123.00 126.50
123.00 126.00
123.00 125.50
123.00 125.00
123.00 124.50
122.50 124.00
122.50 123.50
123.00 123.00
123.00 122.50
123.00 122.00
123.00 121.50
123.00 121.00
123.00 120.50
123.00 120.00
123.00 119.50
123.00 119.00
123.00 118.50
123.00 118.00
123.00 117.50
123.50 117.00
123.50 116.50
123.50 116.00
123.50 115.50
124.00 115.00
124.00 114.50
124.00 114.00
124.50 113.50
124.50 113.00
125.00 112.50
125.50 112.00
126.00 111.50
126.50 111.00
127.00 111.00
127.50 110.50
