123.50 117.00
124.00 116.50
124.50 116.50
125.00 116.00
125.50 115.50
126.00 115.00
126.50 115.00
127.00 114.50
127.50 114.50
128.00 114.00
128.50 114.00
129.00 114.00
129.50 114.00
130.00 113.50
130.50 113.50
131.00 113.50
131.50 113.50
132.00 113.50
132.50 113.50
133.00 113.50
133.50 113.50
134.00 113.50
134.50 113.50
135.00 114.00
135.50 114.00
136.00 114.00
136.50 114.50
137.00 115.00
137.50 115.50
138.00 115.50
138.50 116.00
139.00 116.50
139.00 117.00
139.50 117.50
139.50 118.00
140.00 118.50
140.50 119.00
140.50 119.50
140.50 120.00
141.00 120.50
141.00 121.00
141.00 121.50
141.50 122.00
141.50 122.50
141.50 123.00
141.50 123.50
141.50 124.00
141.50 124.50
141.50 125.00
141.50 125.50
141.50 126.00
141.50 126.50
141.50 127.00
141.50 127.50
141.00 128.00
141.00 128.50
140.50 129.00
140.50 129.50
140.00 130.00
140.00 130.50
139.50 131.00
139.50 131.50
139.00 132.00
138.50 132.50
138.00 133.00
137.50 133.50
137.00 134.00
136.50 134.50
136.00 135.00
135.50 135.00
135.00 135.50
134.50 136.00
134.00 136.00
133.50 136.50
133.00 136.50
132.50 137.00
132.00 137.00
131.50 137.50
131.00 137.50
130.50 137.50
130.00 137.50
129.50 137.50
129.00 137.50
128.50 137.50
128.00 137.50
127.50 137.50
127.00 137.50
126.50 137.50
126.00 137.00
125.50 137.00
125.00 137.00
124.50 136.50
124.00 136.50
123.50 136.00
123.00 135.50
122.50 135.50
122.00 135.00
121.50 134.50
121.00 134.00
120.50 133.50
120.50 133.00
120.00 132.50
120.00 132.00
119.50 131.50
119.50 131.00
119.50 130.50
119.50 130.00
119.50 129.50
119.50 129.00
119.50 128.50
119.50 128.00
119.50 127.50
119.50 127.00
119.50 126.50
119.50 126.00
119.50 125.50
119.50 125.00
119.50 124.50
119.50 124.00
120.00 123.50
120.00 123.00
120.00 122.50
120.50 122.00
120.50 121.50
120.50 121.00
121.00 120.50
121.00 120.00
121.50 119.50
121.50 119.00
122.00 118.50
122.50 118.00
123.00 117.50
