125.00 116.50
125.50 116.00
126.00 116.00
126.50 116.00
127.00 115.50
127.50 115.50
128.00 115.50
128.50 115.50
129.00 115.50
129.50 115.50
130.00 115.50
130.50 115.50
131.00 115.50
131.50 116.00
132.00 116.00
132.50 116.00
133.00 116.50
133.50 117.00
134.00 117.50
134.50 118.00
135.00 118.50
135.50 119.00
135.50 119.50
136.00 120.00
136.00 120.50
136.50 121.00
136.50 121.50
136.50 122.00
136.50 122.50
137.00 123.00
137.00 123.50
137.00 124.00
137.00 124.50
137.00 125.00
137.00 125.50
137.00 126.00
136.50 126.50
136.50 127.00
136.50 127.50
136.00 128.00
136.00 128.50
136.00 129.00
135.50 129.50
135.00 130.00
135.00 130.50
134.50 131.00
134.00 131.50
133.50 132.00
133.00 132.50
132.50 132.50
132.00 133.00
131.50 133.50
131.00 133.50
130.50 133.50
130.00 133.50
129.50 133.50
129.00 133.50
128.50 133.50
128.00 133.50
127.50 133.50
127.00 133.50
126.50 133.50
126.00 133.00
125.50 133.00
125.00 132.50
124.50 132.50
124.00 132.00
123.50 131.50
123.00 131.50
122.50 131.00
122.00 130.50
121.50 130.00
121.50 129.50
121.00 129.00
120.50 128.50
120.50 128.00
120.50 127.50
120.00 127.00
120.00 126.50
120.00 126.00
119.50 125.50
119.50 125.00
119.50 124.50
119.50 124.00
119.50 123.50
120.00 123.00
120.00 122.50
120.00 122.00
120.00 121.50
120.50 121.00
120.50 120.50
121.00 120.00
121.00 119.50
121.50 119.00
122.00 118.50
122.50 118.00
123.00 117.50
123.50 117.00
124.00 116.50
124.50 116.50
