139.50 99.00
140.00 99.00
140.50 99.00
141.00 99.50
141.50 99.50
142.00 99.50
142.50 99.50
143.00 100.00
143.50 100.00
144.00 100.50
144.50 100.50
145.00 100.50
145.50 101.00
146.00 101.00
146.50 101.50
147.00 102.00
147.50 102.00
148.00 102.50
148.50 103.00
149.00 103.50
149.50 103.50
150.00 104.00
150.50 104.50
150.50 105.00
151.00 105.50
151.50 106.00
152.00 106.50
152.50 107.00
153.00 107.50
153.50 108.00
153.50 108.50
154.00 109.00
154.50 109.50
154.50 110.00
155.00 110.50
155.50 111.00
155.50 111.50
156.00 112.00
156.00 112.50
156.00 113.00
156.50 113.50
156.50 114.00
157.00 114.50
157.00 115.00
157.00 115.50
157.50 116.00
157.50 116.50
157.50 117.00
158.00 117.50
158.00 118.00
158.00 118.50
158.00 119.00
158.50 119.50
158.50 120.00
158.50 120.50
158.50 121.00
158.50 121.50
158.50 122.00
158.50 122.50
158.50 123.00
158.50 123.50
158.50 124.00
158.50 124.50
158.50 125.00
158.50 125.50
158.00 126.00
158.00 126.50
158.00 127.00
158.00 127.50
158.00 128.00
157.50 128.50
157.50 129.00
157.50 129.50
157.50 130.00
157.00 130.50
157.00 131.00
156.50 131.50
156.50 132.00
156.00 132.50
156.00 133.00
156.00 133.50
155.50 134.00
155.00 134.50
155.00 135.00
154.50 135.50
154.50 136.00
154.00 136.50
154.00 137.00
153.50 137.50
153.00 138.00
153.00 138.50
152.50 139.00
152.00 139.50
152.00 140.00
151.50 140.50
151.00 141.00
151.00 141.50
150.50 142.00
150.00 142.00
149.50 142.50
149.00 143.00
149.00 143.50
148.50 144.00
148.00 144.00
147.50 144.50
147.00 145.00
146.50 145.50
146.00 145.50
145.50 145.50
145.00 146.00
144.50 146.50
144.00 146.50
143.50 146.50
143.00 147.00
142.50 147.00
142.00 147.50
141.50 147.50
141.00 147.50
140.50 147.50
140.00 148.00
139.50 148.00
139.00 148.00
138.50 148.00
138.00 148.00
137.50 148.00
137.00 148.50
136.50 148.50
136.00 148.50
135.50 148.50
135.00 148.50
134.50 148.50
134.00 148.50
133.50 148.50
133.00 148.50
132.50 148.50
132.00 148.50
131.50 148.50
131.00 148.50
130.50 148.50
130.00 148.50
129.50 148.00
129.00 148.00
128.50 148.00
128.00 148.00
127.50 148.00
127.00 148.00
126.50 147.50
126.00 147.50
125.50 147.50
125.00 147.50
124.50 147.00
124.00 147.00
123.50 147.00
123.00 146.50
122.50 146.50
122.00 146.50
121.50 146.00
121.00 146.00
120.50 145.50
120.00 145.50
119.50 145.00
119.00 145.00
118.50 144.50
118.00 144.50
117.50 144.00
117.00 143.50
116.50 143.00
116.00 143.00
115.50 142.50
115.00 142.00
115.00 141.50
114.50 141.00
114.00 140.50
114.00 140.00
113.50 139.50
113.50 139.00
113.00 138.50
113.00 138.00
113.00 137.50
112.50 137.00
112.50 136.50
112.50 136.00
112.50 135.50
112.50 135.00
112.50 134.50
112.00 134.00
112.00 133.50
112.00 133.00
112.00 132.50
112.00 132.00
112.00 131.50
112.00 131.00
112.00 130.50
112.00 130.00
112.00 129.50
112.00 129.00
112.00 128.50
112.00 128.00
112.00 127.50
112.00 127.00
112.00 126.50
112.00 126.00
112.00 125.50
112.00 125.00
112.00 124.50
112.00 124.00
112.00 123.50
112.50 123.00
112.50 122.50
112.50 122.00
112.50 121.50
112.50 121.00
112.50 120.50
113.00 120.00
113.00 119.50
113.00 119.00
113.00 118.50
113.50 118.00
113.50 117.50
113.50 117.00
113.50 116.50
114.00 116.00
114.00 115.50
114.00 115.00
114.50 114.50
114.50 114.00
114.50 113.50
115.00 113.00
115.00 112.50
115.50 112.00
115.50 111.50
116.00 111.00
116.00 110.50
116.50 110.00
117.00 109.50
117.00 109.00
117.50 108.50
118.00 108.00
118.50 107.50
118.50 107.00
119.00 106.50
119.50 106.00
120.00 105.50
120.50 105.50
121.00 105.00
121.50 104.50
122.00 104.00
122.50 104.00
123.00 103.50
123.50 103.00
124.00 103.00
124.50 102.50
125.00 102.00
125.50 102.00
126.00 101.50
126.50 101.50
127.00 101.00
127.50 101.00
128.00 100.50
128.50 100.50
129.00 100.50
129.50 100.00
130.00 100.00
130.50 100.00
131.00 99.50
131.50 99.50
132.00 99.50
132.50 99.50
133.00 99.00
133.50 99.00
134.00 99.00
134.50 99.00
135.00 99.00
135.50 99.00
136.00 99.00
136.50 99.00
137.00 99.00
137.50 99.00
138.00 99.00
138.50 99.00
139.00 99.00
