129.00 99.00
129.50 99.00
130.00 99.00
130.50 99.00
131.00 98.50
131.50 98.50
132.00 98.50
132.50 98.50
133.00 98.50
133.50 98.50
134.00 98.50
134.50 98.50
135.00 98.50
135.50 98.50
136.00 99.00
136.50 99.00
137.00 99.00
137.50 99.00
138.00 99.00
138.50 99.00
139.00 99.50
139.50 99.50
140.00 99.50
140.50 99.50
141.00 100.00
141.50 100.00
142.00 100.50
142.50 100.50
143.00 101.00
143.50 101.00
144.00 101.50
144.50 101.50
145.00 102.00
145.50 102.50
146.00 102.50
146.50 103.00
147.00 103.00
147.50 103.50
148.00 104.00
148.50 104.50
149.00 105.00
149.50 105.50
150.00 105.50
150.50 106.00
150.50 106.50
151.00 107.00
151.50 107.50
152.00 108.00
152.00 108.50
152.50 109.00
152.50 109.50
153.00 110.00
153.50 110.50
153.50 111.00
154.00 111.50
154.00 112.00
154.00 112.50
154.50 113.00
155.00 113.50
155.00 114.00
155.00 114.50
155.00 115.00
155.00 115.50
155.50 116.00
155.50 116.50
155.50 117.00
155.50 117.50
155.50 118.00
156.00 118.50
156.00 119.00
156.00 119.50
156.00 120.00
156.00 120.50
156.00 121.00
156.00 121.50
156.00 122.00
156.00 122.50
156.00 123.00
155.50 123.50
155.50 124.00
155.50 124.50
155.50 125.00
155.50 125.50
155.50 126.00
155.50 126.50
155.00 127.00
155.00 127.50
155.00 128.00
155.00 128.50
155.00 129.00
154.50 129.50
154.50 130.00
154.50 130.50
154.00 131.00
154.00 131.50
154.00 132.00
153.50 132.50
153.50 133.00
153.50 133.50
153.00 134.00
153.00 134.50
152.50 135.00
152.50 135.50
152.00 136.00
151.50 136.50
151.50 137.00
151.00 137.50
151.00 138.00
150.50 138.50
150.00 139.00
149.50 139.50
149.00 140.00
148.50 140.50
148.00 141.00
147.50 141.50
147.00 142.00
146.50 142.50
146.00 142.50
145.50 143.00
145.00 143.00
144.50 143.50
144.00 144.00
143.50 144.00
143.00 144.50
142.50 144.50
142.00 144.50
141.50 145.00
141.00 145.00
140.50 145.50
140.00 145.50
139.50 145.50
139.00 146.00
138.50 146.00
138.00 146.00
137.50 146.00
137.00 146.00
136.50 146.00
136.00 146.50
135.50 146.50
135.00 146.50
134.50 146.50
134.00 146.50
133.50 146.50
133.00 146.50
132.50 146.50
132.00 146.50
131.50 146.50
131.00 146.50
130.50 146.00
130.00 146.00
129.50 146.00
129.00 146.00
128.50 146.00
128.00 145.50
127.50 145.50
127.00 145.50
126.50 145.00
126.00 145.00
125.50 144.50
125.00 144.50
124.50 144.50
124.00 144.00
123.50 143.50
123.00 143.50
122.50 143.00
122.00 143.00
121.50 142.50
121.00 142.00
120.50 141.50
120.00 141.50
119.50 141.00
119.00 140.50
118.50 140.00
118.00 139.50
117.50 139.50
117.00 139.00
116.50 138.50
116.00 138.00
115.50 137.50
115.50 137.00
115.00 136.50
114.50 136.00
114.00 135.50
113.50 135.00
113.50 134.50
113.00 134.00
113.00 133.50
112.50 133.00
112.00 132.50
112.00 132.00
112.00 131.50
112.00 131.00
111.50 130.50
111.50 130.00
111.50 129.50
111.50 129.00
111.00 128.50
111.00 128.00
111.00 127.50
111.00 127.00
111.00 126.50
111.00 126.00
111.00 125.50
111.00 125.00
111.00 124.50
111.00 124.00
111.00 123.50
111.00 123.00
111.00 122.50
111.00 122.00
111.00 121.50
111.00 121.00
111.00 120.50
111.00 120.00
111.00 119.50
111.50 119.00
111.50 118.50
111.50 118.00
111.50 117.50
111.50 117.00
111.50 116.50
112.00 116.00
112.00 115.50
112.00 115.00
112.50 114.50
112.50 114.00
112.50 113.50
113.00 113.00
113.00 112.50
113.00 112.00
113.50 111.50
113.50 111.00
113.50 110.50
114.00 110.00
114.00 109.50
114.50 109.00
115.00 108.50
115.00 108.00
115.50 107.50
115.50 107.00
116.00 106.50
116.50 106.00
117.00 105.50
117.50 105.00
118.00 104.50
118.50 104.00
119.00 103.50
119.50 103.50
120.00 103.00
120.50 102.50
121.00 102.00
121.50 102.00
122.00 101.50
122.50 101.50
123.00 101.00
123.50 101.00
124.00 100.50
124.50 100.50
125.00 100.00
125.50 100.00
126.00 100.00
126.50 99.50
127.00 99.50
127.50 99.50
128.00 99.00
128.50 99.00
