143.50 115.50
144.00 115.00
144.50 115.00
145.00 114.50
145.50 114.00
146.00 114.00
146.50 114.00
147.00 114.00
147.50 114.00
148.00 114.00
148.50 114.50
149.00 115.00
149.50 115.50
149.50 116.00
150.00 116.50
150.00 117.00
150.00 117.50
150.50 118.00
150.50 118.50
151.00 119.00
151.00 119.50
151.50 120.00
151.50 120.50
151.50 121.00
151.50 121.50
151.50 122.00
151.00 122.50
151.00 123.00
150.50 123.50
150.00 124.00
149.50 124.50
149.00 125.00
148.50 125.00
148.00 125.50
147.50 125.50
147.00 125.50
146.50 125.50
146.00 125.50
145.50 125.50
145.00 125.00
144.50 124.50
144.00 124.00
143.50 123.50
143.50 123.00
143.50 122.50
143.00 122.00
143.00 121.50
143.00 121.00
142.50 120.50
142.50 120.00
142.50 119.50
142.50 119.00
142.50 118.50
142.50 118.00
142.50 117.50
142.50 117.00
143.00 116.50
143.00 116.00
