157.50 116.50
157.50 117.00
157.50 117.50
157.50 118.00
157.50 118.50
157.50 119.00
157.50 119.50
157.50 120.00
157.50 120.50
157.50 121.00
157.50 121.50
157.50 122.00
157.50 122.50
157.50 123.00
157.50 123.50
157.50 124.00
157.50 124.50
157.50 125.00
157.50 125.50
157.50 126.00
157.50 126.50
157.50 127.00
157.00 127.50
157.00 128.00
157.00 128.50
157.00 129.00
157.00 129.50
157.00 130.00
156.50 130.50
156.50 131.00
156.50 131.50
156.00 132.00
156.00 132.50
155.50 133.00
155.50 133.50
155.50 134.00
155.00 134.50
155.00 135.00
154.50 135.50
154.00 136.00
154.00 136.50
153.50 137.00
153.00 137.50
152.50 137.50
152.00 138.00
151.50 138.50
151.00 139.00
150.50 139.00
150.00 139.50
149.50 139.50
149.00 140.00
148.50 140.50
148.00 140.50
147.50 141.00
147.00 141.00
146.50 141.50
146.00 141.50
145.50 141.50
145.00 141.50
144.50 142.00
144.00 142.00
143.50 142.00
143.00 142.50
142.50 142.50
142.00 142.50
141.50 143.00
141.00 143.00
140.50 143.00
140.00 143.00
139.50 143.50
139.00 143.50
138.50 143.50
138.00 143.50
137.50 144.00
137.00 144.00
136.50 144.00
136.00 144.00
135.50 144.00
135.00 144.00
134.50 144.00
134.00 144.00
133.50 144.00
133.00 144.00
132.50 144.00
132.00 144.00
131.50 144.00
131.00 144.00
130.50 144.00
130.00 144.00
129.50 143.50
129.00 143.50
128.50 143.50
128.00 143.50
127.50 143.50
127.00 143.00
126.50 143.00
126.00 142.50
125.50 142.50
125.00 142.50
124.50 142.00
124.00 142.00
123.50 141.50
123.00 141.50
122.50 141.00
122.00 141.00
121.50 141.00
121.00 140.50
120.50 140.00
120.00 140.00
119.50 139.50
119.00 139.00
118.50 138.50
118.00 138.00
117.50 138.00
117.00 137.50
117.00 137.00
116.50 136.50
116.00 136.50
115.50 136.00
115.00 135.50
114.50 135.00
114.50 134.50
114.00 134.00
113.50 133.50
113.50 133.00
113.00 132.50
112.50 132.00
112.50 131.50
112.00 131.00
112.00 130.50
112.00 130.00
111.50 129.50
111.50 129.00
111.00 128.50
111.00 128.00
111.00 127.50
111.00 127.00
111.00 126.50
111.00 126.00
110.50 125.50
110.50 125.00
110.50 124.50
110.50 124.00
110.50 123.50
110.50 123.00
110.50 122.50
110.50 122.00
111.00 121.50
111.00 121.00
111.00 120.50
111.00 120.00
111.00 119.50
111.00 119.00
111.50 118.50
111.50 118.00
111.50 117.50
111.50 117.00
112.00 116.50
112.00 116.00
112.50 115.50
112.50 115.00
113.00 114.50
113.00 114.00
113.50 113.50
113.50 113.00
114.00 112.50
114.00 112.00
114.50 111.50
115.00 111.00
115.50 110.50
116.00 110.00
116.50 109.50
117.00 109.00
117.50 109.00
118.00 108.50
118.50 108.00
119.00 108.00
119.50 107.50
120.00 107.50
120.50 107.00
121.00 106.50
121.50 106.50
122.00 106.00
122.50 106.00
123.00 106.00
123.50 105.50
124.00 105.50
124.50 105.00
125.00 105.00
125.50 105.00
126.00 105.00
126.50 104.50
127.00 104.50
127.50 104.50
128.00 104.00
128.50 104.00
129.00 104.00
129.50 104.00
130.00 103.50
130.50 103.50
131.00 103.50
131.50 103.50
132.00 103.50
132.50 103.50
133.00 103.00
133.50 103.00
134.00 103.00
134.50 103.00
135.00 103.00
135.50 103.00
136.00 103.00
136.50 103.00
137.00 103.00
137.50 103.00
138.00 103.00
138.50 103.00
139.00 103.00
139.50 103.50
140.00 103.50
140.50 103.50
141.00 103.50
141.50 103.50
142.00 103.50
142.50 104.00
143.00 104.00
143.50 104.00
144.00 104.00
144.50 104.50
145.00 104.50
145.50 104.50
146.00 105.00
146.50 105.00
147.00 105.00
147.50 105.50
148.00 105.50
148.50 106.00
149.00 106.00
149.50 106.00
150.00 106.50
150.00 107.00
150.50 107.50
151.00 108.00
151.50 108.00
152.00 108.50
152.50 109.00
153.00 109.50
153.50 110.00
154.00 110.50
154.50 111.00
154.50 111.50
155.00 112.00
155.00 112.50
155.50 113.00
156.00 113.50
156.00 114.00
156.00 114.50
156.50 115.00
156.50 115.50
157.00 116.00
157.50 116.50
