154.00 123.00
154.00 123.50
154.00 124.00
154.00 124.50
154.00 125.00
154.00 125.50
154.00 126.00
154.00 126.50
154.00 127.00
154.00 127.50
153.50 128.00
153.50 128.50
153.50 129.00
153.50 129.50
153.00 130.00
153.00 130.50
152.50 131.00
152.50 131.50
152.50 132.00
152.00 132.50
151.50 133.00
151.00 133.50
150.50 134.00
150.00 134.50
149.50 135.00
149.00 135.50
148.50 135.50
148.00 136.00
147.50 136.50
147.00 137.00
146.50 137.50
146.00 137.50
145.50 138.00
145.00 138.50
144.50 138.50
144.00 139.00
143.50 138.50
143.00 138.50
142.50 139.00
142.00 139.00
141.50 139.50
141.00 139.50
140.50 140.00
140.00 140.00
139.50 140.00
139.00 140.50
138.50 140.50
138.00 140.50
137.50 140.50
137.00 140.50
136.50 141.00
136.00 141.00
135.50 141.00
135.00 141.00
134.50 141.00
134.00 141.00
133.50 141.00
133.00 141.00
132.50 141.00
132.00 141.00
131.50 141.00
131.00 141.00
130.50 140.50
130.00 140.50
129.50 140.50
129.00 140.50
128.50 140.50
128.00 140.00
127.50 140.00
127.00 139.50
126.50 139.50
126.00 139.00
125.50 139.00
125.00 139.00
124.50 138.50
124.00 138.00
123.50 138.00
123.00 137.50
122.50 137.00
122.00 136.50
121.50 136.00
121.00 135.50
120.50 135.00
120.50 134.50
120.00 134.00
119.50 133.50
119.50 133.00
119.50 132.50
119.00 132.00
118.50 131.50
118.50 131.00
118.00 130.50
118.00 130.00
118.00 129.50
117.50 129.00
117.50 128.50
117.00 128.00
117.00 127.50
116.50 127.00
116.50 126.50
116.50 126.00
116.50 125.50
116.00 125.00
116.00 124.50
116.00 124.00
116.00 123.50
116.00 123.00
116.00 122.50
116.00 122.00
116.00 121.50
116.00 121.00
116.00 120.50
116.00 120.00
116.00 119.50
116.50 119.00
116.50 118.50
116.50 118.00
116.50 117.50
117.00 117.00
117.00 116.50
116.50 116.00
117.00 115.50
117.00 115.00
117.50 114.50
118.00 114.00
118.50 113.50
119.00 113.00
119.50 112.50
120.00 112.00
120.50 112.00
121.00 111.50
121.50 111.00
122.00 111.00
122.50 111.00
123.00 110.50
123.50 110.00
124.00 110.00
124.50 110.00
125.00 109.50
125.50 109.50
126.00 109.00
126.50 109.00
127.00 109.00
127.50 108.50
128.00 108.50
128.50 108.50
129.00 108.00
129.50 108.00
130.00 108.00
130.50 107.50
131.00 107.50
131.50 107.50
132.00 107.00
132.50 107.00
133.00 107.00
133.50 107.00
134.00 107.00
134.50 107.00
135.00 106.50
135.50 106.50
136.00 106.50
136.50 106.50
137.00 106.50
137.50 106.50
138.00 106.50
138.50 106.50
139.00 106.50
139.50 106.50
140.00 107.00
140.50 107.00
141.00 107.00
141.50 107.00
142.00 107.50
142.50 107.50
143.00 107.50
143.50 107.50
144.00 108.00
144.50 108.50
145.00 108.50
145.50 109.00
146.00 109.00
146.50 109.50
147.00 110.00
147.50 110.50
148.00 110.50
148.50 111.00
149.00 111.50
149.50 112.00
150.00 112.50
150.50 113.00
151.00 113.50
151.00 114.00
151.50 114.50
151.50 115.00
152.00 115.50
152.50 116.00
152.50 116.50
153.00 117.00
153.00 117.50
153.00 118.00
153.50 118.50
153.50 119.00
153.50 119.50
153.50 120.00
154.00 120.50
154.00 121.00
154.00 121.50
154.00 122.00
154.00 122.50
