119.50 104.00
120.00 103.50
120.50 103.50
121.00 103.00
121.50 103.00
122.00 102.50
122.50 102.50
123.00 102.00
123.50 102.00
124.00 101.50
124.50 101.50
125.00 101.00
125.50 101.00
126.00 100.50
126.50 100.50
127.00 100.00
127.50 100.00
128.00 100.00
128.50 99.50
129.00 99.50
129.50 99.00
130.00 99.00
130.50 99.00
131.00 98.50
131.50 98.50
132.00 98.50
132.50 98.50
133.00 98.00
133.50 98.00
134.00 98.00
134.50 97.50
135.00 97.50
135.50 97.50
136.00 97.50
136.50 97.00
137.00 97.50
137.50 97.50
138.00 97.50
138.50 97.50
139.00 97.50
139.50 97.00
140.00 97.00
140.50 97.00
141.00 97.00
141.50 97.00
142.00 97.50
142.50 97.50
143.00 97.50
143.50 97.50
144.00 97.50
144.50 98.00
145.00 98.00
145.50 98.00
146.00 98.50
146.50 99.00
147.00 99.00
147.50 99.50
148.00 99.50
148.50 100.00
149.00 100.50
149.50 101.00
150.00 101.50
150.50 102.00
151.00 102.50
151.50 103.00
152.00 103.50
152.50 104.00
153.00 104.50
152.50 105.00
153.00 105.50
153.50 106.00
153.50 106.50
154.00 107.00
154.00 107.50
154.50 108.00
155.00 108.50
155.00 109.00
155.50 109.50
155.50 110.00
155.50 110.50
156.00 111.00
156.00 111.50
156.50 112.00
156.50 112.50
157.00 113.00
157.00 113.50
157.00 114.00
157.50 114.50
157.50 115.00
157.50 115.50
157.50 116.00
158.00 116.50
158.00 117.00
158.00 117.50
158.00 118.00
158.00 118.50
158.00 119.00
158.00 119.50
158.00 120.00
158.50 120.50
158.50 121.00
158.50 121.50
158.00 122.00
158.00 122.50
158.00 123.00
158.00 123.50
158.00 124.00
158.00 124.50
157.50 125.00
157.50 125.50
157.50 126.00
157.50 126.50
157.00 127.00
157.00 127.50
156.50 128.00
156.50 128.50
156.50 129.00
156.00 129.50
156.00 130.00
155.50 130.50
155.50 131.00
155.00 131.50
154.50 132.00
154.00 132.50
154.00 133.00
153.50 133.50
153.00 134.00
152.50 134.50
152.00 135.00
151.50 135.50
151.00 136.00
150.50 136.50
150.00 137.00
149.50 137.50
149.00 138.00
148.50 138.00
148.00 138.50
147.50 139.00
147.00 139.50
146.50 139.50
146.00 140.00
145.50 140.50
145.00 140.50
144.50 141.00
144.00 141.00
143.50 141.00
143.00 141.50
142.50 141.50
142.00 142.00
141.50 142.00
141.00 142.00
140.50 142.50
140.00 142.50
139.50 142.50
139.00 142.50
138.50 143.00
138.00 143.00
137.50 143.00
137.00 143.00
136.50 143.00
136.00 143.50
135.50 143.50
135.00 143.50
134.50 143.50
134.00 143.50
133.50 143.50
133.00 143.50
132.50 143.50
132.00 143.50
131.50 143.50
131.00 143.50
130.50 143.50
130.00 143.50
129.50 143.50
129.00 143.50
128.50 143.50
128.00 143.50
127.50 143.50
127.00 143.50
126.50 143.00
126.00 143.00
125.50 143.00
125.00 143.00
124.50 143.00
124.00 143.00
123.50 142.50
123.00 142.50
122.50 142.50
122.00 142.50
121.50 142.50
121.00 142.50
120.50 142.00
120.00 142.00
119.50 142.00
119.00 141.50
118.50 141.50
118.00 141.50
117.50 141.00
117.00 141.00
116.50 141.00
116.00 140.50
115.50 140.50
115.00 140.00
114.50 140.00
114.00 139.50
113.50 139.50
113.00 139.00
112.50 138.50
112.00 138.00
111.50 137.50
111.00 137.00
110.50 136.50
110.00 136.00
109.50 135.50
109.50 135.00
109.00 134.50
109.00 134.00
108.50 133.50
108.50 133.00
108.00 132.50
108.00 132.00
108.00 131.50
107.50 131.00
107.50 130.50
107.50 130.00
107.50 129.50
107.50 129.00
107.50 128.50
107.00 128.00
107.00 127.50
107.00 127.00
107.00 126.50
107.00 126.00
107.00 125.50
107.00 125.00
107.00 124.50
107.00 124.00
107.00 123.50
107.00 123.00
107.00 122.50
107.00 122.00
107.00 121.50
107.50 121.00
107.50 120.50
107.50 120.00
107.50 119.50
107.50 119.00
107.50 118.50
108.00 118.00
108.00 117.50
108.00 117.00
108.50 116.50
108.50 116.00
109.00 115.50
109.00 115.00
109.00 114.50
109.50 114.00
110.00 113.50
110.00 113.00
110.50 112.50
111.00 112.00
111.00 111.50
111.50 111.00
112.00 110.50
112.50 110.00
113.00 109.50
113.50 109.00
114.00 108.50
114.50 108.00
115.00 107.50
115.50 107.00
116.00 107.00
116.50 106.50
117.00 106.00
117.50 105.50
118.00 105.50
118.50 105.00
119.00 104.50
