110.00 121.50
110.50 121.00
110.50 120.50
111.00 120.00
111.50 119.50
111.50 119.00
112.00 118.50
112.50 118.00
113.00 117.50
113.50 117.00
114.00 116.50
114.50 116.00
115.00 115.50
115.50 115.00
116.00 114.50
116.50 114.00
117.00 114.00
117.50 113.50
118.00 113.00
118.50 113.00
119.00 113.00
119.50 112.50
120.00 112.50
120.50 112.00
121.00 111.50
121.50 111.50
122.00 111.00
122.50 111.00
123.00 110.50
123.50 110.50
124.00 110.00
124.50 109.50
125.00 109.50
125.50 109.00
126.00 108.50
126.50 108.00
127.00 107.50
127.50 107.00
128.00 106.50
128.50 106.00
128.50 105.50
129.00 105.00
129.50 104.50
129.50 104.00
130.00 103.50
130.00 103.00
130.50 102.50
130.50 102.00
130.50 101.50
131.00 101.00
131.00 100.50
131.00 100.00
131.50 99.50
131.50 99.00
131.50 98.50
131.50 98.00
132.00 97.50
132.00 97.00
132.00 96.50
132.50 96.00
132.00 95.50
132.50 95.00
133.00 95.00
133.50 95.00
134.00 94.50
134.50 94.50
135.00 94.50
135.50 94.50
136.00 94.50
136.50 94.00
137.00 94.00
137.50 94.00
138.00 94.00
138.50 94.00
139.00 94.00
139.50 94.00
140.00 94.00
140.50 94.00
141.00 94.00
141.50 94.00
142.00 94.00
142.50 94.00
143.00 94.50
143.50 94.50
144.00 94.50
144.50 94.50
145.00 94.50
145.50 94.50
146.00 95.00
146.50 95.00
147.00 95.00
147.50 95.50
148.00 96.00
148.50 96.00
149.00 96.50
149.50 96.50
150.00 97.00
150.50 97.00
151.00 97.50
151.50 97.50
152.00 98.00
152.50 98.00
153.00 98.50
153.50 99.00
154.00 99.50
154.50 100.00
155.00 100.50
155.50 101.00
156.00 101.50
156.50 102.00
157.00 102.50
157.50 103.00
157.50 103.50
158.00 104.00
158.50 104.50
158.50 105.00
159.00 105.50
159.00 106.00
159.50 106.50
160.00 107.00
160.00 107.50
160.00 108.00
160.50 108.50
160.50 109.00
160.50 109.50
161.00 110.00
161.00 110.50
161.00 111.00
161.00 111.50
161.50 112.00
161.50 112.50
161.50 113.00
161.50 113.50
161.50 114.00
161.50 114.50
161.50 115.00
162.00 115.50
162.00 116.00
162.00 116.50
162.00 117.00
162.00 117.50
162.00 118.00
162.00 118.50
162.00 119.00
162.00 119.50
162.00 120.00
162.00 120.50
161.50 121.00
161.50 121.50
161.50 122.00
161.50 122.50
161.50 123.00
161.50 123.50
161.50 124.00
161.00 124.50
161.00 125.00
161.00 125.50
161.00 126.00
160.50 126.50
160.50 127.00
160.50 127.50
160.00 128.00
160.00 128.50
160.00 129.00
159.50 129.50
159.50 130.00
159.50 130.50
159.00 131.00
159.00 131.50
158.50 132.00
158.50 132.50
158.00 133.00
158.00 133.50
157.50 134.00
157.50 134.50
157.00 135.00
156.50 135.50
156.50 136.00
156.00 136.50
155.50 137.00
155.00 137.50
154.50 138.00
154.50 138.50
154.00 139.00
153.50 139.50
153.00 140.00
152.50 140.50
152.00 141.00
151.50 141.50
151.00 141.50
150.50 142.00
150.00 142.50
149.50 143.00
149.00 143.00
148.50 143.50
148.00 144.00
147.50 144.00
147.00 144.50
146.50 144.50
146.00 145.00
145.50 145.00
145.00 145.00
144.50 145.50
144.00 145.50
143.50 146.00
143.00 146.00
142.50 146.00
142.00 146.50
141.50 146.50
141.00 146.50
140.50 147.00
140.00 147.00
139.50 147.00
139.00 147.00
138.50 147.50
138.00 147.50
137.50 147.50
137.00 148.00
136.50 148.00
136.00 148.00
135.50 148.00
135.00 148.00
134.50 148.50
134.00 148.50
133.50 148.50
133.00 148.50
132.50 148.50
132.00 149.00
131.50 149.00
131.00 149.00
130.50 149.00
130.00 149.00
129.50 149.00
129.00 149.00
128.50 149.00
128.00 149.00
127.50 149.00
127.00 149.00
126.50 149.00
126.00 149.00
125.50 149.00
125.00 149.00
124.50 149.00
124.00 149.00
123.50 149.00
123.00 148.50
122.50 148.50
122.00 148.50
121.50 148.50
121.00 148.50
120.50 148.00
120.00 148.00
119.50 148.00
119.00 148.00
118.50 147.50
118.00 147.50
117.50 147.50
117.00 147.00
116.50 147.00
116.00 146.50
115.50 146.50
115.00 146.00
114.50 146.00
114.00 145.50
113.50 145.00
113.00 145.00
112.50 144.50
112.00 144.00
111.50 144.00
111.00 144.00
110.50 143.50
110.00 143.50
109.50 143.00
109.00 142.50
108.50 142.00
108.00 141.50
107.50 141.50
107.00 141.00
107.00 140.50
107.00 140.00
107.00 139.50
107.00 139.00
107.00 138.50
106.50 138.00
106.50 137.50
106.00 137.00
106.00 136.50
106.00 136.00
106.00 135.50
106.00 135.00
106.00 134.50
105.50 134.00
105.50 133.50
105.50 133.00
105.50 132.50
105.50 132.00
105.50 131.50
105.50 131.00
105.50 130.50
105.50 130.00
105.50 129.50
105.50 129.00
105.50 128.50
105.50 128.00
106.00 127.50
106.00 127.00
106.00 126.50
106.00 126.00
106.00 125.50
106.50 125.00
106.50 124.50
106.50 124.00
106.50 123.50
107.00 123.00
107.00 122.50
107.50 122.00
108.00 121.50
108.50 121.50
109.00 121.50
109.50 121.50
110.00 121.50
