104.00 124.50
104.50 124.00
104.50 123.50
104.50 123.00
104.50 122.50
105.00 122.00
105.00 121.50
105.00 121.00
105.00 120.50
105.50 120.00
105.50 119.50
105.50 119.00
106.00 118.50
106.00 118.00
106.00 117.50
106.50 117.00
106.50 116.50
107.00 116.00
107.00 115.50
107.50 115.00
107.50 114.50
107.50 114.00
108.00 113.50
108.50 113.00
108.50 112.50
109.00 112.00
109.00 111.50
109.50 111.00
109.50 110.50
110.00 110.00
110.50 109.50
111.00 109.00
111.50 108.50
111.50 108.00
111.50 107.50
112.00 107.00
112.50 106.50
113.00 106.00
113.00 105.50
113.00 105.00
113.50 104.50
114.00 104.50
114.50 104.00
115.00 103.50
115.50 103.00
116.00 102.50
116.50 102.50
117.00 102.00
117.50 101.50
118.00 101.50
118.50 101.00
119.00 100.50
119.50 100.50
120.00 100.00
120.50 99.50
121.00 99.50
121.50 99.50
122.00 99.00
122.50 99.00
123.00 98.50
123.50 98.50
124.00 98.00
124.50 98.00
125.00 98.00
125.50 98.00
126.00 97.50
126.50 97.50
127.00 97.50
127.50 97.50
128.00 97.00
128.50 97.00
129.00 97.00
129.50 97.00
130.00 97.00
130.50 97.00
131.00 97.00
131.50 97.00
132.00 97.00
132.50 97.00
133.00 97.00
133.50 96.50
134.00 96.50
134.50 96.50
135.00 97.00
135.50 97.00
136.00 97.00
136.50 97.00
137.00 97.00
137.50 97.00
138.00 97.00
138.50 97.00
139.00 97.00
139.50 97.50
140.00 97.50
140.50 97.50
141.00 97.50
141.50 97.50
142.00 98.00
142.50 98.00
143.00 98.00
143.50 98.50
144.00 98.50
144.50 98.50
145.00 98.50
145.50 99.00
146.00 99.00
146.50 99.50
147.00 99.50
147.50 100.00
148.00 100.00
148.50 100.00
149.00 100.50
149.50 101.00
150.00 101.00
150.50 101.50
151.00 102.00
151.50 102.50
152.00 102.50
152.50 102.50
153.00 103.00
153.50 103.50
154.00 104.00
154.50 104.50
155.00 105.00
155.50 105.50
156.00 106.00
156.50 106.50
157.00 107.00
157.50 107.50
157.50 108.00
158.00 108.50
158.00 109.00
158.50 109.50
159.00 110.00
159.00 110.50
159.00 111.00
159.50 111.50
159.50 112.00
160.00 112.50
160.00 113.00
160.00 113.50
160.50 114.00
160.50 114.50
160.50 115.00
160.50 115.50
161.00 116.00
161.00 116.50
161.00 117.00
161.00 117.50
161.00 118.00
161.00 118.50
161.50 119.00
161.50 119.50
161.50 120.00
161.50 120.50
161.50 121.00
161.50 121.50
161.50 122.00
162.00 122.50
162.00 123.00
162.00 123.50
162.00 124.00
162.00 124.50
162.00 125.00
162.00 125.50
162.00 126.00
162.00 126.50
162.00 127.00
162.00 127.50
162.00 128.00
162.00 128.50
162.00 129.00
162.00 129.50
162.00 130.00
162.00 130.50
162.00 131.00
161.50 131.50
161.50 132.00
161.50 132.50
161.00 133.00
161.00 133.50
161.00 134.00
161.00 134.50
160.50 135.00
160.50 135.50
160.50 136.00
160.00 136.50
159.50 137.00
159.50 137.50
159.00 138.00
159.00 138.50
158.50 139.00
158.00 139.50
157.50 140.00
157.00 140.50
157.00 141.00
156.50 141.50
156.00 142.00
155.50 142.50
155.00 142.50
154.50 143.00
154.00 143.50
153.50 144.00
153.00 144.50
152.50 144.50
152.00 145.00
151.50 145.50
151.00 146.00
150.50 146.00
150.00 146.50
149.50 146.50
149.00 146.50
148.50 147.00
148.00 147.50
147.50 147.50
147.00 147.50
146.50 148.00
146.00 148.00
145.50 148.00
145.00 148.00
144.50 148.50
144.00 148.50
143.50 148.50
143.00 148.50
142.50 149.00
142.00 149.00
141.50 149.00
141.00 149.00
140.50 149.00
140.00 149.00
139.50 149.00
139.00 149.00
138.50 149.00
138.00 149.50
137.50 149.50
137.00 149.50
136.50 149.50
136.00 149.50
135.50 149.50
135.00 149.50
134.50 149.50
134.00 149.00
133.50 149.00
133.00 149.00
132.50 149.00
132.00 149.00
131.50 149.00
131.00 149.00
130.50 149.00
130.00 149.00
129.50 149.00
129.00 149.00
128.50 149.00
128.00 148.50
127.50 148.50
127.00 148.50
126.50 148.50
126.00 148.50
125.50 148.50
125.00 148.50
124.50 148.00
124.00 148.00
123.50 148.00
123.00 148.00
122.50 148.00
122.00 148.00
121.50 147.50
121.00 147.50
120.50 147.50
120.00 147.50
119.50 147.00
119.00 147.00
118.50 147.00
118.00 146.50
117.50 146.50
117.00 146.50
116.50 146.00
116.00 146.00
115.50 146.00
115.00 145.50
114.50 145.50
114.00 145.00
113.50 145.00
113.00 144.50
112.50 144.50
112.00 144.00
111.50 143.50
111.00 143.00
110.50 142.50
110.00 142.00
109.50 141.50
109.00 141.00
108.50 140.50
108.00 140.50
107.50 140.00
107.00 139.50
107.00 139.00
107.00 138.50
107.00 138.00
106.50 137.50
106.50 137.00
106.50 136.50
106.50 136.00
106.00 135.50
106.00 135.00
106.00 134.50
106.00 134.00
105.50 133.50
105.50 133.00
105.50 132.50
105.50 132.00
105.00 131.50
105.00 131.00
105.00 130.50
105.00 130.00
105.00 129.50
104.50 129.00
104.50 128.50
104.50 128.00
104.50 127.50
104.50 127.00
104.00 126.50
104.00 126.00
104.00 125.50
104.00 125.00
