123.50 99.00
124.00 99.00
124.50 98.50
125.00 98.50
125.50 98.00
126.00 98.00
126.50 97.50
127.00 97.50
127.50 97.50
128.00 97.00
128.50 96.50
129.00 96.50
129.50 96.50
130.00 96.00
130.50 96.00
131.00 96.00
131.50 95.50
132.00 95.50
132.50 95.50
133.00 95.50
133.50 95.00
134.00 95.00
134.50 95.00
135.00 95.00
135.50 95.00
136.00 95.00
136.50 94.50
137.00 94.50
137.50 94.50
138.00 94.50
138.50 94.50
139.00 94.50
139.50 94.50
140.00 94.50
140.50 94.50
141.00 94.50
141.50 94.50
142.00 94.50
142.50 94.50
143.00 94.50
143.50 94.50
144.00 94.50
144.50 94.50
145.00 95.00
145.50 95.00
146.00 95.00
146.50 95.00
147.00 95.00
147.50 95.50
148.00 95.50
148.50 95.50
149.00 95.50
149.50 96.00
150.00 96.00
150.50 96.00
151.00 96.50
151.50 97.00
152.00 97.00
152.50 97.50
153.00 97.50
153.50 98.00
154.00 98.50
154.50 98.50
155.00 99.00
155.50 99.50
156.00 100.00
156.00 100.50
156.50 101.00
157.00 101.50
157.50 102.00
158.00 102.50
158.50 103.00
158.50 103.50
159.00 104.00
159.50 104.50
159.50 105.00
160.00 105.50
160.50 106.00
160.50 106.50
160.50 107.00
161.00 107.50
161.50 108.00
161.50 108.50
161.50 109.00
162.00 109.50
162.00 110.00
162.00 110.50
162.50 111.00
162.50 111.50
162.50 112.00
162.50 112.50
163.00 113.00
163.00 113.50
163.00 114.00
163.00 114.50
163.00 115.00
163.50 115.50
163.50 116.00
163.50 116.50
163.50 117.00
163.50 117.50
163.50 118.00
163.50 118.50
163.50 119.00
164.00 119.50
164.00 120.00
164.00 120.50
164.00 121.00
164.00 121.50
164.00 122.00
164.00 122.50
164.00 123.00
164.00 123.50
164.00 124.00
164.00 124.50
163.50 125.00
163.50 125.50
163.50 126.00
163.50 126.50
163.50 127.00
163.50 127.50
163.50 128.00
163.00 128.50
163.00 129.00
163.00 129.50
163.00 130.00
162.50 130.50
162.50 131.00
162.50 131.50
162.00 132.00
162.00 132.50
161.50 133.00
161.50 133.50
161.00 134.00
161.00 134.50
160.50 135.00
160.50 135.50
160.50 136.00
160.00 136.50
159.50 137.00
159.00 137.50
158.50 138.00
158.50 138.50
158.00 139.00
157.50 139.50
157.00 140.00
157.00 140.50
156.50 141.00
156.00 141.50
155.50 142.00
155.00 142.00
154.50 142.50
154.00 143.00
154.00 143.50
153.50 144.00
153.00 144.00
152.50 144.50
152.00 145.00
151.50 145.00
151.00 145.50
150.50 146.00
150.00 146.00
149.50 146.50
149.00 147.00
148.50 147.00
148.00 147.50
147.50 147.50
147.00 147.50
146.50 148.00
146.00 148.00
145.50 148.50
145.00 148.50
144.50 149.00
144.00 149.00
143.50 149.50
143.00 149.50
142.50 149.50
142.00 150.00
141.50 150.00
141.00 150.00
140.50 150.50
140.00 150.50
139.50 150.50
139.00 150.50
138.50 151.00
138.00 151.00
137.50 151.00
137.00 151.00
136.50 151.00
136.00 151.50
135.50 151.50
135.00 151.50
134.50 151.50
134.00 151.50
133.50 152.00
133.00 152.00
132.50 152.00
132.00 152.00
131.50 152.00
131.00 152.00
130.50 152.00
130.00 152.00
129.50 152.50
129.00 152.50
128.50 152.50
128.00 152.50
127.50 152.50
127.00 152.50
126.50 152.50
126.00 152.50
125.50 152.50
125.00 152.50
124.50 152.50
124.00 152.50
123.50 152.50
123.00 152.50
122.50 152.50
122.00 152.50
121.50 152.50
121.00 152.50
120.50 152.50
120.00 152.00
119.50 152.00
119.00 152.00
118.50 152.00
118.00 151.50
117.50 151.50
117.00 151.50
116.50 151.00
116.00 151.00
115.50 151.00
115.00 150.50
114.50 150.50
114.00 150.00
113.50 149.50
113.00 149.50
112.50 149.00
112.00 148.50
111.50 148.00
111.00 147.50
110.50 147.00
110.00 146.50
110.00 146.00
109.50 145.50
109.00 145.00
108.50 144.50
108.50 144.00
108.00 143.50
107.50 143.00
107.50 142.50
107.00 142.00
107.00 141.50
106.50 141.00
106.50 140.50
106.00 140.00
106.00 139.50
105.50 139.00
105.50 138.50
105.50 138.00
105.00 137.50
105.00 137.00
105.00 136.50
105.00 136.00
104.50 135.50
104.50 135.00
104.50 134.50
104.00 134.00
104.00 133.50
104.00 133.00
104.00 132.50
104.00 132.00
103.50 131.50
103.50 131.00
103.50 130.50
103.50 130.00
103.50 129.50
103.50 129.00
103.50 128.50
103.50 128.00
103.50 127.50
103.50 127.00
103.50 126.50
103.50 126.00
103.50 125.50
103.50 125.00
103.50 124.50
104.00 124.00
104.00 123.50
104.00 123.00
104.00 122.50
104.00 122.00
104.00 121.50
104.50 121.00
104.50 120.50
104.50 120.00
104.50 119.50
104.50 119.00
104.50 118.50
105.00 118.00
105.00 117.50
105.00 117.00
105.00 116.50
105.00 116.00
105.50 115.50
105.50 115.00
105.50 114.50
105.50 114.00
105.50 113.50
106.00 113.00
106.00 112.50
106.00 112.00
106.50 111.50
107.00 111.00
107.00 110.50
107.50 110.00
108.00 109.50
108.50 109.00
109.00 108.50
109.50 108.00
110.00 107.50
110.50 107.00
111.00 106.50
111.50 106.00
112.00 105.50
112.50 105.00
113.00 105.00
113.50 104.50
114.00 104.00
114.50 103.50
115.00 103.00
115.50 102.50
116.00 102.50
116.50 102.00
117.00 102.00
117.50 101.50
118.00 101.50
118.50 101.00
119.00 100.50
119.50 100.50
120.00 100.50
120.50 100.00
121.00 100.00
121.50 99.50
122.00 99.50
122.50 99.50
123.00 99.00
