159.00 126.00
159.00 126.50
159.00 127.00
158.50 127.50
158.50 128.00
158.50 128.50
158.00 129.00
158.00 129.50
158.00 130.00
157.50 130.50
157.50 131.00
157.50 131.50
157.00 132.00
157.00 132.50
157.00 133.00
156.50 133.50
156.50 134.00
156.00 134.50
155.50 135.00
155.50 135.50
155.00 136.00
155.00 136.50
154.50 137.00
154.00 137.50
153.50 138.00
153.00 138.50
152.50 139.00
152.00 139.00
151.50 139.50
151.00 140.00
150.50 140.00
150.00 140.50
149.50 141.00
149.00 141.00
148.50 141.00
148.00 141.50
147.50 141.50
147.00 142.00
146.50 142.00
146.00 142.00
145.50 142.50
145.00 142.50
144.50 142.50
144.00 143.00
143.50 143.00
143.00 143.00
142.50 143.50
142.00 143.50
141.50 143.50
141.00 143.50
140.50 143.50
140.00 143.50
139.50 143.50
139.00 144.00
138.50 144.00
138.00 144.00
137.50 144.00
137.00 144.00
136.50 144.00
136.00 144.00
135.50 144.00
135.00 144.00
134.50 144.00
134.00 144.00
133.50 144.00
133.00 144.00
132.50 144.00
132.00 144.00
131.50 144.00
131.00 144.00
130.50 144.00
130.00 144.00
129.50 144.00
129.00 144.00
128.50 144.00
128.00 144.00
127.50 144.00
127.00 144.00
126.50 143.50
126.00 143.50
125.50 143.50
125.00 143.50
124.50 143.50
124.00 143.50
123.50 143.50
123.00 143.50
122.50 143.00
122.00 143.00
121.50 143.00
121.00 143.00
120.50 142.50
120.00 142.50
119.50 142.50
119.00 142.50
118.50 142.00
118.00 142.00
117.50 142.00
117.00 141.50
116.50 141.50
116.00 141.00
115.50 141.00
115.00 140.50
114.50 140.50
114.00 140.50
113.50 140.00
113.00 139.50
112.50 139.00
112.00 139.00
111.50 138.50
111.00 138.50
110.50 138.00
110.00 137.50
109.50 137.00
109.00 136.50
109.00 136.00
108.50 135.50
108.00 135.00
108.00 134.50
107.50 134.00
107.50 133.50
107.50 133.00
107.00 132.50
107.00 132.00
107.00 131.50
107.00 131.00
107.00 130.50
107.00 130.00
107.00 129.50
107.00 129.00
107.00 128.50
107.00 128.00
107.00 127.50
107.00 127.00
107.00 126.50
107.00 126.00
107.00 125.50
107.50 125.00
107.50 124.50
107.50 124.00
107.50 123.50
107.50 123.00
108.00 122.50
108.00 122.00
108.00 121.50
108.50 121.00
108.50 120.50
108.50 120.00
109.00 119.50
109.00 119.00
109.00 118.50
109.50 118.00
109.50 117.50
110.00 117.00
110.00 116.50
110.50 116.00
111.00 115.50
111.00 115.00
111.50 114.50
112.00 114.00
112.50 113.50
112.50 113.00
113.00 112.50
113.50 112.00
114.00 111.50
114.50 111.00
115.00 111.00
115.50 110.50
116.00 110.00
116.50 109.50
117.00 109.00
117.50 108.50
118.00 108.00
118.50 107.50
119.00 107.00
119.50 107.00
120.00 106.50
120.50 106.00
121.00 105.50
121.50 105.00
122.00 105.00
122.50 104.50
123.00 104.00
123.50 104.00
124.00 103.50
124.50 103.50
125.00 103.50
125.50 103.00
126.00 102.50
126.50 102.50
127.00 102.00
127.50 102.00
128.00 102.00
128.50 101.50
129.00 101.50
129.50 101.00
130.00 101.00
130.50 101.00
131.00 101.00
131.50 101.00
132.00 100.50
132.50 100.50
133.00 100.50
133.50 100.50
134.00 100.50
134.50 100.50
135.00 100.50
135.50 100.50
136.00 100.50
136.50 100.50
137.00 100.50
137.50 100.50
138.00 100.50
138.50 100.50
139.00 100.50
139.50 100.50
140.00 100.50
140.50 101.00
141.00 101.00
141.50 101.00
142.00 101.00
142.50 101.00
143.00 101.00
143.50 101.50
144.00 101.50
144.50 101.50
145.00 101.50
145.50 101.50
146.00 102.00
146.50 102.00
147.00 102.00
147.50 102.00
148.00 102.50
148.50 102.50
149.00 102.50
149.50 103.00
150.00 103.00
150.50 103.50
151.00 103.50
151.50 103.50
152.00 104.00
152.50 104.00
153.00 104.50
153.50 105.00
154.00 105.00
154.50 105.50
155.00 106.00
155.50 106.50
156.00 107.00
156.50 107.50
157.00 108.00
157.00 108.50
157.50 109.00
157.50 109.50
158.00 110.00
158.00 110.50
158.50 111.00
158.50 111.50
159.00 112.00
159.00 112.50
159.00 113.00
159.00 113.50
159.50 114.00
159.50 114.50
159.50 115.00
159.50 115.50
159.50 116.00
160.00 116.50
160.00 117.00
160.00 117.50
160.00 118.00
160.00 118.50
160.00 119.00
160.00 119.50
160.00 120.00
160.00 120.50
160.00 121.00
160.00 121.50
160.00 122.00
160.00 122.50
160.00 123.00
159.50 123.50
159.50 124.00
159.50 124.50
159.50 125.00
159.50 125.50
