149.50 106.00
150.00 106.50
150.50 107.00
151.00 107.50
151.50 108.00
151.50 108.50
152.00 109.00
152.50 109.50
153.00 110.00
153.50 110.50
154.00 111.00
154.00 111.50
154.50 112.00
154.50 112.50
155.00 113.00
155.50 113.50
155.50 114.00
156.00 114.50
156.00 115.00
156.50 115.50
156.50 116.00
156.50 116.50
157.00 117.00
157.00 117.50
157.50 118.00
157.50 118.50
157.50 119.00
158.00 119.50
158.00 120.00
158.00 120.50
158.00 121.00
158.50 121.50
158.50 122.00
158.50 122.50
159.00 123.00
158.50 123.50
158.50 124.00
158.50 124.50
158.50 125.00
158.50 125.50
158.50 126.00
158.50 126.50
158.50 127.00
158.50 127.50
158.00 128.00
158.00 128.50
158.00 129.00
158.00 129.50
157.50 130.00
157.50 130.50
157.50 131.00
157.00 131.50
157.00 132.00
157.00 132.50
156.50 133.00
156.50 133.50
156.50 134.00
156.00 134.50
155.50 135.00
155.00 135.50
155.00 136.00
154.50 136.50
154.50 137.00
154.00 137.50
154.00 138.00
153.50 138.50
153.50 139.00
153.00 139.50
152.50 140.00
152.00 140.50
151.50 141.00
151.00 141.50
150.50 142.00
150.00 142.50
149.50 143.00
149.00 143.00
148.50 143.50
148.00 143.50
147.50 144.00
147.00 144.00
146.50 144.00
146.00 144.50
145.50 144.50
145.00 145.00
144.50 145.00
144.00 145.50
143.50 145.50
143.00 145.50
142.50 145.50
142.00 146.00
141.50 146.00
141.00 146.00
140.50 146.00
140.00 146.00
139.50 146.00
139.00 146.50
138.50 146.50
138.00 146.50
137.50 146.50
137.00 146.50
136.50 146.50
136.00 146.50
135.50 146.50
135.00 146.50
134.50 146.50
134.00 146.50
133.50 146.50
133.00 146.50
132.50 146.50
132.00 146.50
131.50 146.50
131.00 146.00
130.50 146.00
130.00 146.00
129.50 146.00
129.00 146.00
128.50 146.00
128.00 145.50
127.50 145.50
127.00 145.50
126.50 145.00
126.00 145.00
125.50 145.00
125.00 145.00
124.50 144.50
124.00 144.50
123.50 144.00
123.00 144.00
122.50 144.00
122.00 143.50
121.50 143.50
121.00 143.00
120.50 142.50
120.00 142.50
119.50 142.00
119.00 141.50
118.50 141.00
118.00 141.00
117.50 140.50
117.00 140.00
116.50 140.00
116.00 139.50
115.50 139.00
115.50 138.50
115.00 138.00
114.50 137.50
114.00 137.00
113.50 136.50
113.50 136.00
113.00 135.50
112.50 135.00
112.00 134.50
112.00 134.00
111.50 133.50
111.50 133.00
111.50 132.50
111.00 132.00
111.00 131.50
111.00 131.00
110.50 130.50
110.50 130.00
110.50 129.50
110.50 129.00
110.00 128.50
110.00 128.00
110.00 127.50
110.00 127.00
110.00 126.50
110.00 126.00
110.00 125.50
110.00 125.00
110.00 124.50
110.00 124.00
110.00 123.50
110.00 123.00
110.00 122.50
110.00 122.00
110.00 121.50
110.00 121.00
110.00 120.50
110.00 120.00
110.50 119.50
110.50 119.00
110.50 118.50
110.50 118.00
111.00 117.50
111.00 117.00
111.00 116.50
111.50 116.00
111.50 115.50
112.00 115.00
112.00 114.50
112.50 114.00
112.50 113.50
113.00 113.00
113.50 112.50
114.00 112.00
114.00 111.50
114.50 111.00
115.00 111.00
115.50 110.50
116.00 110.00
116.50 109.50
117.00 109.00
117.50 109.00
118.00 108.50
118.50 108.00
119.00 107.50
119.50 107.50
120.00 107.00
120.50 107.00
121.00 106.50
121.50 106.50
122.00 106.00
122.50 105.50
123.00 105.50
123.50 105.00
124.00 105.00
124.50 104.50
125.00 104.50
125.50 104.00
126.00 104.00
126.50 104.00
127.00 103.50
127.50 103.50
128.00 103.50
128.50 103.00
129.00 103.00
129.50 103.00
130.00 103.00
130.50 103.00
131.00 102.50
131.50 102.50
132.00 102.50
132.50 102.50
133.00 102.50
133.50 102.50
134.00 102.50
134.50 102.50
135.00 102.50
135.50 102.50
136.00 102.50
136.50 102.50
137.00 102.50
137.50 102.50
138.00 102.50
138.50 103.00
139.00 102.50
139.50 102.50
140.00 102.50
140.50 102.50
141.00 102.50
141.50 102.50
142.00 103.00
142.50 103.00
143.00 103.00
143.50 103.00
144.00 103.00
144.50 103.00
145.00 103.50
145.50 103.50
146.00 103.50
146.50 104.00
147.00 104.00
147.50 104.50
148.00 104.50
148.50 105.00
149.00 105.50
