160.00 115.00
160.00 115.50
160.00 116.00
160.50 116.50
160.50 117.00
160.50 117.50
160.50 118.00
160.50 118.50
160.50 119.00
160.50 119.50
161.00 120.00
161.00 120.50
161.00 121.00
161.00 121.50
161.00 122.00
161.00 122.50
161.00 123.00
161.00 123.50
161.00 124.00
161.00 124.50
161.00 125.00
161.00 125.50
161.00 126.00
161.00 126.50
161.00 127.00
160.50 127.50
160.50 128.00
160.50 128.50
160.50 129.00
160.00 129.50
160.00 130.00
160.00 130.50
159.50 131.00
159.50 131.50
159.50 132.00
159.00 132.50
159.00 133.00
158.50 133.50
158.50 134.00
158.00 134.50
157.50 135.00
157.50 135.50
157.00 136.00
156.50 136.50
156.00 137.00
155.50 137.50
155.00 138.00
154.50 138.50
154.00 139.00
153.50 139.00
153.00 139.50
152.50 140.00
152.00 140.50
152.50 141.00
152.00 141.50
151.50 142.00
151.00 142.00
150.50 142.50
150.00 143.00
149.50 143.00
149.00 143.50
148.50 144.00
148.00 144.00
147.50 144.50
147.00 144.50
146.50 144.50
146.00 145.00
145.50 145.00
145.00 145.00
144.50 145.00
144.00 145.50
143.50 145.50
143.00 145.50
142.50 145.50
142.00 145.50
141.50 145.50
141.00 145.50
140.50 146.00
140.00 146.00
139.50 146.00
139.00 146.00
138.50 146.00
138.00 146.00
137.50 146.00
137.00 146.00
136.50 146.00
136.00 145.50
135.50 145.50
135.00 145.50
134.50 145.50
134.00 145.50
133.50 145.50
133.00 145.50
132.50 145.50
132.00 145.50
131.50 145.00
131.00 145.00
130.50 145.00
130.00 145.00
129.50 145.00
129.00 145.00
128.50 144.50
128.00 144.50
127.50 144.50
127.00 144.50
126.50 144.50
126.00 144.00
125.50 144.00
125.00 144.00
124.50 144.00
124.00 143.50
123.50 143.50
123.00 143.50
122.50 143.50
122.00 143.00
121.50 143.00
121.00 142.50
120.50 142.50
120.00 142.50
119.50 142.00
119.00 141.50
118.50 141.50
118.00 141.50
117.50 141.00
117.00 140.50
116.50 140.00
116.00 139.50
115.50 139.00
115.00 138.50
115.00 138.00
114.50 137.50
114.00 137.00
114.00 136.50
113.50 136.00
113.50 135.50
113.50 135.00
113.00 134.50
113.00 134.00
112.50 133.50
112.50 133.00
112.50 132.50
112.50 132.00
112.00 131.50
112.00 131.00
112.00 130.50
112.00 130.00
112.00 129.50
112.00 129.00
111.50 128.50
111.50 128.00
111.50 127.50
111.50 127.00
111.50 126.50
111.50 126.00
111.50 125.50
111.50 125.00
111.50 124.50
112.00 124.00
112.00 123.50
112.00 123.00
112.00 122.50
112.00 122.00
112.00 121.50
112.50 121.00
112.50 120.50
112.50 120.00
112.50 119.50
113.00 119.00
113.50 118.50
114.00 118.00
114.00 117.50
114.50 117.00
114.50 116.50
115.00 116.00
115.50 115.50
116.00 115.00
116.00 114.50
116.50 114.00
117.00 113.50
117.50 113.00
117.50 112.50
118.00 112.00
118.50 111.50
118.50 111.00
119.00 110.50
119.50 110.00
120.00 109.50
120.50 110.00
121.00 109.50
121.50 109.50
122.00 109.00
122.50 109.00
123.00 108.50
123.50 108.00
124.00 108.00
124.50 107.50
125.00 107.50
125.50 107.50
126.00 107.00
126.50 106.50
127.00 106.50
127.50 106.00
128.00 106.00
128.50 105.50
129.00 105.50
129.50 105.50
130.00 105.00
130.50 104.50
131.00 104.50
131.50 104.50
132.00 104.00
132.50 104.00
133.00 103.50
133.50 103.50
134.00 103.00
134.50 103.00
135.00 103.00
135.50 102.50
136.00 102.50
136.50 102.50
137.00 102.00
137.50 102.00
138.00 102.00
138.50 102.00
139.00 101.50
139.50 101.50
140.00 101.50
140.50 101.50
141.00 101.50
141.50 101.50
142.00 101.50
142.50 101.50
143.00 101.50
143.50 101.50
144.00 101.50
144.50 101.50
145.00 102.00
145.50 102.00
146.00 102.00
146.50 102.50
147.00 102.50
147.50 102.50
148.00 103.00
148.50 103.50
149.00 103.50
149.50 104.00
150.00 104.00
150.50 104.50
151.00 105.00
151.50 105.00
152.00 105.50
152.50 106.00
153.00 106.50
153.50 107.00
154.00 107.00
154.50 107.50
155.00 108.00
155.50 108.50
156.00 109.00
156.00 109.50
156.50 110.00
157.00 110.50
157.50 111.00
158.00 111.50
158.00 112.00
158.50 112.50
159.00 113.00
159.00 113.50
159.00 114.00
159.50 114.50
