140.50 107.00
141.00 107.50
141.50 108.00
142.00 108.50
142.50 109.00
142.50 109.50
143.00 110.00
143.50 110.50
144.00 111.00
144.50 111.50
145.00 112.00
145.00 112.50
145.50 113.00
145.50 113.50
146.00 114.00
146.00 114.50
146.50 115.00
147.00 115.50
147.00 116.00
147.50 116.50
147.50 117.00
147.50 117.50
148.00 118.00
148.00 118.50
148.50 119.00
148.50 119.50
148.50 120.00
149.00 120.50
148.50 121.00
148.50 121.50
148.50 122.00
148.50 122.50
148.50 123.00
148.50 123.50
148.50 124.00
148.00 124.50
148.00 125.00
148.00 125.50
147.50 126.00
147.50 126.50
147.00 127.00
147.00 127.50
146.50 128.00
146.50 128.50
146.00 129.00
146.00 129.50
145.50 130.00
145.50 130.50
145.00 131.00
144.50 131.50
144.50 132.00
144.00 132.50
144.00 133.00
143.50 133.50
143.50 134.00
143.00 134.50
142.50 135.00
142.50 135.50
142.00 136.00
141.50 136.50
141.00 137.00
141.00 137.50
140.50 138.00
140.00 138.50
139.50 138.50
139.00 139.00
138.50 139.50
138.00 139.50
137.50 139.50
137.00 140.00
136.50 140.00
136.00 140.50
135.50 140.50
135.00 140.50
134.50 140.50
134.00 140.50
133.50 141.00
133.00 141.00
132.50 141.00
132.00 141.00
131.50 141.00
131.00 141.00
130.50 141.00
130.00 141.00
129.50 141.00
129.00 141.00
128.50 141.00
128.00 141.00
127.50 141.00
127.00 141.00
126.50 141.00
126.00 140.50
125.50 140.50
125.00 140.50
124.50 140.50
124.00 140.50
123.50 140.00
123.00 140.00
122.50 140.00
122.00 139.50
121.50 139.50
121.00 139.00
120.50 139.00
120.00 138.50
119.50 138.50
119.00 138.00
118.50 137.50
118.00 137.00
117.50 136.50
117.00 136.00
116.50 135.50
116.00 135.00
116.00 134.50
115.50 134.00
115.00 133.50
114.50 133.00
114.50 132.50
114.50 132.00
114.00 131.50
114.00 131.00
113.50 130.50
113.50 130.00
113.00 129.50
113.00 129.00
113.00 128.50
112.50 128.00
112.50 127.50
112.50 127.00
112.50 126.50
112.00 126.00
112.00 125.50
112.00 125.00
112.00 124.50
112.00 124.00
112.00 123.50
112.00 123.00
112.00 122.50
112.00 122.00
112.00 121.50
112.00 121.00
112.00 120.50
112.00 120.00
112.00 119.50
112.00 119.00
112.50 118.50
112.50 118.00
113.00 117.50
113.00 117.00
113.00 116.50
113.50 116.00
114.00 115.50
114.00 115.00
114.50 114.50
114.50 114.00
115.00 113.50
115.50 113.00
115.50 112.50
116.00 112.00
116.50 111.50
117.00 111.00
117.00 110.50
117.50 110.00
118.00 109.50
118.50 109.00
119.00 108.50
119.50 108.00
120.00 107.50
120.50 107.00
121.00 107.00
121.50 107.00
122.00 106.50
122.50 106.50
123.00 106.50
123.50 106.50
124.00 106.00
124.50 106.00
125.00 106.00
125.50 106.00
126.00 105.50
126.50 105.50
127.00 105.50
127.50 105.50
128.00 105.50
128.50 105.00
129.00 105.00
129.50 105.00
130.00 105.00
130.50 105.00
131.00 105.00
131.50 105.00
132.00 105.00
132.50 105.00
133.00 105.00
133.50 105.00
134.00 105.00
134.50 105.00
135.00 105.50
135.50 105.50
136.00 105.50
136.50 105.50
137.00 105.50
137.50 105.50
138.00 106.00
138.50 106.00
139.00 106.00
139.50 106.00
140.00 106.50
