113.50 101.50
113.50 101.00
114.00 100.50
114.50 100.50
115.00 100.00
115.50 100.00
116.00 99.50
116.50 99.00
117.00 99.00
117.50 99.00
118.00 98.50
118.50 98.00
119.00 98.00
119.50 98.00
120.00 97.50
120.50 97.00
121.00 97.00
121.50 97.00
122.00 96.50
122.50 96.50
123.00 96.50
123.50 96.00
124.00 96.00
124.50 95.50
125.00 95.50
125.50 95.50
126.00 95.00
126.50 95.00
127.00 95.00
127.50 94.50
128.00 94.50
128.50 94.50
129.00 94.50
129.50 94.00
130.00 94.00
130.50 94.00
131.00 94.00
131.50 94.00
132.00 93.50
132.50 93.50
133.00 93.50
133.50 93.50
134.00 93.50
134.50 93.50
135.00 93.50
135.50 93.50
136.00 93.50
136.50 93.50
137.00 93.50
137.50 93.50
138.00 93.50
138.50 93.50
139.00 93.50
139.50 93.50
140.00 93.50
140.50 93.50
141.00 93.50
141.50 93.50
142.00 93.50
142.50 94.00
143.00 94.00
143.50 94.00
144.00 94.00
144.50 94.50
145.00 94.50
145.50 94.50
146.00 94.50
146.50 95.00
147.00 95.00
147.50 95.50
148.00 95.50
148.50 96.00
149.00 96.00
149.50 96.00
150.00 96.50
150.50 97.00
151.00 97.00
151.50 97.50
152.00 97.50
152.50 98.00
153.00 98.50
153.50 98.50
154.00 99.00
154.50 99.50
155.00 99.50
155.50 100.00
156.00 100.50
156.50 101.00
157.00 101.50
157.50 102.00
158.00 102.50
158.50 103.00
159.00 103.50
159.00 104.00
159.50 104.50
160.00 105.00
160.50 105.50
160.50 106.00
161.00 106.50
161.50 107.00
162.00 107.50
162.00 108.00
162.50 108.50
162.50 109.00
163.00 109.50
163.00 110.00
163.50 110.50
163.50 111.00
164.00 111.50
164.00 112.00
164.50 112.50
164.50 113.00
164.50 113.50
165.00 114.00
165.00 114.50
165.00 115.00
165.50 115.50
165.50 116.00
165.50 116.50
165.50 117.00
165.50 117.50
166.00 118.00
166.00 118.50
166.00 119.00
166.00 119.50
166.00 120.00
166.00 120.50
166.00 121.00
166.50 121.50
166.50 122.00
166.50 122.50
166.50 123.00
166.50 123.50
166.50 124.00
166.50 124.50
166.50 125.00
166.00 125.50
166.00 126.00
166.00 126.50
166.00 127.00
166.00 127.50
166.00 128.00
166.00 128.50
165.50 129.00
165.50 129.50
165.50 130.00
165.50 130.50
165.00 131.00
165.00 131.50
165.00 132.00
165.00 132.50
164.50 133.00
164.50 133.50
164.00 134.00
164.00 134.50
164.00 135.00
163.50 135.50
163.50 136.00
163.00 136.50
162.50 137.00
162.50 137.50
162.00 138.00
162.00 138.50
161.50 139.00
161.00 139.50
160.50 140.00
160.50 140.50
160.00 141.00
159.50 141.50
159.00 142.00
158.50 142.50
158.00 143.00
157.50 143.50
157.00 143.50
156.50 144.00
156.00 144.50
155.50 145.00
155.00 145.00
154.50 145.50
154.00 145.50
153.50 146.00
153.00 146.00
152.50 146.50
152.00 146.50
151.50 147.00
151.00 147.00
150.50 147.50
150.00 147.50
149.50 147.50
149.00 148.00
148.50 148.00
148.00 148.50
147.50 148.50
147.00 148.50
146.50 149.00
146.00 149.00
145.50 149.00
145.00 149.00
144.50 149.50
144.00 149.50
143.50 149.50
143.00 150.00
142.50 150.00
142.00 150.00
141.50 150.00
141.00 150.00
140.50 150.50
140.00 150.50
139.50 150.50
139.00 150.50
138.50 150.50
138.00 150.50
137.50 151.00
137.00 151.00
136.50 151.00
136.00 151.00
135.50 151.00
135.00 151.00
134.50 151.00
134.00 151.00
133.50 151.00
133.00 151.00
132.50 151.00
132.00 151.00
131.50 151.00
131.00 151.00
130.50 151.00
130.00 151.00
129.50 151.00
129.00 151.00
128.50 151.00
128.00 151.00
127.50 151.00
127.00 151.00
126.50 151.00
126.00 151.00
125.50 151.00
125.00 150.50
124.50 150.50
124.00 150.50
123.50 150.50
123.00 150.50
122.50 150.50
122.00 150.00
121.50 150.00
121.00 150.00
120.50 150.00
120.00 149.50
119.50 149.50
119.00 149.50
118.50 149.00
118.00 149.00
117.50 148.50
117.00 148.50
116.50 148.50
116.00 148.00
115.50 148.00
115.00 147.50
114.50 147.50
114.00 147.00
113.50 147.00
113.00 146.50
112.50 146.50
112.00 146.00
111.50 145.50
111.00 145.50
110.50 145.00
110.00 144.50
109.50 144.00
109.00 143.50
108.50 143.00
108.00 143.00
107.50 142.50
107.00 142.00
107.00 141.50
106.50 141.00
106.00 140.50
105.50 140.00
105.00 139.50
104.50 139.00
104.50 138.50
104.00 138.00
104.00 137.50
103.50 137.00
103.50 136.50
103.50 136.00
103.00 135.50
103.00 135.00
103.00 134.50
103.00 134.00
103.00 133.50
103.00 133.00
102.50 132.50
102.50 132.00
102.50 131.50
102.50 131.00
102.50 130.50
102.50 130.00
102.50 129.50
102.50 129.00
102.50 128.50
102.50 128.00
102.50 127.50
102.50 127.00
102.50 126.50
102.50 126.00
102.50 125.50
102.50 125.00
102.50 124.50
102.50 124.00
103.00 123.50
103.00 123.00
103.00 122.50
103.00 122.00
103.00 121.50
103.00 121.00
103.50 120.50
103.50 120.00
103.50 119.50
103.50 119.00
103.50 118.50
103.50 118.00
104.00 117.50
104.00 117.00
104.00 116.50
104.00 116.00
104.00 115.50
104.50 115.00
104.50 114.50
104.50 114.00
104.50 113.50
105.00 113.00
105.00 112.50
105.00 112.00
105.50 111.50
105.50 111.00
105.50 110.50
106.00 110.00
106.00 109.50
106.50 109.00
106.50 108.50
107.00 108.00
107.50 107.50
107.50 107.00
108.00 106.50
108.50 106.00
109.00 105.50
109.50 105.00
110.00 104.50
110.50 104.00
111.00 103.50
111.50 103.00
112.00 102.50
112.50 102.50
113.00 102.00
