145.50 101.50
146.00 101.50
146.50 102.00
147.00 102.00
147.50 102.00
148.00 102.50
148.50 102.50
149.00 103.00
149.50 103.00
150.00 103.50
150.50 103.50
151.00 104.00
151.50 104.50
152.00 104.50
152.50 105.00
153.00 105.00
153.50 105.50
154.00 106.00
154.50 106.00
155.00 106.50
155.50 107.00
156.00 107.50
156.50 108.00
157.00 108.50
157.00 109.00
157.50 109.50
158.00 110.00
158.50 110.50
158.50 111.00
159.00 111.50
159.00 112.00
159.50 112.50
159.50 113.00
160.00 113.50
160.00 114.00
160.50 114.50
160.50 115.00
160.50 115.50
161.00 116.00
161.00 116.50
161.00 117.00
161.50 117.50
161.50 118.00
161.50 118.50
161.50 119.00
162.00 119.50
162.00 120.00
162.00 120.50
162.00 121.00
162.00 121.50
162.00 122.00
162.00 122.50
162.00 123.00
162.00 123.50
162.00 124.00
162.00 124.50
162.00 125.00
162.00 125.50
162.00 126.00
162.00 126.50
162.00 127.00
162.00 127.50
161.50 128.00
161.50 128.50
161.50 129.00
161.50 129.50
161.00 130.00
161.00 130.50
161.00 131.00
160.50 131.50
160.50 132.00
160.00 132.50
160.00 133.00
159.50 133.50
159.50 134.00
159.00 134.50
159.00 135.00
158.50 135.50
158.50 136.00
158.00 136.50
157.50 137.00
157.00 137.50
157.00 138.00
156.50 138.50
156.00 139.00
155.50 139.50
155.00 140.00
154.50 140.50
154.00 141.00
153.50 141.50
153.00 142.00
152.50 142.50
152.00 142.50
151.50 143.00
151.00 143.50
150.50 144.00
150.00 144.00
149.50 144.50
149.00 145.00
148.50 145.00
148.00 145.50
147.50 146.00
147.00 146.00
146.50 146.00
146.00 146.50
145.50 146.50
145.00 147.00
144.50 147.00
144.00 147.00
143.50 147.50
143.00 147.50
142.50 147.50
142.00 148.00
141.50 148.00
141.00 148.00
140.50 148.00
140.00 148.00
139.50 148.00
139.00 148.50
138.50 148.50
138.00 148.50
137.50 148.50
137.00 148.50
136.50 148.50
136.00 148.50
135.50 148.50
135.00 148.50
134.50 148.50
134.00 148.50
133.50 148.50
133.00 148.50
132.50 148.50
132.00 148.50
131.50 148.00
131.00 148.00
130.50 148.00
130.00 148.00
129.50 148.00
129.00 148.00
128.50 148.00
128.00 148.00
127.50 147.50
127.00 147.50
126.50 147.50
126.00 147.50
125.50 147.50
125.00 147.00
124.50 147.00
124.00 147.00
123.50 147.00
123.00 146.50
122.50 146.50
122.00 146.50
121.50 146.50
121.00 146.00
120.50 146.00
120.00 146.00
119.50 145.50
119.00 145.50
118.50 145.50
118.00 145.00
117.50 144.50
117.00 144.50
116.50 144.00
116.00 144.00
115.50 143.50
115.00 143.00
114.50 143.00
114.00 142.50
113.50 142.00
113.00 141.50
112.50 141.00
112.00 140.50
111.50 140.00
111.50 139.50
111.00 139.00
111.00 138.50
111.00 138.00
110.50 137.50
110.00 137.00
110.00 136.50
110.00 136.00
109.50 135.50
109.50 135.00
109.50 134.50
109.00 134.00
109.00 133.50
109.00 133.00
109.00 132.50
108.50 132.00
108.50 131.50
108.50 131.00
108.50 130.50
108.50 130.00
108.00 129.50
108.00 129.00
108.00 128.50
108.00 128.00
108.00 127.50
108.00 127.00
107.50 126.50
107.50 126.00
107.50 125.50
107.50 125.00
107.50 124.50
107.50 124.00
107.50 123.50
107.50 123.00
107.50 122.50
107.50 122.00
107.50 121.50
107.50 121.00
107.50 120.50
107.50 120.00
108.00 119.50
108.00 119.00
108.00 118.50
108.00 118.00
108.50 117.50
108.50 117.00
108.50 116.50
109.00 116.00
109.00 115.50
109.50 115.00
109.50 114.50
110.00 114.00
110.00 113.50
110.50 113.00
110.50 112.50
111.00 112.00
111.50 111.50
111.50 111.00
112.00 110.50
112.50 110.00
113.00 109.50
113.50 109.00
114.00 108.50
114.50 108.00
115.00 107.50
115.50 107.00
116.00 107.00
116.50 106.50
117.00 106.00
117.50 105.50
118.00 105.00
118.50 105.00
119.00 104.50
119.50 104.00
120.00 104.00
120.50 103.50
121.00 103.50
121.50 103.00
122.00 103.00
122.50 103.00
123.00 102.50
123.50 102.50
124.00 102.00
124.50 102.00
125.00 101.50
125.50 101.50
126.00 101.50
126.50 101.50
127.00 101.00
127.50 101.00
128.00 101.00
128.50 101.00
129.00 100.50
129.50 100.50
130.00 100.50
130.50 100.50
131.00 100.50
131.50 100.50
132.00 100.00
132.50 100.00
133.00 100.00
133.50 100.00
134.00 100.00
134.50 100.00
135.00 100.00
135.50 100.00
136.00 100.00
136.50 100.00
137.00 100.00
137.50 100.00
138.00 100.00
138.50 100.00
139.00 100.00
139.50 100.00
140.00 100.50
140.50 100.50
141.00 100.50
141.50 100.50
142.00 100.50
142.50 100.50
143.00 101.00
143.50 101.00
144.00 101.00
144.50 101.00
145.00 101.50
