142.50 101.50
143.00 101.50
143.50 102.00
144.00 102.00
144.50 102.50
145.00 102.50
145.50 103.00
146.00 103.00
146.50 103.00
147.00 103.50
147.50 104.00
148.00 104.00
148.50 104.50
149.00 105.00
149.50 105.50
150.00 106.00
150.50 106.50
151.00 107.00
151.50 107.50
152.00 108.00
152.50 108.50
153.00 109.00
153.50 109.50
153.50 110.00
154.00 110.50
154.50 111.00
155.00 111.50
155.00 112.00
155.50 112.50
155.50 113.00
155.50 113.50
155.50 114.00
156.00 114.50
156.00 115.00
156.00 115.50
156.00 116.00
156.50 116.50
156.50 117.00
156.50 117.50
156.50 118.00
156.50 118.50
156.50 119.00
156.50 119.50
157.00 120.00
157.00 120.50
157.00 121.00
157.00 121.50
157.00 122.00
157.00 122.50
157.00 123.00
157.00 123.50
157.00 124.00
157.00 124.50
157.00 125.00
157.00 125.50
157.00 126.00
157.00 126.50
157.00 127.00
157.00 127.50
156.50 128.00
156.50 128.50
156.50 129.00
156.00 129.50
156.00 130.00
156.00 130.50
155.50 131.00
155.00 131.50
155.00 132.00
155.00 132.50
154.50 133.00
154.00 133.50
153.50 134.00
153.00 134.50
152.50 135.00
152.00 135.50
151.50 136.00
151.00 136.50
150.50 137.00
150.00 137.50
149.50 138.00
149.00 138.00
148.50 138.50
148.00 139.00
147.50 139.00
147.00 139.00
146.50 139.50
146.00 139.50
145.50 139.50
145.00 140.00
144.50 140.00
144.00 140.50
143.50 140.50
143.00 140.50
142.50 140.50
142.00 141.00
141.50 141.50
141.00 141.50
140.50 141.50
140.00 141.50
139.50 141.50
139.00 142.00
138.50 142.00
138.00 142.00
137.50 142.00
137.00 142.00
136.50 142.00
136.00 142.00
135.50 142.00
135.00 142.00
134.50 142.00
134.00 142.00
133.50 142.00
133.00 142.00
132.50 142.50
132.00 142.50
131.50 142.00
131.00 142.00
130.50 142.00
130.00 142.00
129.50 142.00
129.00 142.00
128.50 142.00
128.00 142.00
127.50 142.00
127.00 141.50
126.50 141.50
126.00 141.50
125.50 141.50
125.00 141.50
124.50 141.00
124.00 141.00
123.50 140.50
123.00 140.50
122.50 140.00
122.00 140.00
121.50 139.50
121.00 139.50
120.50 139.00
120.00 139.00
119.50 138.50
119.00 138.50
118.50 138.00
118.00 137.50
117.50 137.50
117.00 137.00
116.50 136.50
116.00 136.50
115.50 136.00
115.00 136.00
114.50 135.50
114.50 135.00
114.00 134.50
113.50 134.50
113.00 134.00
113.00 133.50
112.50 133.00
112.00 132.50
111.50 132.00
111.50 131.50
111.00 131.00
111.00 130.50
110.50 130.00
110.00 129.50
110.00 129.00
110.00 128.50
109.50 128.00
109.50 127.50
109.50 127.00
109.00 126.50
109.00 126.00
109.00 125.50
109.00 125.00
109.00 124.50
109.00 124.00
109.00 123.50
108.50 123.00
108.50 122.50
109.00 122.00
109.00 121.50
109.00 121.00
109.00 120.50
109.00 120.00
109.00 119.50
109.00 119.00
109.50 118.50
109.50 118.00
110.00 117.50
110.00 117.00
110.00 116.50
110.50 116.00
110.50 115.50
111.00 115.00
111.50 114.50
111.50 114.00
112.00 113.50
112.50 113.00
113.00 112.50
113.00 112.00
113.50 111.50
114.00 111.00
114.50 110.50
115.00 110.00
115.50 109.50
116.00 109.00
116.50 108.50
117.00 108.00
117.50 107.50
118.00 107.00
118.50 107.00
119.00 107.00
119.50 106.50
120.00 106.00
120.50 105.50
121.00 105.00
121.50 105.00
122.00 104.50
122.50 104.50
123.00 104.00
123.50 103.50
124.00 103.50
124.50 103.00
125.00 103.00
125.50 103.00
126.00 102.50
126.50 102.50
127.00 102.00
127.50 102.00
128.00 102.00
128.50 101.50
129.00 101.50
129.50 101.50
130.00 101.50
130.50 101.00
131.00 101.00
131.50 101.00
132.00 101.00
132.50 100.50
133.00 100.50
133.50 100.50
134.00 100.50
134.50 100.50
135.00 100.00
135.50 100.00
136.00 100.00
136.50 100.50
137.00 100.50
137.50 100.50
138.00 100.50
138.50 101.00
139.00 101.00
139.50 101.00
140.00 101.00
140.50 101.50
141.00 101.50
141.50 102.00
142.00 102.00
