113.00 109.50
112.50 109.50
113.00 109.00
113.50 108.50
114.00 108.00
114.50 107.50
114.50 107.00
115.00 106.50
115.50 106.00
116.00 105.50
116.50 105.00
117.00 104.50
117.50 104.00
117.50 103.50
118.00 103.00
118.50 102.50
119.00 102.00
119.50 102.00
120.00 101.50
120.50 101.00
121.00 100.50
121.50 100.00
122.00 99.50
122.50 99.00
123.00 99.00
123.50 98.50
124.00 98.50
124.50 98.00
125.00 98.00
125.50 97.50
126.00 97.50
126.50 97.50
127.00 97.50
127.50 97.50
128.00 97.50
128.50 97.50
129.00 97.50
129.50 97.00
130.00 97.00
130.50 97.00
131.00 97.00
131.50 97.00
132.00 97.00
132.50 97.00
133.00 97.00
133.50 97.00
134.00 97.00
134.50 97.00
135.00 97.00
135.50 97.00
136.00 97.00
136.50 97.00
137.00 97.00
137.50 97.00
138.00 97.00
138.50 97.00
139.00 97.00
139.50 97.00
140.00 97.00
140.50 97.00
141.00 97.00
141.50 97.00
142.00 97.50
142.50 97.50
143.00 97.50
143.50 97.50
144.00 97.50
144.50 97.50
145.00 97.50
145.50 98.00
146.00 98.00
146.50 98.00
147.00 98.00
147.50 98.00
148.00 98.50
148.50 98.50
149.00 98.50
149.50 98.50
150.00 99.00
150.50 99.00
151.00 99.50
151.50 99.50
152.00 100.00
152.50 100.00
153.00 100.50
153.50 100.50
154.00 101.00
154.50 101.00
155.00 101.50
155.50 102.00
156.00 102.50
156.50 103.00
157.00 103.50
157.50 104.00
158.00 104.50
158.00 105.00
158.50 105.50
159.00 106.00
159.50 106.50
159.50 107.00
160.00 107.50
160.00 108.00
160.50 108.50
160.50 109.00
161.00 109.50
161.00 110.00
161.50 110.50
161.50 111.00
162.00 111.50
162.00 112.00
162.00 112.50
162.50 113.00
162.50 113.50
163.00 114.00
163.00 114.50
163.50 115.00
163.50 115.50
163.50 116.00
164.00 116.50
164.00 117.00
164.00 117.50
164.50 118.00
164.50 118.50
165.00 119.00
165.00 119.50
165.00 120.00
165.00 120.50
165.50 121.00
165.50 121.50
165.50 122.00
165.50 122.50
166.00 123.00
166.00 123.50
166.00 124.00
166.00 124.50
166.00 125.00
166.00 125.50
166.00 126.00
166.00 126.50
166.00 127.00
166.00 127.50
166.00 128.00
166.00 128.50
166.00 129.00
166.00 129.50
165.50 130.00
165.50 130.50
165.50 131.00
165.50 131.50
165.50 132.00
165.00 132.50
165.00 133.00
165.00 133.50
164.50 134.00
164.50 134.50
164.00 135.00
164.00 135.50
163.50 136.00
163.50 136.50
163.00 137.00
163.00 137.50
162.50 138.00
162.00 138.50
161.50 139.00
161.00 139.50
161.00 140.00
160.50 140.50
160.00 141.00
159.50 141.50
159.00 142.00
158.50 142.50
158.00 142.50
157.50 143.00
157.00 143.50
156.50 144.00
156.00 144.00
155.50 144.50
155.00 145.00
154.50 145.00
154.00 145.50
153.50 145.50
153.00 145.50
152.50 146.00
152.00 146.00
151.50 146.50
151.00 146.50
150.50 146.50
150.00 147.00
149.50 147.00
149.00 147.50
148.50 147.50
148.00 147.50
147.50 148.00
147.00 148.00
146.50 148.00
146.00 148.00
145.50 148.50
145.00 148.50
144.50 148.50
144.00 149.00
143.50 149.00
143.00 149.00
142.50 149.00
142.00 149.00
141.50 149.50
141.00 149.50
140.50 149.50
140.00 149.50
139.50 149.50
139.00 149.50
138.50 150.00
138.00 150.00
137.50 150.00
137.00 150.00
136.50 150.00
136.00 150.00
135.50 150.00
135.00 150.00
134.50 150.00
134.00 150.50
133.50 150.50
133.00 150.50
132.50 150.50
132.00 150.50
131.50 150.50
131.00 150.50
130.50 150.50
130.00 150.00
129.50 150.00
129.00 150.00
128.50 150.00
128.00 150.00
127.50 150.00
127.00 150.00
126.50 150.00
126.00 150.00
125.50 149.50
125.00 149.50
124.50 149.50
124.00 149.50
123.50 149.00
123.00 149.00
122.50 149.00
122.00 148.50
121.50 148.50
121.00 148.50
120.50 148.50
120.00 148.00
119.50 148.00
119.00 147.50
118.50 147.50
118.00 147.00
117.50 147.00
117.00 147.00
116.50 146.50
116.00 146.00
115.50 146.00
115.00 145.50
114.50 145.50
114.00 145.00
113.50 144.50
113.00 144.50
112.50 144.00
112.00 143.50
111.50 143.00
111.00 142.50
110.50 142.00
110.00 142.00
109.50 141.50
109.00 141.00
109.00 140.50
108.50 140.00
108.50 139.50
108.00 139.00
108.00 138.50
107.50 138.00
107.50 137.50
107.00 137.00
107.00 136.50
106.50 136.00
106.50 135.50
106.50 135.00
106.50 134.50
106.00 134.00
106.00 133.50
106.00 133.00
105.50 132.50
105.50 132.00
105.50 131.50
105.50 131.00
105.50 130.50
105.50 130.00
105.50 129.50
105.50 129.00
105.50 128.50
105.50 128.00
105.50 127.50
105.50 127.00
105.50 126.50
105.50 126.00
105.50 125.50
105.50 125.00
105.50 124.50
106.00 124.00
106.00 123.50
106.00 123.00
106.50 122.50
106.50 122.00
106.50 121.50
107.00 121.00
107.00 120.50
107.50 120.00
107.50 119.50
107.50 119.00
108.00 118.50
108.00 118.00
108.50 117.50
109.00 117.00
109.00 116.50
109.50 116.00
109.50 115.50
110.00 115.00
110.50 114.50
110.50 114.00
111.00 113.50
111.50 113.00
112.00 112.50
112.00 112.00
112.50 111.50
113.00 111.00
113.00 110.50
113.50 110.00
