153.50 103.50
154.00 104.00
154.50 104.50
155.00 105.00
155.50 105.50
156.00 106.00
156.00 106.50
156.50 107.00
157.00 107.50
157.50 108.00
157.50 108.50
158.00 109.00
158.50 109.50
158.50 110.00
159.00 110.50
159.50 111.00
159.50 111.50
160.00 112.00
160.00 112.50
160.50 113.00
160.50 113.50
161.00 114.00
161.00 114.50
161.50 115.00
161.50 115.50
161.50 116.00
162.00 116.50
162.00 117.00
162.00 117.50
162.50 118.00
162.50 118.50
162.50 119.00
162.50 119.50
163.00 120.00
163.00 120.50
163.00 121.00
163.00 121.50
163.00 122.00
163.00 122.50
163.00 123.00
163.00 123.50
163.00 124.00
163.00 124.50
163.00 125.00
163.00 125.50
163.00 126.00
163.00 126.50
163.00 127.00
163.00 127.50
163.00 128.00
163.00 128.50
162.50 129.00
162.50 129.50
162.50 130.00
162.50 130.50
162.00 131.00
162.00 131.50
161.50 132.00
161.50 132.50
161.50 133.00
161.00 133.50
161.00 134.00
160.50 134.50
160.50 135.00
160.00 135.50
159.50 136.00
159.00 136.50
159.00 137.00
158.50 137.50
158.00 138.00
157.50 138.50
157.00 139.00
156.50 139.50
156.00 140.00
155.50 140.50
155.00 141.00
154.50 141.00
154.00 141.50
153.50 142.00
153.00 142.00
152.50 142.00
152.00 142.50
151.50 143.00
151.00 143.00
150.50 143.50
150.00 143.50
149.50 144.00
149.00 144.00
148.50 144.50
148.00 144.50
147.50 144.50
147.00 145.00
146.50 145.00
146.00 145.00
145.50 145.50
145.00 145.50
144.50 145.50
144.00 145.50
143.50 146.00
143.00 146.00
142.50 146.00
142.00 146.00
141.50 146.50
141.00 146.50
140.50 146.50
140.00 146.50
139.50 146.50
139.00 146.50
138.50 146.50
138.00 146.50
137.50 147.00
137.00 147.00
136.50 147.00
136.00 147.00
135.50 147.00
135.00 147.00
134.50 147.00
134.00 147.00
133.50 147.00
133.00 147.00
132.50 147.00
132.00 147.00
131.50 147.00
131.00 147.00
130.50 147.00
130.00 147.00
129.50 147.00
129.00 147.00
128.50 147.00
128.00 147.00
127.50 147.00
127.00 147.00
126.50 146.50
126.00 146.50
125.50 146.50
125.00 146.50
124.50 146.50
124.00 146.50
123.50 146.00
123.00 146.00
122.50 146.00
122.00 146.00
121.50 146.00
121.00 145.50
120.50 145.50
120.00 145.50
119.50 145.50
119.00 145.00
118.50 145.00
118.00 145.00
117.50 144.50
117.00 144.50
116.50 144.00
116.00 144.00
115.50 144.00
115.00 143.50
114.50 143.50
114.00 143.00
113.50 143.00
113.00 142.50
112.50 142.00
112.00 142.00
111.50 141.50
111.00 141.00
110.50 140.50
110.00 140.00
109.50 139.50
109.00 139.00
108.50 138.50
108.50 138.00
108.00 137.50
107.50 137.00
107.50 136.50
107.00 136.00
107.00 135.50
106.50 135.00
106.50 134.50
106.50 134.00
106.50 133.50
106.00 133.00
106.00 132.50
106.00 132.00
106.00 131.50
106.00 131.00
105.50 130.50
105.50 130.00
105.50 129.50
105.50 129.00
105.50 128.50
105.00 128.00
105.00 127.50
105.00 127.00
105.00 126.50
105.00 126.00
105.00 125.50
105.00 125.00
105.00 124.50
104.50 124.00
104.50 123.50
104.50 123.00
104.50 122.50
104.50 122.00
104.50 121.50
104.50 121.00
104.50 120.50
104.50 120.00
104.50 119.50
104.50 119.00
104.50 118.50
104.50 118.00
104.50 117.50
105.00 117.00
105.00 116.50
105.00 116.00
105.50 115.50
105.50 115.00
105.50 114.50
106.00 114.00
106.50 113.50
106.50 113.00
107.00 112.50
107.00 112.00
107.50 111.50
107.50 111.00
108.00 110.50
108.50 110.00
109.00 109.50
109.50 109.00
110.00 108.50
110.50 108.00
111.00 107.50
111.50 107.00
112.00 106.50
112.50 106.50
113.00 106.00
113.50 105.50
114.00 105.00
114.50 104.50
115.00 104.50
115.50 104.00
116.00 103.50
116.50 103.50
117.00 103.00
117.50 102.50
118.00 102.00
118.50 102.00
119.00 101.50
119.50 101.00
120.00 101.00
120.50 100.50
121.00 100.50
121.50 100.00
122.00 99.50
122.50 99.00
123.00 99.00
123.50 98.50
124.00 98.00
124.50 98.00
125.00 98.00
125.50 97.50
126.00 97.50
126.50 97.50
127.00 97.00
127.50 97.00
128.00 97.00
128.50 97.00
129.00 97.00
129.50 97.00
130.00 96.50
130.50 96.50
131.00 96.50
131.50 96.50
132.00 96.50
132.50 96.50
133.00 96.50
133.50 96.50
134.00 96.50
134.50 96.50
135.00 97.00
135.50 97.00
136.00 97.00
136.50 97.00
137.00 97.00
137.50 97.00
138.00 97.00
138.50 97.00
139.00 97.00
139.50 97.00
140.00 97.00
140.50 97.00
141.00 97.00
141.50 97.50
142.00 97.50
142.50 97.50
143.00 97.50
143.50 97.50
144.00 97.50
144.50 98.00
145.00 98.00
145.50 98.00
146.00 98.00
146.50 98.50
147.00 98.50
147.50 98.50
148.00 99.00
148.50 99.00
149.00 99.50
149.50 100.00
150.00 100.50
150.50 100.50
151.00 101.00
151.50 101.50
152.00 102.00
152.50 102.50
153.00 103.00
