132.00 110.50
132.50 110.50
133.00 111.00
133.50 111.00
134.00 111.00
134.50 111.50
135.00 111.50
135.50 112.00
136.00 112.00
136.50 112.50
137.00 112.50
137.50 112.50
138.00 113.00
138.50 113.00
139.00 113.50
139.50 114.00
140.00 114.50
140.50 115.00
141.00 115.50
141.00 116.00
141.50 116.50
142.00 117.00
142.00 117.50
142.50 118.00
142.50 118.50
143.00 119.00
143.00 119.50
143.00 120.00
143.50 120.50
143.50 121.00
143.50 121.50
143.50 122.00
144.00 122.50
143.50 123.00
143.50 123.50
143.50 124.00
143.50 124.50
144.00 125.00
144.00 125.50
144.00 126.00
144.00 126.50
144.00 127.00
144.00 127.50
144.00 128.00
144.00 128.50
144.00 129.00
143.50 129.50
143.50 130.00
143.50 130.50
143.00 131.00
143.00 131.50
142.50 132.00
142.00 132.50
142.00 133.00
141.50 133.50
141.00 134.00
140.50 134.50
140.00 135.00
139.50 135.50
139.00 135.50
138.50 136.00
138.00 136.50
137.50 136.50
137.00 137.00
136.50 137.50
136.00 137.50
135.50 138.00
135.00 138.50
134.50 138.50
134.00 138.50
133.50 139.00
133.00 139.00
132.50 139.50
132.00 139.50
131.50 139.50
131.00 140.00
130.50 140.00
130.00 140.00
129.50 140.00
129.00 140.50
128.50 140.50
128.00 140.50
127.50 140.50
127.00 140.50
126.50 140.50
126.00 140.50
125.50 140.50
125.00 140.50
124.50 140.50
124.00 140.50
123.50 140.50
123.00 140.00
122.50 140.00
122.00 140.00
121.50 140.00
121.00 139.50
120.50 139.50
120.00 139.00
119.50 139.00
119.00 138.50
118.50 138.50
118.00 138.00
117.50 137.50
117.00 137.00
116.50 136.50
116.00 136.00
115.50 135.50
115.00 135.00
115.00 134.50
115.00 134.00
114.50 133.50
114.50 133.00
114.50 132.50
114.00 132.00
114.00 131.50
114.00 131.00
114.00 130.50
114.00 130.00
114.00 129.50
114.00 129.00
114.00 128.50
114.00 128.00
114.00 127.50
114.00 127.00
114.00 126.50
114.00 126.00
114.00 125.50
114.00 125.00
114.00 124.50
114.00 124.00
114.00 123.50
114.50 123.00
114.50 122.50
114.50 122.00
114.50 121.50
114.50 121.00
114.50 120.50
115.00 120.00
115.00 119.50
115.00 119.00
115.50 118.50
115.50 118.00
116.00 117.50
116.00 117.00
116.00 116.50
116.50 116.00
117.00 115.50
117.50 115.00
118.00 114.50
118.50 114.00
119.00 113.50
119.50 113.00
120.00 113.00
120.50 112.50
121.00 112.00
121.50 112.00
122.00 111.50
122.50 111.50
123.00 111.00
123.50 110.50
124.00 110.50
124.50 110.50
125.00 110.00
125.50 110.00
126.00 110.00
126.50 110.00
127.00 109.50
127.50 109.50
128.00 109.50
128.50 109.50
129.00 109.50
129.50 109.50
130.00 109.50
130.50 109.50
131.00 110.00
131.50 110.00
