140.00 100.00
140.50 100.00
141.00 100.00
141.50 100.00
142.00 100.00
142.50 100.00
143.00 100.50
143.50 100.50
144.00 100.50
144.50 100.50
145.00 100.50
145.50 101.00
146.00 101.00
146.50 101.00
147.00 101.50
147.50 101.50
148.00 102.00
148.50 102.00
149.00 102.50
149.50 102.50
150.00 103.00
150.50 103.50
151.00 103.50
151.50 104.00
152.00 104.50
152.50 105.00
153.00 105.50
153.50 106.00
154.00 106.50
154.00 107.00
154.50 107.50
154.50 108.00
155.00 108.50
155.00 109.00
155.50 109.50
155.50 110.00
155.50 110.50
155.50 111.00
156.00 111.50
156.00 112.00
156.00 112.50
156.00 113.00
156.00 113.50
156.50 114.00
156.50 114.50
156.50 115.00
156.50 115.50
156.50 116.00
156.50 116.50
156.50 117.00
156.50 117.50
156.50 118.00
156.50 118.50
156.50 119.00
156.50 119.50
156.50 120.00
156.50 120.50
156.50 121.00
156.50 121.50
156.50 122.00
156.50 122.50
156.50 123.00
156.00 123.50
156.00 124.00
156.00 124.50
156.00 125.00
156.00 125.50
155.50 126.00
155.50 126.50
155.50 127.00
155.00 127.50
155.00 128.00
155.00 128.50
154.50 129.00
154.50 129.50
154.00 130.00
154.00 130.50
154.00 131.00
153.50 131.50
153.50 132.00
153.00 132.50
152.50 133.00
152.50 133.50
152.00 134.00
151.50 134.50
151.00 135.00
151.00 135.50
150.50 136.00
150.00 136.50
149.50 137.00
149.00 137.50
148.50 138.00
148.00 138.50
147.50 138.50
147.00 139.00
146.50 139.50
146.00 140.00
145.50 140.50
145.00 140.50
144.50 141.00
144.00 141.00
143.50 141.50
143.00 142.00
142.50 142.00
142.00 142.50
141.50 142.50
141.00 143.00
140.50 143.00
140.00 143.50
139.50 143.50
139.00 143.50
138.50 144.00
138.00 144.00
137.50 144.00
137.00 144.50
136.50 144.50
136.00 144.50
135.50 145.00
135.00 145.00
134.50 145.00
134.00 145.00
133.50 145.50
133.00 145.50
132.50 145.50
132.00 145.50
131.50 145.50
131.00 145.50
130.50 145.50
130.00 145.50
129.50 145.50
129.00 145.50
128.50 145.50
128.00 145.50
127.50 145.50
127.00 145.50
126.50 145.50
126.00 145.50
125.50 145.50
125.00 145.50
124.50 145.50
124.00 145.50
123.50 145.00
123.00 145.00
122.50 145.00
122.00 145.00
121.50 145.00
121.00 144.50
120.50 144.50
120.00 144.00
119.50 144.00
119.00 144.00
118.50 143.50
118.00 143.50
117.50 143.00
117.00 143.00
116.50 142.50
116.00 142.50
115.50 142.50
115.00 142.00
114.50 141.50
114.00 141.00
113.50 140.50
113.00 140.00
112.50 140.00
112.00 139.50
111.50 139.00
111.50 138.50
111.00 138.00
110.50 137.50
110.00 137.00
110.00 136.50
109.50 136.00
109.50 135.50
109.00 135.00
109.00 134.50
109.00 134.00
108.50 133.50
108.50 133.00
108.50 132.50
108.00 132.00
108.00 131.50
108.00 131.00
108.00 130.50
107.50 130.00
107.50 129.50
107.50 129.00
107.50 128.50
107.50 128.00
107.50 127.50
107.50 127.00
107.00 126.50
107.00 126.00
107.00 125.50
107.00 125.00
107.00 124.50
107.00 124.00
107.00 123.50
107.00 123.00
106.50 122.50
106.50 122.00
106.50 121.50
106.50 121.00
106.50 120.50
106.50 120.00
106.50 119.50
106.50 119.00
106.50 118.50
106.50 118.00
106.50 117.50
106.50 117.00
106.50 116.50
106.50 116.00
106.50 115.50
107.00 115.00
106.50 114.50
107.00 114.00
107.50 113.50
108.00 113.00
108.50 112.50
109.00 112.00
109.50 112.00
110.00 111.50
110.50 111.00
111.00 110.50
111.50 110.00
112.00 109.50
112.50 109.00
113.00 108.50
113.50 108.50
114.00 108.00
114.50 107.50
115.00 107.50
115.50 107.00
116.00 106.50
116.50 106.50
117.00 106.00
117.50 106.00
118.00 105.50
118.50 105.00
119.00 105.00
119.50 105.00
120.00 104.50
120.50 104.50
121.00 104.00
121.50 104.00
122.00 104.00
122.50 103.50
123.00 103.50
123.50 103.50
124.00 103.50
124.50 103.00
125.00 103.00
125.50 103.00
126.00 103.00
126.50 102.50
127.00 102.50
127.50 102.50
128.00 102.50
128.50 102.00
129.00 102.00
129.50 102.00
130.00 101.50
130.50 101.50
131.00 101.50
131.50 101.50
132.00 101.50
132.50 101.00
133.00 101.00
133.50 101.00
134.00 101.00
134.50 100.50
135.00 100.50
135.50 100.50
136.00 100.50
136.50 100.00
137.00 100.00
137.50 100.00
138.00 100.00
138.50 99.50
139.00 99.50
139.50 99.50
