116.00 128.00
116.00 127.50
116.00 127.00
116.00 126.50
116.00 126.00
116.00 125.50
116.50 125.00
116.50 124.50
116.50 124.00
116.50 123.50
116.50 123.00
117.00 122.50
117.00 122.00
117.50 121.50
117.50 121.00
117.50 120.50
118.00 120.00
118.50 119.50
118.50 119.00
119.00 118.50
119.50 118.00
120.00 117.50
120.50 117.00
121.00 116.50
121.50 116.00
122.00 115.50
122.50 115.50
123.00 115.00
123.50 114.50
124.00 114.50
124.50 114.00
125.00 113.50
125.50 113.50
126.00 113.50
126.50 113.00
127.00 113.00
127.50 113.00
128.00 113.00
128.50 113.00
129.00 113.00
129.50 113.00
130.00 113.00
130.50 113.00
131.00 113.00
131.50 113.00
132.00 113.50
132.50 113.50
133.00 113.50
133.50 114.00
134.00 114.00
134.50 114.50
135.00 114.50
135.50 114.50
136.00 115.00
136.50 115.50
137.00 116.00
137.50 116.50
138.00 117.00
138.50 117.50
139.00 117.50
139.50 118.00
140.00 118.50
140.50 119.00
140.50 119.50
141.00 120.00
141.00 120.50
141.00 121.00
141.00 121.50
141.00 122.00
141.00 122.50
141.00 123.00
141.00 123.50
141.00 124.00
141.00 124.50
141.00 125.00
141.50 125.50
141.50 126.00
141.50 126.50
141.50 127.00
141.50 127.50
141.50 128.00
141.50 128.50
141.50 129.00
141.00 129.50
141.00 130.00
141.00 130.50
140.50 131.00
140.00 131.50
139.50 132.00
139.00 132.50
138.50 133.00
138.00 133.50
137.50 134.00
137.00 134.50
136.50 135.00
136.00 135.50
135.50 135.50
135.00 136.00
134.50 136.50
134.00 136.50
133.50 137.00
133.00 137.00
132.50 137.50
132.00 137.50
131.50 138.00
131.00 138.50
130.50 138.50
130.00 138.50
129.50 139.00
129.00 139.00
128.50 139.00
128.00 139.50
127.50 139.50
127.00 139.50
126.50 139.50
126.00 139.50
125.50 139.50
125.00 139.50
124.50 139.50
124.00 139.50
123.50 139.00
123.00 139.00
122.50 139.00
122.00 138.50
121.50 138.50
121.00 138.50
120.50 138.00
120.00 138.00
119.50 137.50
119.00 137.00
118.50 136.50
118.00 136.00
117.50 135.50
117.00 135.00
117.00 134.50
116.50 134.00
116.00 133.50
116.00 133.00
115.50 132.50
115.50 132.00
115.50 131.50
115.50 131.00
115.50 130.50
115.50 130.00
115.50 129.50
115.50 129.00
115.50 128.50
