149.50 105.00
150.00 105.50
150.50 105.50
151.00 106.00
151.50 106.50
152.00 107.00
152.50 107.50
153.00 108.00
153.50 108.50
154.00 109.00
154.50 109.50
154.50 110.00
155.00 110.50
155.50 111.00
155.50 111.50
156.00 112.00
156.00 112.50
156.50 113.00
156.50 113.50
157.00 114.00
157.00 114.50
157.50 115.00
157.50 115.50
158.00 116.00
158.00 116.50
158.50 117.00
158.50 117.50
158.50 118.00
159.00 118.50
159.00 119.00
159.00 119.50
159.50 120.00
159.50 120.50
159.50 121.00
159.50 121.50
159.50 122.00
160.00 122.50
160.00 123.00
160.00 123.50
160.00 124.00
160.00 124.50
160.00 125.00
160.00 125.50
160.00 126.00
160.00 126.50
160.00 127.00
160.00 127.50
160.00 128.00
160.00 128.50
160.00 129.00
160.00 129.50
159.50 130.00
159.50 130.50
159.50 131.00
159.00 131.50
159.00 132.00
158.50 132.50
158.50 133.00
158.50 133.50
158.00 134.00
157.50 134.50
157.50 135.00
157.00 135.50
156.50 136.00
156.00 136.50
155.50 137.00
155.00 137.50
155.00 138.00
154.50 138.50
154.00 139.00
153.50 139.00
153.00 139.50
152.50 140.00
152.00 140.50
151.50 140.50
151.00 141.00
150.50 141.50
150.00 141.50
149.50 142.00
149.00 142.50
148.50 142.50
148.00 143.00
147.50 143.00
147.00 143.00
146.50 143.50
146.00 143.50
145.50 143.50
145.00 143.50
144.50 144.00
144.00 144.00
143.50 144.00
143.00 144.50
142.50 144.50
142.00 144.50
141.50 144.50
141.00 144.50
140.50 145.00
140.00 145.00
139.50 145.00
139.00 145.00
138.50 145.00
138.00 145.00
137.50 145.00
137.00 145.00
136.50 145.00
136.00 145.00
135.50 145.00
135.00 145.00
134.50 145.00
134.00 145.00
133.50 145.00
133.00 145.00
132.50 144.50
132.00 144.50
131.50 144.50
131.00 144.50
130.50 144.50
130.00 144.50
129.50 144.00
129.00 144.00
128.50 144.00
128.00 143.50
127.50 143.50
127.00 143.50
126.50 143.00
126.00 143.00
125.50 143.00
125.00 142.50
124.50 142.50
124.00 142.00
123.50 142.00
123.00 141.50
122.50 141.50
122.00 141.00
121.50 140.50
121.00 140.50
120.50 140.00
120.00 139.50
119.50 139.00
119.00 139.00
118.50 138.50
118.00 138.00
117.50 137.50
117.50 137.00
117.00 136.50
116.50 136.00
116.00 135.50
116.00 135.00
115.50 134.50
115.00 134.00
115.00 133.50
114.50 133.00
114.50 132.50
114.00 132.00
114.00 131.50
113.50 131.00
113.50 130.50
113.50 130.00
113.00 129.50
113.00 129.00
112.50 128.50
112.50 128.00
112.50 127.50
112.50 127.00
112.50 126.50
112.00 126.00
112.00 125.50
112.00 125.00
112.00 124.50
112.00 124.00
112.00 123.50
112.00 123.00
112.00 122.50
112.00 122.00
112.00 121.50
112.00 121.00
112.00 120.50
112.00 120.00
112.50 119.50
112.50 119.00
112.50 118.50
112.50 118.00
112.50 117.50
113.00 117.00
113.00 116.50
113.00 116.00
113.00 115.50
113.50 115.00
113.50 114.50
113.50 114.00
114.00 113.50
114.00 113.00
114.00 112.50
114.50 112.00
115.00 111.50
115.00 111.00
115.50 110.50
115.50 110.00
116.00 109.50
116.50 109.00
117.00 108.50
117.50 108.00
118.00 107.50
118.50 107.00
119.00 106.50
119.50 106.50
120.00 106.00
120.50 106.00
121.00 105.50
121.50 105.50
122.00 105.00
122.50 105.00
123.00 105.00
123.50 104.50
124.00 104.50
124.50 104.50
125.00 104.00
125.50 104.00
126.00 104.00
126.50 103.50
127.00 103.50
127.50 103.50
128.00 103.50
128.50 103.50
129.00 103.00
129.50 103.00
130.00 103.00
130.50 103.00
131.00 103.00
131.50 103.00
132.00 102.50
132.50 102.50
133.00 102.50
133.50 102.50
134.00 102.50
134.50 102.50
135.00 102.50
135.50 102.50
136.00 102.50
136.50 102.50
137.00 102.50
137.50 102.50
138.00 102.50
138.50 102.50
139.00 102.50
139.50 102.50
140.00 102.50
140.50 102.50
141.00 102.50
141.50 102.50
142.00 102.50
142.50 102.50
143.00 103.00
143.50 103.00
144.00 103.00
144.50 103.00
145.00 103.50
145.50 103.50
146.00 103.50
146.50 103.50
147.00 104.00
147.50 104.00
148.00 104.00
148.50 104.50
149.00 104.50
