129.50 105.00
130.00 104.50
130.50 104.50
131.00 104.00
131.50 104.00
132.00 104.00
132.50 103.50
133.00 103.00
133.50 103.00
134.00 102.50
134.50 102.50
135.00 102.00
135.50 102.00
136.00 101.50
136.50 101.50
137.00 101.00
137.50 101.00
138.00 100.50
138.50 100.50
139.00 100.00
139.50 100.00
140.00 99.50
140.50 99.50
141.00 99.50
141.50 99.50
142.00 99.50
142.50 99.00
143.00 99.00
143.50 99.50
144.00 99.50
144.50 99.50
145.00 99.50
145.50 99.50
146.00 99.50
146.50 100.00
147.00 100.00
147.50 100.00
148.00 100.50
148.50 100.50
149.00 100.50
149.50 101.00
150.00 101.50
150.50 101.50
151.00 102.00
151.50 102.50
152.00 102.50
152.50 103.00
153.00 103.50
153.50 104.00
154.00 104.50
154.50 105.00
155.00 105.50
155.50 106.00
155.50 106.50
156.00 107.00
156.00 107.50
156.50 108.00
156.50 108.50
157.00 109.00
157.00 109.50
157.00 110.00
157.50 110.50
157.50 111.00
157.50 111.50
157.50 112.00
157.50 112.50
158.00 113.00
158.00 113.50
158.00 114.00
158.00 114.50
158.00 115.00
158.00 115.50
158.00 116.00
158.00 116.50
158.00 117.00
158.00 117.50
158.00 118.00
158.00 118.50
158.00 119.00
158.00 119.50
157.50 120.00
157.50 120.50
157.50 121.00
157.50 121.50
157.50 122.00
157.00 122.50
157.00 123.00
157.00 123.50
157.00 124.00
156.50 124.50
156.50 125.00
156.50 125.50
156.50 126.00
156.00 126.50
155.50 127.00
155.50 127.50
155.50 128.00
155.00 128.50
155.00 129.00
155.00 129.50
154.50 130.00
154.00 130.50
154.00 131.00
153.50 131.50
153.50 132.00
153.00 132.50
152.50 133.00
152.50 133.50
152.00 134.00
151.50 134.50
151.00 135.00
150.50 135.50
150.00 136.00
149.50 136.50
149.00 137.00
148.50 137.50
148.00 137.50
147.50 138.00
147.00 138.00
146.50 138.50
146.00 138.50
145.50 139.00
145.00 139.00
144.50 139.50
144.00 139.50
143.50 139.50
143.00 140.00
142.50 140.00
142.00 140.50
141.50 140.50
141.00 140.50
140.50 141.00
140.00 141.00
139.50 141.00
139.00 141.00
138.50 141.50
138.00 141.50
137.50 141.50
137.00 141.50
136.50 142.00
136.00 142.00
135.50 142.00
135.00 142.00
134.50 142.50
134.00 142.50
133.50 142.50
133.00 142.50
132.50 142.50
132.00 142.50
131.50 143.00
131.00 143.00
130.50 143.00
130.00 143.00
129.50 143.00
129.00 143.00
128.50 143.00
128.00 143.50
127.50 143.50
127.00 143.50
126.50 143.50
126.00 143.50
125.50 143.50
125.00 143.50
124.50 143.50
124.00 143.50
123.50 143.50
123.00 143.50
122.50 143.50
122.00 143.50
121.50 143.50
121.00 143.50
120.50 143.00
120.00 143.00
119.50 143.00
119.00 143.00
118.50 143.00
118.00 142.50
117.50 142.50
117.00 142.50
116.50 142.00
116.00 142.00
115.50 141.50
115.00 141.50
114.50 141.00
114.00 140.50
113.50 140.00
113.00 139.50
112.50 139.00
112.00 138.50
111.50 138.00
111.00 137.50
110.50 137.00
110.50 136.50
110.00 136.00
110.00 135.50
109.50 135.00
109.50 134.50
109.00 134.00
109.00 133.50
109.00 133.00
108.50 132.50
108.50 132.00
108.50 131.50
108.50 131.00
108.50 130.50
108.50 130.00
108.50 129.50
108.50 129.00
108.50 128.50
108.50 128.00
108.50 127.50
109.00 127.00
109.00 126.50
109.00 126.00
109.00 125.50
109.50 125.00
109.50 124.50
109.50 124.00
109.50 123.50
110.00 123.00
110.00 122.50
110.00 122.00
110.50 121.50
110.50 121.00
110.50 120.50
110.50 120.00
111.00 119.50
111.00 119.00
111.00 118.50
111.50 118.00
111.50 117.50
112.00 117.00
112.50 116.50
113.00 116.00
113.50 115.50
114.00 115.00
114.50 114.50
115.00 114.50
115.50 114.00
116.00 114.00
116.50 113.50
117.00 113.00
117.50 113.00
118.00 112.50
118.50 112.50
119.00 112.50
119.50 112.00
120.00 111.50
120.50 111.50
121.00 111.00
121.50 111.00
122.00 110.50
122.50 110.00
123.00 109.50
123.50 109.00
124.00 108.50
124.50 108.50
125.00 108.00
125.00 107.50
125.50 107.00
126.00 106.50
126.50 106.00
127.00 106.00
127.50 105.50
128.00 105.50
128.50 105.00
129.00 105.00
