126.50 140.50
126.00 140.00
125.50 139.50
125.00 139.00
124.50 138.50
124.00 138.00
123.50 137.50
123.00 137.00
123.00 136.50
122.50 136.00
122.00 135.50
122.00 135.00
122.00 134.50
121.50 134.00
121.50 133.50
121.50 133.00
121.00 132.50
121.00 132.00
121.00 131.50
121.00 131.00
120.50 130.50
120.50 130.00
120.50 129.50
120.50 129.00
120.50 128.50
120.50 128.00
120.50 127.50
120.50 127.00
120.50 126.50
120.50 126.00
120.50 125.50
120.50 125.00
120.50 124.50
120.50 124.00
121.00 123.50
121.00 123.00
121.00 122.50
121.00 122.00
121.50 121.50
121.50 121.00
122.00 120.50
122.00 120.00
122.00 119.50
122.50 119.00
123.00 118.50
123.50 118.00
124.00 117.50
124.50 117.00
125.00 116.50
125.50 116.00
126.00 115.50
126.50 115.00
127.00 115.00
127.50 114.50
128.00 114.00
128.50 114.00
129.00 113.50
129.50 113.50
130.00 113.00
130.50 112.50
131.00 112.50
131.50 112.00
132.00 112.00
132.50 112.00
133.00 111.50
133.50 111.50
134.00 111.50
134.50 111.00
135.00 111.00
135.50 111.00
136.00 110.50
136.50 110.50
137.00 110.50
137.50 110.50
138.00 110.50
138.50 110.50
139.00 110.00
139.50 110.00
140.00 110.00
140.50 110.00
141.00 110.00
141.50 110.00
142.00 110.00
142.50 110.00
143.00 110.00
143.50 110.00
144.00 110.00
144.50 110.00
145.00 110.00
145.50 110.00
146.00 110.00
146.50 110.00
147.00 110.50
147.50 110.50
148.00 110.50
148.50 110.50
149.00 110.50
149.50 111.00
150.00 111.00
150.50 111.50
151.00 111.50
151.50 111.50
152.00 112.00
152.50 112.50
153.00 112.50
153.50 113.00
154.00 113.50
154.00 114.00
154.50 114.50
155.00 115.00
155.50 115.50
156.00 116.00
156.00 116.50
156.50 117.00
156.50 117.50
157.00 118.00
157.00 118.50
157.50 119.00
157.50 119.50
157.50 120.00
158.00 120.50
158.00 121.00
158.00 121.50
158.00 122.00
158.00 122.50
158.50 123.00
158.50 123.50
158.50 124.00
158.50 124.50
158.50 125.00
158.50 125.50
158.50 126.00
158.50 126.50
158.50 127.00
158.50 127.50
158.50 128.00
158.50 128.50
158.50 129.00
158.50 129.50
158.50 130.00
158.00 130.50
158.00 131.00
158.00 131.50
158.00 132.00
157.50 132.50
157.50 133.00
157.50 133.50
157.00 134.00
157.00 134.50
156.50 135.00
156.50 135.50
156.00 136.00
155.50 136.50
155.00 137.00
154.50 137.50
154.00 138.00
153.50 138.50
153.00 139.00
152.50 139.00
152.00 139.50
151.50 140.00
151.00 140.00
150.50 140.50
150.00 140.50
149.50 141.00
149.00 141.50
148.50 141.50
148.00 142.00
147.50 142.00
147.00 142.50
146.50 142.50
146.00 143.00
145.50 143.00
145.00 143.50
144.50 143.50
144.00 143.50
143.50 144.00
143.00 144.00
142.50 144.00
142.00 144.50
141.50 144.50
141.00 144.50
140.50 144.50
140.00 144.50
139.50 144.50
139.00 144.50
138.50 144.50
138.00 145.00
137.50 144.50
137.00 144.50
136.50 144.50
136.00 144.50
135.50 144.50
135.00 144.50
134.50 144.50
134.00 144.50
133.50 144.00
133.00 144.00
132.50 144.00
132.00 143.50
131.50 143.50
131.00 143.00
130.50 143.00
130.00 143.00
129.50 142.50
129.00 142.00
128.50 142.00
128.00 141.50
127.50 141.50
127.00 141.00
