128.50 136.50
128.00 136.00
127.50 135.50
127.50 135.00
127.00 134.50
126.50 134.00
126.50 133.50
126.00 133.00
125.50 132.50
125.50 132.00
125.00 131.50
124.50 131.00
124.50 130.50
124.50 130.00
124.00 129.50
124.00 129.00
124.00 128.50
123.50 128.00
123.50 127.50
123.50 127.00
123.50 126.50
123.50 126.00
123.50 125.50
123.50 125.00
124.00 124.50
124.00 124.00
124.00 123.50
124.00 123.00
124.50 122.50
125.00 122.00
125.00 121.50
125.50 121.00
126.00 120.50
126.50 120.00
127.00 119.50
127.50 119.00
128.00 118.50
128.50 118.50
129.00 118.00
129.50 118.00
130.00 117.50
130.50 117.00
131.00 117.00
131.50 117.00
132.00 116.50
132.50 116.50
133.00 116.50
133.50 116.50
134.00 116.50
134.50 116.50
135.00 116.50
135.50 116.50
136.00 116.50
136.50 116.50
137.00 116.50
137.50 116.50
138.00 116.50
138.50 116.50
139.00 117.00
139.50 117.00
140.00 117.00
140.50 117.00
141.00 117.00
141.50 117.00
142.00 117.00
142.50 117.00
143.00 117.50
143.50 117.50
144.00 117.50
144.50 117.50
145.00 117.50
145.50 118.00
146.00 118.00
146.50 118.50
147.00 119.00
147.50 119.50
147.50 120.00
148.00 120.50
148.00 121.00
148.50 121.50
148.50 122.00
148.50 122.50
149.00 123.00
149.00 123.50
149.00 124.00
149.00 124.50
149.00 125.00
149.00 125.50
149.00 126.00
149.00 126.50
149.50 127.00
149.50 127.50
149.50 128.00
149.50 128.50
149.00 129.00
149.00 129.50
149.00 130.00
149.00 130.50
149.00 131.00
148.50 131.50
148.00 132.00
147.50 132.50
147.00 133.00
146.50 133.50
146.00 134.00
145.50 134.00
145.00 134.50
144.50 135.00
144.00 135.00
143.50 135.50
143.00 135.50
142.50 136.00
142.00 136.50
141.50 136.50
141.00 137.00
140.50 137.00
140.00 137.50
139.50 137.50
139.00 137.50
138.50 137.50
138.00 138.00
137.50 138.00
137.00 138.00
136.50 138.00
136.00 138.00
135.50 138.00
135.00 138.00
134.50 138.00
134.00 138.00
133.50 137.50
133.00 137.50
132.50 137.50
132.00 137.00
131.50 136.50
132.00 136.00
131.50 135.50
131.00 135.50
130.50 135.50
130.00 135.00
129.50 135.50
129.00 136.00
