134.00 138.00
133.50 137.50
133.50 137.00
133.50 136.50
133.50 136.00
133.50 135.50
134.00 135.00
134.50 134.50
135.00 134.00
135.50 133.50
136.00 133.50
136.50 133.50
137.00 133.00
137.50 133.00
138.00 132.50
138.50 132.50
139.00 132.50
139.50 133.00
140.00 133.00
140.50 133.50
140.50 134.00
141.00 134.50
141.00 135.00
141.00 135.50
140.50 136.00
140.00 136.50
139.50 136.50
139.00 137.00
138.50 137.50
138.00 137.50
137.50 137.50
137.00 138.00
136.50 138.00
136.00 138.50
135.50 138.50
135.00 138.50
134.50 138.50
