150.50 112.00
151.00 112.50
151.50 112.50
152.00 113.00
152.50 113.50
153.00 114.00
153.50 114.50
154.00 115.00
154.50 115.50
154.50 116.00
155.00 116.50
155.50 117.00
156.00 117.50
156.00 118.00
156.50 118.50
157.00 119.00
157.00 119.50
157.50 120.00
157.50 120.50
157.50 121.00
158.00 121.50
158.00 122.00
158.50 122.50
158.50 123.00
158.50 123.50
158.50 124.00
158.50 124.50
159.00 125.00
159.00 125.50
159.00 126.00
159.00 126.50
159.00 127.00
159.00 127.50
159.00 128.00
159.00 128.50
159.00 129.00
159.00 129.50
159.00 130.00
159.00 130.50
158.50 131.00
158.50 131.50
158.50 132.00
158.00 132.50
158.00 133.00
158.00 133.50
157.50 134.00
157.00 134.50
157.00 135.00
156.50 135.50
156.50 136.00
156.00 136.50
155.50 137.00
155.00 137.50
154.50 138.00
154.00 138.50
153.50 139.00
153.00 139.00
152.50 139.50
152.00 140.00
151.50 140.50
151.00 141.00
150.50 141.00
150.00 141.50
149.50 142.00
149.00 142.00
148.50 142.00
148.00 142.50
147.50 142.50
147.00 143.00
146.50 143.50
146.00 143.50
145.50 143.50
145.00 144.00
144.50 144.00
144.00 144.50
143.50 144.50
143.00 144.50
142.50 144.50
142.00 145.00
141.50 145.00
141.00 145.00
140.50 145.50
140.00 145.50
139.50 145.50
139.00 145.50
138.50 145.50
138.00 145.50
137.50 145.50
137.00 145.50
136.50 145.50
136.00 145.50
135.50 145.50
135.00 145.00
134.50 145.00
134.00 145.00
133.50 145.00
133.00 144.50
132.50 144.50
132.00 144.50
131.50 144.00
131.00 144.00
130.50 143.50
130.00 143.50
129.50 143.00
129.00 143.00
128.50 142.50
128.00 142.50
127.50 142.00
127.00 142.00
126.50 141.50
126.00 141.50
125.50 141.00
125.00 140.50
124.50 140.50
124.00 140.00
123.50 139.50
123.00 139.00
122.50 138.50
122.50 138.00
122.00 137.50
121.50 137.00
121.50 136.50
121.00 136.00
121.00 135.50
121.00 135.00
120.50 134.50
120.50 134.00
120.50 133.50
120.50 133.00
120.50 132.50
120.50 132.00
120.50 131.50
120.50 131.00
120.00 130.50
120.50 130.00
120.50 129.50
120.50 129.00
120.50 128.50
120.50 128.00
120.50 127.50
120.50 127.00
120.50 126.50
120.50 126.00
121.00 125.50
121.00 125.00
121.00 124.50
121.00 124.00
121.00 123.50
121.50 123.00
121.50 122.50
122.00 122.00
122.00 121.50
122.00 121.00
122.50 120.50
122.50 120.00
123.00 119.50
123.00 119.00
123.50 118.50
124.00 118.00
124.00 117.50
124.50 117.00
125.00 116.50
125.50 116.00
126.00 115.50
126.50 115.00
127.00 114.50
127.50 114.50
128.00 114.00
128.50 113.50
129.00 113.50
129.50 113.00
130.00 112.50
130.50 112.00
131.00 111.50
131.50 111.50
132.00 111.00
132.50 110.50
133.00 110.50
133.50 110.00
134.00 110.00
134.50 109.50
135.00 109.50
135.50 109.00
136.00 109.00
136.50 109.00
137.00 108.50
137.50 108.50
138.00 108.00
138.50 108.00
139.00 108.00
139.50 108.00
140.00 108.00
140.50 108.00
141.00 108.00
141.50 108.00
142.00 108.00
142.50 108.00
143.00 108.50
143.50 108.50
144.00 108.50
144.50 109.00
145.00 109.00
145.50 109.50
146.00 109.50
146.50 109.50
147.00 110.00
147.50 110.00
148.00 110.50
148.50 110.50
149.00 111.00
149.50 111.00
150.00 111.50
