145.00 122.00
144.50 121.50
144.00 121.00
144.00 120.50
143.50 120.00
143.50 119.50
143.50 119.00
143.00 118.50
143.00 118.00
143.00 117.50
143.00 117.00
143.00 116.50
143.50 116.00
143.50 115.50
144.00 115.00
144.50 114.50
145.00 114.50
145.50 114.00
146.00 114.00
146.50 113.50
147.00 113.50
147.50 113.50
148.00 113.50
148.50 113.50
149.00 113.50
149.50 114.00
150.00 114.50
150.50 115.00
150.50 115.50
150.50 116.00
150.00 116.50
149.50 117.00
149.50 117.50
149.50 118.00
149.50 118.50
150.00 119.00
150.00 119.50
149.50 120.00
149.00 120.50
148.50 121.00
148.00 121.50
147.50 121.50
147.00 122.00
146.50 122.00
146.00 122.00
145.50 122.00
