119.50 134.50
119.00 134.00
119.00 133.50
119.00 133.00
118.50 132.50
118.50 132.00
118.50 131.50
118.00 131.00
118.00 130.50
118.00 130.00
117.50 129.50
117.50 129.00
117.50 128.50
117.00 128.00
117.00 127.50
117.00 127.00
117.00 126.50
116.50 126.00
116.50 125.50
116.50 125.00
116.50 124.50
116.50 124.00
116.50 123.50
116.50 123.00
116.50 122.50
116.50 122.00
116.50 121.50
116.50 121.00
116.50 120.50
117.00 120.00
117.00 119.50
117.00 119.00
117.00 118.50
117.00 118.00
117.50 117.50
117.50 117.00
117.50 116.50
117.50 116.00
118.00 115.50
118.50 115.00
118.50 114.50
118.50 114.00
119.00 113.50
119.00 113.00
119.50 112.50
120.00 112.00
120.50 111.50
121.00 111.00
121.50 111.00
122.00 110.50
122.50 110.50
123.00 110.00
123.50 110.00
124.00 109.50
124.50 109.50
125.00 109.50
125.50 109.50
126.00 109.50
126.50 109.00
127.00 109.00
127.50 109.00
128.00 109.00
128.50 109.00
129.00 108.50
129.50 108.50
130.00 108.50
130.50 108.50
131.00 108.50
131.50 108.50
132.00 108.50
132.50 108.50
133.00 108.50
133.50 108.50
134.00 108.50
134.50 108.50
135.00 108.50
135.50 109.00
136.00 109.00
136.50 109.00
137.00 109.00
137.50 109.00
138.00 109.50
138.50 109.50
139.00 109.50
139.50 109.50
140.00 110.00
140.50 110.00
141.00 110.00
141.50 110.50
142.00 110.50
142.50 110.50
143.00 111.00
143.50 111.00
144.00 111.50
144.50 112.00
145.00 112.50
145.50 113.00
146.00 113.00
146.50 113.50
147.00 114.00
147.00 114.50
147.50 115.00
147.50 115.50
148.00 116.00
148.50 116.50
148.50 117.00
149.00 117.50
149.00 118.00
149.00 118.50
149.00 119.00
149.50 119.50
149.50 120.00
149.50 120.50
149.50 121.00
149.50 121.50
149.50 122.00
149.50 122.50
149.50 123.00
149.50 123.50
149.50 124.00
149.50 124.50
149.50 125.00
149.50 125.50
149.00 126.00
149.00 126.50
149.00 127.00
149.00 127.50
149.00 128.00
148.50 128.50
148.50 129.00
148.00 129.50
148.00 130.00
147.50 130.50
147.50 131.00
147.50 131.50
147.00 132.00
146.50 132.50
146.00 133.00
145.50 133.50
145.00 133.50
144.50 134.00
144.00 134.50
143.50 134.50
143.00 135.00
142.50 135.50
142.00 135.50
141.50 136.00
141.00 136.50
140.50 136.50
140.00 136.50
139.50 137.00
139.00 137.50
138.50 137.50
138.00 138.00
137.50 138.00
137.00 138.50
136.50 138.50
136.00 138.50
135.50 139.00
135.00 139.00
134.50 139.50
134.00 139.50
133.50 139.50
133.00 139.50
132.50 140.00
132.00 140.00
131.50 140.00
131.00 140.00
130.50 140.00
130.00 140.00
129.50 140.00
129.00 140.00
128.50 140.00
128.00 139.50
127.50 139.50
127.00 139.50
126.50 139.00
126.00 139.00
125.50 138.50
125.00 138.50
124.50 138.50
124.00 138.00
123.50 138.00
123.00 137.50
122.50 137.00
122.00 137.00
121.50 136.50
121.00 136.50
120.50 136.00
120.00 135.50
120.00 135.00
