114.00 120.00
114.00 119.50
114.00 119.00
114.00 118.50
114.00 118.00
114.00 117.50
114.00 117.00
114.00 116.50
114.00 116.00
114.00 115.50
114.50 115.00
114.50 114.50
115.00 114.00
115.00 113.50
115.50 113.00
116.00 112.50
116.50 112.00
117.00 111.50
117.50 111.00
118.00 110.50
118.50 110.00
119.00 109.50
119.50 109.50
120.00 109.00
120.50 108.50
121.00 108.00
121.50 108.00
122.00 107.50
122.50 107.00
123.00 107.00
123.50 106.50
124.00 106.50
124.50 106.00
125.00 106.00
125.50 105.50
126.00 105.50
126.50 105.00
127.00 105.00
127.50 105.00
128.00 105.00
128.50 104.50
129.00 104.50
129.50 104.50
130.00 104.50
130.50 104.50
131.00 104.50
131.50 104.50
132.00 104.50
132.50 104.50
133.00 104.50
133.50 104.50
134.00 104.50
134.50 104.50
135.00 105.00
135.50 105.00
136.00 105.00
136.50 105.00
137.00 105.00
137.50 105.00
138.00 105.00
138.50 105.00
139.00 105.00
139.50 105.50
140.00 105.50
140.50 105.50
141.00 105.50
141.50 105.50
142.00 105.50
142.50 106.00
143.00 106.00
143.50 106.00
144.00 106.50
144.50 106.50
145.00 107.00
145.50 107.00
146.00 107.50
146.50 107.50
147.00 108.00
147.50 108.00
148.00 108.50
148.50 109.00
149.00 109.50
149.50 109.50
150.00 109.50
150.50 110.00
151.00 110.50
151.50 111.00
152.00 111.50
152.50 112.00
153.00 112.50
153.50 113.00
153.50 113.50
153.50 114.00
154.00 114.50
154.00 115.00
154.50 115.50
154.50 116.00
154.50 116.50
155.00 117.00
155.00 117.50
155.00 118.00
155.50 118.50
155.50 119.00
155.50 119.50
155.50 120.00
155.50 120.50
156.00 121.00
156.00 121.50
156.00 122.00
156.00 122.50
156.00 123.00
156.00 123.50
156.00 124.00
156.00 124.50
156.00 125.00
156.00 125.50
156.00 126.00
155.50 126.50
155.50 127.00
155.50 127.50
155.50 128.00
155.00 128.50
155.00 129.00
155.00 129.50
154.50 130.00
154.00 130.50
154.00 131.00
153.50 131.50
153.00 132.00
152.50 132.50
152.00 133.00
152.00 133.50
151.50 134.00
151.00 134.00
150.50 134.50
150.00 135.00
149.50 135.50
149.00 136.00
148.50 136.50
148.00 136.50
147.50 137.00
147.00 137.50
146.50 138.00
146.00 138.50
145.50 138.50
145.00 139.00
144.50 139.50
144.00 139.50
143.50 140.00
143.00 140.50
142.50 140.50
142.00 140.50
141.50 141.00
141.00 141.00
140.50 141.50
140.00 142.00
139.50 142.00
139.00 142.00
138.50 142.50
138.00 142.50
137.50 142.50
137.00 143.00
136.50 143.00
136.00 143.00
135.50 143.50
135.00 143.50
134.50 143.50
134.00 144.00
133.50 144.00
133.00 144.00
132.50 144.00
132.00 144.00
131.50 144.50
131.00 144.50
130.50 144.50
130.00 144.50
129.50 144.50
129.00 144.50
128.50 144.50
128.00 144.50
127.50 144.50
127.00 144.50
126.50 144.50
126.00 144.50
125.50 144.00
125.00 144.00
124.50 144.00
124.00 144.00
123.50 143.50
123.00 143.50
122.50 143.50
122.00 143.00
121.50 143.00
121.00 142.50
120.50 142.00
120.00 142.00
119.50 141.50
119.00 141.00
119.00 140.50
118.50 140.00
118.00 139.50
117.50 139.00
117.50 138.50
117.00 138.00
116.50 137.50
116.00 137.00
116.00 136.50
115.50 136.00
115.50 135.50
115.50 135.00
115.00 134.50
115.00 134.00
114.50 133.50
114.50 133.00
114.50 132.50
114.00 132.00
114.00 131.50
114.00 131.00
114.00 130.50
113.50 130.00
113.50 129.50
113.50 129.00
113.50 128.50
113.50 128.00
113.50 127.50
113.50 127.00
113.50 126.50
113.50 126.00
113.50 125.50
113.50 125.00
113.50 124.50
113.50 124.00
113.50 123.50
114.00 123.00
114.00 122.50
114.00 122.00
114.00 121.50
114.00 121.00
114.00 120.50
