112.50 129.00
112.50 128.50
112.50 128.00
112.50 127.50
112.50 127.00
112.50 126.50
112.50 126.00
112.50 125.50
112.00 125.00
112.00 124.50
112.00 124.00
112.00 123.50
112.00 123.00
112.50 122.50
112.50 122.00
112.50 121.50
112.50 121.00
112.50 120.50
112.50 120.00
112.50 119.50
113.00 119.00
113.00 118.50
113.00 118.00
113.50 117.50
113.50 117.00
113.50 116.50
114.00 116.00
114.00 115.50
114.00 115.00
114.50 114.50
115.00 114.00
115.00 113.50
115.00 113.00
115.50 112.50
115.50 112.00
116.00 111.50
116.00 111.00
116.50 110.50
117.00 110.00
117.00 109.50
117.50 109.00
118.00 108.50
118.50 108.00
119.00 107.50
119.50 107.00
120.00 106.50
120.50 106.50
121.00 106.00
121.50 106.00
122.00 105.50
122.50 105.00
123.00 105.00
123.50 104.50
124.00 104.50
124.50 104.50
125.00 104.00
125.50 104.00
126.00 103.50
126.50 103.50
127.00 103.50
127.50 103.00
128.00 103.00
128.50 103.00
129.00 103.00
129.50 103.00
130.00 102.50
130.50 102.50
131.00 102.50
131.50 102.50
132.00 102.50
132.50 102.50
133.00 102.50
133.50 102.50
134.00 102.50
134.50 102.50
135.00 102.50
135.50 102.50
136.00 102.50
136.50 103.00
137.00 103.00
137.50 103.00
138.00 103.00
138.50 103.00
139.00 103.00
139.50 103.00
140.00 103.00
140.50 103.00
141.00 103.50
141.50 103.50
142.00 103.50
142.50 103.50
143.00 103.50
143.50 103.50
144.00 103.50
144.50 104.00
145.00 104.00
145.50 104.00
146.00 104.50
146.50 104.50
147.00 104.50
147.50 105.00
148.00 105.50
148.50 105.50
149.00 106.00
149.50 106.50
150.00 107.00
150.50 107.00
151.00 107.50
151.50 108.00
152.00 108.50
152.50 109.00
153.00 109.50
153.50 110.00
154.00 110.50
154.50 111.00
155.00 111.50
155.50 112.00
156.00 112.50
156.00 113.00
156.50 113.50
157.00 114.00
157.50 114.50
158.00 115.00
158.00 115.50
158.50 116.00
158.50 116.50
159.00 117.00
159.00 117.50
159.50 118.00
159.50 118.50
159.50 119.00
160.00 119.50
160.00 120.00
160.00 120.50
160.00 121.00
160.00 121.50
160.00 122.00
160.00 122.50
160.00 123.00
159.50 123.50
159.50 124.00
159.50 124.50
159.00 125.00
159.00 125.50
158.50 126.00
158.50 126.50
158.50 127.00
158.00 127.50
158.00 128.00
157.50 128.50
157.50 129.00
157.00 129.50
156.50 130.00
156.50 130.50
156.00 131.00
155.50 131.50
155.50 132.00
155.00 132.50
154.50 133.00
154.50 133.50
154.00 134.00
153.50 134.50
153.00 135.00
152.50 135.50
152.50 136.00
152.00 136.50
151.50 136.50
151.00 137.00
150.50 137.50
150.00 138.00
149.50 138.00
149.00 138.50
148.50 139.00
148.00 139.50
147.50 139.50
147.00 140.00
146.50 140.00
146.00 140.50
145.50 141.00
145.00 141.00
144.50 141.00
144.00 141.50
143.50 141.50
143.00 142.00
142.50 142.00
142.00 142.00
141.50 142.50
141.00 142.50
140.50 142.50
140.00 143.00
139.50 143.00
139.00 143.00
138.50 143.00
138.00 143.00
137.50 143.50
137.00 143.50
136.50 143.50
136.00 144.00
135.50 144.00
135.00 144.00
134.50 144.50
134.00 144.50
133.50 144.50
133.00 145.00
132.50 145.00
132.00 145.00
131.50 145.00
131.00 145.50
130.50 145.50
130.00 145.50
129.50 145.50
129.00 145.50
128.50 145.50
128.00 145.50
127.50 145.50
127.00 145.50
126.50 145.50
126.00 145.50
125.50 145.50
125.00 145.50
124.50 145.50
124.00 145.00
123.50 145.00
123.00 145.00
122.50 144.50
122.00 144.50
121.50 144.00
121.00 143.50
120.50 143.00
120.00 143.00
119.50 142.50
119.00 142.00
118.50 141.50
118.00 141.00
117.50 140.50
117.00 140.00
116.50 139.50
116.00 139.00
115.50 138.50
115.50 138.00
115.00 137.50
114.50 137.00
114.50 136.50
114.00 136.00
113.50 135.50
113.50 135.00
113.50 134.50
113.00 134.00
113.00 133.50
113.00 133.00
113.00 132.50
113.00 132.00
112.50 131.50
112.50 131.00
112.50 130.50
112.50 130.00
112.50 129.50
