114.50 132.50
114.50 132.00
114.00 131.50
114.00 131.00
114.00 130.50
113.50 130.00
113.50 129.50
113.50 129.00
113.00 128.50
113.00 128.00
113.00 127.50
112.50 127.00
112.50 126.50
112.50 126.00
112.50 125.50
112.50 125.00
112.50 124.50
112.50 124.00
112.50 123.50
112.50 123.00
112.50 122.50
112.50 122.00
112.50 121.50
112.50 121.00
113.00 120.50
113.00 120.00
113.00 119.50
113.00 119.00
113.50 118.50
113.50 118.00
113.50 117.50
114.00 117.00
114.00 116.50
114.50 116.00
114.50 115.50
115.00 115.00
115.50 114.50
115.50 114.00
116.00 113.50
116.00 113.00
116.50 112.50
117.00 112.00
117.50 111.50
117.50 111.00
118.00 110.50
118.50 110.00
119.00 109.50
119.50 109.00
120.00 108.50
120.50 108.00
121.00 107.50
121.50 107.00
122.00 106.50
122.50 106.50
123.00 106.00
123.50 105.50
124.00 105.50
124.50 105.50
125.00 105.00
125.50 105.00
126.00 104.50
126.50 104.50
127.00 104.50
127.50 104.00
128.00 104.00
128.50 104.00
129.00 104.00
129.50 104.00
130.00 103.50
130.50 103.50
131.00 103.50
131.50 103.50
132.00 103.50
132.50 103.50
133.00 103.50
133.50 103.00
134.00 103.00
134.50 103.00
135.00 103.00
135.50 103.00
136.00 103.00
136.50 103.00
137.00 103.00
137.50 103.00
138.00 103.00
138.50 103.00
139.00 103.00
139.50 103.00
140.00 103.00
140.50 103.00
141.00 103.00
141.50 103.00
142.00 103.00
142.50 103.00
143.00 103.50
143.50 103.50
144.00 103.50
144.50 103.50
145.00 103.50
145.50 104.00
146.00 104.00
146.50 104.00
147.00 104.50
147.50 104.50
148.00 105.00
148.50 105.00
149.00 105.50
149.50 105.50
150.00 106.00
150.50 106.50
151.00 107.00
151.50 107.50
152.00 107.50
152.50 108.00
153.00 108.50
153.50 109.00
154.00 109.50
154.50 110.00
155.00 110.50
155.50 111.00
156.00 111.50
156.50 112.00
157.00 112.50
157.50 113.00
158.00 113.50
158.50 114.00
159.00 114.50
159.50 115.00
160.00 115.50
160.00 116.00
160.50 116.50
160.50 117.00
161.00 117.50
161.50 118.00
161.50 118.50
162.00 119.00
162.00 119.50
162.00 120.00
162.50 120.50
162.50 121.00
162.50 121.50
162.50 122.00
163.00 122.50
163.00 123.00
163.00 123.50
163.00 124.00
163.00 124.50
163.00 125.00
163.00 125.50
163.00 126.00
162.50 126.50
162.50 127.00
162.50 127.50
162.50 128.00
162.50 128.50
162.50 129.00
162.00 129.50
162.00 130.00
162.00 130.50
161.50 131.00
161.50 131.50
161.00 132.00
161.00 132.50
160.50 133.00
160.50 133.50
160.00 134.00
160.00 134.50
159.50 135.00
159.00 135.50
159.00 136.00
158.50 136.50
158.00 137.00
157.50 137.50
157.00 137.50
156.50 138.00
156.50 138.50
156.00 139.00
155.50 139.50
155.00 139.50
154.50 140.00
154.00 140.50
153.50 141.00
153.00 141.00
152.50 141.50
152.00 142.00
151.50 142.00
151.00 142.50
150.50 143.00
150.00 143.50
149.50 143.50
149.00 144.00
148.50 144.00
148.00 144.50
147.50 145.00
147.00 145.50
146.50 145.50
146.00 146.00
145.50 146.00
145.00 146.50
144.50 146.50
144.00 146.50
143.50 146.50
143.00 147.00
142.50 147.00
142.00 147.50
141.50 147.50
141.00 147.50
140.50 147.50
140.00 147.50
139.50 148.00
139.00 148.00
138.50 148.00
138.00 148.00
137.50 148.00
137.00 148.50
136.50 148.50
136.00 148.50
135.50 148.50
135.00 148.50
134.50 148.50
134.00 148.50
133.50 149.00
133.00 149.00
132.50 149.00
132.00 149.00
131.50 149.00
131.00 149.00
130.50 149.00
130.00 149.00
129.50 149.00
129.00 149.00
128.50 149.00
128.00 148.50
127.50 148.50
127.00 148.50
126.50 148.50
126.00 148.00
125.50 148.00
125.00 148.00
124.50 147.50
124.00 147.50
123.50 147.00
123.00 146.50
122.50 146.50
122.00 146.00
121.50 146.00
121.00 145.50
120.50 145.00
120.00 144.50
119.50 144.00
119.00 143.50
118.50 143.00
118.00 142.50
118.00 142.00
117.50 141.50
117.00 141.00
117.00 140.50
117.00 140.00
116.50 139.50
116.50 139.00
116.00 138.50
116.00 138.00
116.00 137.50
115.50 137.00
115.50 136.50
115.50 136.00
115.50 135.50
115.00 135.00
115.00 134.50
115.00 134.00
114.50 133.50
114.50 133.00
