134.00 107.50
134.50 107.50
135.00 107.50
135.50 107.50
136.00 107.50
136.50 107.50
137.00 107.50
137.50 107.50
138.00 107.50
138.50 108.00
139.00 108.00
139.50 108.00
140.00 108.00
140.50 108.00
141.00 108.50
141.50 108.50
142.00 109.00
142.50 109.00
143.00 109.50
143.50 109.50
144.00 110.00
144.50 110.00
145.00 110.00
145.50 110.50
146.00 111.00
146.50 111.00
147.00 111.00
147.50 111.50
148.00 111.50
148.50 112.00
149.00 112.00
149.50 112.50
150.00 113.00
150.50 113.50
151.00 114.00
151.00 114.50
151.50 115.00
152.00 115.50
152.00 116.00
152.50 116.50
152.50 117.00
152.50 117.50
153.00 118.00
153.00 118.50
153.00 119.00
153.00 119.50
153.50 120.00
153.50 120.50
153.50 121.00
153.50 121.50
153.50 122.00
153.50 122.50
153.50 123.00
153.50 123.50
153.50 124.00
153.50 124.50
153.50 125.00
153.50 125.50
153.50 126.00
153.50 126.50
153.00 127.00
153.00 127.50
153.00 128.00
152.50 128.50
152.50 129.00
152.00 129.50
152.00 130.00
151.50 130.50
151.00 131.00
151.00 131.50
150.50 132.00
150.00 132.50
149.50 133.00
149.00 133.00
148.50 133.50
148.00 134.00
147.50 134.50
147.00 134.50
146.50 135.00
146.00 135.00
145.50 135.50
145.00 135.50
144.50 136.00
144.00 136.00
143.50 136.50
143.00 136.50
142.50 136.50
142.00 137.00
141.50 137.00
141.00 137.50
140.50 137.50
140.00 137.50
139.50 138.00
139.00 138.00
138.50 138.50
138.00 138.50
137.50 139.00
137.00 139.00
136.50 139.00
136.00 139.00
135.50 139.00
135.00 139.50
134.50 139.50
134.00 139.50
133.50 139.50
133.00 139.50
132.50 139.50
132.00 139.50
131.50 139.50
131.00 139.50
130.50 139.00
130.00 139.00
129.50 139.00
129.00 139.00
128.50 138.50
128.00 138.50
127.50 138.00
127.00 138.00
126.50 137.50
126.00 137.50
125.50 137.50
125.00 137.00
124.50 136.50
124.00 136.00
123.50 136.00
123.00 135.50
122.50 135.00
122.00 134.50
121.50 134.00
121.00 133.50
120.50 133.00
120.00 132.50
120.00 132.00
119.50 131.50
119.00 131.00
119.00 130.50
119.00 130.00
118.50 129.50
118.50 129.00
118.50 128.50
118.50 128.00
118.50 127.50
118.50 127.00
118.00 126.50
118.00 126.00
118.00 125.50
118.00 125.00
118.00 124.50
118.00 124.00
117.50 123.50
117.50 123.00
117.50 122.50
117.50 122.00
117.50 121.50
117.50 121.00
117.50 120.50
117.50 120.00
117.50 119.50
117.50 119.00
117.50 118.50
117.50 118.00
117.50 117.50
118.00 117.00
118.00 116.50
118.00 116.00
118.50 115.50
118.50 115.00
118.50 114.50
119.00 114.00
119.00 113.50
119.50 113.00
120.00 112.50
120.00 112.00
120.50 111.50
121.00 111.00
121.50 110.50
122.00 110.00
122.50 110.00
123.00 109.50
123.50 109.50
124.00 109.00
124.50 109.00
125.00 109.00
125.50 108.50
126.00 108.50
126.50 108.50
127.00 108.00
127.50 108.00
128.00 108.00
128.50 108.00
129.00 108.00
129.50 108.00
130.00 107.50
130.50 107.50
131.00 107.50
131.50 107.50
132.00 107.50
132.50 107.50
133.00 107.50
133.50 107.50
