119.50 134.00
119.50 133.50
119.00 133.00
119.00 132.50
119.00 132.00
119.00 131.50
118.50 131.00
118.50 130.50
118.50 130.00
118.50 129.50
118.50 129.00
118.50 128.50
118.50 128.00
118.50 127.50
118.50 127.00
118.50 126.50
118.50 126.00
118.50 125.50
119.00 125.00
119.00 124.50
119.00 124.00
119.00 123.50
119.00 123.00
119.50 122.50
119.50 122.00
119.50 121.50
119.50 121.00
120.00 120.50
120.00 120.00
120.50 119.50
121.00 119.00
121.50 118.50
122.00 118.00
122.50 117.50
123.00 117.00
123.50 116.50
124.00 116.00
124.50 116.00
125.00 115.50
125.50 115.50
126.00 115.00
126.50 114.50
127.00 114.50
127.50 114.50
128.00 114.00
128.50 114.00
129.00 113.50
129.50 113.50
130.00 113.50
130.50 113.50
131.00 113.50
131.50 113.00
132.00 113.00
132.50 113.00
133.00 113.00
133.50 113.00
134.00 113.00
134.50 113.50
135.00 113.50
135.50 113.50
136.00 113.50
136.50 114.00
137.00 114.00
137.50 114.50
138.00 114.50
138.50 115.00
139.00 115.00
139.50 115.50
140.00 115.50
140.50 116.00
141.00 116.50
141.50 116.50
142.00 116.50
142.50 117.00
143.00 117.00
143.50 117.50
144.00 117.50
144.50 118.00
145.00 118.50
145.50 118.50
146.00 119.00
146.50 119.50
147.00 120.00
147.50 120.50
147.50 121.00
148.00 121.50
148.50 122.00
149.00 122.50
149.00 123.00
149.50 123.50
149.50 124.00
149.50 124.50
149.50 125.00
149.50 125.50
150.00 126.00
150.00 126.50
150.00 127.00
150.00 127.50
150.00 128.00
150.00 128.50
150.00 129.00
150.00 129.50
149.50 130.00
149.50 130.50
149.50 131.00
149.50 131.50
149.50 132.00
149.00 132.50
149.00 133.00
148.50 133.50
148.50 134.00
148.00 134.50
148.00 135.00
147.50 135.50
147.50 136.00
147.00 136.50
146.50 137.00
146.00 137.50
145.50 138.00
145.00 138.50
144.50 139.00
144.00 139.00
143.50 139.50
143.00 140.00
142.50 140.50
142.00 140.50
141.50 141.00
141.00 141.00
140.50 141.50
140.00 142.00
139.50 142.00
139.00 142.50
138.50 142.50
138.00 143.00
137.50 143.00
137.00 143.50
136.50 143.50
136.00 143.50
135.50 144.00
135.00 144.00
134.50 144.00
134.00 144.00
133.50 144.50
133.00 144.50
132.50 144.50
132.00 144.50
131.50 144.50
131.00 144.50
130.50 144.50
130.00 144.50
129.50 144.50
129.00 144.50
128.50 144.50
128.00 144.00
127.50 144.00
127.00 143.50
126.50 143.50
126.00 143.00
125.50 142.50
125.00 142.00
124.50 141.50
124.00 141.00
123.50 140.50
123.00 140.00
123.00 139.50
122.50 139.00
122.00 138.50
121.50 138.00
121.50 137.50
121.00 137.00
120.50 136.50
120.50 136.00
120.50 135.50
120.00 135.00
120.00 134.50
