138.00 137.50
137.50 138.00
137.00 138.00
136.50 138.00
136.00 138.50
135.50 138.50
135.00 138.50
134.50 139.00
134.00 139.00
133.50 139.00
133.00 139.00
132.50 139.50
132.00 139.50
131.50 139.50
131.00 139.50
130.50 139.50
130.00 139.50
129.50 139.50
129.00 139.50
128.50 139.00
128.00 139.00
127.50 139.00
127.00 138.50
126.50 138.50
126.00 138.50
125.50 138.00
125.00 137.50
124.50 137.00
124.00 137.00
123.50 136.50
123.00 136.00
122.50 135.50
122.00 135.00
122.00 134.50
121.50 134.00
121.00 133.50
121.00 133.00
121.00 132.50
120.50 132.00
120.00 131.50
120.00 131.00
120.00 130.50
120.00 130.00
119.50 129.50
119.50 129.00
119.50 128.50
119.50 128.00
119.50 127.50
119.50 127.00
119.50 126.50
119.50 126.00
119.50 125.50
119.50 125.00
119.50 124.50
119.50 124.00
119.50 123.50
120.00 123.00
120.00 122.50
120.00 122.00
120.50 121.50
121.00 121.00
121.00 120.50
121.50 120.00
122.00 119.50
122.50 119.00
123.00 118.50
123.50 118.00
124.00 117.50
124.50 117.50
125.00 117.00
125.50 116.50
126.00 116.50
126.50 116.00
127.00 115.50
127.50 115.00
128.00 115.00
128.50 114.50
129.00 114.50
129.50 114.00
130.00 114.00
130.50 114.00
131.00 113.50
131.50 113.50
132.00 113.50
132.50 113.50
133.00 113.50
133.50 113.50
134.00 113.50
134.50 113.50
135.00 114.00
135.50 114.00
136.00 114.00
136.50 114.00
137.00 114.50
137.50 114.50
138.00 114.50
138.50 115.00
139.00 115.50
139.50 115.50
140.00 116.00
140.50 116.00
141.00 116.50
141.50 117.00
142.00 117.50
142.50 118.00
143.00 118.50
143.50 119.00
144.00 119.50
144.00 120.00
144.50 120.50
145.00 121.00
145.00 121.50
145.00 122.00
145.50 122.50
145.50 123.00
145.50 123.50
146.00 124.00
146.00 124.50
146.00 125.00
146.00 125.50
146.00 126.00
146.00 126.50
146.00 127.00
146.00 127.50
146.00 128.00
146.00 128.50
145.50 129.00
145.50 129.50
145.50 130.00
145.50 130.50
145.00 131.00
144.50 131.50
144.50 132.00
144.00 132.50
143.50 133.00
143.50 133.50
143.00 134.00
142.50 134.50
142.00 135.00
141.50 135.50
141.00 135.50
140.50 136.00
140.00 136.50
139.50 136.50
139.00 137.00
138.50 137.00
