115.00 127.50
115.00 127.00
115.00 126.50
115.00 126.00
115.50 125.50
115.50 125.00
115.50 124.50
115.50 124.00
115.50 123.50
116.00 123.00
116.00 122.50
116.00 122.00
116.50 121.50
116.50 121.00
116.50 120.50
117.00 120.00
117.50 119.50
117.50 119.00
118.00 118.50
118.50 118.00
119.00 117.50
119.50 117.00
119.50 116.50
120.00 116.00
120.50 115.50
121.00 115.00
121.50 114.50
122.00 114.00
122.50 114.00
123.00 113.50
123.50 113.00
124.00 112.50
124.50 112.00
125.00 112.00
125.50 111.50
126.00 111.00
126.50 111.00
127.00 111.00
127.50 110.50
128.00 110.50
128.50 110.00
129.00 110.00
129.50 110.00
130.00 110.00
130.50 109.50
131.00 109.50
131.50 109.50
132.00 109.50
132.50 109.50
133.00 109.50
133.50 109.50
134.00 109.50
134.50 109.50
135.00 109.50
135.50 109.50
136.00 109.50
136.50 110.00
137.00 110.00
137.50 110.00
138.00 110.00
138.50 110.00
139.00 110.50
139.50 110.50
140.00 110.50
140.50 111.00
141.00 111.00
141.50 111.50
142.00 111.50
142.50 111.50
143.00 112.00
143.50 112.50
144.00 112.50
144.50 113.00
145.00 113.00
145.50 113.50
146.00 114.00
146.50 114.00
147.00 114.50
147.50 115.00
148.00 115.00
148.50 115.50
149.00 116.00
149.50 116.50
150.00 117.00
150.50 117.00
151.00 117.50
151.50 118.00
152.00 118.50
152.00 119.00
152.50 119.50
152.50 120.00
153.00 120.50
153.50 121.00
153.50 121.50
153.50 122.00
154.00 122.50
154.00 123.00
154.00 123.50
154.00 124.00
154.00 124.50
154.00 125.00
154.00 125.50
154.00 126.00
154.00 126.50
154.00 127.00
154.00 127.50
154.00 128.00
154.00 128.50
154.00 129.00
154.00 129.50
154.00 130.00
154.00 130.50
153.50 131.00
153.50 131.50
153.50 132.00
153.50 132.50
153.50 133.00
153.00 133.50
153.00 134.00
153.00 134.50
153.00 135.00
152.50 135.50
152.50 136.00
152.50 136.50
152.00 137.00
152.00 137.50
151.50 138.00
151.00 138.50
151.00 139.00
150.50 139.50
150.50 140.00
150.00 140.50
149.50 141.00
149.00 141.50
148.50 142.00
148.00 142.50
147.50 143.00
147.00 143.00
146.50 143.50
146.00 144.00
145.50 144.00
145.00 144.00
144.50 144.50
144.00 144.50
143.50 144.50
143.00 145.00
142.50 145.00
142.00 145.00
141.50 145.00
141.00 145.50
140.50 145.50
140.00 145.50
139.50 146.00
139.00 146.00
138.50 146.00
138.00 146.00
137.50 146.50
137.00 146.50
136.50 146.50
136.00 146.50
135.50 147.00
135.00 147.00
134.50 147.00
134.00 147.00
133.50 147.00
133.00 147.50
132.50 147.50
132.00 147.50
131.50 147.50
131.00 147.50
130.50 147.50
130.00 147.50
129.50 147.50
129.00 147.50
128.50 147.50
128.00 147.50
127.50 147.50
127.00 147.00
126.50 147.00
126.00 147.00
125.50 146.50
125.00 146.50
124.50 146.50
124.00 146.00
123.50 146.00
123.00 145.50
122.50 145.50
122.00 145.00
121.50 144.50
121.00 144.50
120.50 144.00
120.00 143.50
120.00 143.00
119.50 142.50
119.00 142.00
118.50 141.50
118.50 141.00
118.00 140.50
117.50 140.00
117.00 139.50
117.00 139.00
116.50 138.50
116.50 138.00
116.00 137.50
116.00 137.00
116.00 136.50
115.50 136.00
115.50 135.50
115.00 135.00
115.00 134.50
115.00 134.00
115.00 133.50
115.00 133.00
115.00 132.50
115.00 132.00
114.50 131.50
114.50 131.00
115.00 130.50
115.00 130.00
115.00 129.50
115.00 129.00
115.00 128.50
115.00 128.00
