133.50 137.00
133.00 137.00
132.50 137.00
132.00 137.00
131.50 137.00
131.00 137.00
130.50 137.00
130.00 137.00
129.50 137.00
129.00 136.50
128.50 136.50
128.00 136.50
127.50 136.00
127.00 135.50
126.50 135.00
126.00 135.00
125.50 134.50
125.00 134.00
124.50 133.50
124.00 133.00
124.00 132.50
123.50 132.00
123.00 131.50
123.00 131.00
122.50 130.50
122.50 130.00
122.50 129.50
122.50 129.00
122.00 128.50
122.00 128.00
122.00 127.50
122.00 127.00
122.00 126.50
122.00 126.00
122.00 125.50
122.00 125.00
122.00 124.50
122.50 124.00
122.50 123.50
122.50 123.00
123.00 122.50
123.00 122.00
123.00 121.50
123.50 121.00
124.00 120.50
124.50 120.00
125.00 119.50
125.50 119.00
126.00 119.00
126.50 118.50
127.00 118.00
127.50 117.50
128.00 117.50
128.50 117.50
129.00 117.00
129.50 117.00
130.00 117.00
130.50 116.50
131.00 116.50
131.50 116.50
132.00 116.50
132.50 116.50
133.00 116.50
133.50 116.50
134.00 116.50
134.50 116.50
135.00 116.50
135.50 116.50
136.00 117.00
136.50 117.00
137.00 117.50
137.50 117.50
138.00 118.00
138.50 118.50
139.00 118.50
139.50 119.00
139.50 119.50
140.00 120.00
140.50 120.50
140.50 121.00
141.00 121.50
141.00 122.00
141.50 122.50
141.50 123.00
141.50 123.50
142.00 124.00
142.00 124.50
142.00 125.00
142.00 125.50
142.50 126.00
142.50 126.50
142.50 127.00
142.50 127.50
142.50 128.00
142.50 128.50
142.50 129.00
142.50 129.50
142.00 130.00
142.00 130.50
142.00 131.00
141.50 131.50
141.50 132.00
141.00 132.50
140.50 133.00
140.50 133.50
140.00 134.00
139.50 134.50
139.00 134.50
138.50 135.00
138.00 135.00
137.50 135.50
137.00 136.00
136.50 136.00
136.00 136.00
135.50 136.50
135.00 136.50
134.50 137.00
134.00 137.00
