116.50 127.00
116.50 126.50
116.50 126.00
116.50 125.50
116.50 125.00
116.50 124.50
116.50 124.00
116.50 123.50
117.00 123.00
117.00 122.50
117.00 122.00
117.50 121.50
117.50 121.00
117.50 120.50
118.00 120.00
118.00 119.50
118.00 119.00
118.50 118.50
118.50 118.00
119.00 117.50
119.00 117.00
119.50 116.50
120.00 116.00
120.50 115.50
121.00 115.00
121.50 114.50
122.00 114.00
122.50 114.00
123.00 113.50
123.50 113.00
124.00 112.50
124.50 112.50
125.00 112.50
125.50 112.00
126.00 111.50
126.50 111.50
127.00 111.50
127.50 111.00
128.00 111.00
128.50 111.00
129.00 110.50
129.50 110.50
130.00 110.50
130.50 110.00
131.00 110.00
131.50 110.00
132.00 110.00
132.50 110.00
133.00 110.00
133.50 110.00
134.00 109.50
134.50 109.50
135.00 109.50
135.50 109.50
136.00 110.00
136.50 110.00
137.00 110.00
137.50 110.00
138.00 110.00
138.50 110.00
139.00 110.50
139.50 110.50
140.00 111.00
140.50 111.00
141.00 111.50
141.50 111.50
142.00 112.00
142.50 112.50
143.00 113.00
143.50 113.50
144.00 113.50
144.50 114.00
144.50 114.50
145.00 115.00
145.50 115.50
146.00 116.00
146.50 116.50
146.50 117.00
147.00 117.50
147.00 118.00
147.50 118.50
148.00 119.00
148.00 119.50
148.00 120.00
148.50 120.50
148.50 121.00
149.00 121.50
149.00 122.00
149.00 122.50
149.50 123.00
149.50 123.50
149.50 124.00
149.50 124.50
149.50 125.00
149.50 125.50
149.50 126.00
149.50 126.50
149.50 127.00
149.50 127.50
149.50 128.00
149.00 128.50
149.00 129.00
148.50 129.50
148.50 130.00
148.00 130.50
148.00 131.00
147.50 131.50
147.50 132.00
147.00 132.50
146.50 133.00
146.50 133.50
146.00 134.00
145.50 134.50
145.00 135.00
144.50 135.50
144.00 136.00
143.50 136.50
143.00 137.00
142.50 137.50
142.00 138.00
141.50 138.50
141.00 139.00
140.50 139.50
140.00 139.50
139.50 140.00
139.00 140.50
138.50 140.50
138.00 141.00
137.50 141.50
137.00 141.50
136.50 142.00
136.00 142.00
135.50 142.50
135.00 142.50
134.50 142.50
134.00 143.00
133.50 143.00
133.00 143.00
132.50 143.00
132.00 143.00
131.50 143.50
131.00 143.50
130.50 143.50
130.00 143.50
129.50 143.50
129.00 143.50
128.50 143.50
128.00 143.00
127.50 143.00
127.00 143.00
126.50 143.00
126.00 143.00
125.50 142.50
125.00 142.50
124.50 142.50
124.00 142.00
123.50 142.00
123.00 141.50
122.50 141.00
122.00 141.00
121.50 140.50
121.00 140.00
120.50 140.00
120.00 139.50
119.50 139.00
119.50 138.50
119.00 138.00
118.50 137.50
118.50 137.00
118.00 136.50
118.00 136.00
118.00 135.50
117.50 135.00
117.50 134.50
117.00 134.00
117.00 133.50
117.00 133.00
117.00 132.50
117.00 132.00
116.50 131.50
116.50 131.00
116.50 130.50
116.50 130.00
116.50 129.50
116.50 129.00
116.50 128.50
116.50 128.00
116.50 127.50
