144.00 138.00
143.50 138.50
143.00 139.00
142.50 139.50
142.00 139.50
141.50 140.00
141.00 140.00
140.50 140.50
140.00 140.50
139.50 141.00
139.00 141.00
138.50 141.00
138.00 141.00
137.50 141.00
137.00 141.00
136.50 141.00
136.00 141.00
135.50 141.00
135.00 141.00
134.50 141.00
134.00 141.00
133.50 141.00
133.00 141.00
132.50 140.50
132.00 140.00
132.00 139.50
132.00 139.00
132.50 138.50
133.00 138.50
133.50 138.50
134.00 138.50
134.50 138.50
135.00 138.50
135.50 138.50
136.00 139.00
136.50 139.00
137.00 138.50
137.50 138.50
138.00 138.50
138.50 138.50
139.00 138.00
139.50 138.00
140.00 137.50
140.50 137.50
141.00 137.50
141.50 137.50
142.00 137.00
142.50 137.00
143.00 137.00
143.50 137.00
144.00 137.50
