117.50 136.50
117.50 136.00
117.50 135.50
117.00 135.00
117.00 134.50
117.00 134.00
117.00 133.50
117.00 133.00
116.50 132.50
116.50 132.00
116.50 131.50
116.50 131.00
116.50 130.50
116.50 130.00
116.50 129.50
116.50 129.00
116.50 128.50
116.50 128.00
116.50 127.50
116.50 127.00
116.50 126.50
116.50 126.00
116.50 125.50
117.00 125.00
117.00 124.50
117.00 124.00
117.00 123.50
117.00 123.00
117.00 122.50
117.50 122.00
117.50 121.50
117.50 121.00
117.00 120.50
117.50 120.00
117.50 119.50
117.50 119.00
117.50 118.50
118.00 118.00
118.00 117.50
118.50 117.00
118.50 116.50
119.00 116.00
119.00 115.50
119.50 115.00
120.00 114.50
120.50 114.00
121.00 113.50
121.00 113.00
121.50 112.50
122.00 112.00
122.50 111.50
123.00 111.00
123.50 110.50
123.50 110.00
124.00 109.50
124.50 109.00
125.00 108.50
125.50 108.00
126.00 107.50
126.50 107.00
127.00 106.50
127.50 106.50
128.00 106.00
128.50 105.50
129.00 105.50
129.50 105.00
130.00 105.00
130.50 104.50
131.00 104.50
131.50 104.50
132.00 104.00
132.50 104.00
133.00 104.00
133.50 103.50
134.00 103.50
134.50 103.50
135.00 103.50
135.50 103.00
136.00 103.00
136.50 103.00
137.00 103.00
137.50 103.00
138.00 103.00
138.50 102.50
139.00 102.50
139.50 102.50
140.00 102.50
140.50 102.50
141.00 102.50
141.50 102.50
142.00 102.50
142.50 102.50
143.00 102.50
143.50 102.50
144.00 102.50
144.50 102.50
145.00 102.50
145.50 102.50
146.00 103.00
146.50 103.00
147.00 103.00
147.50 103.00
148.00 103.00
148.50 103.50
149.00 103.50
149.50 103.50
150.00 104.00
150.50 104.00
151.00 104.00
151.50 104.50
152.00 104.50
152.50 105.00
153.00 105.00
153.50 105.50
154.00 106.00
154.50 106.00
155.00 106.50
155.50 107.00
156.00 107.50
156.50 108.00
157.00 108.50
157.50 109.00
158.00 109.50
158.50 110.00
158.50 110.50
159.00 111.00
159.50 111.50
159.50 112.00
160.00 112.50
160.00 113.00
160.50 113.50
160.50 114.00
161.00 114.50
161.50 115.00
161.50 115.50
162.00 116.00
162.00 116.50
162.50 117.00
162.50 117.50
162.50 118.00
163.00 118.50
163.00 119.00
163.50 119.50
163.50 120.00
163.50 120.50
163.50 121.00
164.00 121.50
164.00 122.00
164.00 122.50
164.00 123.00
164.50 123.50
164.50 124.00
164.50 124.50
164.50 125.00
164.50 125.50
164.50 126.00
164.50 126.50
164.50 127.00
164.50 127.50
164.50 128.00
164.50 128.50
164.50 129.00
164.50 129.50
164.50 130.00
164.50 130.50
164.50 131.00
164.00 131.50
164.00 132.00
164.00 132.50
164.00 133.00
163.50 133.50
163.50 134.00
163.50 134.50
163.00 135.00
163.00 135.50
162.50 136.00
162.50 136.50
162.00 137.00
161.50 137.50
161.50 138.00
161.00 138.50
160.50 139.00
160.50 139.50
160.00 140.00
159.50 140.50
159.00 141.00
158.50 141.50
158.00 142.00
157.50 142.50
157.00 143.00
156.50 143.50
156.00 144.00
155.50 144.00
155.00 144.50
154.50 145.00
154.00 145.50
153.50 146.00
153.00 146.50
152.50 146.50
152.00 147.00
151.50 147.00
151.00 147.50
150.50 148.00
150.00 148.00
149.50 148.50
149.00 149.00
148.50 149.00
148.00 149.50
147.50 149.50
147.00 149.50
146.50 150.00
146.00 150.00
145.50 150.50
145.00 150.50
144.50 150.50
144.00 150.50
143.50 151.00
143.00 151.00
142.50 151.00
142.00 151.00
141.50 151.00
141.00 151.50
140.50 151.50
140.00 151.50
139.50 151.50
139.00 151.50
138.50 151.50
138.00 151.50
137.50 151.50
137.00 151.50
136.50 151.50
136.00 151.50
135.50 151.50
135.00 151.50
134.50 151.50
134.00 151.50
133.50 151.50
133.00 151.50
132.50 151.00
132.00 151.00
131.50 151.00
131.00 151.00
130.50 150.50
130.00 150.50
129.50 150.50
129.00 150.00
128.50 150.00
128.00 149.50
127.50 149.50
127.00 149.00
126.50 149.00
126.00 148.50
125.50 148.00
125.00 148.00
124.50 147.50
124.00 147.00
123.50 146.50
123.00 146.00
122.50 145.50
122.00 145.00
122.00 144.50
121.50 144.00
121.00 143.50
120.50 143.00
120.50 142.50
120.00 142.00
120.00 141.50
119.50 141.00
119.00 140.50
119.00 140.00
119.00 139.50
118.50 139.00
118.00 138.50
118.00 138.00
118.00 137.50
118.00 137.00
