126.00 136.00
125.50 135.50
125.00 135.00
124.50 134.50
124.00 134.00
124.00 133.50
123.50 133.00
123.50 132.50
123.50 132.00
123.00 131.50
123.00 131.00
123.00 130.50
123.00 130.00
123.00 129.50
123.00 129.00
123.00 128.50
123.50 128.00
123.50 127.50
123.50 127.00
123.50 126.50
124.00 126.00
124.00 125.50
124.00 125.00
124.50 124.50
124.50 124.00
125.00 123.50
125.00 123.00
125.50 122.50
126.00 122.00
126.50 121.50
127.00 121.00
127.50 120.50
128.00 120.50
128.50 120.00
129.00 119.50
129.50 119.50
130.00 119.50
130.50 119.00
131.00 119.00
131.50 119.00
132.00 119.00
132.50 119.00
133.00 119.00
133.50 119.00
134.00 119.00
134.50 119.00
135.00 119.00
135.50 119.00
136.00 119.00
136.50 119.00
137.00 119.50
137.50 119.50
138.00 119.50
138.50 120.00
139.00 120.00
139.50 120.00
140.00 120.50
140.50 120.50
141.00 120.50
141.50 121.00
142.00 121.00
142.50 121.50
143.00 122.00
143.50 122.50
144.00 123.00
144.50 123.50
145.00 124.00
145.50 124.50
145.50 125.00
145.50 125.50
146.00 126.00
146.50 126.50
146.50 127.00
146.50 127.50
146.50 128.00
146.50 128.50
146.50 129.00
147.00 129.50
147.00 130.00
147.00 130.50
146.50 131.00
146.50 131.50
146.50 132.00
146.50 132.50
146.00 133.00
146.00 133.50
145.50 134.00
145.50 134.50
145.00 135.00
144.50 135.50
144.00 136.00
143.50 136.50
143.00 137.00
142.50 137.00
142.00 137.50
141.50 138.00
141.00 138.00
140.50 138.50
140.00 138.50
139.50 139.00
139.00 139.00
138.50 139.50
138.00 139.50
137.50 139.50
137.00 140.00
136.50 140.00
136.00 140.00
135.50 140.00
135.00 140.00
134.50 140.00
134.00 140.00
133.50 140.00
133.00 140.00
132.50 140.00
132.00 140.00
131.50 140.00
131.00 139.50
130.50 139.50
130.00 139.00
129.50 139.00
129.00 138.50
128.50 138.00
128.00 138.00
127.50 137.50
127.00 137.00
126.50 136.50
