114.00 129.50
114.00 129.00
114.00 128.50
113.50 128.00
113.50 127.50
113.50 127.00
113.50 126.50
113.50 126.00
113.50 125.50
113.50 125.00
113.50 124.50
113.50 124.00
113.50 123.50
113.50 123.00
113.50 122.50
113.50 122.00
113.50 121.50
113.50 121.00
114.00 120.50
114.00 120.00
114.00 119.50
114.00 119.00
114.50 118.50
114.50 118.00
114.50 117.50
115.00 117.00
115.00 116.50
115.50 116.00
116.00 115.50
116.00 115.00
116.50 114.50
117.00 114.00
117.50 113.50
117.50 113.00
118.00 112.50
118.50 112.00
119.00 111.50
119.50 111.00
120.00 110.50
120.50 110.00
121.00 109.50
121.50 109.00
122.00 108.50
122.50 108.00
123.00 107.50
123.50 107.50
124.00 107.00
124.50 106.50
125.00 106.00
125.50 106.00
126.00 105.50
126.50 105.00
127.00 105.00
127.50 104.50
128.00 104.50
128.50 104.00
129.00 104.00
129.50 103.50
130.00 103.50
130.50 103.50
131.00 103.00
131.50 103.00
132.00 103.00
132.50 103.00
133.00 102.50
133.50 102.50
134.00 102.50
134.50 102.50
135.00 102.00
135.50 102.00
136.00 102.00
136.50 102.00
137.00 102.00
137.50 102.00
138.00 102.00
138.50 102.00
139.00 102.00
139.50 102.00
140.00 102.00
140.50 102.00
141.00 102.00
141.50 102.50
142.00 102.50
142.50 102.50
143.00 102.50
143.50 103.00
144.00 103.00
144.50 103.00
145.00 103.00
145.50 103.50
146.00 103.50
146.50 103.50
147.00 104.00
147.50 104.00
148.00 104.00
148.50 104.50
149.00 104.50
149.50 105.00
150.00 105.00
150.50 105.50
151.00 105.50
151.50 105.50
152.00 106.00
152.50 106.50
153.00 106.50
153.50 107.00
154.00 107.50
154.50 108.00
155.00 108.00
155.50 108.50
156.00 109.00
156.50 109.50
157.00 110.00
157.50 110.50
158.00 111.00
158.00 111.50
158.50 112.00
159.00 112.50
159.50 113.00
159.50 113.50
160.00 114.00
160.00 114.50
160.50 115.00
161.00 115.50
161.00 116.00
161.50 116.50
162.00 117.00
162.00 117.50
162.50 118.00
162.50 118.50
163.00 119.00
163.00 119.50
163.00 120.00
163.50 120.50
163.50 121.00
163.50 121.50
164.00 122.00
164.00 122.50
164.00 123.00
164.00 123.50
164.00 124.00
164.00 124.50
164.00 125.00
164.00 125.50
164.00 126.00
164.00 126.50
164.00 127.00
164.00 127.50
164.00 128.00
164.00 128.50
164.00 129.00
163.50 129.50
163.50 130.00
163.50 130.50
163.00 131.00
163.00 131.50
163.00 132.00
162.50 132.50
162.50 133.00
162.00 133.50
161.50 134.00
161.50 134.50
161.00 135.00
161.00 135.50
160.50 136.00
160.00 136.50
159.50 137.00
159.00 137.50
158.50 138.00
158.00 138.50
157.50 139.00
157.00 139.50
156.50 139.50
156.00 140.00
155.50 140.50
155.00 140.50
154.50 141.00
154.00 141.50
153.50 142.00
153.00 142.50
152.50 142.50
152.00 143.00
151.50 143.00
151.00 143.50
150.50 144.00
150.00 144.00
149.50 144.50
149.00 145.00
148.50 145.00
148.00 145.50
147.50 145.50
147.00 146.00
146.50 146.00
146.00 146.50
145.50 146.50
145.00 147.00
144.50 147.00
144.00 147.50
143.50 147.50
143.00 147.50
142.50 148.00
142.00 148.00
141.50 148.00
141.00 148.50
140.50 148.50
140.00 148.50
139.50 148.50
139.00 149.00
138.50 149.00
138.00 149.00
137.50 149.50
137.00 149.50
136.50 149.50
136.00 149.50
135.50 149.50
135.00 150.00
134.50 150.00
134.00 150.00
133.50 150.00
133.00 150.00
132.50 150.00
132.00 150.00
131.50 150.00
131.00 150.00
130.50 150.00
130.00 150.00
129.50 150.00
129.00 150.00
128.50 150.00
128.00 150.00
127.50 149.50
127.00 149.50
126.50 149.50
126.00 149.50
125.50 149.50
125.00 149.00
124.50 149.00
124.00 148.50
123.50 148.50
123.00 148.00
122.50 147.50
122.00 147.00
121.50 146.50
121.00 146.00
120.50 145.50
120.00 145.00
119.50 144.50
119.50 144.00
119.00 143.50
118.50 143.00
118.50 142.50
118.00 142.00
118.00 141.50
118.00 141.00
117.50 140.50
117.50 140.00
117.00 139.50
117.00 139.00
116.50 138.50
116.50 138.00
116.50 137.50
116.00 137.00
116.00 136.50
116.00 136.00
115.50 135.50
115.50 135.00
115.50 134.50
115.00 134.00
115.00 133.50
115.00 133.00
115.00 132.50
114.50 132.00
114.50 131.50
114.50 131.00
114.00 130.50
114.00 130.00
