146.00 114.00
146.50 114.00
147.00 114.00
147.50 114.00
148.00 114.00
148.50 114.50
149.00 114.50
149.50 114.50
150.00 115.00
150.50 115.50
151.00 115.50
151.50 116.00
151.50 116.50
152.00 117.00
152.00 117.50
151.50 118.00
151.50 118.50
151.00 119.00
150.50 119.50
150.00 120.00
149.50 120.50
149.00 121.00
148.50 121.00
148.00 121.50
147.50 121.50
147.00 121.50
146.50 121.50
146.00 121.00
146.00 120.50
145.50 120.00
145.50 119.50
145.00 119.00
144.50 118.50
144.00 118.00
143.50 117.50
143.50 117.00
143.50 116.50
143.50 116.00
143.50 115.50
144.00 115.00
144.50 114.50
145.00 114.00
145.50 114.00
