149.50 124.00
149.50 124.50
149.50 125.00
150.00 125.50
150.00 126.00
150.00 126.50
150.00 127.00
150.00 127.50
150.00 128.00
150.00 128.50
150.00 129.00
150.00 129.50
150.00 130.00
149.50 130.50
149.50 131.00
149.50 131.50
149.50 132.00
149.00 132.50
149.00 133.00
148.50 133.50
148.50 134.00
148.00 134.50
147.50 135.00
147.00 135.50
146.50 136.00
146.00 136.50
145.50 137.00
145.00 137.50
144.50 138.00
144.00 138.00
143.50 138.50
143.00 139.00
142.50 139.00
142.00 139.00
141.50 139.50
141.00 139.50
140.50 139.50
140.00 139.50
139.50 140.00
139.00 140.00
138.50 140.00
138.00 140.00
137.50 140.00
137.00 140.00
136.50 140.00
136.00 140.00
135.50 140.00
135.00 140.00
134.50 140.00
134.00 140.00
133.50 140.00
133.00 140.00
132.50 139.50
132.00 139.50
131.50 139.50
131.00 139.50
130.50 139.00
130.00 138.50
129.50 138.50
129.00 138.00
128.50 137.50
128.00 137.00
127.50 137.00
127.00 136.50
126.50 136.00
126.50 135.50
126.00 135.00
125.50 134.50
125.00 134.00
124.50 133.50
124.50 133.00
124.50 132.50
124.00 132.00
123.50 131.50
123.50 131.00
123.50 130.50
123.00 130.00
123.00 129.50
123.00 129.00
123.00 128.50
123.00 128.00
123.00 127.50
123.00 127.00
123.00 126.50
123.00 126.00
123.50 125.50
123.50 125.00
123.50 124.50
124.00 124.00
124.50 123.50
125.00 123.00
125.00 122.50
125.50 122.00
126.00 122.00
126.50 121.50
127.00 121.00
127.50 120.50
128.00 120.00
128.50 120.00
129.00 119.50
129.50 119.00
130.00 119.00
130.50 118.50
131.00 118.50
131.50 118.00
132.00 118.00
132.50 117.50
133.00 117.50
133.50 117.50
134.00 117.00
134.50 117.00
135.00 117.00
135.50 117.00
136.00 116.50
136.50 116.50
137.00 116.50
137.50 116.50
138.00 116.50
138.50 116.50
139.00 116.50
139.50 116.50
140.00 116.50
140.50 116.50
141.00 116.50
141.50 116.50
142.00 116.50
142.50 116.50
143.00 116.50
143.50 116.50
144.00 117.00
144.50 117.00
145.00 117.00
145.50 117.00
146.00 117.50
146.50 118.00
147.00 118.50
147.50 119.00
147.50 119.50
148.00 120.00
148.00 120.50
148.50 121.00
148.50 121.50
148.50 122.00
149.00 122.50
149.00 123.00
149.00 123.50
