122.00 133.50
122.00 133.00
121.50 132.50
121.50 132.00
121.50 131.50
121.50 131.00
121.00 130.50
121.00 130.00
121.00 129.50
121.00 129.00
121.00 128.50
120.50 128.00
120.50 127.50
120.50 127.00
120.50 126.50
120.50 126.00
120.50 125.50
120.50 125.00
121.00 124.50
121.00 124.00
121.00 123.50
121.50 123.00
122.00 122.50
122.50 122.00
123.00 121.50
123.50 121.00
124.00 120.50
124.50 120.00
125.00 120.00
125.50 120.00
126.00 119.50
126.50 119.00
127.00 119.00
127.50 118.50
128.00 118.50
128.50 118.50
129.00 118.50
129.50 118.00
130.00 118.00
130.50 118.00
131.00 118.00
131.50 118.00
132.00 118.00
132.50 118.00
133.00 118.00
133.50 118.00
134.00 118.50
134.50 118.50
135.00 119.00
135.50 119.50
136.00 119.50
136.50 120.00
137.00 120.50
137.50 120.50
138.00 121.00
138.50 121.50
139.00 122.00
139.50 122.50
140.00 122.50
140.50 122.50
141.00 123.00
141.50 123.50
142.00 124.00
142.50 124.50
143.00 125.00
143.50 125.50
143.50 126.00
144.00 126.50
144.50 127.00
144.50 127.50
144.50 128.00
145.00 128.50
145.00 129.00
145.00 129.50
145.00 130.00
145.00 130.50
145.00 131.00
145.00 131.50
145.00 132.00
144.50 132.50
144.50 133.00
144.00 133.50
143.50 134.00
143.00 134.50
142.50 135.00
142.00 135.50
141.50 135.50
141.00 136.00
140.50 136.50
140.00 136.50
139.50 137.00
139.00 137.00
138.50 137.00
138.00 137.50
137.50 137.50
137.00 138.00
136.50 138.00
136.00 138.00
135.50 138.50
135.00 138.50
134.50 138.50
134.00 138.50
133.50 139.00
133.00 139.00
132.50 139.00
132.00 139.00
131.50 139.00
131.00 139.00
130.50 139.00
130.00 139.00
129.50 139.00
129.00 139.00
128.50 139.00
128.00 139.00
127.50 139.00
127.00 138.50
126.50 138.50
126.00 138.50
125.50 138.50
125.00 138.00
124.50 138.00
124.00 138.00
123.50 137.50
123.50 137.00
124.00 136.50
123.50 136.00
123.00 135.50
122.50 135.00
122.50 134.50
122.50 134.00
