135.50 112.50
136.00 112.50
136.50 112.50
137.00 113.00
137.50 113.00
138.00 113.00
138.50 113.50
139.00 113.50
139.50 114.00
140.00 114.00
140.50 114.50
141.00 114.50
141.50 115.00
142.00 115.50
142.50 116.00
143.00 116.50
143.50 117.00
144.00 117.50
144.50 118.00
144.50 118.50
145.00 119.00
145.50 119.50
145.50 120.00
146.00 120.50
146.00 121.00
146.00 121.50
146.00 122.00
146.00 122.50
146.00 123.00
146.00 123.50
146.00 124.00
146.00 124.50
146.00 125.00
146.00 125.50
146.00 126.00
146.00 126.50
145.50 127.00
145.50 127.50
145.50 128.00
145.00 128.50
145.00 129.00
145.00 129.50
144.50 130.00
144.50 130.50
144.00 131.00
143.50 131.50
143.50 132.00
143.00 132.50
142.50 133.00
142.50 133.50
142.00 134.00
141.50 134.50
141.50 135.00
141.00 135.50
140.50 136.00
140.00 136.50
139.50 137.00
139.00 137.50
138.50 138.00
138.00 138.50
137.50 138.50
137.00 139.00
136.50 139.00
136.00 139.50
135.50 139.50
135.00 140.00
134.50 140.00
134.00 140.00
133.50 140.00
133.00 140.50
132.50 140.50
132.00 140.50
131.50 140.50
131.00 140.50
130.50 140.50
130.00 140.50
129.50 140.50
129.00 140.50
128.50 140.00
128.00 140.00
127.50 140.00
127.00 140.00
126.50 139.50
126.00 139.50
125.50 139.00
125.00 139.00
124.50 138.50
124.00 138.00
123.50 137.50
123.00 137.00
122.50 136.50
122.50 136.00
122.00 135.50
122.00 135.00
121.50 134.50
121.50 134.00
121.50 133.50
121.50 133.00
121.00 132.50
121.00 132.00
121.00 131.50
121.00 131.00
121.00 130.50
120.50 130.00
120.50 129.50
120.50 129.00
120.50 128.50
120.50 128.00
120.50 127.50
120.50 127.00
120.50 126.50
120.50 126.00
120.50 125.50
120.50 125.00
120.50 124.50
120.50 124.00
120.50 123.50
120.50 123.00
120.50 122.50
120.50 122.00
120.50 121.50
120.50 121.00
120.50 120.50
121.00 120.00
121.00 119.50
121.00 119.00
121.50 118.50
121.50 118.00
121.50 117.50
122.00 117.00
122.50 116.50
123.00 116.00
123.50 115.50
124.00 115.00
124.50 114.50
125.00 114.50
125.50 114.00
126.00 114.00
126.50 113.50
127.00 113.50
127.50 113.00
128.00 113.00
128.50 113.00
129.00 112.50
129.50 112.50
130.00 112.50
130.50 112.50
131.00 112.50
131.50 112.50
132.00 112.50
132.50 112.50
133.00 112.50
133.50 112.50
134.00 112.50
134.50 112.50
135.00 112.50
