136.00 132.50
135.50 132.50
135.00 133.00
134.50 133.50
134.00 133.50
133.50 133.50
133.00 134.00
132.50 134.00
132.00 134.00
131.50 134.00
131.00 134.00
130.50 134.00
130.00 134.00
129.50 134.00
129.00 134.00
128.50 134.00
128.00 134.00
127.50 134.00
127.00 134.00
126.50 133.50
126.00 133.50
125.50 133.50
125.00 133.00
124.50 133.00
124.00 132.50
123.50 132.00
123.00 132.00
122.50 131.50
122.00 131.00
121.50 130.50
121.50 130.00
121.00 129.50
120.50 129.00
120.00 128.50
120.00 128.00
120.00 127.50
119.50 127.00
119.50 126.50
119.00 126.00
119.00 125.50
119.00 125.00
119.00 124.50
119.00 124.00
119.00 123.50
119.00 123.00
119.00 122.50
119.00 122.00
119.00 121.50
119.00 121.00
119.00 120.50
119.50 120.00
119.50 119.50
119.50 119.00
120.00 118.50
120.00 118.00
120.50 117.50
120.50 117.00
121.00 116.50
121.50 116.00
122.00 115.50
122.50 115.00
123.00 114.50
123.50 114.50
124.00 114.50
124.50 114.00
125.00 114.00
125.50 114.00
126.00 114.00
126.50 114.00
127.00 114.00
127.50 114.50
128.00 114.50
128.50 114.50
129.00 114.50
129.50 115.00
130.00 115.00
130.50 115.50
131.00 115.50
131.50 116.00
132.00 116.00
132.50 116.50
133.00 117.00
133.50 117.00
134.00 117.50
134.50 118.00
135.00 118.50
135.50 118.50
136.00 119.00
136.50 119.50
137.00 120.00
137.50 120.50
138.00 121.00
138.50 121.50
139.00 122.00
139.00 122.50
139.50 123.00
139.50 123.50
140.00 124.00
140.00 124.50
140.00 125.00
140.00 125.50
140.00 126.00
140.00 126.50
140.00 127.00
139.50 127.50
139.50 128.00
139.50 128.50
139.00 129.00
138.50 129.50
138.50 130.00
138.00 130.50
137.50 131.00
137.00 131.50
136.50 132.00
