123.00 96.50
123.50 96.00
124.00 96.00
124.50 95.50
125.00 95.50
125.50 95.00
126.00 95.00
126.50 95.00
127.00 94.50
127.50 94.50
128.00 94.50
128.50 94.00
129.00 94.00
129.50 94.00
130.00 94.00
130.50 93.50
131.00 93.50
131.50 93.50
132.00 93.50
132.50 93.50
133.00 93.50
133.50 93.50
134.00 93.50
134.50 93.50
135.00 93.50
135.50 93.50
136.00 93.50
136.50 93.50
137.00 93.50
137.50 93.50
138.00 93.50
138.50 93.50
139.00 93.50
139.50 93.50
140.00 94.00
140.50 94.00
141.00 94.00
141.50 94.00
142.00 94.50
142.50 94.50
143.00 95.00
143.50 95.00
144.00 95.00
144.50 95.50
145.00 95.50
145.50 96.00
146.00 96.00
146.50 96.00
147.00 96.50
147.50 97.00
148.00 97.00
148.50 97.50
149.00 98.00
149.50 98.00
150.00 98.50
150.50 99.00
151.00 99.00
151.50 99.50
152.00 100.00
152.50 100.50
153.00 101.00
153.50 101.50
154.00 102.00
154.50 102.50
155.00 103.00
155.50 103.50
156.00 104.00
156.50 104.50
157.00 105.00
157.00 105.50
157.50 106.00
158.00 106.50
158.50 107.00
158.50 107.50
159.00 108.00
159.00 108.50
159.50 109.00
160.00 109.50
160.00 110.00
160.00 110.50
160.50 111.00
161.00 111.50
161.00 112.00
161.50 112.50
161.50 113.00
161.50 113.50
162.00 114.00
162.00 114.50
162.00 115.00
162.50 115.50
162.50 116.00
162.50 116.50
163.00 117.00
163.00 117.50
163.00 118.00
163.00 118.50
163.50 119.00
163.50 119.50
163.50 120.00
163.50 120.50
163.50 121.00
163.50 121.50
163.50 122.00
164.00 122.50
164.00 123.00
164.00 123.50
164.00 124.00
164.00 124.50
164.00 125.00
164.00 125.50
164.00 126.00
164.00 126.50
164.00 127.00
164.00 127.50
164.00 128.00
163.50 128.50
163.50 129.00
163.50 129.50
163.50 130.00
163.50 130.50
163.50 131.00
163.00 131.50
163.00 132.00
163.00 132.50
163.00 133.00
162.50 133.50
162.50 134.00
162.50 134.50
162.00 135.00
161.50 135.50
161.50 136.00
161.50 136.50
161.00 137.00
160.50 137.50
160.50 138.00
160.00 138.50
159.50 139.00
159.50 139.50
159.00 140.00
158.50 140.50
158.00 141.00
157.50 141.50
157.00 142.00
156.50 142.50
156.00 143.00
155.50 143.50
155.00 144.00
154.50 144.50
154.00 145.00
153.50 145.50
153.00 145.50
152.50 146.00
152.00 146.00
151.50 146.50
151.00 147.00
150.50 147.00
150.00 147.50
149.50 147.50
149.00 148.00
148.50 148.00
148.00 148.50
147.50 148.50
147.00 149.00
146.50 149.00
146.00 149.00
145.50 149.50
145.00 149.50
144.50 149.50
144.00 150.00
143.50 150.00
143.00 150.00
142.50 150.00
142.00 150.00
141.50 150.50
141.00 150.50
140.50 150.50
140.00 150.50
139.50 150.50
139.00 150.50
138.50 150.50
138.00 151.00
137.50 151.00
137.00 151.00
136.50 151.00
136.00 151.00
135.50 151.00
135.00 151.00
134.50 151.00
134.00 151.00
133.50 151.00
133.00 151.00
132.50 151.00
132.00 150.50
131.50 150.50
131.00 150.50
130.50 150.50
130.00 150.50
129.50 150.50
129.00 150.50
128.50 150.50
128.00 150.50
127.50 150.00
127.00 150.00
126.50 150.00
126.00 150.00
125.50 150.00
125.00 149.50
124.50 149.50
124.00 149.50
123.50 149.50
123.00 149.00
122.50 149.00
122.00 149.00
121.50 149.00
121.00 148.50
120.50 148.50
120.00 148.50
119.50 148.00
119.00 148.00
118.50 147.50
118.00 147.50
117.50 147.50
117.00 147.00
116.50 147.00
116.00 146.50
115.50 146.50
115.00 146.00
114.50 145.50
114.00 145.50
113.50 145.00
113.00 144.50
112.50 144.00
112.00 143.50
111.50 143.00
111.00 142.50
110.50 142.00
110.00 141.50
110.00 141.00
109.50 140.50
109.00 140.00
109.00 139.50
108.50 139.00
108.00 138.50
108.00 138.00
108.00 137.50
107.50 137.00
107.50 136.50
107.00 136.00
107.00 135.50
107.00 135.00
106.50 134.50
106.50 134.00
106.00 133.50
106.00 133.00
106.00 132.50
106.00 132.00
106.00 131.50
105.50 131.00
105.50 130.50
105.50 130.00
105.50 129.50
105.50 129.00
105.50 128.50
105.50 128.00
105.50 127.50
105.00 127.00
105.00 126.50
105.00 126.00
105.00 125.50
105.00 125.00
105.00 124.50
105.00 124.00
105.50 123.50
105.50 123.00
105.50 122.50
105.50 122.00
105.50 121.50
105.50 121.00
105.50 120.50
105.50 120.00
106.00 119.50
106.00 119.00
106.00 118.50
106.00 118.00
106.00 117.50
106.50 117.00
106.50 116.50
106.50 116.00
107.00 115.50
107.00 115.00
107.00 114.50
107.50 114.00
107.50 113.50
108.00 113.00
108.00 112.50
108.00 112.00
108.50 111.50
108.50 111.00
109.00 110.50
109.00 110.00
109.00 109.50
109.50 109.00
110.00 108.50
110.00 108.00
110.50 107.50
111.00 107.00
111.00 106.50
111.50 106.00
112.00 105.50
112.50 105.00
112.50 104.50
113.00 104.00
113.50 103.50
114.00 103.00
114.50 102.50
115.00 102.00
115.50 101.50
116.00 101.00
116.50 100.50
117.00 100.00
117.50 99.50
118.00 99.50
118.50 99.00
119.00 98.50
119.50 98.50
120.00 98.00
120.50 97.50
121.00 97.50
121.50 97.00
122.00 96.50
122.50 96.50
