148.00 126.00
148.00 125.50
147.50 125.00
147.50 124.50
147.00 124.00
147.00 123.50
147.00 123.00
147.00 122.50
147.00 122.00
147.00 121.50
147.00 121.00
147.00 120.50
147.00 120.00
147.00 119.50
147.00 119.00
147.00 118.50
147.00 118.00
147.50 117.50
147.50 117.00
147.50 116.50
147.50 116.00
148.00 115.50
148.00 115.00
148.00 114.50
148.50 114.00
148.50 113.50
149.00 113.00
149.50 112.50
150.00 112.50
150.50 112.50
151.00 113.00
151.50 113.50
152.00 114.00
152.50 114.50
153.00 115.00
153.00 115.50
153.50 116.00
154.00 116.50
154.50 117.00
155.00 117.50
155.50 118.00
155.50 118.50
156.00 119.00
156.00 119.50
156.00 120.00
156.00 120.50
156.00 121.00
156.00 121.50
155.50 122.00
155.00 122.00
154.50 121.50
154.50 121.00
154.00 120.50
153.50 120.00
153.00 120.00
152.50 120.50
152.00 121.00
151.50 121.50
151.50 122.00
151.50 122.50
151.50 123.00
152.00 123.50
152.50 124.00
152.50 124.50
153.00 125.00
153.50 125.50
153.50 126.00
153.50 126.50
153.00 127.00
152.50 127.50
152.00 128.00
151.50 128.00
151.00 128.00
150.50 128.00
150.00 127.50
149.50 127.50
149.00 127.00
148.50 126.50
