131.50 149.50
131.00 150.00
130.50 149.50
130.00 149.50
129.50 149.50
129.00 149.50
128.50 149.00
128.00 148.50
127.50 148.00
127.50 147.50
127.00 147.00
127.00 146.50
127.00 146.00
127.00 145.50
127.00 145.00
127.00 144.50
127.50 144.00
128.00 143.50
128.50 143.00
129.00 143.00
129.50 143.00
130.00 143.00
130.50 143.00
131.00 143.00
131.50 143.50
132.00 144.00
132.00 144.50
132.00 145.00
132.00 145.50
132.00 146.00
132.50 146.50
133.00 146.00
133.50 146.00
134.00 145.50
134.50 145.00
135.00 145.00
135.50 145.00
136.00 145.00
136.50 145.50
137.00 146.00
137.50 146.50
137.50 147.00
137.00 147.50
136.50 147.50
136.00 147.50
135.50 147.50
135.00 147.50
134.50 147.50
134.00 148.00
133.50 148.00
133.00 148.50
132.50 149.00
132.00 149.50
