156.00 136.50
155.50 137.00
155.50 137.50
155.50 138.00
155.00 138.50
155.00 139.00
155.00 139.50
154.50 140.00
154.50 140.50
154.00 141.00
154.00 141.50
154.00 142.00
153.50 142.50
153.50 143.00
153.00 143.50
152.50 144.00
152.50 144.50
152.00 145.00
152.00 145.50
151.50 146.00
151.00 146.50
150.50 147.00
150.00 147.50
149.50 148.00
149.00 148.50
148.50 148.50
148.00 149.00
147.50 149.00
147.00 149.50
146.50 149.50
146.00 150.00
145.50 150.00
145.00 150.00
144.50 150.50
144.00 150.50
143.50 150.50
143.00 151.00
142.50 151.00
142.00 151.00
141.50 151.00
141.00 151.00
140.50 151.00
140.00 151.00
139.50 151.50
139.00 151.50
138.50 151.50
138.00 151.50
137.50 151.50
137.00 151.50
136.50 151.50
136.00 151.50
135.50 151.00
135.00 151.00
134.50 151.00
134.00 151.00
133.50 151.00
133.00 151.00
132.50 151.00
132.00 151.00
131.50 150.50
131.00 150.50
130.50 150.50
130.00 150.00
129.50 150.00
129.00 150.00
128.50 150.00
128.00 150.00
127.50 149.50
127.00 149.50
126.50 149.00
126.00 149.00
125.50 148.50
125.00 148.50
124.50 148.00
124.00 148.00
123.50 147.50
123.00 147.50
122.50 147.00
122.00 147.00
121.50 146.50
121.00 146.50
120.50 146.00
120.00 145.50
119.50 145.00
119.00 144.50
118.50 144.00
118.00 143.50
117.50 143.00
117.00 142.50
116.50 142.00
116.00 141.50
115.50 141.00
115.50 140.50
115.00 140.00
115.00 139.50
114.50 139.00
114.00 138.50
114.00 138.00
114.00 137.50
113.50 137.00
113.50 136.50
113.00 136.00
113.00 135.50
113.00 135.00
112.50 134.50
112.50 134.00
112.50 133.50
112.50 133.00
112.50 132.50
112.00 132.00
112.00 131.50
112.00 131.00
112.00 130.50
112.00 130.00
112.00 129.50
112.00 129.00
112.00 128.50
112.00 128.00
112.00 127.50
112.00 127.00
112.00 126.50
112.00 126.00
112.00 125.50
112.00 125.00
112.00 124.50
112.50 124.00
112.50 123.50
112.50 123.00
112.50 122.50
112.50 122.00
113.00 121.50
113.00 121.00
113.00 120.50
113.50 120.00
113.50 119.50
113.50 119.00
114.00 118.50
114.00 118.00
114.50 117.50
114.50 117.00
115.00 116.50
115.00 116.00
115.50 115.50
115.50 115.00
116.00 114.50
116.50 114.00
117.00 113.50
117.50 113.00
117.50 112.50
118.00 112.00
118.50 111.50
119.00 111.00
119.50 110.50
120.00 110.00
120.50 110.00
121.00 109.50
121.00 109.00
121.50 108.50
122.00 108.50
122.50 108.00
123.00 108.00
123.50 107.50
124.00 107.00
124.50 107.00
125.00 106.50
125.50 106.50
126.00 106.00
126.50 106.00
127.00 106.00
127.50 105.50
128.00 105.50
128.50 105.00
129.00 105.00
129.50 105.00
130.00 104.50
130.50 104.50
131.00 104.50
131.50 104.50
132.00 104.00
132.50 104.00
133.00 104.00
133.50 104.00
134.00 104.00
134.50 104.00
135.00 104.00
135.50 103.50
136.00 103.50
136.50 103.50
137.00 103.50
137.50 103.50
138.00 103.50
138.50 103.50
139.00 103.50
139.50 104.00
140.00 104.00
140.50 104.00
141.00 104.00
141.50 104.00
142.00 104.00
142.50 104.00
143.00 104.50
143.50 104.50
144.00 104.50
144.50 104.50
145.00 105.00
145.50 105.00
146.00 105.50
146.50 105.50
147.00 105.50
147.50 106.00
148.00 106.00
148.50 106.50
149.00 106.50
149.50 107.00
150.00 107.50
150.50 107.50
151.00 108.00
151.50 108.50
152.00 109.00
152.50 109.50
153.00 110.00
153.50 110.50
154.00 111.00
154.50 111.50
155.00 112.00
155.50 112.50
155.50 113.00
156.00 113.50
156.00 114.00
156.50 114.50
156.50 115.00
157.00 115.50
157.50 116.00
157.50 116.50
157.50 117.00
158.00 117.50
158.00 118.00
158.00 118.50
158.50 119.00
158.50 119.50
158.50 120.00
158.50 120.50
158.50 121.00
158.50 121.50
158.50 122.00
159.00 122.50
159.00 123.00
159.00 123.50
159.00 124.00
158.50 124.50
158.50 125.00
158.50 125.50
158.50 126.00
158.50 126.50
158.50 127.00
158.50 127.50
158.50 128.00
158.00 128.50
158.00 129.00
158.00 129.50
158.00 130.00
157.50 130.50
157.50 131.00
157.50 131.50
157.50 132.00
157.00 132.50
157.00 133.00
157.00 133.50
156.50 134.00
156.50 134.50
156.50 135.00
156.00 135.50
156.00 136.00
