150.00 128.00
149.50 128.00
149.00 128.00
148.50 127.50
148.00 127.00
147.50 126.50
147.00 126.00
146.50 125.50
146.00 125.00
145.50 124.50
145.00 124.00
144.50 123.50
144.00 123.00
143.50 123.00
143.00 122.50
142.50 122.00
142.00 121.50
141.50 121.00
141.00 120.50
141.00 120.00
141.00 119.50
141.50 119.00
142.00 118.50
142.50 118.00
143.00 118.00
143.50 117.50
144.00 117.50
144.50 117.50
145.00 117.00
145.50 117.00
146.00 117.00
146.50 117.00
147.00 117.00
147.50 117.00
148.00 117.00
148.50 117.00
149.00 117.50
149.50 117.50
150.00 118.00
150.50 118.50
151.00 118.50
151.50 119.00
151.50 119.50
152.00 120.00
152.50 120.50
153.00 121.00
153.00 121.50
153.50 122.00
153.50 122.50
153.50 123.00
153.50 123.50
153.50 124.00
153.50 124.50
153.50 125.00
153.50 125.50
153.00 126.00
152.50 126.50
152.50 127.00
152.00 127.50
151.50 127.50
151.00 128.00
150.50 128.00
