132.50 145.00
133.00 145.00
133.50 145.00
134.00 144.50
134.50 144.50
135.00 144.00
135.50 144.00
136.00 143.50
136.50 143.00
137.00 143.00
137.50 142.50
138.00 142.50
138.50 142.50
139.00 143.00
139.50 143.50
139.50 144.00
139.50 144.50
139.50 145.00
139.50 145.50
139.00 146.00
138.50 146.50
138.00 147.00
137.50 147.00
137.00 147.50
136.50 147.50
136.00 147.50
135.50 147.50
135.00 148.00
134.50 148.00
134.00 148.00
133.50 147.50
133.00 147.50
132.50 147.50
132.00 147.50
131.50 147.50
131.00 147.00
130.50 147.00
130.00 147.00
129.50 146.50
129.00 146.50
128.50 146.00
128.50 145.50
128.00 145.00
127.50 145.00
127.00 144.50
127.00 144.00
127.00 143.50
127.00 143.00
127.00 142.50
127.00 142.00
127.00 141.50
127.50 141.00
127.50 140.50
128.00 140.00
128.50 139.50
129.00 139.50
129.50 140.00
130.00 140.50
130.50 141.00
130.50 141.50
131.00 142.00
131.00 142.50
131.00 143.00
131.50 143.50
131.50 144.00
132.00 144.50
