131.50 147.00
131.00 147.00
130.50 147.00
130.00 147.00
129.50 147.00
129.00 147.00
128.50 146.50
128.00 146.50
127.50 146.50
127.00 146.50
126.50 146.00
126.00 146.00
125.50 145.50
125.00 145.50
124.50 145.50
124.00 145.00
123.50 144.50
123.00 144.50
122.50 144.00
122.00 143.50
121.50 143.00
121.00 143.00
120.50 142.50
120.00 142.00
119.50 141.50
119.00 141.00
118.50 140.50
118.00 140.00
117.50 139.50
117.50 139.00
117.00 138.50
117.00 138.00
116.50 137.50
116.00 137.00
116.00 136.50
115.50 136.00
115.50 135.50
115.50 135.00
115.00 134.50
115.00 134.00
115.00 133.50
115.00 133.00
114.50 132.50
114.50 132.00
114.50 131.50
114.50 131.00
114.50 130.50
114.50 130.00
114.50 129.50
114.50 129.00
114.50 128.50
114.50 128.00
114.50 127.50
114.50 127.00
114.50 126.50
114.50 126.00
115.00 125.50
115.00 125.00
115.00 124.50
115.00 124.00
115.50 123.50
115.50 123.00
115.50 122.50
116.00 122.00
116.00 121.50
116.50 121.00
117.00 120.50
117.00 120.00
117.50 119.50
117.50 119.00
118.00 118.50
118.50 118.00
119.00 117.50
119.50 117.00
120.00 116.50
120.50 116.00
121.00 115.50
121.50 115.00
122.00 115.00
122.50 114.50
123.00 114.50
123.50 114.00
124.00 114.00
124.50 113.50
125.00 113.50
125.50 113.50
126.00 113.00
126.50 113.00
127.00 113.00
127.50 113.00
128.00 112.50
128.50 112.50
129.00 112.50
129.50 112.50
130.00 112.50
130.50 112.50
131.00 112.50
131.50 112.50
132.00 113.00
132.50 113.00
133.00 113.00
133.50 113.00
134.00 113.00
134.50 113.50
135.00 113.50
135.50 113.50
136.00 114.00
136.50 114.00
137.00 114.50
137.50 114.50
138.00 115.00
138.50 115.00
139.00 115.50
139.50 116.00
140.00 116.50
140.50 116.50
141.00 117.00
141.50 117.50
141.50 118.00
142.00 118.50
142.50 119.00
143.00 119.50
143.00 120.00
143.50 120.50
144.00 121.00
144.00 121.50
144.50 122.00
144.50 122.50
145.00 123.00
145.00 123.50
145.50 124.00
145.50 124.50
145.50 125.00
145.50 125.50
146.00 126.00
146.00 126.50
146.00 127.00
146.00 127.50
146.00 128.00
146.00 128.50
146.00 129.00
146.00 129.50
146.00 130.00
146.00 130.50
146.00 131.00
146.00 131.50
146.00 132.00
146.00 132.50
146.00 133.00
146.00 133.50
146.00 134.00
145.50 134.50
145.50 135.00
145.50 135.50
145.50 136.00
145.00 136.50
145.00 137.00
144.50 137.50
144.50 138.00
144.00 138.50
144.00 139.00
143.50 139.50
143.00 140.00
142.50 140.50
142.50 141.00
142.00 141.50
141.50 142.00
141.00 142.50
140.50 143.00
140.00 143.50
139.50 144.00
139.00 144.00
138.50 144.50
138.00 145.00
137.50 145.00
137.00 145.50
136.50 145.50
136.00 146.00
135.50 146.50
135.00 146.50
134.50 146.50
134.00 146.50
133.50 146.50
133.00 147.00
132.50 147.00
132.00 147.00
