135.00 141.50
134.50 141.50
134.00 142.00
133.50 142.00
133.00 142.00
132.50 142.00
132.00 142.00
131.50 142.00
131.00 142.00
130.50 142.00
130.00 142.00
129.50 142.00
129.00 142.00
128.50 142.00
128.00 142.00
127.50 142.00
127.00 142.00
126.50 141.50
126.00 141.50
125.50 141.50
125.00 141.50
124.50 141.00
124.00 141.00
123.50 141.00
123.00 140.50
122.50 140.50
122.00 140.00
121.50 139.50
121.00 139.00
120.50 139.00
120.00 138.50
119.50 138.00
119.00 137.50
118.50 137.00
118.00 136.50
117.50 136.00
117.50 135.50
117.00 135.00
116.50 134.50
116.00 134.00
116.00 133.50
115.50 133.00
115.50 132.50
115.00 132.00
115.00 131.50
114.50 131.00
114.50 130.50
114.50 130.00
114.00 129.50
114.00 129.00
114.00 128.50
113.50 128.00
113.50 127.50
113.50 127.00
113.50 126.50
113.00 126.00
113.00 125.50
113.00 125.00
113.00 124.50
113.00 124.00
113.00 123.50
113.00 123.00
113.00 122.50
112.50 122.00
112.50 121.50
113.00 121.00
113.00 120.50
113.00 120.00
113.00 119.50
113.00 119.00
113.00 118.50
113.00 118.00
113.00 117.50
113.00 117.00
113.50 116.50
113.50 116.00
113.50 115.50
113.50 115.00
114.00 114.50
114.00 114.00
114.50 113.50
114.50 113.00
114.50 112.50
115.00 112.00
115.00 111.50
115.50 111.00
115.50 110.50
116.00 110.00
116.50 109.50
117.00 109.00
117.00 108.50
117.50 108.00
117.50 107.50
118.00 107.00
118.50 106.50
119.00 106.00
119.50 105.50
120.00 105.00
120.50 104.50
121.00 104.00
121.50 104.00
122.00 103.50
122.50 103.50
123.00 103.00
123.50 102.50
124.00 102.50
124.50 102.00
125.00 102.00
125.50 101.50
126.00 101.50
126.50 101.50
127.00 101.00
127.50 101.00
128.00 101.00
128.50 101.00
129.00 101.00
129.50 101.00
130.00 101.00
130.50 101.00
131.00 101.00
131.50 101.00
132.00 101.00
132.50 101.00
133.00 101.00
133.50 101.00
134.00 101.00
134.50 101.00
135.00 101.00
135.50 101.50
136.00 101.50
136.50 101.50
137.00 102.00
137.50 102.00
138.00 102.00
138.50 102.50
139.00 102.50
139.50 103.00
140.00 103.00
140.50 103.00
141.00 103.50
141.50 103.50
142.00 104.00
142.50 104.50
143.00 104.50
143.50 105.00
144.00 105.50
144.50 106.00
145.00 106.00
145.50 106.50
146.00 107.00
146.50 107.50
147.00 108.00
147.50 108.50
148.00 109.00
148.50 109.50
148.50 110.00
149.00 110.50
149.50 111.00
149.50 111.50
150.00 112.00
150.50 112.50
150.50 113.00
151.00 113.50
151.00 114.00
151.00 114.50
151.50 115.00
151.50 115.50
151.50 116.00
152.00 116.50
152.00 117.00
152.00 117.50
152.50 118.00
152.50 118.50
152.50 119.00
152.50 119.50
152.50 120.00
152.50 120.50
152.50 121.00
152.50 121.50
152.50 122.00
152.50 122.50
152.50 123.00
152.50 123.50
152.50 124.00
152.50 124.50
152.50 125.00
152.00 125.50
152.00 126.00
152.00 126.50
152.00 127.00
152.00 127.50
151.50 128.00
151.50 128.50
151.50 129.00
151.00 129.50
151.00 130.00
151.00 130.50
150.50 131.00
150.00 131.50
150.00 132.00
149.50 132.50
149.50 133.00
149.00 133.50
148.50 134.00
148.50 134.50
148.00 135.00
147.50 135.50
147.00 136.00
146.50 136.50
146.00 137.00
145.50 137.00
145.00 137.50
144.50 138.00
144.00 138.50
143.50 138.50
143.00 139.00
142.50 139.00
142.00 139.50
141.50 139.50
141.00 140.00
140.50 140.00
140.00 140.00
139.50 140.50
139.00 140.50
138.50 141.00
138.00 141.00
137.50 141.00
137.00 141.00
136.50 141.50
136.00 141.50
135.50 141.50
