133.00 135.50
132.50 135.50
132.00 135.50
131.50 135.50
131.00 135.50
130.50 135.50
130.00 135.50
129.50 135.50
129.00 135.50
128.50 135.50
128.00 135.50
127.50 135.00
127.00 135.00
126.50 135.00
126.00 134.50
125.50 134.50
125.00 134.50
124.50 134.00
124.00 133.50
123.50 133.00
123.00 133.00
122.50 132.50
122.00 132.00
122.00 131.50
121.50 131.00
121.00 130.50
121.00 130.00
120.50 129.50
120.50 129.00
120.50 128.50
120.00 128.00
120.00 127.50
120.00 127.00
120.00 126.50
120.00 126.00
120.00 125.50
120.00 125.00
120.00 124.50
120.00 124.00
120.00 123.50
120.00 123.00
120.50 122.50
120.50 122.00
120.50 121.50
121.00 121.00
121.00 120.50
121.00 120.00
121.50 119.50
121.50 119.00
122.00 118.50
122.50 118.00
123.00 117.50
123.50 117.00
124.00 116.50
124.50 116.00
125.00 116.00
125.50 115.50
126.00 115.50
126.50 115.00
127.00 115.00
127.50 115.00
128.00 114.50
128.50 114.50
129.00 114.50
129.50 114.50
130.00 114.50
130.50 114.00
131.00 114.00
131.50 114.00
132.00 114.50
132.50 114.50
133.00 114.50
133.50 114.50
134.00 114.50
134.50 115.00
135.00 115.00
135.50 115.00
136.00 115.50
136.50 115.50
137.00 116.00
137.50 116.50
138.00 116.50
138.50 117.00
139.00 117.50
139.50 118.00
139.50 118.50
140.00 119.00
140.50 119.50
140.50 120.00
141.00 120.50
141.00 121.00
141.50 121.50
141.50 122.00
141.50 122.50
142.00 123.00
142.00 123.50
142.00 124.00
142.00 124.50
142.00 125.00
142.00 125.50
142.00 126.00
142.00 126.50
142.00 127.00
142.00 127.50
141.50 128.00
141.50 128.50
141.50 129.00
141.50 129.50
141.00 130.00
140.50 130.50
140.50 131.00
140.00 131.50
139.50 132.00
139.50 132.50
139.00 133.00
138.50 133.00
138.00 133.50
137.50 134.00
137.00 134.00
136.50 134.50
136.00 135.00
135.50 135.00
135.00 135.00
134.50 135.00
134.00 135.50
133.50 135.50
