119.50 100.00
120.00 100.00
120.50 99.50
121.00 99.50
121.50 99.00
122.00 99.00
122.50 98.50
123.00 98.50
123.50 98.00
124.00 98.00
124.50 98.00
125.00 97.50
125.50 97.50
126.00 97.00
126.50 97.00
127.00 97.00
127.50 97.00
128.00 96.50
128.50 96.50
129.00 96.50
129.50 96.50
130.00 96.50
130.50 96.00
131.00 96.00
131.50 96.00
132.00 96.00
132.50 96.00
133.00 96.00
133.50 96.00
134.00 96.00
134.50 96.00
135.00 96.00
135.50 96.00
136.00 96.00
136.50 96.00
137.00 96.00
137.50 96.50
138.00 96.50
138.50 96.50
139.00 96.50
139.50 96.50
140.00 96.50
140.50 97.00
141.00 97.00
141.50 97.00
142.00 97.50
142.50 97.50
143.00 97.50
143.50 98.00
144.00 98.50
144.50 98.50
145.00 98.50
145.50 99.00
146.00 99.50
146.50 99.50
147.00 100.00
147.50 100.00
148.00 100.50
148.50 101.00
149.00 101.50
149.50 101.50
150.00 102.00
150.50 102.50
151.00 103.00
151.50 103.50
152.00 104.00
152.50 104.50
153.00 105.00
153.50 105.50
153.50 106.00
154.00 106.50
154.50 107.00
155.00 107.50
155.00 108.00
155.50 108.50
156.00 109.00
156.00 109.50
156.50 110.00
157.00 110.50
157.00 111.00
157.50 111.50
157.50 112.00
158.00 112.50
158.00 113.00
158.50 113.50
158.50 114.00
159.00 114.50
159.00 115.00
159.00 115.50
159.00 116.00
159.50 116.50
159.50 117.00
159.50 117.50
160.00 118.00
160.00 118.50
160.00 119.00
160.00 119.50
160.50 120.00
160.50 120.50
160.50 121.00
160.50 121.50
160.50 122.00
160.50 122.50
160.50 123.00
160.50 123.50
160.50 124.00
161.00 124.50
161.00 125.00
161.00 125.50
161.00 126.00
161.00 126.50
161.00 127.00
160.50 127.50
160.50 128.00
160.50 128.50
160.50 129.00
160.50 129.50
160.50 130.00
160.50 130.50
160.50 131.00
160.00 131.50
160.00 132.00
160.00 132.50
160.00 133.00
160.00 133.50
159.50 134.00
159.50 134.50
159.50 135.00
159.00 135.50
159.00 136.00
159.00 136.50
158.50 137.00
158.50 137.50
158.00 138.00
158.00 138.50
158.00 139.00
157.50 139.50
157.00 140.00
157.00 140.50
156.50 141.00
156.00 141.50
156.00 142.00
155.50 142.50
155.00 143.00
155.00 143.50
154.50 144.00
154.00 144.00
153.50 144.50
153.00 145.00
153.00 145.50
152.50 146.00
152.00 146.50
151.50 146.50
151.00 147.00
150.50 147.50
150.00 148.00
149.50 148.00
149.00 148.50
148.50 149.00
148.00 149.50
147.50 149.50
147.00 150.00
146.50 150.50
146.00 150.50
145.50 150.50
145.00 151.00
144.50 151.00
144.00 151.00
143.50 151.50
143.00 151.50
142.50 152.00
142.00 152.00
141.50 152.00
141.00 152.50
140.50 152.50
140.00 152.50
139.50 152.50
139.00 152.50
138.50 153.00
138.00 153.00
137.50 153.00
137.00 153.00
136.50 153.00
136.00 153.00
135.50 153.00
135.00 153.00
134.50 153.00
134.00 153.00
133.50 153.00
133.00 153.00
132.50 153.00
132.00 153.00
131.50 153.00
131.00 153.00
130.50 153.00
130.00 153.00
129.50 153.00
129.00 152.50
128.50 152.50
128.00 152.50
127.50 152.50
127.00 152.50
126.50 152.50
126.00 152.00
125.50 152.00
125.00 152.00
124.50 152.00
124.00 151.50
123.50 151.50
123.00 151.50
122.50 151.00
122.00 151.00
121.50 151.00
121.00 150.50
120.50 150.50
120.00 150.50
119.50 150.00
119.00 150.00
118.50 149.50
118.00 149.50
117.50 149.00
117.00 149.00
116.50 148.50
116.00 148.50
115.50 148.00
115.00 147.50
114.50 147.00
114.00 147.00
113.50 146.50
113.00 146.00
112.50 145.50
112.00 145.50
111.50 145.00
111.00 144.50
111.00 144.00
110.50 143.50
110.00 143.00
109.50 142.50
109.50 142.00
109.00 141.50
108.50 141.00
108.50 140.50
108.00 140.00
107.50 139.50
107.50 139.00
107.50 138.50
107.00 138.00
107.00 137.50
107.00 137.00
106.50 136.50
106.50 136.00
106.00 135.50
106.00 135.00
106.00 134.50
106.00 134.00
105.50 133.50
105.50 133.00
105.50 132.50
105.50 132.00
105.50 131.50
105.50 131.00
105.00 130.50
105.00 130.00
105.00 129.50
105.00 129.00
105.00 128.50
105.00 128.00
105.00 127.50
105.00 127.00
105.00 126.50
105.00 126.00
105.00 125.50
105.00 125.00
105.00 124.50
105.00 124.00
105.00 123.50
105.00 123.00
105.00 122.50
105.00 122.00
105.50 121.50
105.50 121.00
105.50 120.50
105.50 120.00
105.50 119.50
105.50 119.00
106.00 118.50
106.00 118.00
106.00 117.50
106.00 117.00
106.50 116.50
106.50 116.00
106.50 115.50
107.00 115.00
107.00 114.50
107.50 114.00
107.50 113.50
108.00 113.00
108.00 112.50
108.00 112.00
108.50 111.50
108.50 111.00
109.00 110.50
109.50 110.00
109.50 109.50
110.00 109.00
110.50 108.50
111.00 108.00
111.00 107.50
111.50 107.00
112.00 106.50
112.50 106.00
113.00 105.50
113.50 105.00
114.00 104.50
114.50 104.00
115.00 103.50
115.50 103.00
116.00 102.50
116.50 102.00
117.00 102.00
117.50 101.50
118.00 101.00
118.50 101.00
119.00 100.50
