137.50 141.50
137.00 141.50
136.50 141.50
136.00 142.00
135.50 142.00
135.00 142.00
134.50 142.00
134.00 142.50
133.50 142.50
133.00 142.50
132.50 142.50
132.00 142.50
131.50 142.50
131.00 143.00
130.50 143.00
130.00 143.00
129.50 143.00
129.00 143.00
128.50 143.00
128.00 142.50
127.50 142.50
127.00 142.50
126.50 142.50
126.00 142.50
125.50 142.00
125.00 142.00
124.50 142.00
124.00 141.50
123.50 141.50
123.00 141.50
122.50 141.00
122.00 141.00
121.50 140.50
121.00 140.00
120.50 140.00
120.00 139.50
119.50 139.50
119.00 139.00
118.50 138.50
118.00 138.00
118.00 137.50
117.50 137.00
117.00 136.50
116.50 136.00
116.00 135.50
116.00 135.00
115.50 134.50
115.50 134.00
115.00 133.50
115.00 133.00
114.50 132.50
114.50 132.00
114.50 131.50
114.50 131.00
114.00 130.50
114.00 130.00
114.00 129.50
114.00 129.00
113.50 128.50
113.50 128.00
113.50 127.50
113.50 127.00
113.50 126.50
113.50 126.00
113.50 125.50
113.50 125.00
113.50 124.50
113.50 124.00
113.50 123.50
113.50 123.00
113.50 122.50
113.50 122.00
113.50 121.50
113.50 121.00
113.50 120.50
113.50 120.00
113.50 119.50
113.50 119.00
113.50 118.50
113.50 118.00
114.00 117.50
114.00 117.00
114.00 116.50
114.00 116.00
114.00 115.50
114.00 115.00
114.50 114.50
114.50 114.00
114.50 113.50
114.50 113.00
115.00 112.50
115.00 112.00
115.00 111.50
115.50 111.00
115.50 110.50
116.00 110.00
116.00 109.50
116.50 109.00
117.00 108.50
117.00 108.00
117.50 107.50
118.00 107.00
118.50 106.50
119.00 106.00
119.50 105.50
120.00 105.50
120.50 105.00
121.00 105.00
121.50 104.50
122.00 104.50
122.50 104.00
123.00 104.00
123.50 104.00
124.00 103.50
124.50 103.50
125.00 103.50
125.50 103.50
126.00 103.00
126.50 103.00
127.00 103.00
127.50 103.00
128.00 103.00
128.50 103.00
129.00 103.00
129.50 103.00
130.00 103.00
130.50 103.00
131.00 103.00
131.50 103.00
132.00 103.00
132.50 103.00
133.00 103.50
133.50 103.50
134.00 103.50
134.50 103.50
135.00 104.00
135.50 104.00
136.00 104.00
136.50 104.50
137.00 104.50
137.50 104.50
138.00 105.00
138.50 105.00
139.00 105.50
139.50 105.50
140.00 106.00
140.50 106.50
141.00 107.00
141.50 107.00
142.00 107.50
142.50 108.00
143.00 108.50
143.50 108.50
144.00 109.00
144.00 109.50
144.50 110.00
145.00 110.50
145.50 111.00
146.00 111.50
146.00 112.00
146.50 112.50
147.00 113.00
147.00 113.50
147.50 114.00
148.00 114.50
148.00 115.00
148.50 115.50
148.50 116.00
148.50 116.50
149.00 117.00
149.00 117.50
149.50 118.00
149.50 118.50
149.50 119.00
149.50 119.50
149.50 120.00
150.00 120.50
150.00 121.00
150.00 121.50
150.00 122.00
150.00 122.50
150.00 123.00
150.00 123.50
150.00 124.00
150.00 124.50
150.00 125.00
150.00 125.50
150.00 126.00
150.00 126.50
150.00 127.00
149.50 127.50
149.50 128.00
149.50 128.50
149.00 129.00
149.00 129.50
149.00 130.00
149.00 130.50
148.50 131.00
148.50 131.50
148.00 132.00
148.00 132.50
147.50 133.00
147.50 133.50
147.00 134.00
146.50 134.50
146.00 135.00
145.50 135.50
145.00 136.00
144.50 136.50
144.00 137.00
143.50 137.50
143.00 138.00
142.50 138.50
142.00 139.00
141.50 139.00
141.00 139.50
140.50 139.50
140.00 140.00
139.50 140.50
139.00 140.50
138.50 140.50
138.00 141.00
