154.50 131.50
154.50 132.00
154.50 132.50
154.00 133.00
154.00 133.50
154.00 134.00
154.00 134.50
154.00 135.00
153.50 135.50
153.50 136.00
153.00 136.50
153.00 137.00
153.00 137.50
152.50 138.00
152.50 138.50
152.00 139.00
151.50 139.50
151.50 140.00
151.00 140.50
151.00 141.00
150.50 141.50
150.00 142.00
149.50 142.50
149.00 143.00
148.50 143.50
148.00 144.00
147.50 144.50
147.00 144.50
146.50 145.00
146.00 145.00
145.50 145.50
145.00 146.00
144.50 146.00
144.00 146.50
143.50 146.50
143.00 146.50
142.50 147.00
142.00 147.00
141.50 147.00
141.00 147.50
140.50 147.50
140.00 147.50
139.50 147.50
139.00 148.00
138.50 148.00
138.00 148.00
137.50 148.00
137.00 148.50
136.50 148.50
136.00 148.50
135.50 148.50
135.00 148.50
134.50 148.50
134.00 148.50
133.50 148.50
133.00 148.50
132.50 148.50
132.00 149.00
131.50 149.00
131.00 149.00
130.50 148.50
130.00 148.50
129.50 148.50
129.00 148.50
128.50 148.50
128.00 148.50
127.50 148.50
127.00 148.50
126.50 148.50
126.00 148.00
125.50 148.00
125.00 148.00
124.50 148.00
124.00 147.50
123.50 147.50
123.00 147.50
122.50 147.50
122.00 147.00
121.50 146.50
121.00 146.50
120.50 146.00
120.00 146.00
119.50 146.00
119.00 145.50
118.50 145.00
118.00 144.50
117.50 144.00
117.00 144.00
116.50 143.50
116.00 143.00
115.50 142.50
115.00 142.00
114.50 141.50
114.00 141.00
114.00 140.50
113.50 140.00
113.00 139.50
113.00 139.00
112.50 138.50
112.00 138.00
112.00 137.50
112.00 137.00
111.50 136.50
111.50 136.00
111.00 135.50
111.00 135.00
111.00 134.50
110.50 134.00
110.50 133.50
110.50 133.00
110.50 132.50
110.50 132.00
110.50 131.50
110.00 131.00
110.00 130.50
110.00 130.00
110.00 129.50
110.00 129.00
110.00 128.50
110.00 128.00
110.50 127.50
110.50 127.00
110.50 126.50
110.50 126.00
110.50 125.50
110.50 125.00
110.50 124.50
111.00 124.00
111.00 123.50
111.00 123.00
111.00 122.50
111.00 122.00
111.50 121.50
111.50 121.00
111.50 120.50
112.00 120.00
112.00 119.50
112.00 119.00
112.50 118.50
112.50 118.00
113.00 117.50
113.00 117.00
113.00 116.50
113.50 116.00
113.50 115.50
114.00 115.00
114.00 114.50
114.50 114.00
114.50 113.50
115.00 113.00
115.50 112.50
115.50 112.00
116.00 111.50
116.00 111.00
116.50 110.50
117.00 110.00
117.50 109.50
118.00 109.00
118.50 108.50
118.50 108.00
119.00 107.50
119.50 107.50
120.00 107.00
120.50 106.50
121.00 106.00
121.50 106.00
122.00 105.50
122.50 105.50
123.00 105.00
123.50 105.00
124.00 104.50
124.50 104.00
125.00 104.00
125.50 104.00
126.00 104.00
126.50 103.50
127.00 103.50
127.50 103.50
128.00 103.50
128.50 103.00
129.00 103.00
129.50 103.00
130.00 103.00
130.50 103.00
131.00 103.00
131.50 103.00
132.00 103.00
132.50 103.00
133.00 103.00
133.50 103.00
134.00 103.00
134.50 103.00
135.00 103.50
135.50 103.50
136.00 103.50
136.50 103.50
137.00 103.50
137.50 104.00
138.00 104.00
138.50 104.00
139.00 104.50
139.50 104.50
140.00 104.50
140.50 105.00
141.00 105.00
141.50 105.50
142.00 105.50
142.50 106.00
143.00 106.50
143.50 106.50
144.00 107.00
144.50 107.50
145.00 108.00
145.50 108.00
146.00 108.50
146.50 109.00
147.00 109.50
147.50 110.00
148.00 110.50
148.50 111.00
148.50 111.50
149.00 112.00
149.50 112.50
150.00 113.00
150.00 113.50
150.50 114.00
151.00 114.50
151.00 115.00
151.50 115.50
151.50 116.00
152.00 116.50
152.00 117.00
152.50 117.50
152.50 118.00
153.00 118.50
153.00 119.00
153.00 119.50
153.50 120.00
153.50 120.50
153.50 121.00
154.00 121.50
154.00 122.00
154.00 122.50
154.00 123.00
154.00 123.50
154.50 124.00
154.50 124.50
154.50 125.00
154.50 125.50
154.50 126.00
154.50 126.50
154.50 127.00
154.50 127.50
154.50 128.00
154.50 128.50
154.50 129.00
154.50 129.50
154.50 130.00
154.50 130.50
154.50 131.00
