123.50 145.50
123.00 145.50
122.50 145.00
122.00 145.00
121.50 144.50
121.00 144.50
120.50 144.00
120.00 144.00
119.50 143.50
119.00 143.50
118.50 143.00
118.00 142.50
117.50 142.00
117.00 141.50
116.50 141.00
116.50 140.50
116.00 140.00
116.00 139.50
115.50 139.00
115.50 138.50
115.00 138.00
115.00 137.50
115.00 137.00
114.50 136.50
114.50 136.00
114.50 135.50
114.50 135.00
114.00 134.50
114.00 134.00
114.00 133.50
114.00 133.00
114.00 132.50
113.50 132.00
113.50 131.50
113.50 131.00
113.50 130.50
113.50 130.00
113.00 129.50
113.00 129.00
113.00 128.50
113.00 128.00
113.00 127.50
113.00 127.00
113.00 126.50
113.00 126.00
112.50 125.50
112.50 125.00
112.50 124.50
112.50 124.00
112.50 123.50
112.50 123.00
112.50 122.50
112.50 122.00
112.50 121.50
112.50 121.00
112.50 120.50
112.50 120.00
113.00 119.50
113.00 119.00
113.00 118.50
113.00 118.00
113.00 117.50
113.50 117.00
113.50 116.50
114.00 116.00
114.00 115.50
114.00 115.00
114.50 114.50
114.50 114.00
115.00 113.50
115.50 113.00
115.50 112.50
116.00 112.00
116.00 111.50
116.50 111.00
116.50 110.50
117.00 110.00
117.50 109.50
118.00 109.00
118.50 108.50
118.50 108.00
119.00 107.50
119.50 107.00
119.50 106.50
120.00 106.50
120.50 106.50
121.00 106.00
121.50 105.50
122.00 105.50
122.50 105.00
123.00 104.50
123.50 104.50
124.00 104.50
124.50 104.00
125.00 104.00
125.50 104.00
126.00 103.50
126.50 103.50
127.00 103.50
127.50 103.50
128.00 103.00
128.50 103.00
129.00 103.00
129.50 103.00
130.00 103.00
130.50 103.00
131.00 103.00
131.50 103.00
132.00 103.00
132.50 103.00
133.00 103.00
133.50 103.00
134.00 103.00
134.50 103.00
135.00 103.50
135.50 103.50
136.00 103.50
136.50 103.50
137.00 104.00
137.50 104.00
138.00 104.00
138.50 104.00
139.00 104.50
139.50 104.50
140.00 105.00
140.50 105.50
141.00 105.50
141.50 106.00
142.00 106.00
142.50 106.50
143.00 106.50
143.50 107.00
144.00 107.50
144.50 108.00
145.00 108.50
145.50 108.50
146.00 109.00
146.00 109.50
146.50 110.00
147.00 110.50
147.50 111.00
148.00 111.50
148.00 112.00
148.50 112.50
149.00 113.00
149.00 113.50
149.50 114.00
149.50 114.50
150.00 115.00
150.00 115.50
150.00 116.00
150.50 116.50
150.50 117.00
151.00 117.50
151.00 118.00
151.00 118.50
151.00 119.00
151.50 119.50
151.50 120.00
151.50 120.50
151.50 121.00
151.50 121.50
151.50 122.00
152.00 122.50
152.00 123.00
152.00 123.50
152.00 124.00
152.00 124.50
152.00 125.00
152.00 125.50
152.00 126.00
152.00 126.50
152.00 127.00
152.00 127.50
152.00 128.00
152.00 128.50
152.00 129.00
152.00 129.50
152.00 130.00
152.00 130.50
151.50 131.00
151.50 131.50
151.50 132.00
151.50 132.50
151.50 133.00
151.50 133.50
151.00 134.00
151.00 134.50
151.00 135.00
150.50 135.50
150.50 136.00
150.50 136.50
150.50 137.00
150.00 137.50
150.00 138.00
149.50 138.50
149.50 139.00
149.00 139.50
148.50 140.00
148.50 140.50
148.00 141.00
148.00 141.50
147.50 142.00
147.00 142.50
146.50 143.00
146.00 143.50
145.50 144.00
145.00 144.50
144.50 144.50
144.00 145.00
143.50 145.50
143.00 145.50
142.50 145.50
142.00 146.00
141.50 146.00
141.00 146.50
140.50 146.50
140.00 146.50
139.50 147.00
139.00 147.00
138.50 147.00
138.00 147.00
137.50 147.00
137.00 147.00
136.50 147.50
136.00 147.50
135.50 147.50
135.00 147.50
134.50 147.50
134.00 147.50
133.50 147.50
133.00 147.50
132.50 147.50
132.00 147.50
131.50 147.50
131.00 147.50
130.50 147.50
130.00 147.50
129.50 147.00
129.00 147.00
128.50 147.00
128.00 147.00
127.50 147.00
127.00 147.00
126.50 146.50
126.00 146.50
125.50 146.50
125.00 146.00
124.50 146.00
124.00 145.50
