150.00 132.50
149.50 132.00
149.00 132.00
148.50 131.50
148.00 131.00
147.50 130.50
147.00 130.00
147.00 129.50
146.50 129.00
146.00 128.50
145.50 128.00
145.00 127.50
144.50 127.00
144.00 126.50
143.50 126.00
143.00 125.50
143.00 125.00
143.00 124.50
143.00 124.00
143.00 123.50
143.50 123.00
143.50 122.50
144.00 122.00
144.50 121.50
144.50 121.00
145.00 120.50
145.50 120.50
146.00 120.00
146.50 120.00
147.00 119.50
147.50 119.50
148.00 119.50
148.50 119.50
149.00 119.50
149.50 119.50
150.00 119.50
150.50 119.50
151.00 119.50
151.50 120.00
152.00 120.00
152.50 120.50
153.00 120.50
153.50 121.00
154.00 121.00
154.50 121.50
155.00 122.00
155.00 122.50
155.00 123.00
155.50 123.50
155.50 124.00
155.50 124.50
155.50 125.00
155.50 125.50
155.50 126.00
155.00 126.50
154.50 127.00
154.00 127.00
153.50 127.00
153.00 126.50
152.50 126.00
152.00 126.50
152.00 127.00
152.50 127.50
153.00 128.00
153.00 128.50
153.50 129.00
153.50 129.50
153.50 130.00
153.50 130.50
153.50 131.00
153.00 131.50
152.50 132.00
152.00 132.00
151.50 132.50
151.00 132.50
150.50 132.50
