156.50 128.00
156.50 128.50
156.50 129.00
156.50 129.50
156.50 130.00
156.50 130.50
156.00 131.00
156.00 131.50
156.00 132.00
156.00 132.50
156.00 133.00
155.50 133.50
155.50 134.00
155.50 134.50
155.50 135.00
155.00 135.50
155.00 136.00
155.00 136.50
154.50 137.00
154.50 137.50
154.50 138.00
154.00 138.50
154.00 139.00
153.50 139.50
153.50 140.00
153.00 140.50
153.00 141.00
152.50 141.50
152.00 142.00
152.00 142.50
151.50 143.00
151.00 143.50
150.50 144.00
150.00 144.50
149.50 145.00
149.00 145.50
148.50 145.50
148.00 146.00
147.50 146.50
147.00 146.50
146.50 147.00
146.00 147.50
145.50 147.50
145.00 148.00
144.50 148.00
144.00 148.00
143.50 148.50
143.00 148.50
142.50 149.00
142.00 149.00
141.50 149.00
141.00 149.50
140.50 149.50
140.00 149.50
139.50 149.50
139.00 149.50
138.50 150.00
138.00 150.00
137.50 150.00
137.00 150.00
136.50 150.00
136.00 150.00
135.50 150.00
135.00 150.00
134.50 150.00
134.00 150.00
133.50 150.00
133.00 150.00
132.50 150.00
132.00 150.00
131.50 150.00
131.00 150.00
130.50 150.00
130.00 150.00
129.50 150.00
129.00 149.50
128.50 149.50
128.00 149.50
127.50 149.50
127.00 149.50
126.50 149.00
126.00 149.00
125.50 149.00
125.00 148.50
124.50 148.50
124.00 148.50
123.50 148.00
123.00 148.00
122.50 147.50
122.00 147.50
121.50 147.00
121.00 147.00
120.50 146.50
120.00 146.00
119.50 146.00
119.00 145.50
118.50 145.00
118.00 144.50
117.50 144.00
117.00 143.50
116.50 143.00
116.00 142.50
116.00 142.00
115.50 141.50
115.00 141.00
115.00 140.50
114.50 140.00
114.50 139.50
114.00 139.00
114.00 138.50
113.50 138.00
113.50 137.50
113.00 137.00
113.00 136.50
113.00 136.00
112.50 135.50
112.50 135.00
112.50 134.50
112.50 134.00
112.00 133.50
112.00 133.00
112.00 132.50
112.00 132.00
112.00 131.50
112.00 131.00
111.50 130.50
111.50 130.00
111.50 129.50
111.50 129.00
111.50 128.50
111.50 128.00
111.50 127.50
111.50 127.00
111.50 126.50
111.50 126.00
111.50 125.50
111.50 125.00
111.50 124.50
111.50 124.00
111.50 123.50
111.50 123.00
111.50 122.50
111.50 122.00
112.00 121.50
112.00 121.00
112.00 120.50
112.00 120.00
112.00 119.50
112.50 119.00
112.50 118.50
112.50 118.00
113.00 117.50
113.00 117.00
113.00 116.50
113.00 116.00
113.50 115.50
113.50 115.00
114.00 114.50
114.00 114.00
114.00 113.50
114.50 113.00
114.50 112.50
115.00 112.00
115.50 111.50
115.50 111.00
116.00 110.50
116.00 110.00
116.50 109.50
117.00 109.00
117.00 108.50
117.50 108.00
118.00 107.50
118.50 107.00
118.50 106.50
119.00 106.00
119.50 106.00
120.00 105.50
120.50 105.00
121.00 104.50
121.50 104.00
122.00 103.50
122.50 103.50
123.00 103.00
123.50 102.50
124.00 102.50
124.50 102.50
125.00 102.00
125.50 102.00
126.00 101.50
126.50 101.50
127.00 101.50
127.50 101.50
128.00 101.00
128.50 101.00
129.00 101.00
129.50 101.00
130.00 101.00
130.50 101.00
131.00 101.00
131.50 101.00
132.00 101.00
132.50 101.00
133.00 101.00
133.50 101.00
134.00 101.00
134.50 101.00
135.00 101.00
135.50 101.00
136.00 101.00
136.50 101.50
137.00 101.50
137.50 101.50
138.00 101.50
138.50 102.00
139.00 102.00
139.50 102.00
140.00 102.00
140.50 102.50
141.00 102.50
141.50 102.50
142.00 103.00
142.50 103.00
143.00 103.50
143.50 103.50
144.00 104.00
144.50 104.00
145.00 104.50
145.50 104.50
146.00 105.00
146.50 105.50
147.00 105.50
147.50 106.00
148.00 106.00
148.50 106.50
149.00 107.00
149.50 107.50
150.00 108.00
150.50 108.50
151.00 109.00
151.50 109.50
152.00 110.00
152.00 110.50
152.50 111.00
153.00 111.50
153.00 112.00
153.50 112.50
153.50 113.00
154.00 113.50
154.50 114.00
154.50 114.50
154.50 115.00
155.00 115.50
155.00 116.00
155.00 116.50
155.50 117.00
155.50 117.50
155.50 118.00
156.00 118.50
156.00 119.00
156.00 119.50
156.00 120.00
156.00 120.50
156.00 121.00
156.50 121.50
156.50 122.00
156.50 122.50
156.50 123.00
156.50 123.50
156.50 124.00
156.50 124.50
156.50 125.00
156.50 125.50
156.50 126.00
156.50 126.50
156.50 127.00
156.50 127.50
