141.00 138.00
140.50 138.50
140.00 138.50
139.50 139.00
139.00 139.00
138.50 139.00
138.00 139.00
137.50 139.50
137.00 139.50
136.50 139.50
136.00 139.50
135.50 139.50
135.00 139.50
134.50 139.50
134.00 139.50
133.50 139.50
133.00 139.50
132.50 140.00
132.00 140.00
131.50 140.00
131.00 140.00
130.50 140.00
130.00 140.00
129.50 140.00
129.00 140.00
128.50 139.50
128.00 139.50
127.50 139.50
127.00 139.50
126.50 139.50
126.00 139.50
125.50 139.00
125.00 139.00
124.50 139.00
124.00 139.00
123.50 138.50
123.00 138.50
122.50 138.00
122.00 138.00
121.50 137.50
121.00 137.00
120.50 136.50
120.00 136.50
119.50 136.00
119.00 135.50
119.00 135.00
118.50 134.50
118.00 134.00
118.00 133.50
117.50 133.00
117.50 132.50
117.00 132.00
117.00 131.50
117.00 131.00
116.50 130.50
116.50 130.00
116.50 129.50
116.00 129.00
116.00 128.50
116.00 128.00
116.00 127.50
115.50 127.00
115.50 126.50
115.50 126.00
115.50 125.50
115.50 125.00
115.50 124.50
115.50 124.00
115.50 123.50
115.50 123.00
115.50 122.50
115.50 122.00
115.50 121.50
115.50 121.00
115.50 120.50
115.50 120.00
116.00 119.50
116.00 119.00
116.00 118.50
116.00 118.00
116.50 117.50
116.50 117.00
117.00 116.50
117.00 116.00
117.50 115.50
118.00 115.00
118.00 114.50
118.50 114.00
119.00 113.50
119.50 113.00
120.00 112.50
120.50 112.50
121.00 112.50
121.50 112.00
122.00 111.50
122.50 111.50
123.00 111.50
123.50 111.50
124.00 111.00
124.50 111.00
125.00 111.00
125.50 111.00
126.00 111.00
126.50 111.00
127.00 111.00
127.50 111.00
128.00 111.00
128.50 111.00
129.00 111.00
129.50 111.00
130.00 111.00
130.50 111.00
131.00 111.00
131.50 111.00
132.00 111.00
132.50 111.00
133.00 111.00
133.50 111.50
134.00 111.50
134.50 111.50
135.00 111.50
135.50 111.50
136.00 111.50
136.50 112.00
137.00 112.00
137.50 112.00
138.00 112.00
138.50 112.50
139.00 112.50
139.50 112.50
140.00 113.00
140.50 113.50
141.00 113.50
141.50 114.00
142.00 114.00
142.50 114.50
143.00 115.00
143.50 115.00
144.00 115.50
144.00 116.00
144.50 116.50
145.00 117.00
145.50 117.50
146.00 118.00
146.00 118.50
146.00 119.00
146.50 119.50
146.50 120.00
146.50 120.50
147.00 121.00
147.00 121.50
147.00 122.00
147.00 122.50
147.50 123.00
147.50 123.50
147.50 124.00
147.50 124.50
147.50 125.00
147.50 125.50
147.50 126.00
147.50 126.50
147.50 127.00
147.50 127.50
147.50 128.00
147.00 128.50
147.00 129.00
146.50 129.50
146.50 130.00
146.50 130.50
146.00 131.00
145.50 131.50
145.50 132.00
145.50 132.50
145.00 133.00
144.50 133.50
144.50 134.00
144.00 134.50
143.50 135.00
143.00 135.50
142.50 136.00
142.50 136.50
142.00 137.00
141.50 137.50
