138.50 148.00
138.00 148.50
137.50 148.50
137.00 148.50
136.50 149.00
136.00 149.00
135.50 149.00
135.00 149.00
134.50 149.50
134.00 149.50
133.50 149.50
133.00 149.50
132.50 149.50
132.00 149.50
131.50 149.50
131.00 149.50
130.50 149.50
130.00 149.50
129.50 149.50
129.00 149.50
128.50 149.00
128.00 149.00
127.50 149.00
127.00 149.00
126.50 149.00
126.00 148.50
125.50 148.50
125.00 148.50
124.50 148.50
124.00 148.00
123.50 148.00
123.00 148.00
122.50 147.50
122.00 147.50
121.50 147.50
121.00 147.00
120.50 146.50
120.00 146.50
119.50 146.50
119.00 146.00
118.50 145.50
118.00 145.50
117.50 145.00
117.00 144.50
116.50 144.00
116.00 144.00
115.50 143.50
115.00 143.00
114.50 142.50
114.00 142.00
113.50 141.50
113.00 141.00
113.00 140.50
112.50 140.00
112.00 139.50
112.00 139.00
112.00 138.50
111.50 138.00
111.00 137.50
111.00 137.00
111.00 136.50
111.00 136.00
110.50 135.50
110.50 135.00
110.50 134.50
110.50 134.00
110.00 133.50
110.00 133.00
110.00 132.50
110.00 132.00
110.00 131.50
110.00 131.00
110.00 130.50
110.00 130.00
110.00 129.50
110.00 129.00
110.00 128.50
110.00 128.00
110.50 127.50
110.50 127.00
110.50 126.50
110.50 126.00
110.50 125.50
110.50 125.00
111.00 124.50
111.00 124.00
111.00 123.50
111.50 123.00
111.50 122.50
112.00 122.00
112.00 121.50
112.00 121.00
112.50 120.50
113.00 120.00
113.00 119.50
113.00 119.00
113.50 118.50
114.00 118.00
114.50 117.50
115.00 117.00
115.00 116.50
115.50 116.00
116.00 115.50
116.50 115.00
117.00 114.50
117.50 114.00
118.00 113.50
118.50 113.00
119.00 113.00
119.50 112.50
120.00 112.00
120.50 111.50
121.00 111.50
121.50 111.00
122.00 110.50
122.50 110.50
123.00 110.50
123.50 110.00
124.00 109.50
124.50 109.50
125.00 109.00
125.50 109.00
126.00 109.00
126.50 109.00
127.00 108.50
127.50 108.50
128.00 108.00
128.50 108.00
129.00 108.00
129.50 108.00
130.00 108.00
130.50 108.00
131.00 107.50
131.50 107.50
132.00 107.50
132.50 107.50
133.00 107.50
133.50 107.50
134.00 107.50
134.50 107.50
135.00 108.00
135.50 108.00
136.00 108.00
136.50 108.00
137.00 108.50
137.50 108.50
138.00 108.50
138.50 109.00
139.00 109.00
139.50 109.50
140.00 109.50
140.50 110.00
141.00 110.00
141.50 110.50
142.00 111.00
142.50 111.00
143.00 111.50
143.50 112.00
143.50 112.50
144.00 113.00
144.50 113.00
145.00 113.50
145.50 114.00
145.50 114.50
146.00 115.00
146.50 115.50
146.50 116.00
147.00 116.50
147.50 117.00
147.50 117.50
148.00 118.00
148.00 118.50
148.50 119.00
149.00 119.50
149.00 120.00
149.00 120.50
149.50 121.00
149.50 121.50
150.00 122.00
150.00 122.50
150.00 123.00
150.00 123.50
150.50 124.00
150.50 124.50
150.50 125.00
150.50 125.50
150.50 126.00
151.00 126.50
151.00 127.00
151.00 127.50
151.00 128.00
151.00 128.50
151.00 129.00
151.00 129.50
151.00 130.00
151.00 130.50
151.00 131.00
151.00 131.50
150.50 132.00
150.50 132.50
150.50 133.00
150.50 133.50
150.50 134.00
150.00 134.50
150.00 135.00
150.00 135.50
150.00 136.00
149.50 136.50
149.50 137.00
149.00 137.50
149.00 138.00
149.00 138.50
148.50 139.00
148.00 139.50
148.00 140.00
147.50 140.50
147.00 141.00
147.00 141.50
146.50 142.00
146.00 142.50
146.00 143.00
145.50 143.50
145.00 144.00
144.50 144.50
144.00 144.50
143.50 145.00
143.00 145.50
142.50 146.00
142.00 146.50
141.50 147.00
141.00 147.00
140.50 147.00
140.00 147.50
139.50 148.00
139.00 148.00
