139.50 99.00
140.00 99.00
140.50 99.50
141.00 99.50
141.50 99.50
142.00 100.00
142.50 100.00
143.00 100.00
143.50 100.50
144.00 100.50
144.50 100.50
145.00 101.00
145.50 101.00
146.00 101.50
146.50 102.00
147.00 102.00
147.50 102.50
148.00 102.50
148.50 103.00
149.00 103.50
149.50 103.50
150.00 104.00
150.50 104.50
151.00 105.00
151.50 105.50
152.00 106.00
152.50 106.50
153.00 107.00
153.50 107.50
153.50 108.00
154.00 108.50
154.50 109.00
155.00 109.50
155.00 110.00
155.50 110.50
156.00 111.00
156.00 111.50
156.00 112.00
156.50 112.50
156.50 113.00
157.00 113.50
157.00 114.00
157.00 114.50
157.50 115.00
157.50 115.50
157.50 116.00
158.00 116.50
158.00 117.00
158.00 117.50
158.00 118.00
158.50 118.50
158.50 119.00
158.50 119.50
158.50 120.00
158.50 120.50
158.50 121.00
159.00 121.50
159.00 122.00
159.00 122.50
159.00 123.00
159.00 123.50
159.00 124.00
159.00 124.50
159.00 125.00
159.00 125.50
159.00 126.00
159.00 126.50
159.00 127.00
159.00 127.50
159.00 128.00
159.00 128.50
159.00 129.00
159.00 129.50
159.00 130.00
159.00 130.50
159.00 131.00
159.00 131.50
159.00 132.00
159.00 132.50
158.50 133.00
158.50 133.50
158.50 134.00
158.50 134.50
158.50 135.00
158.50 135.50
158.00 136.00
158.00 136.50
158.00 137.00
157.50 137.50
157.50 138.00
157.50 138.50
157.50 139.00
157.00 139.50
157.00 140.00
156.50 140.50
156.00 141.00
156.00 141.50
156.00 142.00
155.50 142.50
155.00 143.00
155.00 143.50
154.50 144.00
154.00 144.50
153.50 145.00
153.00 145.50
152.50 146.00
152.00 146.50
151.50 147.00
151.00 147.50
150.50 147.50
150.00 148.00
149.50 148.00
149.00 148.50
148.50 148.50
148.00 149.00
147.50 149.00
147.00 149.50
146.50 149.50
146.00 150.00
145.50 150.00
145.00 150.00
144.50 150.50
144.00 150.50
143.50 150.50
143.00 151.00
142.50 151.00
142.00 151.00
141.50 151.50
141.00 151.50
140.50 151.50
140.00 151.50
139.50 151.50
139.00 152.00
138.50 152.00
138.00 152.00
137.50 152.00
137.00 152.00
136.50 152.00
136.00 152.00
135.50 152.00
135.00 152.00
134.50 152.00
134.00 152.00
133.50 152.50
133.00 152.50
132.50 152.50
132.00 152.50
131.50 152.00
131.00 152.00
130.50 152.00
130.00 152.00
129.50 152.00
129.00 152.00
128.50 152.00
128.00 152.00
127.50 152.00
127.00 152.00
126.50 152.00
126.00 151.50
125.50 151.50
125.00 151.50
124.50 151.50
124.00 151.50
123.50 151.00
123.00 151.00
122.50 151.00
122.00 151.00
121.50 150.50
121.00 150.50
120.50 150.50
120.00 150.50
119.50 150.00
119.00 150.00
118.50 150.00
118.00 149.50
117.50 149.50
117.00 149.00
116.50 149.00
116.00 148.50
115.50 148.50
115.00 148.00
114.50 148.00
114.00 147.50
113.50 147.00
113.00 147.00
112.50 146.50
112.00 146.00
111.50 145.50
111.00 145.00
110.50 144.50
110.00 144.00
110.00 143.50
109.50 143.00
109.00 142.50
109.00 142.00
108.50 141.50
108.50 141.00
108.00 140.50
108.00 140.00
108.00 139.50
107.50 139.00
107.50 138.50
107.00 138.00
107.00 137.50
107.00 137.00
106.50 136.50
106.50 136.00
106.50 135.50
106.50 135.00
106.00 134.50
106.00 134.00
106.00 133.50
106.00 133.00
106.00 132.50
105.50 132.00
105.50 131.50
105.50 131.00
105.50 130.50
105.50 130.00
105.50 129.50
105.50 129.00
105.50 128.50
105.50 128.00
105.50 127.50
105.50 127.00
105.50 126.50
105.50 126.00
105.50 125.50
105.50 125.00
105.50 124.50
105.50 124.00
105.50 123.50
105.50 123.00
105.50 122.50
105.50 122.00
106.00 121.50
106.00 121.00
106.00 120.50
106.00 120.00
106.00 119.50
106.50 119.00
106.50 118.50
106.50 118.00
107.00 117.50
107.00 117.00
107.00 116.50
107.50 116.00
107.50 115.50
107.50 115.00
108.00 114.50
108.00 114.00
108.00 113.50
108.50 113.00
109.00 112.50
109.00 112.00
109.50 111.50
109.50 111.00
110.00 110.50
110.50 110.00
110.50 109.50
111.00 109.00
111.50 108.50
112.00 108.00
112.50 107.50
112.50 107.00
113.00 106.50
113.50 106.00
114.00 105.50
114.50 105.00
115.00 105.00
115.50 104.50
116.00 104.50
116.50 104.00
117.00 103.50
117.50 103.00
118.00 103.00
118.50 102.50
119.00 102.00
119.50 102.00
120.00 102.00
120.50 101.50
121.00 101.00
121.50 101.00
122.00 101.00
122.50 100.50
123.00 100.50
123.50 100.00
124.00 100.00
124.50 100.00
125.00 100.00
125.50 99.50
126.00 99.50
126.50 99.50
127.00 99.00
127.50 99.00
128.00 99.00
128.50 99.00
129.00 99.00
129.50 98.50
130.00 98.50
130.50 98.50
131.00 98.50
131.50 98.50
132.00 98.50
132.50 98.50
133.00 98.50
133.50 98.50
134.00 98.50
134.50 98.50
135.00 98.50
135.50 98.50
136.00 98.50
136.50 98.50
137.00 98.50
137.50 98.50
138.00 99.00
138.50 99.00
139.00 99.00
