118.50 103.50
119.00 103.00
119.50 103.00
120.00 102.50
120.50 102.00
121.00 102.00
121.50 101.50
122.00 101.00
122.50 101.00
123.00 100.50
123.50 100.50
124.00 100.00
124.50 100.00
125.00 99.50
125.50 99.50
126.00 99.00
126.50 99.00
127.00 98.50
127.50 98.50
128.00 98.50
128.50 98.00
129.00 98.00
129.50 97.50
130.00 97.50
130.50 97.50
131.00 97.50
131.50 97.00
132.00 97.00
132.50 97.00
133.00 97.00
133.50 97.00
134.00 97.00
134.50 97.00
135.00 97.00
135.50 97.00
136.00 97.00
136.50 97.00
137.00 97.00
137.50 97.00
138.00 97.00
138.50 97.00
139.00 97.00
139.50 97.00
140.00 97.00
140.50 97.00
141.00 97.00
141.50 97.00
142.00 97.50
142.50 97.50
143.00 97.50
143.50 97.50
144.00 97.50
144.50 98.00
145.00 98.00
145.50 98.50
146.00 98.50
146.50 98.50
147.00 99.00
147.50 99.00
148.00 99.00
148.50 99.50
149.00 99.50
149.50 100.00
150.00 100.50
150.50 100.50
151.00 101.00
151.50 101.00
152.00 101.50
152.50 102.00
153.00 102.50
153.50 103.00
154.00 103.50
154.50 104.00
155.00 104.50
155.50 105.00
156.00 105.50
156.50 106.00
157.00 106.50
157.50 107.00
158.00 107.50
158.50 108.00
158.50 108.50
159.00 109.00
159.50 109.50
159.50 110.00
160.00 110.50
160.50 111.00
160.50 111.50
160.50 112.00
161.00 112.50
161.50 113.00
161.50 113.50
161.50 114.00
162.00 114.50
162.00 115.00
162.50 115.50
162.50 116.00
162.50 116.50
162.50 117.00
163.00 117.50
163.00 118.00
163.00 118.50
163.00 119.00
163.50 119.50
163.50 120.00
163.50 120.50
163.50 121.00
163.50 121.50
163.50 122.00
164.00 122.50
164.00 123.00
164.00 123.50
164.00 124.00
164.00 124.50
164.00 125.00
164.00 125.50
164.00 126.00
164.00 126.50
164.00 127.00
164.00 127.50
164.00 128.00
164.00 128.50
164.00 129.00
164.00 129.50
163.50 130.00
163.50 130.50
163.50 131.00
163.50 131.50
163.50 132.00
163.50 132.50
163.00 133.00
163.00 133.50
163.00 134.00
162.50 134.50
162.50 135.00
162.50 135.50
162.00 136.00
162.00 136.50
162.00 137.00
161.50 137.50
161.50 138.00
161.50 138.50
161.00 139.00
161.00 139.50
160.50 140.00
160.50 140.50
160.00 141.00
159.50 141.50
159.50 142.00
159.00 142.50
158.50 143.00
158.50 143.50
158.00 144.00
157.50 144.50
157.00 145.00
156.50 145.50
156.00 146.00
155.50 146.50
155.00 147.00
154.50 147.50
154.00 148.00
153.50 148.50
153.00 149.00
152.50 149.00
152.00 149.50
151.50 150.00
151.00 150.00
150.50 150.50
150.00 150.50
149.50 151.00
149.00 151.50
148.50 151.50
148.00 151.50
147.50 152.00
147.00 152.00
146.50 152.00
146.00 152.00
145.50 152.50
145.00 152.50
144.50 152.50
144.00 152.50
143.50 153.00
143.00 153.00
142.50 153.00
142.00 153.00
141.50 153.00
141.00 153.00
140.50 153.00
140.00 153.00
139.50 153.00
139.00 153.00
138.50 153.00
138.00 153.00
137.50 153.00
137.00 153.00
136.50 153.00
136.00 153.00
135.50 153.00
135.00 153.00
134.50 153.00
134.00 153.00
133.50 153.00
133.00 153.00
132.50 153.00
132.00 153.00
131.50 153.00
131.00 153.00
130.50 153.00
130.00 153.00
129.50 153.00
129.00 153.00
128.50 153.00
128.00 152.50
127.50 152.50
127.00 152.50
126.50 152.50
126.00 152.50
125.50 152.50
125.00 152.50
124.50 152.50
124.00 152.50
123.50 152.00
123.00 152.00
122.50 152.00
122.00 152.00
121.50 151.50
121.00 151.50
120.50 151.50
120.00 151.50
119.50 151.00
119.00 151.00
118.50 151.00
118.00 150.50
117.50 150.50
117.00 150.00
116.50 150.00
116.00 150.00
115.50 149.50
115.00 149.00
114.50 149.00
114.00 148.50
113.50 148.50
113.00 148.00
112.50 147.50
112.00 147.50
111.50 147.00
111.00 146.50
110.50 146.00
110.00 145.50
109.50 145.00
109.50 144.50
109.00 144.00
108.50 143.50
108.00 143.00
108.00 142.50
107.50 142.00
107.50 141.50
107.00 141.00
107.00 140.50
107.00 140.00
107.00 139.50
106.50 139.00
106.50 138.50
106.50 138.00
106.50 137.50
106.00 137.00
106.00 136.50
106.00 136.00
106.00 135.50
106.00 135.00
106.00 134.50
106.00 134.00
106.00 133.50
106.00 133.00
106.00 132.50
106.00 132.00
106.00 131.50
106.00 131.00
106.00 130.50
106.00 130.00
106.00 129.50
106.00 129.00
106.00 128.50
106.00 128.00
106.00 127.50
106.00 127.00
106.00 126.50
106.00 126.00
106.00 125.50
106.00 125.00
106.00 124.50
106.00 124.00
106.00 123.50
106.50 123.00
106.50 122.50
106.50 122.00
106.50 121.50
106.50 121.00
106.50 120.50
106.50 120.00
106.50 119.50
107.00 119.00
107.00 118.50
107.00 118.00
107.00 117.50
107.50 117.00
107.50 116.50
107.50 116.00
108.00 115.50
108.00 115.00
108.00 114.50
108.50 114.00
109.00 113.50
109.00 113.00
109.50 112.50
110.00 112.00
110.00 111.50
110.50 111.00
111.00 110.50
111.50 110.00
111.50 109.50
112.00 109.00
112.50 108.50
113.00 108.00
113.50 107.50
114.00 107.50
114.50 107.00
115.00 106.50
115.50 106.00
116.00 105.50
116.50 105.00
117.00 105.00
117.50 104.50
118.00 104.00
