157.50 105.50
158.00 106.00
158.50 106.50
159.00 107.00
159.50 107.50
160.00 108.00
160.00 108.50
160.50 109.00
161.00 109.50
161.50 110.00
161.50 110.50
162.00 111.00
162.00 111.50
162.50 112.00
162.50 112.50
163.00 113.00
163.00 113.50
163.50 114.00
163.50 114.50
163.50 115.00
164.00 115.50
164.00 116.00
164.00 116.50
164.50 117.00
164.50 117.50
164.50 118.00
164.50 118.50
164.50 119.00
164.50 119.50
165.00 120.00
165.00 120.50
165.00 121.00
165.00 121.50
165.00 122.00
165.00 122.50
165.00 123.00
165.00 123.50
165.00 124.00
165.00 124.50
165.00 125.00
165.00 125.50
164.50 126.00
164.50 126.50
164.50 127.00
164.50 127.50
164.50 128.00
164.50 128.50
164.00 129.00
164.00 129.50
164.00 130.00
164.00 130.50
163.50 131.00
163.50 131.50
163.00 132.00
163.00 132.50
163.00 133.00
162.50 133.50
162.50 134.00
162.00 134.50
162.00 135.00
161.50 135.50
161.50 136.00
161.00 136.50
161.00 137.00
160.50 137.50
160.50 138.00
160.00 138.50
159.50 139.00
159.00 139.50
159.00 140.00
158.50 140.50
158.00 141.00
157.50 141.50
157.00 142.00
156.50 142.50
156.00 143.00
155.50 143.50
155.50 144.00
155.00 144.50
154.50 144.50
154.00 145.00
153.50 145.50
153.00 146.00
152.50 146.00
152.00 146.50
151.50 147.00
151.00 147.00
150.50 147.50
150.00 148.00
149.50 148.00
149.00 148.50
148.50 148.50
148.00 149.00
147.50 149.00
147.00 149.50
146.50 150.00
146.00 150.00
145.50 150.50
145.00 150.50
144.50 150.50
144.00 151.00
143.50 151.00
143.00 151.50
142.50 151.50
142.00 151.50
141.50 152.00
141.00 152.00
140.50 152.00
140.00 152.00
139.50 152.50
139.00 152.50
138.50 152.50
138.00 152.50
137.50 153.00
137.00 153.00
136.50 153.00
136.00 153.00
135.50 153.00
135.00 153.00
134.50 153.00
134.00 153.00
133.50 153.50
133.00 153.50
132.50 153.50
132.00 153.50
131.50 153.50
131.00 153.50
130.50 153.50
130.00 153.50
129.50 153.00
129.00 153.00
128.50 153.00
128.00 153.00
127.50 153.00
127.00 153.00
126.50 153.00
126.00 153.00
125.50 152.50
125.00 152.50
124.50 152.50
124.00 152.00
123.50 152.00
123.00 152.00
122.50 151.50
122.00 151.50
121.50 151.50
121.00 151.00
120.50 151.00
120.00 151.00
119.50 150.50
119.00 150.00
118.50 150.00
118.00 149.50
117.50 149.50
117.00 149.00
116.50 148.50
116.00 148.50
115.50 148.00
115.00 147.50
114.50 147.00
114.00 146.50
113.50 146.00
113.00 145.50
112.50 145.00
112.00 144.50
112.00 144.00
111.50 143.50
111.50 143.00
111.00 142.50
110.50 142.00
110.50 141.50
110.50 141.00
110.00 140.50
109.50 140.00
109.50 139.50
109.50 139.00
109.00 138.50
109.00 138.00
109.00 137.50
108.50 137.00
108.50 136.50
108.50 136.00
108.50 135.50
108.00 135.00
108.00 134.50
108.00 134.00
108.00 133.50
108.00 133.00
108.00 132.50
107.50 132.00
107.50 131.50
107.50 131.00
107.50 130.50
107.50 130.00
107.50 129.50
107.50 129.00
107.50 128.50
107.50 128.00
107.50 127.50
107.50 127.00
107.50 126.50
107.50 126.00
107.50 125.50
107.50 125.00
107.50 124.50
107.50 124.00
107.50 123.50
107.50 123.00
107.50 122.50
107.50 122.00
107.50 121.50
107.50 121.00
107.50 120.50
107.50 120.00
108.00 119.50
108.00 119.00
108.00 118.50
108.00 118.00
108.00 117.50
108.00 117.00
108.00 116.50
108.50 116.00
108.50 115.50
108.50 115.00
108.50 114.50
109.00 114.00
109.00 113.50
109.00 113.00
109.00 112.50
109.50 112.00
109.50 111.50
109.50 111.00
110.00 110.50
110.00 110.00
110.50 109.50
110.50 109.00
111.00 108.50
111.50 108.00
111.50 107.50
112.00 107.00
112.50 106.50
112.50 106.00
113.00 105.50
113.50 105.50
114.00 105.00
114.50 104.50
115.00 104.00
115.50 104.00
116.00 103.50
116.50 103.00
117.00 103.00
117.50 102.50
118.00 102.00
118.50 102.00
119.00 101.50
119.50 101.50
120.00 101.00
120.50 101.00
121.00 101.00
121.50 100.50
122.00 100.50
122.50 100.00
123.00 100.00
123.50 100.00
124.00 99.50
124.50 99.50
125.00 99.50
125.50 99.00
126.00 99.00
126.50 99.00
127.00 98.50
127.50 98.50
128.00 98.50
128.50 98.00
129.00 98.00
129.50 98.00
130.00 97.50
130.50 97.50
131.00 97.50
131.50 97.50
132.00 97.50
132.50 97.00
133.00 97.00
133.50 97.00
134.00 97.00
134.50 97.00
135.00 96.50
135.50 96.50
136.00 96.50
136.50 96.50
137.00 96.50
137.50 96.50
138.00 96.50
138.50 96.50
139.00 96.50
139.50 96.50
140.00 96.50
140.50 96.50
141.00 96.50
141.50 96.50
142.00 96.50
142.50 97.00
143.00 97.00
143.50 97.00
144.00 97.00
144.50 97.50
145.00 97.50
145.50 97.50
146.00 97.50
146.50 98.00
147.00 98.00
147.50 98.50
148.00 98.50
148.50 98.50
149.00 99.00
149.50 99.00
150.00 99.50
150.50 100.00
151.00 100.00
151.50 100.50
152.00 100.50
152.50 101.00
153.00 101.50
153.50 101.50
154.00 102.00
154.50 102.50
155.00 103.00
155.50 103.50
156.00 103.50
156.50 104.00
157.00 104.50
157.50 105.00
