152.50 138.50
152.00 139.00
151.50 139.50
151.00 140.00
150.50 140.00
150.00 140.50
149.50 141.00
149.00 141.00
148.50 141.50
148.00 141.50
147.50 142.00
147.00 142.00
146.50 142.50
146.00 142.50
145.50 143.00
145.00 143.00
144.50 143.00
144.00 143.50
143.50 143.50
143.00 143.50
142.50 144.00
142.00 144.00
141.50 144.00
141.00 144.00
140.50 144.50
140.00 144.50
139.50 144.50
139.00 145.00
138.50 145.00
138.00 145.00
137.50 145.00
137.00 145.00
136.50 145.00
136.00 145.50
135.50 145.50
135.00 145.50
134.50 145.50
134.00 145.50
133.50 145.50
133.00 145.50
132.50 145.50
132.00 145.50
131.50 145.50
131.00 145.50
130.50 145.50
130.00 145.50
129.50 145.50
129.00 145.50
128.50 145.50
128.00 145.50
127.50 145.00
127.00 145.00
126.50 145.00
126.00 145.00
125.50 144.50
125.00 144.50
124.50 144.50
124.00 144.50
123.50 144.00
123.00 144.00
122.50 143.50
122.00 143.50
121.50 143.50
121.00 143.50
120.50 143.00
120.00 143.00
119.50 142.50
119.00 142.00
118.50 142.00
118.00 141.50
117.50 141.00
117.00 141.00
116.50 140.50
116.00 140.00
115.50 139.50
115.00 139.00
114.50 138.50
114.00 138.00
113.50 137.50
113.50 137.00
113.00 136.50
113.00 136.00
112.50 135.50
112.00 135.00
112.00 134.50
112.00 134.00
111.50 133.50
111.50 133.00
111.00 132.50
111.00 132.00
111.00 131.50
110.50 131.00
110.50 130.50
110.50 130.00
110.50 129.50
110.50 129.00
110.00 128.50
110.00 128.00
110.00 127.50
110.00 127.00
110.00 126.50
110.00 126.00
110.00 125.50
110.00 125.00
110.00 124.50
110.00 124.00
110.00 123.50
110.00 123.00
110.00 122.50
110.00 122.00
110.00 121.50
110.00 121.00
110.50 120.50
110.50 120.00
110.50 119.50
110.50 119.00
110.50 118.50
111.00 118.00
111.00 117.50
111.00 117.00
111.00 116.50
111.50 116.00
111.50 115.50
111.50 115.00
112.00 114.50
112.00 114.00
112.50 113.50
112.50 113.00
113.00 112.50
113.00 112.00
113.00 111.50
113.50 111.00
114.00 110.50
114.00 110.00
114.50 109.50
114.50 109.00
115.00 108.50
115.50 108.00
115.50 107.50
116.00 107.00
116.50 106.50
116.50 106.00
117.00 105.50
117.50 105.00
118.00 104.50
118.50 104.00
119.00 103.50
119.50 103.00
120.00 102.50
120.50 102.00
121.00 101.50
121.50 101.00
122.00 101.00
122.50 100.50
123.00 100.00
123.50 100.00
124.00 99.50
124.50 99.50
125.00 99.00
125.50 99.00
126.00 98.50
126.50 98.50
127.00 98.50
127.50 98.00
128.00 98.00
128.50 98.00
129.00 98.00
129.50 97.50
130.00 97.50
130.50 97.50
131.00 97.50
131.50 97.00
132.00 97.00
132.50 97.00
133.00 97.00
133.50 97.00
134.00 97.00
134.50 97.00
135.00 97.00
135.50 97.00
136.00 97.50
136.50 97.50
137.00 97.50
137.50 97.50
138.00 97.50
138.50 97.50
139.00 98.00
139.50 98.00
140.00 98.00
140.50 98.50
141.00 98.50
141.50 99.00
142.00 99.00
142.50 99.50
143.00 100.00
143.50 100.00
144.00 100.50
144.50 100.50
145.00 101.00
145.50 101.50
146.00 102.00
146.50 102.50
147.00 102.50
147.50 103.00
148.00 103.50
148.50 104.00
149.00 104.50
149.50 105.00
149.50 105.50
150.00 106.00
150.50 106.50
151.00 107.00
151.50 107.50
151.50 108.00
152.00 108.50
152.50 109.00
152.50 109.50
153.00 110.00
153.50 110.50
153.50 111.00
154.00 111.50
154.00 112.00
154.50 112.50
154.50 113.00
155.00 113.50
155.00 114.00
155.50 114.50
155.50 115.00
156.00 115.50
156.00 116.00
156.00 116.50
156.50 117.00
156.50 117.50
156.50 118.00
156.50 118.50
157.00 119.00
157.00 119.50
157.00 120.00
157.00 120.50
157.50 121.00
157.50 121.50
157.50 122.00
157.50 122.50
157.50 123.00
157.50 123.50
157.50 124.00
157.50 124.50
157.50 125.00
157.50 125.50
157.50 126.00
157.50 126.50
157.50 127.00
157.50 127.50
157.50 128.00
157.50 128.50
157.00 129.00
157.00 129.50
157.00 130.00
157.00 130.50
156.50 131.00
156.50 131.50
156.50 132.00
156.00 132.50
156.00 133.00
156.00 133.50
155.50 134.00
155.50 134.50
155.00 135.00
155.00 135.50
154.50 136.00
154.00 136.50
154.00 137.00
153.50 137.50
153.00 138.00
