133.50 145.00
133.00 145.50
132.50 145.50
132.00 145.50
131.50 146.00
131.00 146.00
130.50 146.00
130.00 146.50
129.50 146.50
129.00 146.50
128.50 146.50
128.00 146.50
127.50 146.00
127.00 146.00
126.50 145.50
126.00 145.00
125.50 144.50
125.00 144.00
125.00 143.50
125.00 143.00
125.50 142.50
126.00 142.00
126.50 142.00
127.00 142.00
127.50 141.50
128.00 141.50
128.50 141.50
129.00 141.50
129.50 141.50
130.00 141.50
130.50 141.50
131.00 141.50
131.50 141.50
132.00 141.50
132.50 141.50
133.00 141.50
133.50 141.50
134.00 142.00
134.50 142.00
135.00 142.00
135.50 142.00
136.00 142.00
136.50 142.00
137.00 142.50
137.50 142.50
138.00 142.50
138.50 143.00
139.00 143.50
138.50 144.00
138.00 144.00
137.50 144.00
137.00 144.00
136.50 144.50
136.00 144.50
135.50 144.50
135.00 145.00
134.50 145.00
134.00 145.00
