157.50 124.00
157.50 124.50
157.50 125.00
157.50 125.50
157.50 126.00
157.50 126.50
157.50 127.00
157.50 127.50
157.50 128.00
157.50 128.50
157.50 129.00
157.50 129.50
157.50 130.00
157.50 130.50
157.50 131.00
157.50 131.50
157.50 132.00
157.50 132.50
157.50 133.00
157.50 133.50
157.50 134.00
157.00 134.50
157.00 135.00
157.00 135.50
157.00 136.00
156.50 136.50
156.50 137.00
156.50 137.50
156.50 138.00
156.00 138.50
156.00 139.00
155.50 139.50
155.50 140.00
155.50 140.50
155.00 141.00
155.00 141.50
154.50 142.00
154.50 142.50
154.00 143.00
153.50 143.50
153.50 144.00
153.00 144.50
152.50 145.00
152.00 145.50
151.50 146.00
151.00 146.50
150.50 147.00
150.00 147.00
149.50 147.50
149.00 148.00
148.50 148.00
148.00 148.50
147.50 148.50
147.00 148.50
146.50 149.00
146.00 149.00
145.50 149.00
145.00 149.50
144.50 149.50
144.00 149.50
143.50 150.00
143.00 150.00
142.50 150.00
142.00 150.00
141.50 150.00
141.00 150.00
140.50 150.50
140.00 150.50
139.50 150.50
139.00 150.50
138.50 150.50
138.00 150.50
137.50 150.50
137.00 150.50
136.50 150.50
136.00 150.50
135.50 150.50
135.00 150.50
134.50 150.50
134.00 150.50
133.50 150.50
133.00 150.50
132.50 150.50
132.00 150.50
131.50 150.00
131.00 150.00
130.50 150.00
130.00 150.00
129.50 150.00
129.00 150.00
128.50 150.00
128.00 149.50
127.50 149.50
127.00 149.50
126.50 149.50
126.00 149.50
125.50 149.00
125.00 149.00
124.50 149.00
124.00 149.00
123.50 148.50
123.00 148.50
122.50 148.00
122.00 148.00
121.50 148.00
121.00 147.50
120.50 147.50
120.00 147.00
119.50 147.00
119.00 146.50
118.50 146.00
118.00 145.50
117.50 145.50
117.00 145.00
116.50 144.50
116.00 144.00
115.50 143.50
115.50 143.00
115.00 142.50
114.50 142.00
114.50 141.50
114.00 141.00
113.50 140.50
113.50 140.00
113.50 139.50
113.00 139.00
113.00 138.50
113.00 138.00
112.50 137.50
112.50 137.00
112.50 136.50
112.50 136.00
112.00 135.50
112.00 135.00
112.00 134.50
112.00 134.00
112.00 133.50
111.50 133.00
111.50 132.50
111.50 132.00
111.50 131.50
111.50 131.00
111.50 130.50
111.50 130.00
111.50 129.50
111.50 129.00
111.50 128.50
111.00 128.00
111.00 127.50
111.00 127.00
111.00 126.50
111.00 126.00
111.00 125.50
111.50 125.00
111.50 124.50
111.50 124.00
111.50 123.50
111.50 123.00
111.50 122.50
111.50 122.00
111.50 121.50
111.50 121.00
112.00 120.50
112.00 120.00
112.00 119.50
112.50 119.00
112.50 118.50
112.50 118.00
113.00 117.50
113.00 117.00
113.00 116.50
113.50 116.00
113.50 115.50
114.00 115.00
114.00 114.50
114.50 114.00
115.00 113.50
115.00 113.00
115.50 112.50
116.00 112.00
116.50 111.50
117.00 111.00
117.50 110.50
118.00 110.50
118.50 110.00
119.00 109.50
119.50 109.00
120.00 109.00
120.50 108.50
121.00 108.00
121.50 108.00
122.00 107.50
122.50 107.50
123.00 107.00
123.50 107.00
124.00 106.50
124.50 106.50
125.00 106.50
125.50 106.00
126.00 106.00
126.50 106.00
127.00 105.50
127.50 105.50
128.00 105.50
128.50 105.50
129.00 105.00
129.50 105.00
130.00 105.00
130.50 105.00
131.00 105.00
131.50 104.50
132.00 104.50
132.50 104.50
133.00 104.50
133.50 104.50
134.00 104.50
134.50 104.50
135.00 104.50
135.50 104.50
136.00 104.50
136.50 104.50
137.00 104.50
137.50 104.50
138.00 104.50
138.50 104.50
139.00 104.50
139.50 104.50
140.00 104.50
140.50 104.50
141.00 104.50
141.50 104.50
142.00 105.00
142.50 105.00
143.00 105.00
143.50 105.00
144.00 105.00
144.50 105.50
145.00 105.50
145.50 105.50
146.00 106.00
146.50 106.00
147.00 106.00
147.50 106.50
148.00 107.00
148.50 107.00
149.00 107.50
149.50 107.50
150.00 108.00
150.50 108.50
151.00 109.00
151.50 109.00
152.00 109.50
152.50 110.00
153.00 110.50
153.50 111.00
153.50 111.50
154.00 112.00
154.50 112.50
154.50 113.00
155.00 113.50
155.00 114.00
155.50 114.50
155.50 115.00
156.00 115.50
156.00 116.00
156.00 116.50
156.50 117.00
156.50 117.50
156.50 118.00
156.50 118.50
157.00 119.00
157.00 119.50
157.00 120.00
157.00 120.50
157.00 121.00
157.50 121.50
157.50 122.00
157.50 122.50
157.50 123.00
157.50 123.50
