132.50 147.50
132.00 147.50
131.50 147.50
131.00 147.00
130.50 147.00
130.00 147.00
129.50 147.00
129.00 147.00
128.50 147.00
128.00 146.50
127.50 146.50
127.00 146.50
126.50 146.50
126.00 146.00
125.50 146.00
125.00 146.00
124.50 145.50
124.00 145.50
123.50 145.00
123.00 145.00
122.50 144.50
122.00 144.00
121.50 144.00
121.00 143.50
120.50 143.50
120.00 143.00
119.50 142.50
119.00 142.00
118.50 141.50
118.00 141.00
117.50 140.50
117.50 140.00
117.00 139.50
116.50 139.00
116.00 138.50
116.00 138.00
116.00 137.50
115.50 137.00
115.50 136.50
115.00 136.00
115.00 135.50
115.00 135.00
115.00 134.50
114.50 134.00
114.50 133.50
114.50 133.00
114.50 132.50
114.50 132.00
114.00 131.50
114.00 131.00
114.00 130.50
114.00 130.00
114.00 129.50
114.00 129.00
114.00 128.50
114.00 128.00
114.00 127.50
114.00 127.00
114.00 126.50
114.00 126.00
114.00 125.50
114.00 125.00
114.00 124.50
114.00 124.00
114.00 123.50
114.00 123.00
114.00 122.50
114.00 122.00
114.00 121.50
114.00 121.00
114.00 120.50
114.50 120.00
114.50 119.50
114.50 119.00
114.50 118.50
114.50 118.00
114.50 117.50
114.50 117.00
115.00 116.50
115.00 116.00
115.00 115.50
115.00 115.00
115.50 114.50
115.50 114.00
115.50 113.50
116.00 113.00
116.00 112.50
116.00 112.00
116.50 111.50
116.50 111.00
117.00 110.50
117.00 110.00
117.50 109.50
117.50 109.00
118.00 108.50
118.00 108.00
118.50 107.50
119.00 107.00
119.50 106.50
120.00 106.00
120.50 105.50
121.00 105.00
121.50 105.00
122.00 104.50
122.50 104.00
123.00 103.50
123.50 103.50
124.00 103.00
124.50 103.00
125.00 102.50
125.50 102.50
126.00 102.00
126.50 102.00
127.00 102.00
127.50 101.50
128.00 101.50
128.50 101.00
129.00 101.00
129.50 101.00
130.00 101.00
130.50 101.00
131.00 101.00
131.50 100.50
132.00 100.50
132.50 100.50
133.00 100.50
133.50 100.50
134.00 100.50
134.50 100.50
135.00 100.50
135.50 100.50
136.00 100.50
136.50 100.50
137.00 100.50
137.50 101.00
138.00 101.00
138.50 101.00
139.00 101.00
139.50 101.00
140.00 101.50
140.50 101.50
141.00 101.50
141.50 102.00
142.00 102.00
142.50 102.00
143.00 102.50
143.50 102.50
144.00 103.00
144.50 103.00
145.00 103.50
145.50 104.00
146.00 104.50
146.50 104.50
147.00 105.00
147.50 105.50
148.00 106.00
148.50 106.00
149.00 106.50
149.00 107.00
149.50 107.50
150.00 108.00
150.50 108.50
151.00 109.00
151.50 109.50
152.00 110.00
152.00 110.50
152.50 111.00
152.50 111.50
153.00 112.00
153.50 112.50
153.50 113.00
154.00 113.50
154.00 114.00
154.00 114.50
154.50 115.00
154.50 115.50
155.00 116.00
155.00 116.50
155.00 117.00
155.50 117.50
155.50 118.00
155.50 118.50
156.00 119.00
156.00 119.50
156.00 120.00
156.00 120.50
156.00 121.00
156.50 121.50
156.50 122.00
156.50 122.50
156.50 123.00
156.50 123.50
156.50 124.00
156.50 124.50
156.50 125.00
156.50 125.50
156.50 126.00
156.50 126.50
156.50 127.00
156.50 127.50
156.50 128.00
156.00 128.50
156.00 129.00
156.00 129.50
156.00 130.00
156.00 130.50
156.00 131.00
155.50 131.50
155.50 132.00
155.50 132.50
155.00 133.00
155.00 133.50
155.00 134.00
154.50 134.50
154.50 135.00
154.00 135.50
154.00 136.00
154.00 136.50
153.50 137.00
153.50 137.50
153.00 138.00
152.50 138.50
152.00 139.00
152.00 139.50
151.50 140.00
151.00 140.50
150.50 141.00
150.50 141.50
150.00 142.00
149.50 142.00
149.00 142.50
149.00 143.00
148.50 143.50
148.00 143.50
147.50 144.00
147.00 144.50
146.50 144.50
146.00 145.00
145.50 145.50
145.00 145.50
144.50 146.00
144.00 146.00
143.50 146.00
143.00 146.50
142.50 146.50
142.00 147.00
141.50 147.00
141.00 147.00
140.50 147.00
140.00 147.00
139.50 147.50
139.00 147.50
138.50 147.50
138.00 147.50
137.50 147.50
137.00 147.50
136.50 147.50
136.00 147.50
135.50 147.50
135.00 147.50
134.50 147.50
134.00 147.50
133.50 147.50
133.00 147.50
