160.50 141.00
160.00 141.00
159.50 141.50
159.00 142.00
159.00 142.50
158.50 143.00
158.00 143.50
157.50 144.00
157.00 144.50
156.50 145.00
156.00 145.50
155.50 146.00
155.00 146.50
154.50 146.50
154.00 147.00
153.50 147.50
153.00 148.00
152.50 148.50
152.00 148.50
151.50 149.00
151.00 149.00
150.50 149.50
150.00 149.50
149.50 150.00
149.00 150.00
148.50 150.50
148.00 150.50
147.50 150.50
147.00 151.00
146.50 151.00
146.00 151.00
145.50 151.50
145.00 151.50
144.50 152.00
144.00 152.00
143.50 152.00
143.00 152.00
142.50 152.50
142.00 152.50
141.50 152.50
141.00 152.50
140.50 152.50
140.00 153.00
139.50 153.00
139.00 153.00
138.50 153.00
138.00 153.00
137.50 153.00
137.00 153.00
136.50 153.00
136.00 153.50
135.50 153.50
135.00 153.50
134.50 153.50
134.00 153.50
133.50 153.50
133.00 153.50
132.50 153.50
132.00 153.50
131.50 153.50
131.00 153.50
130.50 153.50
130.00 153.50
129.50 153.50
129.00 153.50
128.50 153.50
128.00 153.50
127.50 153.50
127.00 153.50
126.50 153.50
126.00 153.50
125.50 153.50
125.00 153.50
124.50 153.50
124.00 153.50
123.50 153.00
123.00 153.00
122.50 153.00
122.00 153.00
121.50 153.00
121.00 153.00
120.50 152.50
120.00 152.50
119.50 152.50
119.00 152.00
118.50 152.00
118.00 152.00
117.50 151.50
117.00 151.50
116.50 151.50
116.00 151.00
115.50 150.50
115.00 150.50
114.50 150.50
114.00 150.00
113.50 149.50
113.00 149.00
112.50 149.00
112.00 148.50
112.00 148.00
111.50 147.50
111.00 147.50
110.50 147.00
110.00 146.50
109.50 146.00
109.50 145.50
109.00 145.00
108.50 144.50
108.50 144.00
108.00 143.50
107.50 143.00
107.00 142.50
107.00 142.00
106.50 141.50
106.50 141.00
106.50 140.50
106.00 140.00
106.00 139.50
105.50 139.00
105.50 138.50
105.50 138.00
105.00 137.50
105.00 137.00
105.00 136.50
104.50 136.00
104.50 135.50
104.50 135.00
104.50 134.50
104.50 134.00
104.50 133.50
104.00 133.00
104.00 132.50
104.00 132.00
104.00 131.50
104.00 131.00
104.00 130.50
104.00 130.00
104.00 129.50
104.00 129.00
104.00 128.50
104.00 128.00
104.00 127.50
104.00 127.00
104.00 126.50
104.00 126.00
104.50 125.50
104.50 125.00
104.50 124.50
104.50 124.00
104.50 123.50
104.50 123.00
105.00 122.50
105.00 122.00
105.00 121.50
105.00 121.00
105.50 120.50
105.50 120.00
105.50 119.50
105.50 119.00
106.00 118.50
106.00 118.00
106.50 117.50
106.50 117.00
106.50 116.50
107.00 116.00
107.50 115.50
107.50 115.00
108.00 114.50
108.00 114.00
108.50 113.50
108.50 113.00
109.00 112.50
109.50 112.00
109.50 111.50
110.00 111.00
110.50 110.50
111.00 110.00
111.00 109.50
111.50 109.00
112.00 108.50
112.50 108.00
113.00 107.50
113.00 107.00
113.50 106.50
114.00 106.50
114.50 106.00
115.00 105.50
115.50 105.00
116.00 104.50
116.50 104.50
117.00 104.00
117.50 103.50
118.00 103.50
118.50 103.00
119.00 103.00
119.50 102.50
120.00 102.50
120.50 102.00
121.00 102.00
121.50 101.50
122.00 101.50
122.50 101.00
123.00 101.00
123.50 101.00
124.00 100.50
124.50 100.50
125.00 100.50
125.50 100.00
126.00 100.00
126.50 100.00
127.00 100.00
127.50 100.00
128.00 99.50
128.50 99.50
129.00 99.50
129.50 99.50
130.00 99.50
130.50 99.00
131.00 99.00
131.50 99.00
132.00 99.00
132.50 99.00
133.00 99.00
133.50 99.00
134.00 99.00
134.50 99.00
135.00 99.00
135.50 99.00
136.00 99.00
136.50 99.00
137.00 99.00
137.50 99.00
138.00 99.00
138.50 99.00
139.00 99.00
139.50 99.50
140.00 99.50
140.50 99.50
141.00 99.50
141.50 99.50
142.00 100.00
142.50 100.00
143.00 100.00
143.50 100.00
144.00 100.50
144.50 100.50
145.00 100.50
145.50 101.00
146.00 101.00
146.50 101.00
147.00 101.00
147.50 101.50
148.00 101.50
148.50 102.00
149.00 102.00
149.50 102.50
150.00 103.00
150.50 103.00
151.00 103.50
151.50 103.50
152.00 104.00
152.50 104.50
153.00 104.50
153.50 105.00
154.00 105.50
154.50 105.50
155.00 106.00
155.00 106.50
155.50 107.00
156.00 107.50
156.50 108.00
157.00 108.50
157.50 109.00
157.50 109.50
158.00 110.00
158.50 110.50
159.00 111.00
159.00 111.50
159.50 112.00
160.00 112.50
160.00 113.00
160.50 113.50
161.00 114.00
161.00 114.50
161.50 115.00
161.50 115.50
162.00 116.00
162.00 116.50
162.50 117.00
162.50 117.50
163.00 118.00
163.00 118.50
163.00 119.00
163.50 119.50
163.50 120.00
163.50 120.50
164.00 121.00
164.00 121.50
164.00 122.00
164.00 122.50
164.00 123.00
164.00 123.50
164.50 124.00
164.50 124.50
164.50 125.00
164.50 125.50
164.50 126.00
164.50 126.50
164.50 127.00
164.50 127.50
164.50 128.00
164.50 128.50
164.50 129.00
164.00 129.50
164.00 130.00
164.00 130.50
164.00 131.00
164.00 131.50
164.00 132.00
163.50 132.50
163.50 133.00
163.50 133.50
163.50 134.00
163.00 134.50
163.00 135.00
163.00 135.50
162.50 136.00
162.50 136.50
162.50 137.00
162.00 137.50
162.00 138.00
162.00 138.50
161.50 139.00
161.50 139.50
161.00 140.00
161.00 140.50
