114.00 130.00
114.00 129.50
114.00 129.00
114.00 128.50
114.00 128.00
114.00 127.50
114.00 127.00
114.00 126.50
114.00 126.00
114.00 125.50
114.00 125.00
114.00 124.50
114.50 124.00
114.50 123.50
114.50 123.00
114.50 122.50
114.50 122.00
115.00 121.50
115.00 121.00
115.00 120.50
115.50 120.00
115.50 119.50
116.00 119.00
116.00 118.50
116.00 118.00
116.50 117.50
117.00 117.00
117.00 116.50
117.50 116.00
118.00 115.50
118.00 115.00
118.50 114.50
119.00 114.00
119.50 113.50
120.00 113.00
120.50 112.50
121.00 112.50
121.50 112.00
122.00 111.50
122.50 111.00
123.00 111.00
123.50 110.50
124.00 110.00
124.50 110.00
125.00 110.00
125.50 109.50
126.00 109.50
126.50 109.00
127.00 109.00
127.50 109.00
128.00 108.50
128.50 108.50
129.00 108.50
129.50 108.50
130.00 108.50
130.50 108.50
131.00 108.00
131.50 108.00
132.00 108.00
132.50 108.00
133.00 108.00
133.50 108.00
134.00 108.00
134.50 108.00
135.00 108.00
135.50 108.00
136.00 108.50
136.50 108.50
137.00 108.50
137.50 108.50
138.00 108.50
138.50 108.50
139.00 109.00
139.50 109.00
140.00 109.00
140.50 109.50
141.00 109.50
141.50 109.50
142.00 110.00
142.50 110.00
143.00 110.50
143.50 110.50
144.00 111.00
144.50 111.50
145.00 111.50
145.50 112.00
146.00 112.50
146.50 112.50
147.00 113.00
147.50 113.50
148.00 114.00
148.50 114.50
149.00 115.00
149.50 115.50
150.00 116.00
150.00 116.50
150.50 117.00
151.00 117.50
151.50 118.00
151.50 118.50
151.50 119.00
152.00 119.50
152.00 120.00
152.50 120.50
152.50 121.00
153.00 121.50
153.00 122.00
153.00 122.50
153.00 123.00
153.00 123.50
153.50 124.00
153.50 124.50
153.50 125.00
153.50 125.50
153.50 126.00
153.50 126.50
153.50 127.00
153.50 127.50
153.50 128.00
153.50 128.50
153.50 129.00
153.50 129.50
153.50 130.00
153.50 130.50
153.00 131.00
153.00 131.50
153.00 132.00
153.00 132.50
152.50 133.00
152.50 133.50
152.50 134.00
152.50 134.50
152.00 135.00
151.50 135.50
151.50 136.00
151.00 136.50
151.00 137.00
150.50 137.50
150.50 138.00
150.00 138.50
149.50 139.00
149.50 139.50
149.00 140.00
148.50 140.50
148.00 141.00
148.00 141.50
147.50 142.00
147.00 142.00
146.50 142.50
146.00 143.00
145.50 143.50
145.00 144.00
144.50 144.00
144.00 144.50
143.50 145.00
143.00 145.00
142.50 145.50
142.00 145.50
141.50 146.00
141.00 146.00
140.50 146.00
140.00 146.50
139.50 146.50
139.00 146.50
138.50 147.00
138.00 147.00
137.50 147.00
137.00 147.00
136.50 147.00
136.00 147.50
135.50 147.50
135.00 147.50
134.50 147.50
134.00 147.50
133.50 147.50
133.00 147.50
132.50 147.50
132.00 147.50
131.50 147.50
131.00 147.50
130.50 147.50
130.00 147.50
129.50 147.50
129.00 147.00
128.50 147.00
128.00 147.00
127.50 147.00
127.00 147.00
126.50 146.50
126.00 146.50
125.50 146.50
125.00 146.50
124.50 146.00
124.00 146.00
123.50 145.50
123.00 145.50
122.50 145.50
122.00 145.00
121.50 145.00
121.00 144.50
120.50 144.00
120.00 144.00
119.50 143.50
119.00 143.00
118.50 142.50
118.00 142.00
117.50 141.50
117.00 141.00
116.50 140.50
116.50 140.00
116.50 139.50
116.00 139.00
115.50 138.50
115.50 138.00
115.50 137.50
115.00 137.00
115.00 136.50
115.00 136.00
115.00 135.50
114.50 135.00
114.50 134.50
114.50 134.00
114.50 133.50
114.00 133.00
114.00 132.50
114.00 132.00
114.00 131.50
114.00 131.00
114.00 130.50
