113.50 128.50
113.50 128.00
113.50 127.50
114.00 127.00
114.00 126.50
114.00 126.00
114.00 125.50
114.50 125.00
114.50 124.50
115.00 124.00
115.00 123.50
115.50 123.00
115.50 122.50
115.50 122.00
116.00 121.50
116.50 121.00
117.00 120.50
117.50 120.00
117.50 119.50
118.00 119.00
118.50 118.50
119.00 118.00
119.50 117.50
120.00 117.00
120.50 116.50
121.00 116.00
121.50 115.50
122.00 115.50
122.50 115.00
123.00 114.50
123.50 114.00
124.00 114.00
124.50 113.50
125.00 113.50
125.50 113.00
126.00 113.00
126.50 112.50
127.00 112.00
127.50 112.00
128.00 111.50
128.50 111.50
129.00 111.50
129.50 111.50
130.00 111.00
130.50 111.00
131.00 111.00
131.50 110.50
132.00 110.50
132.50 110.50
133.00 110.50
133.50 110.50
134.00 110.50
134.50 110.50
135.00 110.50
135.50 110.50
136.00 110.50
136.50 110.50
137.00 110.50
137.50 110.50
138.00 110.50
138.50 111.00
139.00 111.00
139.50 111.50
140.00 111.50
140.50 111.50
141.00 112.00
141.50 112.00
142.00 112.50
142.50 113.00
143.00 113.00
143.50 113.50
144.00 114.00
144.50 114.50
145.00 115.00
145.50 115.50
146.00 116.00
146.50 116.50
146.50 117.00
147.00 117.50
147.50 118.00
147.50 118.50
147.50 119.00
148.00 119.50
148.00 120.00
148.50 120.50
148.50 121.00
148.50 121.50
148.50 122.00
149.00 122.50
149.00 123.00
149.00 123.50
149.00 124.00
149.00 124.50
149.00 125.00
149.00 125.50
149.00 126.00
148.50 126.50
148.50 127.00
148.50 127.50
148.50 128.00
148.50 128.50
148.00 129.00
148.00 129.50
148.00 130.00
148.00 130.50
147.50 131.00
147.50 131.50
147.50 132.00
147.00 132.50
146.50 133.00
146.50 133.50
146.00 134.00
146.00 134.50
145.50 135.00
145.00 135.50
145.00 136.00
145.00 136.50
144.50 137.00
144.00 137.50
143.50 138.00
143.00 138.50
142.50 139.00
142.00 139.50
141.50 140.00
141.00 140.50
140.50 140.50
140.00 141.00
139.50 141.50
139.00 142.00
138.50 142.00
138.00 142.00
137.50 142.50
137.00 142.50
136.50 143.00
136.00 143.00
135.50 143.00
135.00 143.50
134.50 143.50
134.00 143.50
133.50 143.50
133.00 143.50
132.50 143.50
132.00 143.50
131.50 143.50
131.00 143.50
130.50 143.50
130.00 143.50
129.50 143.50
129.00 143.50
128.50 143.50
128.00 143.50
127.50 143.50
127.00 143.50
126.50 143.00
126.00 143.00
125.50 143.00
125.00 143.00
124.50 142.50
124.00 142.50
123.50 142.50
123.00 142.00
122.50 142.00
122.00 142.00
121.50 141.50
121.00 141.50
120.50 141.00
120.00 141.00
119.50 140.50
119.00 140.00
118.50 140.00
118.00 140.00
117.50 139.50
117.00 139.00
116.50 138.50
116.00 138.00
116.00 137.50
115.50 137.00
115.00 136.50
115.00 136.00
114.50 135.50
114.00 135.00
114.00 134.50
114.00 134.00
114.00 133.50
113.50 133.00
113.50 132.50
113.50 132.00
113.50 131.50
113.50 131.00
113.50 130.50
113.50 130.00
113.50 129.50
113.50 129.00
