113.50 128.50
113.50 128.00
113.50 127.50
113.50 127.00
113.50 126.50
113.50 126.00
113.50 125.50
113.50 125.00
113.50 124.50
113.50 124.00
113.50 123.50
113.50 123.00
113.50 122.50
113.50 122.00
113.50 121.50
113.50 121.00
114.00 120.50
114.00 120.00
114.00 119.50
114.00 119.00
114.50 118.50
114.50 118.00
114.50 117.50
115.00 117.00
115.50 116.50
115.50 116.00
116.00 115.50
116.00 115.00
116.50 114.50
117.00 114.00
117.00 113.50
117.50 113.00
118.00 112.50
118.50 112.50
119.00 112.00
119.50 111.50
120.00 111.00
120.50 110.50
121.00 110.50
121.50 110.00
122.00 109.50
122.50 109.50
123.00 109.00
123.50 109.00
124.00 108.50
124.50 108.50
125.00 108.50
125.50 108.00
126.00 108.00
126.50 108.00
127.00 108.00
127.50 107.50
128.00 107.50
128.50 107.50
129.00 107.50
129.50 107.50
130.00 107.50
130.50 107.50
131.00 107.50
131.50 107.50
132.00 107.50
132.50 107.50
133.00 107.50
133.50 107.50
134.00 107.50
134.50 107.50
135.00 108.00
135.50 108.00
136.00 108.00
136.50 108.00
137.00 108.00
137.50 108.50
138.00 108.50
138.50 108.50
139.00 109.00
139.50 109.00
140.00 109.50
140.50 109.50
141.00 110.00
141.50 110.00
142.00 110.50
142.50 110.50
143.00 111.00
143.50 111.50
144.00 112.00
144.50 112.00
145.00 112.50
145.50 113.00
146.00 113.50
146.50 114.00
147.00 114.50
147.50 115.00
148.00 115.50
148.00 116.00
148.50 116.50
149.00 117.00
149.00 117.50
149.50 118.00
149.50 118.50
150.00 119.00
150.00 119.50
150.50 120.00
150.50 120.50
150.50 121.00
151.00 121.50
151.00 122.00
151.00 122.50
151.00 123.00
151.50 123.50
151.50 124.00
151.50 124.50
151.50 125.00
151.50 125.50
151.50 126.00
151.50 126.50
151.50 127.00
151.50 127.50
151.50 128.00
151.50 128.50
151.50 129.00
151.50 129.50
151.00 130.00
151.00 130.50
151.00 131.00
150.50 131.50
150.50 132.00
150.50 132.50
150.00 133.00
150.00 133.50
149.50 134.00
149.00 134.50
149.00 135.00
148.50 135.50
148.50 136.00
148.00 136.50
147.50 137.00
147.50 137.50
147.00 138.00
146.50 138.50
146.00 139.00
145.50 139.50
145.00 140.00
144.50 140.50
144.00 141.00
143.50 141.50
143.00 142.00
142.50 142.00
142.00 142.50
141.50 143.00
141.00 143.00
140.50 143.50
140.00 143.50
139.50 144.00
139.00 144.50
138.50 144.50
138.00 145.00
137.50 145.00
137.00 145.50
136.50 145.50
136.00 145.50
135.50 146.00
135.00 146.00
134.50 146.00
134.00 146.00
133.50 146.50
133.00 146.50
132.50 146.50
132.00 146.50
131.50 146.50
131.00 146.50
130.50 146.50
130.00 146.50
129.50 146.50
129.00 146.50
128.50 146.50
128.00 146.50
127.50 146.00
127.00 146.00
126.50 146.00
126.00 145.50
125.50 145.50
125.00 145.50
124.50 145.00
124.00 145.00
123.50 144.50
123.00 144.50
122.50 144.00
122.00 144.00
121.50 143.50
121.00 143.00
120.50 142.50
120.00 142.50
119.50 142.00
119.00 141.50
118.50 141.00
118.00 140.50
118.00 140.00
117.50 139.50
117.00 139.00
116.50 138.50
116.50 138.00
116.00 137.50
116.00 137.00
115.50 136.50
115.50 136.00
115.00 135.50
115.00 135.00
115.00 134.50
114.50 134.00
114.50 133.50
114.50 133.00
114.00 132.50
114.00 132.00
114.00 131.50
114.00 131.00
113.50 130.50
113.50 130.00
113.50 129.50
113.50 129.00
