151.00 105.50
151.50 106.00
152.00 106.50
152.00 107.00
152.50 107.50
153.00 108.00
153.50 108.50
153.50 109.00
154.00 109.50
154.00 110.00
154.50 110.50
154.50 111.00
155.00 111.50
155.50 112.00
155.50 112.50
156.00 113.00
156.00 113.50
156.00 114.00
156.50 114.50
156.50 115.00
156.50 115.50
157.00 116.00
157.00 116.50
157.00 117.00
157.00 117.50
157.00 118.00
157.00 118.50
157.50 119.00
157.50 119.50
157.50 120.00
157.50 120.50
157.50 121.00
157.50 121.50
157.50 122.00
157.50 122.50
158.00 123.00
158.00 123.50
158.00 124.00
158.00 124.50
158.00 125.00
158.00 125.50
158.00 126.00
158.00 126.50
157.50 127.00
157.50 127.50
157.50 128.00
157.50 128.50
157.50 129.00
157.50 129.50
157.50 130.00
157.50 130.50
157.00 131.00
157.00 131.50
157.00 132.00
157.00 132.50
156.50 133.00
156.50 133.50
156.50 134.00
156.00 134.50
156.00 135.00
155.50 135.50
155.50 136.00
155.50 136.50
155.00 137.00
155.00 137.50
154.50 138.00
154.00 138.50
153.50 139.00
153.50 139.50
153.00 140.00
152.50 140.50
152.00 141.00
151.50 141.50
151.00 142.00
150.50 142.00
150.00 142.50
149.50 143.00
149.00 143.00
148.50 143.50
148.00 144.00
147.50 144.00
147.00 144.50
146.50 144.50
146.00 145.00
145.50 145.00
145.00 145.00
144.50 145.50
144.00 145.50
143.50 145.50
143.00 145.50
142.50 146.00
142.00 146.00
141.50 146.00
141.00 146.50
140.50 146.50
140.00 146.50
139.50 146.50
139.00 146.50
138.50 146.50
138.00 147.00
137.50 147.00
137.00 147.00
136.50 147.00
136.00 147.00
135.50 147.00
135.00 147.00
134.50 147.00
134.00 147.00
133.50 147.00
133.00 147.00
132.50 147.00
132.00 147.00
131.50 147.00
131.00 147.00
130.50 147.00
130.00 147.00
129.50 147.00
129.00 147.00
128.50 147.00
128.00 147.00
127.50 147.00
127.00 147.00
126.50 146.50
126.00 146.50
125.50 146.50
125.00 146.50
124.50 146.00
124.00 146.00
123.50 146.00
123.00 145.50
122.50 145.50
122.00 145.00
121.50 145.00
121.00 144.50
120.50 144.50
120.00 144.00
119.50 143.50
119.00 143.50
118.50 143.00
118.00 142.50
117.50 142.00
117.00 141.50
116.50 141.00
116.00 140.50
115.50 140.00
115.50 139.50
115.00 139.00
114.50 138.50
114.50 138.00
114.00 137.50
113.50 137.00
113.50 136.50
113.50 136.00
113.00 135.50
113.00 135.00
112.50 134.50
112.50 134.00
112.00 133.50
112.00 133.00
112.00 132.50
111.50 132.00
111.50 131.50
111.50 131.00
111.50 130.50
111.50 130.00
111.00 129.50
111.00 129.00
111.00 128.50
111.00 128.00
111.00 127.50
111.00 127.00
111.00 126.50
111.00 126.00
111.00 125.50
111.00 125.00
111.00 124.50
111.00 124.00
111.00 123.50
111.00 123.00
111.00 122.50
111.00 122.00
111.00 121.50
111.00 121.00
111.50 120.50
111.50 120.00
111.50 119.50
111.50 119.00
111.50 118.50
111.50 118.00
112.00 117.50
112.00 117.00
112.00 116.50
112.00 116.00
112.50 115.50
112.50 115.00
112.50 114.50
113.00 114.00
113.00 113.50
113.00 113.00
113.50 112.50
113.50 112.00
113.50 111.50
114.00 111.00
114.50 110.50
114.50 110.00
115.00 109.50
115.00 109.00
115.50 108.50
115.50 108.00
116.00 107.50
116.00 107.00
116.50 106.50
117.00 106.00
117.50 105.50
118.00 105.00
118.50 104.50
119.00 104.00
119.50 103.50
120.00 103.50
120.50 103.00
121.00 102.50
121.50 102.50
122.00 102.00
122.50 101.50
123.00 101.50
123.50 101.00
124.00 101.00
124.50 100.50
125.00 100.50
125.50 100.00
126.00 100.00
126.50 100.00
127.00 100.00
127.50 99.50
128.00 99.50
128.50 99.50
129.00 99.50
129.50 99.00
130.00 99.00
130.50 99.00
131.00 99.00
131.50 99.00
132.00 99.00
132.50 99.00
133.00 99.00
133.50 99.00
134.00 99.00
134.50 99.00
135.00 99.00
135.50 99.00
136.00 99.00
136.50 99.00
137.00 99.00
137.50 99.00
138.00 99.00
138.50 99.00
139.00 99.50
139.50 99.50
140.00 99.50
140.50 99.50
141.00 99.50
141.50 100.00
142.00 100.00
142.50 100.50
143.00 100.50
143.50 100.50
144.00 101.00
144.50 101.00
145.00 101.50
145.50 101.50
146.00 102.00
146.50 102.00
147.00 102.00
147.50 102.50
148.00 103.00
148.50 103.00
149.00 103.50
149.50 104.00
150.00 104.50
150.50 105.00
