117.50 143.50
117.00 143.00
117.00 142.50
116.50 142.00
116.00 141.50
115.50 141.00
115.50 140.50
115.50 140.00
115.00 139.50
115.00 139.00
114.50 138.50
114.50 138.00
114.50 137.50
114.00 137.00
114.00 136.50
114.00 136.00
114.00 135.50
113.50 135.00
113.50 134.50
113.50 134.00
113.50 133.50
113.50 133.00
113.50 132.50
113.50 132.00
113.50 131.50
113.50 131.00
113.50 130.50
113.50 130.00
113.50 129.50
113.50 129.00
113.50 128.50
113.50 128.00
114.00 127.50
114.00 127.00
114.00 126.50
114.00 126.00
114.00 125.50
114.50 125.00
114.50 124.50
114.50 124.00
114.50 123.50
115.00 123.00
115.00 122.50
115.00 122.00
115.50 121.50
115.50 121.00
116.00 120.50
116.00 120.00
116.50 119.50
116.50 119.00
117.00 118.50
117.00 118.00
117.50 117.50
117.50 117.00
118.00 116.50
118.50 116.00
118.50 115.50
119.00 115.00
119.50 114.50
120.00 114.00
120.50 113.50
121.00 113.00
121.50 112.50
122.00 112.00
122.50 111.50
123.00 111.00
123.50 111.00
124.00 110.50
124.50 110.00
125.00 110.00
125.50 109.50
126.00 109.50
126.50 109.50
127.00 109.00
127.50 109.00
128.00 109.00
128.50 109.00
129.00 108.50
129.50 108.50
130.00 108.50
130.50 108.50
131.00 108.50
131.50 108.50
132.00 108.50
132.50 108.00
133.00 108.00
133.50 108.00
134.00 108.50
134.50 108.50
135.00 108.50
135.50 108.50
136.00 108.50
136.50 108.50
137.00 108.50
137.50 108.50
138.00 109.00
138.50 109.00
139.00 109.00
139.50 109.50
140.00 109.50
140.50 109.50
141.00 110.00
141.50 110.00
142.00 110.00
142.50 110.50
143.00 111.00
143.50 111.00
144.00 111.50
144.50 111.50
145.00 112.00
145.50 112.00
146.00 112.50
146.50 113.00
147.00 113.50
147.50 114.00
148.00 114.50
148.50 115.00
149.00 115.50
149.50 116.00
149.50 116.50
150.00 117.00
150.50 117.50
151.00 118.00
151.00 118.50
151.50 119.00
151.50 119.50
152.00 120.00
152.00 120.50
152.00 121.00
152.50 121.50
152.50 122.00
152.50 122.50
153.00 123.00
153.00 123.50
153.00 124.00
153.00 124.50
153.50 125.00
153.50 125.50
153.50 126.00
153.50 126.50
153.50 127.00
154.00 127.50
154.00 128.00
154.00 128.50
154.00 129.00
154.00 129.50
153.50 130.00
153.50 130.50
153.50 131.00
153.50 131.50
153.50 132.00
153.00 132.50
153.00 133.00
153.00 133.50
153.00 134.00
153.00 134.50
152.50 135.00
152.50 135.50
152.50 136.00
152.50 136.50
152.00 137.00
152.00 137.50
152.00 138.00
151.50 138.50
151.50 139.00
151.50 139.50
151.00 140.00
151.00 140.50
150.50 141.00
150.50 141.50
150.00 142.00
150.00 142.50
149.50 143.00
149.00 143.50
148.50 144.00
148.00 144.50
147.50 145.00
147.00 145.50
146.50 146.00
146.00 146.00
145.50 146.50
145.00 146.50
144.50 147.00
144.00 147.00
143.50 147.50
143.00 147.50
142.50 148.00
142.00 148.00
141.50 148.50
141.00 148.50
140.50 148.50
140.00 149.00
139.50 149.00
139.00 149.00
138.50 149.50
138.00 149.50
137.50 149.50
137.00 149.50
136.50 149.50
136.00 150.00
135.50 150.00
135.00 150.00
134.50 150.00
134.00 150.00
133.50 150.50
133.00 150.50
132.50 150.50
132.00 150.50
131.50 150.50
131.00 150.50
130.50 150.50
130.00 150.50
129.50 150.50
129.00 150.50
128.50 150.50
128.00 150.50
127.50 150.50
127.00 150.50
126.50 150.50
126.00 150.00
125.50 150.00
125.00 150.00
124.50 149.50
124.00 149.50
123.50 149.00
123.00 148.50
122.50 148.50
122.00 148.00
121.50 147.50
121.00 147.00
120.50 146.50
120.00 146.00
119.50 145.50
119.00 145.00
118.50 144.50
118.00 144.00
