147.50 137.00
147.00 137.50
147.00 138.00
146.50 138.50
146.50 139.00
146.00 139.50
145.50 140.00
145.50 140.50
145.00 141.00
145.00 141.50
144.50 142.00
144.00 142.50
144.00 143.00
143.50 143.50
143.00 144.00
142.50 144.50
142.00 145.00
141.50 145.00
141.00 145.50
140.50 146.00
140.00 146.50
139.50 146.50
139.00 147.00
138.50 147.50
138.00 147.50
137.50 147.50
137.00 148.00
136.50 148.00
136.00 148.00
135.50 148.50
135.00 148.50
134.50 148.50
134.00 148.50
133.50 148.50
133.00 148.50
132.50 148.50
132.00 148.50
131.50 148.50
131.00 148.50
130.50 148.50
130.00 148.50
129.50 148.50
129.00 148.50
128.50 148.50
128.00 148.50
127.50 148.50
127.00 148.00
126.50 148.00
126.00 148.00
125.50 148.00
125.00 147.50
124.50 147.50
124.00 147.50
123.50 147.00
123.00 147.00
122.50 146.50
122.00 146.50
121.50 146.00
121.00 146.00
120.50 145.50
120.00 145.50
119.50 145.00
119.00 144.50
118.50 144.00
118.00 144.00
117.50 143.50
117.00 143.00
116.50 142.50
116.00 142.00
115.50 141.50
115.00 141.00
114.50 140.50
114.50 140.00
114.00 139.50
113.50 139.00
113.50 138.50
113.00 138.00
112.50 137.50
112.50 137.00
112.00 136.50
112.00 136.00
112.00 135.50
111.50 135.00
111.50 134.50
111.50 134.00
111.50 133.50
111.00 133.00
111.00 132.50
111.00 132.00
111.00 131.50
110.50 131.00
110.50 130.50
110.50 130.00
110.50 129.50
110.50 129.00
110.50 128.50
110.50 128.00
110.50 127.50
110.50 127.00
110.50 126.50
110.50 126.00
110.50 125.50
110.50 125.00
110.50 124.50
110.50 124.00
110.50 123.50
111.00 123.00
111.00 122.50
111.00 122.00
111.00 121.50
111.00 121.00
111.00 120.50
111.50 120.00
111.50 119.50
111.50 119.00
112.00 118.50
112.00 118.00
112.00 117.50
112.50 117.00
112.50 116.50
112.50 116.00
113.00 115.50
113.00 115.00
113.50 114.50
113.50 114.00
114.00 113.50
114.00 113.00
114.50 112.50
114.50 112.00
115.00 111.50
115.00 111.00
115.50 110.50
116.00 110.00
116.50 109.50
116.50 109.00
117.00 108.50
117.50 108.00
118.00 107.50
118.50 107.50
119.00 107.00
119.50 106.50
120.00 106.00
120.50 106.00
121.00 105.50
121.50 105.50
122.00 105.50
122.50 105.00
123.00 105.00
123.50 105.00
124.00 104.50
124.50 104.50
125.00 104.50
125.50 104.50
126.00 104.50
126.50 104.50
127.00 104.50
127.50 104.50
128.00 104.50
128.50 104.50
129.00 104.50
129.50 104.50
130.00 104.50
130.50 104.50
131.00 104.50
131.50 104.50
132.00 105.00
132.50 105.00
133.00 105.00
133.50 105.00
134.00 105.50
134.50 105.50
135.00 105.50
135.50 106.00
136.00 106.00
136.50 106.00
137.00 106.50
137.50 106.50
138.00 107.00
138.50 107.00
139.00 107.50
139.50 108.00
140.00 108.00
140.50 108.50
141.00 109.00
141.50 109.50
142.00 109.50
142.50 110.00
143.00 110.50
143.50 111.00
144.00 111.50
144.50 112.00
145.00 112.50
145.50 113.00
146.00 113.50
146.00 114.00
146.50 114.50
147.00 115.00
147.00 115.50
147.50 116.00
147.50 116.50
148.00 117.00
148.00 117.50
148.50 118.00
148.50 118.50
148.50 119.00
149.00 119.50
149.00 120.00
149.00 120.50
149.50 121.00
149.50 121.50
149.50 122.00
149.50 122.50
149.50 123.00
149.50 123.50
149.50 124.00
149.50 124.50
150.00 125.00
150.00 125.50
150.00 126.00
150.00 126.50
149.50 127.00
149.50 127.50
149.50 128.00
149.50 128.50
149.50 129.00
149.50 129.50
149.50 130.00
149.50 130.50
149.50 131.00
149.00 131.50
149.00 132.00
149.00 132.50
148.50 133.00
148.50 133.50
148.50 134.00
148.50 134.50
148.00 135.00
148.00 135.50
147.50 136.00
147.50 136.50
