146.50 127.00
146.50 126.50
146.00 126.00
146.00 125.50
146.00 125.00
146.00 124.50
146.00 124.00
146.00 123.50
145.50 123.00
145.00 123.00
144.50 123.00
144.00 123.00
143.50 123.00
143.00 123.00
142.50 123.00
142.00 123.00
141.50 123.00
141.00 123.00
140.50 122.50
140.00 122.00
139.50 121.50
139.00 121.00
139.00 120.50
139.00 120.00
139.50 119.50
140.00 119.00
140.50 118.50
141.00 118.50
141.50 118.50
142.00 118.50
142.50 118.50
143.00 118.50
143.50 118.50
144.00 118.50
144.50 118.50
145.00 119.00
145.50 119.00
146.00 119.00
146.50 119.50
147.00 120.00
147.50 120.00
148.00 120.50
148.50 121.00
149.00 121.50
149.00 122.00
149.00 122.50
149.50 123.00
149.50 123.50
149.50 124.00
149.50 124.50
149.50 125.00
149.50 125.50
149.50 126.00
149.50 126.50
149.00 127.00
148.50 127.50
148.00 127.50
147.50 127.50
147.00 127.50
