153.50 141.00
153.00 141.00
152.50 141.50
152.50 142.00
152.00 142.50
151.50 143.00
151.00 143.50
150.50 144.00
150.00 144.00
149.50 144.50
149.00 145.00
148.50 145.00
148.00 145.50
147.50 146.00
147.00 146.50
146.50 146.50
146.00 146.50
145.50 147.00
145.00 147.50
144.50 147.50
144.00 148.00
143.50 148.00
143.00 148.00
142.50 148.50
142.00 148.50
141.50 149.00
141.00 149.00
140.50 149.50
140.00 149.50
139.50 149.50
139.00 150.00
138.50 150.00
138.00 150.00
137.50 150.00
137.00 150.50
136.50 150.50
136.00 150.50
135.50 150.50
135.00 150.50
134.50 151.00
134.00 151.00
133.50 151.00
133.00 151.00
132.50 151.00
132.00 151.00
131.50 151.00
131.00 151.00
130.50 151.00
130.00 151.00
129.50 151.00
129.00 151.00
128.50 151.00
128.00 151.00
127.50 151.00
127.00 151.00
126.50 151.00
126.00 151.00
125.50 151.00
125.00 150.50
124.50 150.50
124.00 150.50
123.50 150.50
123.00 150.00
122.50 150.00
122.00 150.00
121.50 149.50
121.00 149.50
120.50 149.00
120.00 149.00
119.50 148.50
119.00 148.50
118.50 148.00
118.00 148.00
117.50 147.50
117.00 147.00
116.50 147.00
116.00 146.50
115.50 146.50
115.00 146.00
114.50 145.50
114.00 145.00
113.50 144.50
113.00 144.00
112.50 143.50
112.00 143.00
112.00 142.50
111.50 142.00
111.00 141.50
110.50 141.00
110.50 140.50
110.00 140.00
109.50 139.50
109.50 139.00
109.50 138.50
109.00 138.00
109.00 137.50
108.50 137.00
108.50 136.50
108.00 136.00
108.00 135.50
108.00 135.00
107.50 134.50
107.50 134.00
107.50 133.50
107.50 133.00
107.00 132.50
107.00 132.00
107.00 131.50
107.00 131.00
107.00 130.50
107.00 130.00
106.50 129.50
106.50 129.00
106.50 128.50
106.50 128.00
106.50 127.50
106.50 127.00
106.50 126.50
106.50 126.00
106.50 125.50
106.50 125.00
106.50 124.50
106.50 124.00
106.50 123.50
106.50 123.00
106.50 122.50
107.00 122.00
107.00 121.50
107.00 121.00
107.00 120.50
107.00 120.00
107.00 119.50
107.50 119.00
107.50 118.50
107.50 118.00
108.00 117.50
108.00 117.00
108.00 116.50
108.50 116.00
108.50 115.50
108.50 115.00
109.00 114.50
109.50 114.00
109.50 113.50
109.50 113.00
110.00 112.50
110.50 112.00
110.50 111.50
111.00 111.00
111.50 110.50
111.50 110.00
112.00 109.50
112.50 109.00
113.00 108.50
113.50 108.00
114.00 107.50
114.50 107.00
115.00 106.50
115.50 106.00
116.00 105.50
116.50 105.50
117.00 105.00
117.50 104.50
118.00 104.00
118.50 103.50
119.00 103.50
119.50 103.00
120.00 103.00
120.50 102.50
121.00 102.50
121.50 102.00
122.00 102.00
122.50 101.50
123.00 101.50
123.50 101.00
124.00 101.00
124.50 101.00
125.00 100.50
125.50 100.50
126.00 100.50
126.50 100.00
127.00 100.00
127.50 100.00
128.00 100.00
128.50 99.50
129.00 99.50
129.50 99.50
130.00 99.50
130.50 99.50
131.00 99.50
131.50 99.50
132.00 99.50
132.50 99.50
133.00 99.50
133.50 99.50
134.00 99.50
134.50 99.50
135.00 99.50
135.50 99.50
136.00 99.50
136.50 99.50
137.00 100.00
137.50 100.00
138.00 100.00
138.50 100.00
139.00 100.50
139.50 100.50
140.00 100.50
140.50 101.00
141.00 101.00
141.50 101.00
142.00 101.50
142.50 102.00
143.00 102.00
143.50 102.50
144.00 102.50
144.50 103.00
145.00 103.00
145.50 103.50
146.00 104.00
146.50 104.50
147.00 105.00
147.50 105.00
148.00 105.50
148.50 106.00
149.00 106.50
149.50 107.00
149.50 107.50
150.00 108.00
150.50 108.50
151.00 109.00
151.50 109.50
152.00 110.00
152.00 110.50
152.00 111.00
152.50 111.50
153.00 112.00
153.00 112.50
153.50 113.00
153.50 113.50
154.00 114.00
154.00 114.50
154.00 115.00
154.50 115.50
154.50 116.00
154.50 116.50
155.00 117.00
155.00 117.50
155.50 118.00
155.50 118.50
155.50 119.00
156.00 119.50
156.00 120.00
156.00 120.50
156.50 121.00
156.50 121.50
156.50 122.00
157.00 122.50
157.00 123.00
157.00 123.50
157.00 124.00
157.00 124.50
157.00 125.00
157.50 125.50
157.50 126.00
157.50 126.50
157.50 127.00
157.50 127.50
157.50 128.00
157.50 128.50
157.50 129.00
157.50 129.50
157.50 130.00
157.50 130.50
157.50 131.00
157.00 131.50
157.00 132.00
157.00 132.50
157.00 133.00
156.50 133.50
156.50 134.00
156.50 134.50
156.50 135.00
156.00 135.50
156.00 136.00
156.00 136.50
155.50 137.00
155.50 137.50
155.00 138.00
155.00 138.50
155.00 139.00
154.50 139.50
154.50 140.00
154.50 140.50
154.00 141.00
