147.00 124.50
147.00 124.00
147.00 123.50
146.50 123.00
146.50 122.50
146.50 122.00
146.00 121.50
145.50 121.00
145.00 121.00
144.50 121.00
144.00 121.00
143.50 121.00
143.00 121.00
142.50 120.50
142.00 120.50
141.50 120.00
141.50 119.50
141.00 119.00
141.00 118.50
141.00 118.00
141.00 117.50
141.00 117.00
141.00 116.50
141.00 116.00
140.50 115.50
140.50 115.00
140.50 114.50
140.50 114.00
140.50 113.50
141.00 113.00
141.50 112.50
142.00 112.50
142.50 112.50
143.00 112.50
143.50 112.50
144.00 112.50
144.50 113.00
145.00 113.00
145.50 113.50
146.00 114.00
146.50 114.50
147.00 115.00
147.00 115.50
147.50 116.00
147.50 116.50
148.00 117.00
148.00 117.50
148.50 118.00
149.00 118.50
149.00 119.00
149.50 119.50
149.50 120.00
149.50 120.50
149.50 121.00
149.50 121.50
149.50 122.00
149.50 122.50
149.50 123.00
149.00 123.50
149.00 124.00
148.50 124.50
148.00 125.00
147.50 125.00
