144.00 111.50
144.50 111.00
145.00 110.50
145.50 110.50
146.00 110.50
146.50 110.50
147.00 110.50
147.50 110.50
148.00 110.50
148.50 111.00
149.00 111.50
149.00 112.00
149.50 112.50
149.50 113.00
149.50 113.50
149.50 114.00
149.50 114.50
149.50 115.00
149.50 115.50
149.50 116.00
149.50 116.50
150.00 117.00
150.50 117.50
151.00 118.00
151.00 118.50
151.50 119.00
151.50 119.50
151.00 120.00
150.50 120.00
150.00 120.50
149.50 121.00
149.00 121.00
148.50 121.00
148.00 121.50
147.50 121.50
147.00 121.50
146.50 121.50
146.00 121.50
145.50 121.50
145.00 121.50
144.50 121.50
144.00 121.50
143.50 121.00
143.00 121.00
142.50 121.00
142.00 120.50
141.50 120.00
141.00 119.50
140.50 119.00
140.50 118.50
140.50 118.00
141.00 117.50
141.00 117.00
141.50 116.50
141.50 116.00
142.00 115.50
142.00 115.00
142.50 114.50
142.50 114.00
142.50 113.50
143.00 113.00
143.50 112.50
143.50 112.00
