147.50 132.00
148.00 132.50
148.00 133.00
148.00 133.50
148.00 134.00
148.00 134.50
148.00 135.00
147.50 135.50
147.00 136.00
146.50 136.50
146.00 136.50
145.50 137.00
145.00 137.00
144.50 137.00
144.00 137.50
143.50 137.50
143.00 137.50
142.50 138.00
142.00 138.00
141.50 138.00
141.00 138.00
140.50 138.50
140.00 138.50
139.50 138.50
139.00 138.50
138.50 138.50
138.00 138.50
137.50 138.50
137.00 138.00
137.00 137.50
137.00 137.00
137.50 136.50
138.00 136.00
138.00 135.50
138.50 135.00
139.00 134.50
139.00 134.00
139.50 133.50
140.00 133.50
140.50 133.00
141.00 133.00
141.50 133.00
142.00 133.00
142.50 133.00
143.00 133.00
143.50 133.00
144.00 133.00
144.50 133.00
145.00 132.50
145.50 132.50
146.00 132.00
146.50 131.50
147.00 131.50
