145.00 123.00
145.00 123.50
144.50 124.00
144.50 124.50
144.00 125.00
143.50 125.50
143.00 125.50
142.50 125.50
142.00 125.50
141.50 125.00
141.00 125.00
140.50 125.00
140.00 125.00
139.50 125.00
139.00 125.00
138.50 125.00
138.00 125.50
137.50 125.50
137.00 126.00
136.50 126.00
136.00 126.00
135.50 126.00
135.00 125.50
135.00 125.00
135.00 124.50
135.00 124.00
135.00 123.50
135.00 123.00
135.00 122.50
135.00 122.00
135.00 121.50
135.00 121.00
135.50 120.50
135.50 120.00
135.50 119.50
136.00 119.00
136.50 118.50
137.00 118.00
137.50 117.50
138.00 117.00
138.50 117.00
139.00 116.50
139.50 116.00
140.00 116.00
140.50 116.00
141.00 116.00
141.50 116.00
142.00 116.00
142.50 116.50
143.00 116.50
143.50 117.00
143.50 117.50
144.00 118.00
144.00 118.50
144.00 119.00
144.50 119.50
144.50 120.00
144.50 120.50
145.00 121.00
145.00 121.50
145.00 122.00
145.00 122.50
