146.00 136.00
146.50 136.50
146.50 137.00
146.50 137.50
146.50 138.00
146.50 138.50
146.00 139.00
145.50 139.50
145.00 140.00
144.50 140.50
144.00 141.00
143.50 141.00
143.00 141.50
142.50 141.50
142.00 141.50
141.50 141.50
141.00 141.00
140.50 141.00
140.00 141.00
139.50 141.00
139.00 141.50
138.50 141.50
138.00 142.00
137.50 142.00
137.00 142.00
136.50 142.00
136.00 141.50
135.50 141.00
135.00 140.50
134.50 140.00
134.50 139.50
134.50 139.00
134.50 138.50
134.50 138.00
134.50 137.50
134.50 137.00
134.50 136.50
135.00 136.00
135.50 135.50
136.00 135.00
136.50 134.50
137.00 134.50
137.50 134.00
138.00 134.00
138.50 134.00
139.00 134.00
139.50 134.50
140.00 134.50
140.50 135.00
141.00 135.00
141.50 135.00
142.00 135.00
142.50 135.00
143.00 135.00
143.50 135.00
144.00 135.00
144.50 135.00
145.00 135.50
145.50 135.50
