144.00 138.50
144.00 139.00
144.00 139.50
144.00 140.00
143.50 140.50
143.50 141.00
143.50 141.50
143.50 142.00
143.50 142.50
143.00 143.00
143.00 143.50
142.50 144.00
142.00 144.50
141.50 145.00
141.00 145.00
140.50 145.00
140.00 145.50
139.50 146.00
139.00 146.00
138.50 146.50
138.00 146.50
137.50 147.00
137.00 147.00
136.50 146.50
136.50 146.00
136.50 145.50
137.00 145.00
137.00 144.50
137.00 144.00
137.50 143.50
137.50 143.00
138.00 142.50
138.50 142.00
139.00 141.50
139.50 141.00
140.00 140.50
140.50 140.00
141.00 140.00
141.50 139.50
142.00 139.00
142.50 138.50
143.00 138.50
143.50 138.00
144.00 138.00
