148.00 135.50
147.50 136.00
147.00 136.00
146.50 136.50
146.00 137.00
145.50 137.00
145.00 137.50
144.50 137.50
144.00 138.00
143.50 138.00
143.00 138.50
142.50 138.50
142.00 139.00
141.50 139.00
141.00 139.50
140.50 139.50
140.00 140.00
139.50 140.50
139.00 140.50
138.50 140.50
138.00 140.50
137.50 140.50
137.00 140.50
136.50 140.50
136.00 140.00
135.50 139.50
135.50 139.00
135.50 138.50
135.50 138.00
135.50 137.50
136.00 137.00
136.00 136.50
136.50 136.00
137.00 135.50
137.00 135.00
137.50 134.50
138.00 134.00
138.50 134.00
139.00 133.50
139.50 133.50
140.00 133.00
140.50 133.00
141.00 133.00
141.50 133.50
142.00 133.50
142.50 133.50
143.00 133.50
143.50 133.50
144.00 134.00
144.50 134.00
145.00 134.00
145.50 134.00
146.00 134.00
146.50 134.50
147.00 134.50
147.50 134.50
148.00 135.00
