151.00 113.00
150.50 113.50
150.00 113.50
149.50 113.50
149.00 113.50
148.50 113.50
148.00 113.50
147.50 114.00
148.00 114.50
148.50 115.00
149.00 115.50
149.50 116.00
149.50 116.50
149.50 117.00
149.50 117.50
149.00 118.00
148.50 118.50
148.00 118.50
147.50 118.50
147.00 118.00
146.50 118.00
146.00 117.50
145.50 117.00
145.00 116.50
145.00 116.00
145.00 115.50
145.00 115.00
145.00 114.50
145.00 114.00
145.00 113.50
144.50 113.00
144.00 112.50
143.50 112.00
143.00 111.50
142.50 111.00
142.50 110.50
143.00 110.00
143.50 110.00
144.00 110.00
144.50 110.00
145.00 110.00
145.50 110.00
146.00 110.00
146.50 110.50
147.00 111.00
147.50 111.50
148.00 111.50
148.50 112.00
149.00 112.00
149.50 112.00
150.00 112.50
150.50 112.50
151.00 112.50
151.50 112.50
151.00 113.00
