147.00 114.50
147.50 115.00
148.00 115.50
148.50 116.00
149.00 116.50
149.00 117.00
149.00 117.50
149.50 118.00
149.50 118.50
149.50 119.00
149.50 119.50
149.00 120.00
149.00 120.50
149.00 121.00
148.50 121.50
148.00 122.00
147.50 122.50
147.00 123.00
146.50 123.00
146.00 123.00
145.50 122.50
145.00 122.00
144.50 122.00
144.00 121.50
143.50 121.50
143.00 121.50
142.50 121.50
142.00 122.00
141.50 122.50
141.00 123.00
140.50 123.00
140.00 123.50
139.50 123.00
139.00 122.50
138.50 122.00
138.50 121.50
138.50 121.00
138.50 120.50
138.50 120.00
138.50 119.50
138.50 119.00
139.00 118.50
139.50 118.00
140.00 117.50
140.50 117.00
141.00 116.50
141.50 116.00
142.00 116.00
142.50 116.00
143.00 115.50
143.50 115.50
144.00 115.00
144.50 115.00
145.00 114.50
145.50 114.50
146.00 114.50
146.50 114.50
