145.50 113.00
146.00 113.00
146.50 113.00
147.00 113.00
147.50 113.00
148.00 113.00
148.50 113.00
149.00 113.00
149.50 113.50
150.00 113.50
150.50 114.00
151.00 114.50
151.50 115.00
152.00 115.00
152.50 115.50
153.00 116.00
153.00 116.50
153.50 117.00
153.50 117.50
153.50 118.00
153.50 118.50
154.00 119.00
154.00 119.50
154.00 120.00
153.50 120.50
153.00 120.50
152.50 120.50
152.00 120.00
151.50 120.00
151.00 120.00
150.50 119.50
150.00 119.50
149.50 119.50
149.00 119.50
148.50 119.50
148.00 120.00
147.50 120.50
147.00 120.50
146.50 120.50
146.00 120.50
145.50 120.50
145.00 120.00
144.50 120.00
144.00 120.00
143.50 119.50
143.00 119.00
142.50 118.50
142.50 118.00
142.50 117.50
143.00 117.00
143.00 116.50
143.00 116.00
143.00 115.50
143.50 115.00
144.00 114.50
144.00 114.00
144.50 113.50
145.00 113.50
