136.00 135.00
136.50 135.50
137.00 135.50
137.50 136.00
137.50 136.50
137.50 137.00
137.50 137.50
137.00 138.00
137.00 138.50
137.00 139.00
137.00 139.50
137.50 140.00
138.00 140.00
138.50 140.00
139.00 140.00
139.50 139.50
140.00 139.00
140.00 138.50
140.00 138.00
140.50 137.50
141.00 137.00
141.00 136.50
141.50 136.00
142.00 136.00
142.50 135.50
143.00 135.50
143.50 135.50
144.00 135.50
144.50 135.50
145.00 135.50
145.50 135.50
146.00 136.00
146.50 136.50
146.50 137.00
146.50 137.50
146.50 138.00
146.50 138.50
146.00 139.00
146.00 139.50
146.00 140.00
145.50 140.50
145.00 141.00
145.00 141.50
144.50 142.00
144.00 142.50
143.50 143.00
143.00 143.50
142.50 144.00
142.00 144.00
141.50 144.00
141.00 144.50
140.50 144.50
140.00 145.00
139.50 145.50
139.00 145.50
138.50 146.00
138.00 146.00
137.50 146.00
137.00 146.00
136.50 145.50
136.50 145.00
136.50 144.50
136.50 144.00
137.00 143.50
137.00 143.00
137.50 142.50
137.50 142.00
137.00 141.50
136.50 141.00
136.00 140.50
135.50 140.50
135.00 141.00
135.00 141.50
135.00 142.00
135.00 142.50
135.00 143.00
134.50 143.50
134.00 143.50
133.50 143.50
133.00 143.50
132.50 143.50
132.00 143.00
131.50 142.50
131.50 142.00
131.50 141.50
131.50 141.00
131.50 140.50
132.00 140.00
132.00 139.50
132.00 139.00
132.00 138.50
132.00 138.00
132.00 137.50
132.00 137.00
132.50 136.50
132.50 136.00
133.00 135.50
133.50 135.00
134.00 135.00
134.50 135.00
135.00 135.00
135.50 135.00
