147.00 115.50
147.50 116.00
147.50 116.50
147.50 117.00
147.50 117.50
147.50 118.00
147.50 118.50
147.00 119.00
147.00 119.50
147.00 120.00
146.50 120.50
146.50 121.00
146.50 121.50
146.00 122.00
145.50 122.50
145.00 123.00
144.50 123.50
144.00 123.50
143.50 124.00
143.00 124.00
142.50 124.00
142.00 124.00
141.50 124.00
141.00 124.00
140.50 124.00
140.00 124.00
139.50 124.00
139.00 124.00
138.50 124.00
138.00 124.00
137.50 124.00
137.00 124.00
136.50 123.50
136.50 123.00
136.00 122.50
136.00 122.00
136.50 121.50
136.50 121.00
136.50 120.50
137.00 120.00
137.00 119.50
137.00 119.00
137.50 118.50
137.50 118.00
138.00 117.50
138.50 117.00
138.50 116.50
139.00 116.00
139.50 115.50
139.50 115.00
140.00 114.50
140.50 114.00
140.50 113.50
141.00 113.00
141.50 113.00
142.00 113.00
142.50 112.50
143.00 112.50
143.50 113.00
144.00 113.00
144.50 113.00
145.00 113.00
145.50 113.50
146.00 114.00
146.50 114.50
147.00 115.00
