150.00 111.50
150.50 112.00
151.00 112.00
151.50 112.00
152.00 112.50
152.50 113.00
152.50 113.50
152.00 114.00
151.50 114.50
151.00 115.00
151.00 115.50
150.50 116.00
150.50 116.50
150.50 117.00
150.50 117.50
150.50 118.00
150.50 118.50
150.50 119.00
150.00 119.50
149.50 120.00
149.00 120.00
148.50 120.00
148.00 120.00
147.50 120.00
147.00 119.50
146.50 119.50
146.00 119.00
145.50 118.50
145.00 118.00
145.00 117.50
144.50 117.00
144.50 116.50
144.00 116.00
144.00 115.50
144.00 115.00
144.00 114.50
144.00 114.00
144.00 113.50
144.00 113.00
144.00 112.50
144.50 112.00
144.50 111.50
145.00 111.00
145.50 110.50
146.00 110.50
146.50 110.50
147.00 110.50
147.50 110.50
148.00 111.00
148.50 111.00
149.00 111.00
149.50 111.50
