146.00 138.50
146.50 139.00
146.50 139.50
146.00 140.00
146.00 140.50
146.00 141.00
145.50 141.50
145.00 142.00
144.50 142.50
144.00 143.00
143.50 143.00
143.00 143.00
142.50 143.50
142.00 143.50
141.50 143.50
141.00 143.50
140.50 143.50
140.00 143.50
139.50 143.50
139.00 143.50
138.50 143.50
138.00 143.50
137.50 143.50
137.00 143.50
136.50 143.50
136.00 144.00
135.50 144.00
135.00 144.00
134.50 144.00
134.00 143.50
134.00 143.00
133.50 142.50
133.50 142.00
133.50 141.50
133.50 141.00
133.50 140.50
133.50 140.00
133.50 139.50
134.00 139.00
134.00 138.50
134.00 138.00
134.50 137.50
135.00 137.00
135.00 136.50
135.50 136.00
136.00 136.00
136.50 136.00
137.00 136.50
137.00 137.00
137.50 137.50
137.50 138.00
137.50 138.50
137.50 139.00
137.50 139.50
137.50 140.00
137.50 140.50
137.50 141.00
138.00 141.50
138.50 141.50
139.00 141.00
139.50 141.00
140.00 140.50
140.50 140.00
141.00 139.50
141.00 139.00
141.50 138.50
142.00 138.00
142.50 138.00
143.00 137.50
143.50 137.50
144.00 137.50
144.50 137.50
145.00 137.50
145.50 137.50
146.00 138.00
