145.00 110.50
145.50 110.50
146.00 111.00
146.50 111.50
147.00 111.50
147.50 112.00
147.50 112.50
148.00 113.00
148.50 113.50
148.50 114.00
148.50 114.50
149.00 115.00
149.00 115.50
149.00 116.00
149.00 116.50
149.00 117.00
149.00 117.50
149.00 118.00
149.00 118.50
149.00 119.00
148.50 119.50
148.00 120.00
148.00 120.50
147.50 121.00
147.00 121.50
146.50 122.00
146.00 122.00
145.50 122.50
145.00 123.00
144.50 123.00
144.00 123.00
143.50 123.00
143.00 123.00
142.50 122.50
142.00 122.00
141.50 122.00
141.00 121.50
141.00 121.00
140.50 120.50
140.00 120.00
140.00 119.50
140.00 119.00
139.50 118.50
139.50 118.00
139.50 117.50
139.50 117.00
139.50 116.50
139.50 116.00
139.50 115.50
139.50 115.00
140.00 114.50
140.00 114.00
140.00 113.50
140.50 113.00
141.00 112.50
141.50 112.00
142.00 111.50
142.50 111.00
143.00 111.00
143.50 110.50
144.00 110.50
144.50 110.50
