134.00 117.00
134.50 117.00
135.00 116.50
135.50 116.00
136.00 116.00
136.50 116.00
137.00 115.50
137.50 115.00
138.00 115.00
138.50 115.00
139.00 114.50
139.50 114.50
140.00 114.00
140.50 114.00
141.00 114.00
141.50 113.50
142.00 113.50
142.50 113.50
143.00 113.00
143.50 113.00
144.00 113.00
144.50 113.00
145.00 113.00
145.50 112.50
146.00 112.50
146.50 112.50
147.00 112.50
147.50 112.50
148.00 112.50
148.50 112.50
149.00 112.50
149.50 112.50
150.00 112.50
150.50 112.50
151.00 112.50
151.50 113.00
152.00 113.00
152.50 113.00
153.00 113.00
153.50 113.50
154.00 113.50
154.50 114.00
155.00 114.00
155.50 114.50
156.00 114.50
156.50 114.50
157.00 115.00
157.50 115.50
158.00 115.50
158.50 116.00
159.00 116.50
159.50 117.00
160.00 117.50
160.50 118.00
161.00 118.50
161.50 119.00
162.00 119.50
162.00 120.00
162.50 120.50
163.00 121.00
163.50 121.50
163.50 122.00
163.50 122.50
164.00 123.00
164.50 123.50
164.50 124.00
164.50 124.50
165.00 125.00
165.00 125.50
165.00 126.00
165.50 126.50
165.50 127.00
165.50 127.50
165.50 128.00
166.00 128.50
166.00 129.00
166.00 129.50
166.00 130.00
166.00 130.50
166.00 131.00
166.00 131.50
166.00 132.00
166.00 132.50
166.00 133.00
166.00 133.50
166.00 134.00
166.00 134.50
166.00 135.00
166.00 135.50
166.00 136.00
166.00 136.50
166.00 137.00
165.50 137.50
165.50 138.00
165.50 138.50
165.50 139.00
165.00 139.50
165.00 140.00
165.00 140.50
164.50 141.00
164.50 141.50
164.00 142.00
164.00 142.50
164.00 143.00
163.50 143.50
163.00 144.00
163.00 144.50
162.50 145.00
162.00 145.50
161.50 146.00
161.50 146.50
161.00 147.00
160.50 147.50
160.00 148.00
159.50 148.50
159.00 149.00
158.50 149.50
158.00 150.00
157.50 150.50
157.00 151.00
156.50 151.50
156.00 152.00
155.50 152.00
155.00 152.50
154.50 153.00
154.00 153.50
153.50 154.00
153.00 154.50
152.50 155.00
152.00 155.00
151.50 155.00
151.00 155.50
150.50 156.00
150.00 156.50
149.50 157.00
149.00 157.00
148.50 157.50
148.00 157.50
147.50 158.00
147.00 158.00
146.50 158.50
146.00 158.50
145.50 159.00
145.00 159.00
144.50 159.00
144.00 159.50
143.50 159.50
143.00 159.50
142.50 159.50
142.00 159.50
141.50 160.00
141.00 160.00
140.50 160.00
140.00 160.00
139.50 160.00
139.00 160.00
138.50 160.00
138.00 160.00
137.50 160.00
137.00 160.00
136.50 160.00
136.00 159.50
135.50 159.50
135.00 159.50
134.50 159.50
134.00 159.00
133.50 159.00
133.00 158.50
132.50 158.50
132.00 158.50
131.50 158.00
131.00 158.00
130.50 157.50
130.00 157.00
129.50 156.50
129.00 156.00
128.50 156.00
128.00 155.50
127.50 155.00
127.00 154.50
126.50 154.00
126.50 153.50
126.00 153.00
125.50 152.50
125.50 152.00
125.00 151.50
125.00 151.00
124.50 150.50
124.00 150.00
124.00 149.50
124.00 149.00
123.50 148.50
123.50 148.00
123.50 147.50
123.00 147.00
123.00 146.50
123.00 146.00
123.00 145.50
122.50 145.00
122.50 144.50
122.50 144.00
122.50 143.50
122.50 143.00
122.50 142.50
122.00 142.00
122.00 141.50
122.00 141.00
122.00 140.50
122.00 140.00
122.00 139.50
122.00 139.00
122.00 138.50
122.00 138.00
122.00 137.50
122.00 137.00
122.00 136.50
122.00 136.00
122.00 135.50
122.00 135.00
122.00 134.50
122.00 134.00
122.00 133.50
122.00 133.00
122.00 132.50
122.00 132.00
122.50 131.50
122.50 131.00
122.50 130.50
122.50 130.00
123.00 129.50
123.00 129.00
123.00 128.50
123.00 128.00
123.50 127.50
123.50 127.00
123.50 126.50
124.00 126.00
124.00 125.50
124.50 125.00
124.50 124.50
125.00 124.00
125.50 123.50
126.00 123.00
126.00 122.50
126.50 122.00
127.00 121.50
127.50 121.00
128.00 120.50
128.50 120.00
129.00 120.00
129.50 119.50
130.00 119.50
130.50 119.00
131.00 118.50
131.50 118.00
132.00 118.00
132.50 117.50
133.00 117.50
133.50 117.00
