135.00 143.00
134.50 142.50
134.00 142.50
133.50 142.00
133.00 141.50
132.50 141.50
132.00 141.00
131.50 140.50
131.00 140.00
130.50 139.50
130.00 139.00
129.50 138.50
129.00 138.00
128.50 137.50
128.00 137.00
128.00 136.50
127.50 136.00
127.00 135.50
127.00 135.00
126.50 134.50
126.00 134.00
126.00 133.50
125.50 133.00
125.50 132.50
125.00 132.00
125.00 131.50
125.00 131.00
124.50 130.50
124.50 130.00
124.00 129.50
124.00 129.00
124.00 128.50
123.50 128.00
123.50 127.50
123.50 127.00
123.50 126.50
123.50 126.00
123.50 125.50
123.50 125.00
123.50 124.50
123.50 124.00
123.50 123.50
124.00 123.00
124.00 122.50
124.00 122.00
124.50 121.50
124.50 121.00
124.50 120.50
124.50 120.00
125.00 119.50
125.50 119.00
125.50 118.50
126.00 118.00
126.50 117.50
126.50 117.00
127.00 116.50
127.50 116.00
128.00 115.50
128.50 115.00
129.00 114.50
129.50 114.00
130.00 113.50
130.50 113.50
131.00 113.00
131.50 112.50
132.00 112.50
132.50 112.00
133.00 111.50
133.50 111.50
134.00 111.50
134.50 111.00
135.00 111.00
135.50 111.00
136.00 110.50
136.50 110.50
137.00 110.50
137.50 110.50
138.00 110.50
138.50 110.50
139.00 110.50
139.50 110.50
140.00 110.50
140.50 110.50
141.00 110.50
141.50 110.50
142.00 110.50
142.50 110.50
143.00 110.50
143.50 110.50
144.00 110.50
144.50 110.50
145.00 110.50
145.50 110.50
146.00 110.50
146.50 111.00
147.00 111.00
147.50 111.00
148.00 111.00
148.50 111.00
149.00 111.50
149.50 111.50
150.00 111.50
150.50 111.50
151.00 112.00
151.50 112.00
152.00 112.00
152.50 112.50
153.00 112.50
153.50 113.00
154.00 113.00
154.50 113.50
155.00 113.50
155.50 113.50
156.00 114.00
156.50 114.50
157.00 115.00
157.50 115.50
158.00 116.00
158.50 116.50
159.00 117.00
159.00 117.50
159.00 118.00
159.50 118.50
159.50 119.00
159.50 119.50
159.50 120.00
159.50 120.50
159.50 121.00
159.50 121.50
159.50 122.00
159.50 122.50
159.50 123.00
159.50 123.50
159.50 124.00
159.50 124.50
159.00 125.00
159.00 125.50
159.00 126.00
159.00 126.50
158.50 127.00
158.50 127.50
158.50 128.00
158.50 128.50
158.00 129.00
158.00 129.50
158.00 130.00
157.50 130.50
157.50 131.00
157.50 131.50
157.00 132.00
157.00 132.50
156.50 133.00
156.00 133.50
156.00 134.00
155.50 134.50
155.00 135.00
154.50 135.50
154.50 136.00
154.00 136.50
153.50 136.50
153.00 137.00
152.50 137.50
152.00 138.00
151.50 138.00
151.00 138.50
150.50 139.00
150.00 139.50
149.50 139.50
149.00 140.00
148.50 140.50
148.00 141.00
147.50 141.50
147.00 141.50
146.50 142.00
146.00 142.00
145.50 142.50
145.00 142.50
144.50 143.00
144.00 143.00
143.50 143.00
143.00 143.00
142.50 143.50
142.00 143.50
141.50 143.50
141.00 143.50
140.50 143.50
140.00 143.50
139.50 143.50
139.00 143.50
138.50 143.50
138.00 143.50
137.50 143.50
137.00 143.00
136.50 143.00
136.00 143.00
135.50 143.00
