143.50 157.50
143.50 158.00
143.00 158.00
142.50 158.00
142.00 158.00
141.50 158.00
141.00 158.00
140.50 158.00
140.00 158.00
139.50 158.00
139.00 158.00
138.50 158.00
138.00 158.00
137.50 158.00
137.00 158.00
136.50 158.00
136.00 157.50
135.50 157.50
135.00 157.50
134.50 157.50
134.00 157.50
133.50 157.50
133.00 157.50
132.50 157.00
132.00 157.00
131.50 157.00
131.00 156.50
130.50 156.50
130.00 156.50
129.50 156.50
129.00 156.00
128.50 156.00
128.00 155.50
127.50 155.50
127.00 155.00
126.50 155.00
126.00 154.50
125.50 154.00
125.00 153.50
124.50 153.00
124.00 152.50
123.50 152.00
123.50 151.50
123.00 151.00
123.00 150.50
122.50 150.00
122.50 149.50
122.50 149.00
122.00 148.50
122.00 148.00
122.00 147.50
122.00 147.00
122.00 146.50
121.50 146.00
121.50 145.50
121.50 145.00
121.50 144.50
121.50 144.00
121.50 143.50
121.50 143.00
121.00 142.50
121.00 142.00
121.00 141.50
121.00 141.00
121.00 140.50
121.00 140.00
121.00 139.50
121.00 139.00
121.00 138.50
121.00 138.00
121.00 137.50
121.00 137.00
121.00 136.50
121.00 136.00
121.00 135.50
121.00 135.00
121.00 134.50
121.00 134.00
121.50 133.50
121.50 133.00
121.50 132.50
121.50 132.00
121.50 131.50
122.00 131.00
122.00 130.50
122.00 130.00
122.00 129.50
122.50 129.00
122.50 128.50
122.50 128.00
122.50 127.50
123.00 127.00
123.00 126.50
123.00 126.00
123.50 125.50
123.50 125.00
124.00 124.50
124.00 124.00
124.00 123.50
124.50 123.00
124.50 122.50
125.00 122.00
125.50 121.50
126.00 121.00
126.00 120.50
126.50 120.00
127.00 119.50
127.50 119.00
128.00 118.50
128.50 118.00
129.00 117.50
129.50 117.00
130.00 116.50
130.50 116.00
131.00 115.50
131.50 115.00
132.00 115.00
132.50 114.50
133.00 114.00
133.50 113.50
134.00 113.50
134.50 113.00
135.00 113.00
135.50 113.00
136.00 112.50
136.50 112.50
137.00 112.50
137.50 112.50
138.00 112.00
138.50 112.00
139.00 112.00
139.50 112.00
140.00 112.00
140.50 111.50
141.00 111.50
141.50 111.50
142.00 111.50
142.50 111.00
143.00 111.00
143.50 111.00
144.00 111.00
144.50 111.00
145.00 110.50
145.50 110.50
146.00 110.50
146.50 110.50
147.00 110.50
147.50 110.50
148.00 110.50
148.50 110.50
149.00 111.00
149.50 111.00
150.00 111.00
150.50 111.50
151.00 112.00
151.50 112.00
152.00 112.00
152.50 112.50
153.00 113.00
153.50 113.00
154.00 113.50
154.50 114.00
155.00 114.00
155.50 114.50
156.00 115.00
156.50 115.00
157.00 115.50
157.00 116.00
157.50 116.50
158.00 117.00
158.50 117.00
159.00 117.50
159.00 118.00
159.50 118.50
160.00 119.00
160.00 119.50
160.50 120.00
161.00 120.50
161.00 121.00
161.00 121.50
161.50 122.00
162.00 122.50
162.00 123.00
162.00 123.50
162.50 124.00
162.50 124.50
163.00 125.00
163.00 125.50
163.00 126.00
163.00 126.50
163.00 127.00
163.50 127.50
163.50 128.00
163.50 128.50
163.50 129.00
163.50 129.50
164.00 130.00
164.00 130.50
164.00 131.00
164.00 131.50
164.00 132.00
164.00 132.50
164.00 133.00
164.00 133.50
164.50 134.00
164.50 134.50
164.50 135.00
164.50 135.50
164.50 136.00
164.50 136.50
164.50 137.00
164.50 137.50
164.00 138.00
164.00 138.50
164.00 139.00
164.00 139.50
164.00 140.00
164.00 140.50
164.00 141.00
164.00 141.50
163.50 142.00
163.50 142.50
163.50 143.00
163.50 143.50
163.00 144.00
162.50 144.50
162.50 145.00
162.00 145.50
161.50 146.00
161.50 146.50
161.00 147.00
161.00 147.50
160.50 148.00
160.00 148.50
159.50 149.00
159.00 149.50
159.00 150.00
158.50 150.50
158.00 151.00
157.50 151.50
157.00 152.00
157.00 152.50
156.50 153.00
156.00 153.50
155.50 153.50
155.00 154.00
154.50 154.50
154.00 155.00
153.50 155.00
153.00 155.00
152.50 155.00
152.00 155.00
151.50 155.50
151.00 155.50
150.50 155.50
150.00 155.50
149.50 155.50
149.00 156.00
148.50 156.00
148.00 156.00
147.50 156.00
147.00 156.50
146.50 156.50
146.00 156.50
145.50 156.50
145.00 156.50
144.50 157.00
144.00 157.00
