147.50 128.50
147.00 128.50
146.50 128.50
146.00 128.50
145.50 128.00
145.00 128.00
144.50 127.50
144.00 127.00
144.00 126.50
144.00 126.00
143.50 125.50
143.50 125.00
143.50 124.50
144.00 124.00
144.50 123.50
145.00 123.50
145.50 123.50
146.00 123.00
146.50 122.50
147.00 122.00
147.50 121.50
148.00 121.50
148.50 121.50
149.00 121.50
149.50 121.50
150.00 122.00
150.50 122.50
151.00 123.00
151.50 123.50
151.50 124.00
151.50 124.50
151.50 125.00
152.00 125.50
152.50 125.50
153.00 126.00
153.50 126.50
153.50 127.00
154.00 127.50
154.50 128.00
154.50 128.50
155.00 129.00
155.50 129.50
155.50 130.00
156.00 130.50
156.00 131.00
156.00 131.50
156.00 132.00
156.00 132.50
156.00 133.00
156.00 133.50
155.50 134.00
155.00 133.50
154.50 133.00
154.00 133.00
153.50 132.50
153.00 132.00
153.00 131.50
152.50 131.00
152.00 130.50
151.50 130.00
151.00 129.50
150.50 129.00
150.00 129.00
149.50 128.50
149.00 128.50
148.50 128.50
148.00 128.00
