127.50 115.50
128.00 115.50
128.50 115.50
129.00 115.50
129.50 115.00
130.00 115.00
130.50 115.00
131.00 115.00
131.50 115.00
132.00 115.00
132.50 115.00
133.00 115.00
133.50 115.00
134.00 115.00
134.50 115.00
135.00 115.00
135.50 115.00
136.00 115.00
136.50 115.00
137.00 115.00
137.50 115.00
138.00 115.00
138.50 115.50
139.00 115.50
139.50 115.50
140.00 115.50
140.50 116.00
141.00 116.00
141.50 116.00
142.00 116.50
142.50 116.50
143.00 117.00
143.50 117.00
144.00 117.50
144.50 117.50
145.00 118.00
145.50 118.00
146.00 118.00
146.50 118.50
146.50 119.00
147.00 119.50
147.50 119.50
148.00 120.00
148.50 120.50
149.00 120.50
149.50 121.00
150.00 121.50
150.50 122.00
151.00 122.50
151.50 123.00
152.00 123.50
152.50 124.00
153.00 124.50
153.50 125.00
153.50 125.50
154.00 126.00
154.50 126.50
154.50 127.00
155.00 127.50
155.50 128.00
155.50 128.50
156.00 129.00
156.00 129.50
156.00 130.00
156.00 130.50
156.50 131.00
156.50 131.50
156.50 132.00
157.00 132.50
157.00 133.00
157.00 133.50
157.00 134.00
157.00 134.50
157.00 135.00
157.00 135.50
157.00 136.00
157.00 136.50
157.00 137.00
157.00 137.50
157.00 138.00
157.00 138.50
157.00 139.00
157.00 139.50
156.50 140.00
156.50 140.50
156.50 141.00
156.50 141.50
156.00 142.00
156.00 142.50
156.00 143.00
155.50 143.50
155.50 144.00
155.00 144.50
155.00 145.00
154.50 145.50
154.50 146.00
154.00 146.50
153.50 147.00
153.50 147.50
153.00 148.00
152.50 148.50
152.00 149.00
152.00 149.50
151.50 150.00
151.00 150.50
150.50 151.00
150.00 151.50
149.50 152.00
149.00 152.50
148.50 153.00
148.00 153.00
147.50 153.50
147.00 154.00
146.50 154.50
146.00 155.00
145.50 155.00
145.00 155.50
144.50 155.50
144.00 156.00
143.50 156.00
143.00 156.50
142.50 156.50
142.00 156.50
141.50 157.00
141.00 157.00
140.50 157.00
140.00 157.00
139.50 157.50
139.00 157.50
138.50 157.50
138.00 157.50
137.50 157.50
137.00 157.50
136.50 157.50
136.00 157.50
135.50 157.50
135.00 157.50
134.50 157.50
134.00 157.50
133.50 157.50
133.00 157.50
132.50 157.50
132.00 157.50
131.50 157.00
131.00 157.00
130.50 157.00
130.00 157.00
129.50 156.50
129.00 156.50
128.50 156.00
128.00 156.00
127.50 155.50
127.00 155.50
126.50 155.00
126.00 155.00
125.50 154.50
125.00 154.00
124.50 153.50
124.00 153.50
123.50 153.00
123.00 152.50
122.50 152.00
122.00 151.50
121.50 151.00
121.50 150.50
121.00 150.00
120.50 149.50
120.50 149.00
120.00 148.50
119.50 148.00
119.50 147.50
119.00 147.00
119.00 146.50
119.00 146.00
118.50 145.50
118.50 145.00
118.50 144.50
118.00 144.00
118.00 143.50
118.00 143.00
118.00 142.50
117.50 142.00
117.50 141.50
117.50 141.00
117.50 140.50
117.50 140.00
117.00 139.50
117.00 139.00
117.00 138.50
117.00 138.00
117.00 137.50
117.00 137.00
117.00 136.50
117.00 136.00
117.00 135.50
116.50 135.00
116.50 134.50
116.50 134.00
116.50 133.50
116.50 133.00
117.00 132.50
117.00 132.00
117.00 131.50
117.00 131.00
117.00 130.50
117.00 130.00
117.00 129.50
117.50 129.00
117.50 128.50
117.50 128.00
118.00 127.50
118.00 127.00
118.50 126.50
118.50 126.00
119.00 125.50
119.00 125.00
119.50 124.50
119.50 124.00
120.00 123.50
120.00 123.00
120.50 122.50
121.00 122.00
121.00 121.50
121.50 121.00
122.00 120.50
122.00 120.00
122.50 119.50
123.00 119.00
123.50 118.50
124.00 118.00
124.50 117.50
125.00 117.00
125.50 116.50
126.00 116.50
126.50 116.00
127.00 116.00
