137.50 119.00
138.00 118.50
138.00 118.00
138.50 117.50
139.00 117.00
139.00 116.50
139.50 116.00
139.50 115.50
140.00 115.00
140.50 114.50
140.50 114.00
141.00 113.50
141.50 113.00
142.00 112.50
142.50 112.50
143.00 112.00
143.50 112.00
144.00 112.00
144.50 111.50
145.00 111.50
145.50 111.00
146.00 111.00
146.50 110.50
147.00 110.50
147.50 110.00
148.00 110.00
148.50 110.00
149.00 109.50
149.50 109.50
150.00 109.50
150.50 109.00
151.00 109.00
151.50 108.50
152.00 108.50
152.50 108.50
153.00 108.50
153.50 108.50
154.00 108.50
154.50 108.50
155.00 108.50
155.50 108.50
156.00 109.00
156.50 109.00
157.00 109.00
157.50 109.50
158.00 109.50
158.50 110.00
159.00 110.00
159.50 110.50
160.00 110.50
160.50 110.50
161.00 111.00
161.50 111.50
162.00 112.00
162.00 112.50
162.50 113.00
163.00 113.50
163.50 114.00
163.50 114.50
164.00 115.00
164.50 115.50
165.00 116.00
165.50 116.50
166.00 117.00
166.50 117.50
167.00 118.00
167.00 118.50
167.50 119.00
168.00 119.50
168.50 120.00
168.50 120.50
169.00 121.00
169.50 121.50
169.50 122.00
170.00 122.50
170.00 123.00
170.00 123.50
170.00 124.00
170.50 124.50
170.50 125.00
170.50 125.50
170.50 126.00
170.50 126.50
170.50 127.00
170.50 127.50
170.50 128.00
170.50 128.50
170.50 129.00
170.50 129.50
170.50 130.00
170.50 130.50
170.50 131.00
170.00 131.50
170.00 132.00
170.00 132.50
169.50 133.00
169.50 133.50
169.50 134.00
169.50 134.50
169.00 135.00
169.00 135.50
168.50 136.00
168.00 136.50
167.50 137.00
167.50 137.50
167.00 138.00
166.50 138.50
166.00 139.00
165.50 139.50
165.50 140.00
165.00 140.50
164.50 141.00
164.00 141.50
163.50 142.00
163.00 142.50
162.50 143.00
162.00 143.50
161.50 144.00
161.00 144.50
160.50 145.00
160.00 145.50
159.50 146.00
159.00 146.00
158.50 146.50
158.00 147.00
157.50 147.50
157.00 148.00
156.50 148.50
156.00 148.50
155.50 149.00
155.00 149.50
154.50 149.50
154.00 150.00
153.50 150.50
153.00 150.50
152.50 151.00
152.00 151.50
151.50 152.00
151.00 152.50
150.50 152.50
150.00 153.00
149.50 153.00
149.00 153.50
148.50 154.00
148.00 154.00
147.50 154.50
147.00 155.00
146.50 155.00
146.00 155.00
145.50 155.50
145.00 155.50
144.50 155.50
144.00 155.50
143.50 155.50
143.00 155.50
142.50 155.50
142.00 155.50
141.50 155.50
141.00 155.50
140.50 155.50
140.00 155.50
139.50 155.50
139.00 155.00
138.50 155.00
138.00 155.00
137.50 154.50
137.00 154.50
136.50 154.50
136.00 154.00
135.50 154.00
135.00 153.50
134.50 153.00
134.00 153.00
133.50 152.50
133.00 152.00
132.50 151.50
132.00 151.50
131.50 151.00
131.00 150.50
130.50 150.00
130.50 149.50
130.00 149.00
129.50 148.50
129.00 148.00
129.00 147.50
128.50 147.00
128.00 146.50
128.00 146.00
127.50 145.50
127.50 145.00
127.50 144.50
127.00 144.00
127.00 143.50
127.00 143.00
126.50 142.50
126.50 142.00
126.50 141.50
126.50 141.00
126.50 140.50
126.00 140.00
126.00 139.50
126.00 139.00
126.00 138.50
126.00 138.00
126.00 137.50
126.00 137.00
126.00 136.50
126.00 136.00
126.00 135.50
126.00 135.00
126.00 134.50
126.00 134.00
126.00 133.50
126.50 133.00
126.50 132.50
126.50 132.00
126.50 131.50
127.00 131.00
127.00 130.50
127.00 130.00
127.50 129.50
127.50 129.00
128.00 128.50
128.00 128.00
128.00 127.50
128.50 127.00
129.00 126.50
129.50 126.00
130.00 125.50
130.50 125.00
131.00 124.50
131.50 124.00
132.00 124.00
132.50 123.50
133.00 123.50
133.50 123.00
134.00 123.00
134.50 123.00
135.00 122.50
135.50 122.50
136.00 122.00
136.50 122.00
137.00 121.50
137.50 121.00
138.00 120.50
138.50 120.00
138.00 119.50
