143.00 133.00
143.00 132.50
142.50 132.00
142.00 132.00
141.50 132.00
141.00 132.00
140.50 132.00
140.00 132.00
139.50 131.50
139.00 131.50
138.50 131.00
138.50 130.50
138.50 130.00
138.50 129.50
139.00 129.00
139.00 128.50
139.50 128.00
139.50 127.50
140.00 127.00
140.50 126.50
141.00 126.00
141.50 126.00
142.00 125.50
142.50 125.50
143.00 125.50
143.50 125.50
144.00 125.50
144.50 126.00
145.00 126.50
145.00 127.00
145.00 127.50
145.50 128.00
145.50 128.50
146.00 129.00
146.00 129.50
146.00 130.00
146.50 130.50
147.00 131.00
147.50 131.50
148.00 132.00
148.50 132.50
149.00 133.00
149.50 133.50
150.00 134.00
150.00 134.50
150.50 135.00
150.50 135.50
150.50 136.00
150.50 136.50
150.50 137.00
150.00 137.50
149.50 138.00
149.00 138.50
148.50 139.00
148.00 139.00
147.50 139.00
147.00 139.00
146.50 138.50
146.00 138.00
145.50 137.50
145.50 137.00
145.50 136.50
145.50 136.00
146.00 135.50
146.00 135.00
146.00 134.50
146.50 134.00
146.00 133.50
145.50 133.50
145.00 133.50
144.50 133.50
144.00 133.50
143.50 133.50
