141.50 146.00
141.50 146.50
141.50 147.00
141.50 147.50
141.00 148.00
141.00 148.50
140.50 149.00
140.00 149.50
140.00 150.00
139.50 150.50
139.00 151.00
138.50 151.50
138.00 152.00
137.50 152.00
137.00 152.00
136.50 152.50
136.00 152.50
135.50 152.50
135.00 152.00
134.50 152.00
134.00 151.50
133.50 151.50
133.00 151.00
132.50 150.50
132.50 150.00
132.00 149.50
132.50 149.00
133.00 149.00
133.50 149.00
134.00 149.00
134.50 149.00
135.00 149.00
135.50 149.00
136.00 149.00
136.50 149.00
137.00 149.00
137.50 148.50
138.00 148.00
138.50 147.50
139.00 147.00
139.50 146.50
140.00 146.00
140.50 145.50
141.00 145.50
141.50 145.50
