134.50 147.50
134.00 147.50
133.50 147.50
133.00 147.50
132.50 147.50
132.00 147.50
131.50 147.50
131.00 147.50
130.50 147.50
130.00 147.50
129.50 147.00
129.00 147.00
128.50 147.00
128.00 147.00
127.50 147.00
127.00 147.00
126.50 146.50
126.00 146.50
125.50 146.50
125.00 146.00
124.50 146.00
124.00 146.00
123.50 145.50
123.00 145.00
122.50 145.00
122.00 145.00
121.50 144.50
121.00 144.00
121.00 143.50
120.50 143.00
120.00 142.50
119.50 142.00
119.50 141.50
119.50 141.00
119.00 140.50
119.00 140.00
119.00 139.50
119.00 139.00
119.00 138.50
119.00 138.00
119.00 137.50
119.00 137.00
119.00 136.50
119.00 136.00
119.00 135.50
119.00 135.00
119.00 134.50
119.00 134.00
119.00 133.50
119.00 133.00
119.00 132.50
119.00 132.00
119.00 131.50
119.00 131.00
119.00 130.50
119.00 130.00
119.00 129.50
119.00 129.00
119.00 128.50
119.50 128.00
119.50 127.50
119.50 127.00
119.50 126.50
119.50 126.00
119.50 125.50
119.50 125.00
120.00 124.50
120.00 124.00
120.00 123.50
120.00 123.00
120.50 122.50
120.50 122.00
121.00 121.50
121.50 121.00
122.00 120.50
122.00 120.00
122.50 119.50
123.00 119.00
123.50 118.50
124.00 118.00
124.50 118.00
125.00 117.50
125.50 117.50
126.00 117.00
126.50 116.50
127.00 116.50
127.50 116.50
128.00 116.00
128.50 116.00
129.00 115.50
129.50 115.50
130.00 115.50
130.50 115.50
131.00 115.50
131.50 115.50
132.00 115.50
132.50 115.50
133.00 115.50
133.50 115.50
134.00 115.50
134.50 115.50
135.00 115.50
135.50 115.50
136.00 115.50
136.50 115.50
137.00 116.00
137.50 116.00
138.00 116.00
138.50 116.00
139.00 116.00
139.50 116.50
140.00 116.50
140.50 116.50
141.00 117.00
141.50 117.00
142.00 117.00
142.50 117.50
143.00 117.50
143.50 117.50
144.00 118.00
144.50 118.50
145.00 118.50
145.50 118.50
146.00 119.00
146.50 119.50
147.00 120.00
147.50 120.50
148.00 121.00
148.50 121.50
149.00 122.00
149.00 122.50
149.00 123.00
149.50 123.50
149.50 124.00
149.50 124.50
150.00 125.00
150.00 125.50
150.00 126.00
150.00 126.50
150.00 127.00
150.00 127.50
150.00 128.00
150.00 128.50
150.00 129.00
150.00 129.50
150.00 130.00
150.00 130.50
150.00 131.00
149.50 131.50
149.50 132.00
149.50 132.50
149.50 133.00
149.00 133.50
149.00 134.00
149.00 134.50
149.00 135.00
149.00 135.50
148.50 136.00
148.50 136.50
148.00 137.00
147.50 137.50
147.00 138.00
147.00 138.50
146.50 139.00
146.50 139.50
146.00 140.00
145.50 140.50
145.00 141.00
145.00 141.50
144.50 142.00
144.00 142.50
143.50 143.00
143.00 143.50
142.50 144.00
142.00 144.50
141.50 144.50
141.00 145.00
140.50 145.50
140.00 145.50
139.50 146.00
139.00 146.00
138.50 146.00
138.00 146.50
137.50 146.50
137.00 147.00
136.50 147.00
136.00 147.00
135.50 147.50
135.00 147.50
