121.00 84.00
121.50 84.00
122.00 83.50
122.50 83.50
123.00 83.50
123.50 83.50
124.00 83.50
124.50 83.50
125.00 83.50
125.50 83.00
126.00 83.00
126.50 83.00
127.00 83.00
127.50 83.00
128.00 83.00
128.50 83.00
129.00 83.00
129.50 83.00
130.00 83.00
130.50 83.00
131.00 83.00
131.50 83.00
132.00 83.00
132.50 83.00
133.00 83.00
133.50 83.00
134.00 83.00
134.50 83.00
135.00 83.00
135.50 83.00
136.00 83.00
136.50 83.00
137.00 83.00
137.50 83.00
138.00 83.00
138.50 83.00
139.00 83.00
139.50 83.00
140.00 83.00
140.50 83.50
141.00 83.50
141.50 83.50
142.00 83.50
142.50 83.50
143.00 83.50
143.50 83.50
144.00 84.00
144.50 84.00
145.00 84.00
145.50 84.00
146.00 84.50
146.50 84.50
147.00 84.50
147.50 85.00
148.00 85.00
148.50 85.50
149.00 85.50
149.50 85.50
150.00 86.00
150.50 86.00
151.00 86.50
151.50 87.00
152.00 87.00
152.50 87.50
153.00 88.00
153.50 88.50
154.00 89.00
154.50 89.00
155.00 89.50
155.50 90.00
156.00 90.50
156.50 91.00
157.00 91.50
157.50 92.00
157.50 92.50
158.00 93.00
158.50 93.50
158.50 94.00
159.00 94.50
159.00 95.00
159.50 95.50
159.50 96.00
160.00 96.50
160.00 97.00
160.50 97.50
160.50 98.00
160.50 98.50
160.50 99.00
161.00 99.50
161.00 100.00
161.00 100.50
161.50 101.00
161.50 101.50
161.50 102.00
161.50 102.50
161.50 103.00
162.00 103.50
162.00 104.00
162.00 104.50
162.00 105.00
162.00 105.50
162.00 106.00
162.00 106.50
162.00 107.00
162.50 107.50
162.50 108.00
162.50 108.50
162.50 109.00
162.50 109.50
162.50 110.00
162.50 110.50
162.50 111.00
163.00 111.50
163.00 112.00
163.00 112.50
163.00 113.00
163.00 113.50
163.00 114.00
163.00 114.50
163.00 115.00
163.00 115.50
163.00 116.00
163.00 116.50
163.00 117.00
163.00 117.50
163.00 118.00
163.00 118.50
163.00 119.00
163.00 119.50
163.00 120.00
163.00 120.50
163.00 121.00
163.00 121.50
162.50 122.00
162.50 122.50
162.50 123.00
162.50 123.50
162.00 124.00
162.00 124.50
162.00 125.00
162.00 125.50
161.50 126.00
161.50 126.50
161.00 127.00
161.00 127.50
160.50 128.00
160.50 128.50
160.00 129.00
160.00 129.50
159.50 130.00
159.50 130.50
159.00 131.00
158.50 131.50
158.00 132.00
158.00 132.50
157.50 133.00
157.00 133.50
157.00 134.00
156.50 134.50
156.00 135.00
155.50 135.50
155.00 136.00
154.50 136.50
154.00 137.00
153.50 137.50
153.00 138.00
152.50 138.50
152.00 139.00
151.50 139.00
151.00 139.50
150.50 140.00
150.00 140.50
149.50 141.00
149.00 141.00
148.50 141.50
148.00 142.00
147.50 142.50
147.00 142.50
146.50 143.00
146.00 143.00
145.50 143.50
145.00 143.50
144.50 144.00
144.00 144.00
143.50 144.50
143.00 144.50
142.50 145.00
142.00 145.00
141.50 145.50
141.00 145.50
140.50 145.50
140.00 146.00
139.50 146.00
139.00 146.00
138.50 146.50
138.00 146.50
137.50 146.50
137.00 146.50
136.50 147.00
136.00 147.00
135.50 147.00
135.00 147.00
134.50 147.00
134.00 147.50
133.50 147.50
133.00 147.50
132.50 147.50
132.00 147.50
131.50 147.50
131.00 147.50
130.50 147.50
130.00 147.50
129.50 147.50
129.00 148.00
128.50 148.00
128.00 148.00
127.50 148.00
127.00 148.00
126.50 147.50
126.00 147.50
125.50 147.50
125.00 147.50
124.50 147.50
124.00 147.50
123.50 147.50
123.00 147.50
122.50 147.50
122.00 147.50
121.50 147.00
121.00 147.00
120.50 147.00
120.00 147.00
119.50 147.00
119.00 146.50
118.50 146.50
118.00 146.50
117.50 146.50
117.00 146.00
116.50 146.00
116.00 146.00
115.50 145.50
115.00 145.50
114.50 145.00
114.00 145.00
113.50 144.50
113.00 144.50
112.50 144.00
112.00 144.00
111.50 143.50
111.00 143.00
110.50 143.00
110.00 142.50
109.50 142.00
109.00 141.50
108.50 141.00
108.00 140.50
107.50 140.00
107.00 139.50
106.50 139.00
106.50 138.50
106.00 138.00
105.50 137.50
105.00 137.00
105.00 136.50
104.50 136.00
104.00 135.50
104.00 135.00
103.50 134.50
103.50 134.00
103.00 133.50
103.00 133.00
102.50 132.50
102.00 132.00
102.00 131.50
102.00 131.00
101.50 130.50
101.50 130.00
101.00 129.50
100.50 129.00
100.50 128.50
100.50 128.00
100.00 127.50
100.00 127.00
100.00 126.50
99.50 126.00
99.50 125.50
99.50 125.00
99.00 124.50
99.00 124.00
99.00 123.50
98.50 123.00
98.50 122.50
98.50 122.00
98.00 121.50
98.00 121.00
98.00 120.50
98.00 120.00
98.00 119.50
98.00 119.00
97.50 118.50
97.50 118.00
97.50 117.50
97.50 117.00
97.50 116.50
97.50 116.00
97.50 115.50
97.50 115.00
97.50 114.50
97.50 114.00
97.50 113.50
97.50 113.00
97.50 112.50
97.50 112.00
97.50 111.50
97.50 111.00
98.00 110.50
98.00 110.00
98.00 109.50
98.00 109.00
98.00 108.50
98.00 108.00
98.50 107.50
98.50 107.00
98.50 106.50
99.00 106.00
99.00 105.50
99.00 105.00
99.50 104.50
99.50 104.00
99.50 103.50
100.00 103.00
100.00 102.50
100.00 102.00
100.50 101.50
100.50 101.00
101.00 100.50
101.00 100.00
101.50 99.50
101.50 99.00
102.00 98.50
102.50 98.00
102.50 97.50
103.00 97.00
103.00 96.50
103.50 96.00
104.00 95.50
104.50 95.00
104.50 94.50
105.00 94.00
105.50 93.50
106.00 93.00
106.50 92.50
107.00 92.00
107.50 91.50
108.00 91.00
108.50 90.50
109.00 90.00
109.50 89.50
110.00 89.00
110.50 89.00
111.00 88.50
111.50 88.00
112.00 88.00
112.50 87.50
113.00 87.00
113.50 87.00
114.00 86.50
114.50 86.50
115.00 86.00
115.50 86.00
116.00 85.50
116.50 85.50
117.00 85.00
117.50 85.00
118.00 85.00
118.50 84.50
119.00 84.50
119.50 84.50
120.00 84.00
120.50 84.00
