104.50 125.00
104.50 124.50
104.50 124.00
104.50 123.50
104.50 123.00
104.50 122.50
104.50 122.00
104.50 121.50
104.50 121.00
104.50 120.50
104.00 120.00
104.00 119.50
104.00 119.00
104.00 118.50
104.00 118.00
104.50 117.50
104.50 117.00
104.50 116.50
104.50 116.00
104.50 115.50
104.50 115.00
104.50 114.50
104.50 114.00
104.50 113.50
105.00 113.00
105.00 112.50
105.00 112.00
105.00 111.50
105.00 111.00
105.50 110.50
105.50 110.00
105.50 109.50
106.00 109.00
106.50 108.50
106.50 108.00
106.50 107.50
107.00 107.00
107.50 106.50
107.50 106.00
108.00 105.50
108.00 105.00
108.50 104.50
108.50 104.00
109.00 103.50
109.50 103.00
109.50 102.50
110.00 102.00
110.50 101.50
110.50 101.00
111.00 100.50
111.00 100.00
111.50 99.50
112.00 99.00
112.50 98.50
113.00 98.00
113.50 97.50
114.00 97.00
114.50 96.50
115.00 96.00
115.50 95.50
116.00 95.00
116.50 95.00
117.00 94.50
117.50 94.00
118.00 93.50
118.50 93.50
119.00 93.00
119.50 93.00
120.00 92.50
120.50 92.50
121.00 92.00
121.50 92.00
122.00 91.50
122.50 91.50
123.00 91.50
123.50 91.00
124.00 91.00
124.50 91.00
125.00 90.50
125.50 90.50
126.00 90.50
126.50 90.50
127.00 90.50
127.50 90.50
128.00 90.00
128.50 90.00
129.00 90.00
129.50 90.00
130.00 90.00
130.50 90.00
131.00 90.00
131.50 90.00
132.00 90.00
132.50 90.00
133.00 90.00
133.50 90.00
134.00 90.50
134.50 90.50
135.00 90.50
135.50 90.50
136.00 90.50
136.50 91.00
137.00 91.00
137.50 91.00
138.00 91.00
138.50 91.50
139.00 91.50
139.50 91.50
140.00 92.00
140.50 92.00
141.00 92.50
141.50 92.50
142.00 93.00
142.50 93.00
143.00 93.50
143.50 93.50
144.00 94.00
144.50 94.00
145.00 94.50
145.50 95.00
146.00 95.00
146.50 95.50
147.00 96.00
147.50 96.50
148.00 97.00
148.50 97.00
149.00 97.50
149.50 98.00
149.50 98.50
150.00 99.00
150.50 99.50
151.00 100.00
151.50 100.50
151.50 101.00
152.00 101.50
152.50 102.00
152.50 102.50
153.00 103.00
153.00 103.50
153.50 104.00
154.00 104.50
154.00 105.00
154.00 105.50
154.00 106.00
154.50 106.50
154.50 107.00
155.00 107.50
155.00 108.00
155.00 108.50
155.00 109.00
155.50 109.50
155.50 110.00
155.50 110.50
155.50 111.00
155.50 111.50
155.50 112.00
155.50 112.50
155.50 113.00
155.50 113.50
155.50 114.00
155.50 114.50
155.50 115.00
155.50 115.50
155.50 116.00
155.50 116.50
155.50 117.00
155.50 117.50
155.50 118.00
155.00 118.50
155.00 119.00
155.00 119.50
155.00 120.00
154.50 120.50
154.50 121.00
154.50 121.50
154.00 122.00
154.00 122.50
154.00 123.00
153.50 123.50
153.50 124.00
153.50 124.50
153.00 125.00
153.00 125.50
152.50 126.00
152.00 126.50
152.00 127.00
151.50 127.50
151.50 128.00
151.00 128.50
150.50 129.00
150.50 129.50
150.00 130.00
149.50 130.50
149.50 131.00
149.00 131.50
148.50 132.00
148.00 132.50
147.50 133.00
147.00 133.50
146.50 134.00
146.00 134.50
145.50 135.00
145.00 135.50
144.50 135.50
144.00 136.00
143.50 136.50
143.00 137.00
142.50 137.50
142.00 137.50
141.50 138.00
141.00 138.50
140.50 138.50
140.00 139.00
139.50 139.00
139.00 139.50
138.50 139.50
138.00 140.00
137.50 140.00
137.00 140.00
136.50 140.50
136.00 140.50
135.50 140.50
135.00 141.00
134.50 141.00
134.00 141.00
133.50 141.00
133.00 141.50
132.50 141.50
132.00 141.50
131.50 141.50
131.00 141.50
130.50 141.50
130.00 142.00
129.50 142.00
129.00 142.00
128.50 142.00
128.00 142.00
127.50 142.00
127.00 142.00
126.50 142.00
126.00 142.00
125.50 142.00
125.00 141.50
124.50 141.50
124.00 141.50
123.50 141.50
123.00 141.50
122.50 141.50
122.00 141.50
121.50 141.00
121.00 141.00
120.50 141.00
120.00 141.00
119.50 140.50
119.00 140.50
118.50 140.50
118.00 140.00
117.50 140.00
117.00 140.00
116.50 139.50
116.00 139.50
115.50 139.00
115.00 138.50
114.50 138.50
114.00 138.50
113.50 138.00
113.00 137.50
112.50 137.50
112.00 137.00
111.50 136.50
111.00 136.00
110.50 135.50
110.00 135.00
109.50 134.50
109.00 134.00
108.50 133.50
108.00 133.00
108.00 132.50
107.50 132.00
107.00 131.50
107.00 131.00
106.50 130.50
106.00 130.00
106.00 129.50
106.00 129.00
105.50 128.50
105.50 128.00
105.50 127.50
105.00 127.00
105.00 126.50
105.00 126.00
105.00 125.50
