147.00 115.50
146.50 115.50
146.00 115.00
145.50 115.00
145.00 115.00
144.50 114.50
144.00 114.00
143.50 113.50
143.50 113.00
143.50 112.50
143.00 112.00
143.00 111.50
143.00 111.00
143.00 110.50
143.00 110.00
143.50 109.50
143.50 109.00
143.50 108.50
144.00 108.00
144.50 108.50
145.00 108.00
145.50 107.50
146.00 107.50
146.50 107.50
147.00 107.50
147.50 107.50
148.00 107.50
148.50 108.00
149.00 108.00
149.50 108.50
150.00 109.00
150.50 109.50
151.00 110.00
151.50 110.50
152.00 111.00
152.00 111.50
152.50 112.00
152.50 112.50
152.50 113.00
152.50 113.50
152.50 114.00
152.00 114.50
152.00 115.00
152.00 115.50
152.00 116.00
152.00 116.50
152.00 117.00
152.00 117.50
152.00 118.00
152.50 118.50
152.50 119.00
152.50 119.50
152.50 120.00
152.50 120.50
152.50 121.00
152.50 121.50
152.00 122.00
151.50 122.50
151.00 122.00
150.50 121.50
150.00 121.00
149.50 120.50
149.00 120.00
148.50 119.50
148.50 119.00
148.00 118.50
148.00 118.00
148.00 117.50
147.50 117.00
147.50 116.50
147.50 116.00
