158.00 92.50
158.50 93.00
159.00 93.50
159.50 94.00
160.00 94.50
160.50 95.00
161.00 95.50
161.00 96.00
161.50 96.50
162.00 97.00
162.00 97.50
162.50 98.00
163.00 98.50
163.00 99.00
163.00 99.50
163.50 100.00
163.50 100.50
163.50 101.00
164.00 101.50
164.00 102.00
164.00 102.50
164.00 103.00
164.00 103.50
164.50 104.00
164.50 104.50
164.50 105.00
164.50 105.50
164.50 106.00
164.50 106.50
164.50 107.00
164.50 107.50
164.50 108.00
164.50 108.50
164.50 109.00
164.50 109.50
164.50 110.00
164.50 110.50
164.50 111.00
164.50 111.50
164.50 112.00
164.50 112.50
164.50 113.00
164.50 113.50
164.50 114.00
164.50 114.50
164.50 115.00
164.50 115.50
164.50 116.00
164.50 116.50
164.50 117.00
164.00 117.50
164.00 118.00
164.00 118.50
164.00 119.00
164.00 119.50
164.00 120.00
164.00 120.50
164.00 121.00
163.50 121.50
163.50 122.00
163.50 122.50
163.50 123.00
163.00 123.50
163.00 124.00
163.00 124.50
162.50 125.00
162.50 125.50
162.50 126.00
162.50 126.50
162.00 127.00
161.50 127.50
161.50 128.00
161.50 128.50
161.00 129.00
160.50 129.50
160.50 130.00
160.00 130.50
159.50 131.00
159.00 131.50
159.00 132.00
158.50 132.50
158.00 133.00
157.50 133.50
157.00 134.00
156.50 134.50
156.00 135.00
155.50 135.50
155.00 136.00
154.50 136.50
154.00 137.00
153.50 137.50
153.00 137.50
152.50 138.00
152.00 138.50
151.50 138.50
151.00 139.00
150.50 139.00
150.00 139.50
149.50 140.00
149.00 140.00
148.50 140.50
148.00 141.00
147.50 141.00
147.00 141.50
146.50 141.50
146.00 142.00
145.50 142.00
145.00 142.50
144.50 142.50
144.00 143.00
143.50 143.00
143.00 143.00
142.50 143.50
142.00 143.50
141.50 144.00
141.00 144.00
140.50 144.00
140.00 144.50
139.50 144.50
139.00 144.50
138.50 145.00
138.00 145.00
137.50 145.00
137.00 145.50
136.50 145.50
136.00 145.50
135.50 145.50
135.00 146.00
134.50 146.00
134.00 146.00
133.50 146.00
133.00 146.00
132.50 146.50
132.00 146.50
131.50 146.50
131.00 146.50
130.50 146.50
130.00 147.00
129.50 147.00
129.00 147.00
128.50 147.00
128.00 147.00
127.50 147.00
127.00 147.00
126.50 147.00
126.00 147.00
125.50 147.00
125.00 147.00
124.50 147.00
124.00 147.00
123.50 147.00
123.00 147.00
122.50 147.00
122.00 147.00
121.50 146.50
121.00 146.50
120.50 146.50
120.00 146.50
119.50 146.50
119.00 146.00
118.50 146.00
118.00 146.00
117.50 145.50
117.00 145.50
116.50 145.50
116.00 145.00
115.50 145.00
115.00 144.50
114.50 144.50
114.00 144.00
113.50 144.00
113.00 143.50
112.50 143.50
112.00 143.00
111.50 142.50
111.00 142.00
110.50 142.00
110.00 141.50
109.50 141.00
109.00 140.50
108.50 140.00
108.00 139.50
107.50 139.00
107.00 138.50
107.00 138.00
106.50 137.50
106.00 137.00
106.00 136.50
105.50 136.00
105.50 135.50
105.00 135.00
104.50 134.50
104.50 134.00
104.00 133.50
104.00 133.00
104.00 132.50
103.50 132.00
103.00 131.50
103.00 131.00
103.00 130.50
102.50 130.00
102.50 129.50
102.50 129.00
102.50 128.50
102.00 128.00
102.00 127.50
102.00 127.00
102.00 126.50
101.50 126.00
101.50 125.50
101.50 125.00
101.00 124.50
101.00 124.00
101.00 123.50
101.00 123.00
101.00 122.50
101.00 122.00
100.50 121.50
100.50 121.00
100.50 120.50
100.50 120.00
100.50 119.50
100.50 119.00
100.50 118.50
100.50 118.00
100.50 117.50
100.50 117.00
100.50 116.50
100.50 116.00
100.50 115.50
100.50 115.00
100.50 114.50
100.50 114.00
100.50 113.50
100.50 113.00
100.50 112.50
101.00 112.00
101.00 111.50
101.00 111.00
101.00 110.50
101.00 110.00
101.00 109.50
101.00 109.00
101.50 108.50
101.50 108.00
101.50 107.50
101.50 107.00
102.00 106.50
102.00 106.00
102.00 105.50
102.00 105.00
102.00 104.50
102.50 104.00
102.50 103.50
102.50 103.00
103.00 102.50
103.00 102.00
103.00 101.50
103.00 101.00
103.50 100.50
103.50 100.00
103.50 99.50
104.00 99.00
104.00 98.50
104.50 98.00
104.50 97.50
104.50 97.00
105.00 96.50
105.00 96.00
105.00 95.50
105.50 95.00
105.50 94.50
106.00 94.00
106.00 93.50
106.50 93.00
107.00 92.50
107.50 92.00
108.00 91.50
108.00 91.00
108.50 90.50
109.00 90.00
109.50 89.50
110.00 89.00
110.50 88.50
111.00 88.00
111.50 87.50
112.00 87.00
112.50 87.00
113.00 86.50
113.50 86.50
114.00 86.00
114.50 85.50
115.00 85.50
115.50 85.00
116.00 85.00
116.50 84.50
117.00 84.50
117.50 84.50
118.00 84.00
118.50 84.00
119.00 83.50
119.50 83.50
120.00 83.50
120.50 83.00
121.00 83.00
121.50 83.00
122.00 82.50
122.50 82.50
123.00 82.50
123.50 82.50
124.00 82.50
124.50 82.50
125.00 82.00
125.50 82.00
126.00 82.00
126.50 82.00
127.00 82.00
127.50 82.00
128.00 82.00
128.50 82.00
129.00 81.50
129.50 81.50
130.00 81.50
130.50 81.50
131.00 81.50
131.50 81.50
132.00 81.50
132.50 81.50
133.00 81.50
133.50 81.50
134.00 81.50
134.50 81.50
135.00 81.50
135.50 81.50
136.00 81.50
136.50 81.50
137.00 81.50
137.50 81.50
138.00 81.50
138.50 81.50
139.00 81.50
139.50 81.50
140.00 81.50
140.50 81.50
141.00 81.50
141.50 81.50
142.00 81.50
142.50 81.50
143.00 81.50
143.50 82.00
144.00 82.00
144.50 82.00
145.00 82.00
145.50 82.50
146.00 82.50
146.50 82.50
147.00 83.00
147.50 83.00
148.00 83.50
148.50 83.50
149.00 83.50
149.50 84.00
150.00 84.50
150.50 85.00
151.00 85.00
151.50 85.50
152.00 86.00
152.50 86.50
153.00 86.50
153.50 87.00
154.00 87.50
154.00 88.00
154.50 88.50
155.00 89.00
155.50 89.50
156.00 90.00
156.00 90.50
156.50 91.00
157.00 91.50
157.50 92.00
