121.50 92.50
121.00 92.00
120.50 91.50
120.00 91.50
119.50 91.00
119.00 91.00
118.50 90.50
118.00 90.00
118.00 89.50
118.00 89.00
118.50 88.50
118.50 88.00
119.00 87.50
119.50 87.00
120.00 87.00
120.50 86.50
121.00 86.00
121.50 86.00
122.00 86.00
122.50 85.50
123.00 85.00
123.50 85.00
124.00 85.00
124.50 84.50
125.00 84.50
125.50 84.00
126.00 84.00
126.50 84.00
127.00 83.50
127.50 83.50
128.00 83.50
128.50 83.00
129.00 83.00
129.50 83.00
130.00 83.00
130.50 82.50
131.00 82.50
131.50 82.50
132.00 82.50
132.50 82.50
133.00 82.50
133.50 82.50
134.00 82.50
134.50 82.50
135.00 82.50
135.50 82.50
136.00 82.50
136.50 82.50
137.00 82.50
137.50 82.50
138.00 82.50
138.50 82.50
139.00 82.50
139.50 83.00
140.00 83.00
140.50 83.00
141.00 83.00
141.50 83.00
142.00 83.50
142.50 83.50
143.00 83.50
143.50 83.50
144.00 84.00
144.50 84.00
145.00 84.00
145.50 84.00
146.00 84.50
146.50 84.50
147.00 84.50
147.50 85.00
148.00 85.00
148.50 85.50
149.00 85.50
149.50 86.00
150.00 86.50
150.50 86.50
151.00 87.00
151.50 87.00
152.00 87.50
152.50 88.00
153.00 88.50
153.50 89.00
154.00 89.50
154.50 89.50
155.00 90.00
155.00 90.50
155.50 91.00
156.00 91.50
156.50 92.00
157.00 92.50
157.50 93.00
157.50 93.50
158.00 94.00
158.50 94.50
158.50 95.00
159.00 95.50
159.50 96.00
159.50 96.50
160.00 97.00
160.00 97.50
160.50 98.00
160.50 98.50
161.00 99.00
161.00 99.50
161.00 100.00
161.50 100.50
161.50 101.00
161.50 101.50
162.00 102.00
162.00 102.50
162.50 103.00
162.50 103.50
162.50 104.00
162.50 104.50
163.00 105.00
163.00 105.50
163.00 106.00
163.00 106.50
163.00 107.00
163.50 107.50
163.50 108.00
163.50 108.50
163.50 109.00
163.50 109.50
163.50 110.00
163.50 110.50
163.50 111.00
163.50 111.50
163.50 112.00
163.50 112.50
163.50 113.00
163.50 113.50
163.50 114.00
163.50 114.50
163.50 115.00
163.50 115.50
163.50 116.00
163.50 116.50
163.50 117.00
163.50 117.50
163.50 118.00
163.50 118.50
163.50 119.00
163.50 119.50
163.50 120.00
163.00 120.50
163.00 121.00
163.00 121.50
163.00 122.00
163.00 122.50
163.00 123.00
162.50 123.50
162.50 124.00
162.50 124.50
162.50 125.00
162.00 125.50
162.00 126.00
162.00 126.50
161.50 127.00
161.50 127.50
161.50 128.00
161.00 128.50
161.00 129.00
161.00 129.50
160.50 130.00
160.50 130.50
160.00 131.00
160.00 131.50
160.00 132.00
159.50 132.50
159.00 133.00
159.00 133.50
158.50 134.00
158.50 134.50
158.00 135.00
157.50 135.50
157.00 136.00
156.50 136.50
156.00 137.00
155.50 137.50
155.00 138.00
154.50 138.50
154.00 139.00
153.50 139.50
153.00 139.50
152.50 140.00
152.00 140.00
151.50 140.50
151.00 140.50
150.50 141.00
150.00 141.00
149.50 141.00
149.00 141.50
148.50 141.50
148.00 141.50
147.50 142.00
147.00 142.00
146.50 142.00
146.00 142.00
145.50 142.50
145.00 142.50
144.50 142.50
144.00 142.50
143.50 142.50
143.00 143.00
142.50 143.00
142.00 143.00
141.50 143.00
141.00 143.00
140.50 143.00
140.00 143.00
139.50 143.50
139.00 143.50
138.50 143.50
138.00 143.50
137.50 143.50
137.00 143.50
136.50 143.50
136.00 144.00
135.50 144.00
135.00 144.00
134.50 144.00
134.00 144.00
133.50 144.00
133.00 144.00
132.50 144.50
132.00 144.50
131.50 144.50
131.00 144.50
130.50 144.50
130.00 144.50
129.50 144.50
129.00 144.50
128.50 144.50
128.00 144.50
127.50 144.50
127.00 144.50
126.50 144.50
126.00 144.50
125.50 144.50
125.00 144.50
124.50 144.50
124.00 144.50
123.50 144.50
123.00 144.50
122.50 144.50
122.00 144.50
121.50 144.00
121.00 144.00
120.50 144.00
120.00 143.50
119.50 143.50
119.00 143.50
118.50 143.00
118.00 143.00
117.50 142.50
117.00 142.50
116.50 142.00
116.00 142.00
115.50 141.50
115.00 141.00
114.50 140.50
114.00 140.50
113.50 140.00
113.00 139.50
112.50 139.50
112.00 139.00
112.00 138.50
111.50 138.00
111.00 138.00
110.50 137.50
110.50 137.00
110.00 136.50
109.50 136.00
109.00 135.50
108.50 135.00
108.50 134.50
108.00 134.00
107.50 133.50
107.00 133.00
107.00 132.50
107.00 132.00
106.50 131.50
106.00 131.00
106.00 130.50
106.00 130.00
105.50 129.50
105.50 129.00
105.50 128.50
105.00 128.00
105.00 127.50
105.00 127.00
105.00 126.50
104.50 126.00
104.50 125.50
104.50 125.00
104.50 124.50
104.00 124.00
104.00 123.50
104.00 123.00
104.00 122.50
104.00 122.00
104.00 121.50
104.00 121.00
103.50 120.50
103.50 120.00
103.50 119.50
103.50 119.00
103.00 118.50
103.00 118.00
103.00 117.50
103.00 117.00
103.00 116.50
103.00 116.00
102.50 115.50
102.50 115.00
102.50 114.50
102.50 114.00
102.50 113.50
102.50 113.00
102.50 112.50
102.00 112.00
102.00 111.50
102.50 111.00
102.50 110.50
103.00 110.00
103.50 109.50
104.00 109.50
104.50 109.50
105.00 109.50
105.50 109.50
106.00 109.50
106.50 109.50
107.00 109.00
107.50 108.50
108.00 108.00
108.50 107.50
109.00 107.00
109.00 106.50
109.00 106.00
109.50 105.50
109.50 105.00
110.00 104.50
110.50 104.00
111.00 103.50
111.00 103.00
111.50 102.50
111.50 102.00
112.00 101.50
112.50 101.00
112.50 100.50
113.00 100.00
113.50 99.50
114.00 99.00
114.00 98.50
114.50 98.00
115.00 97.50
115.00 97.00
115.50 96.50
116.00 96.00
116.50 95.50
117.00 95.50
117.50 95.00
118.00 95.00
118.50 94.50
119.00 94.00
119.50 94.00
120.00 93.50
120.50 93.50
121.00 93.00
121.50 93.00
