110.50 125.00
110.50 124.50
110.00 124.00
110.00 123.50
110.00 123.00
110.00 122.50
110.00 122.00
110.00 121.50
110.00 121.00
109.50 120.50
109.50 120.00
109.50 119.50
109.50 119.00
109.50 118.50
109.50 118.00
109.50 117.50
109.50 117.00
109.50 116.50
109.50 116.00
110.00 115.50
110.00 115.00
110.00 114.50
110.00 114.00
110.00 113.50
110.00 113.00
110.00 112.50
110.00 112.00
110.50 111.50
110.50 111.00
110.50 110.50
110.50 110.00
110.50 109.50
111.00 109.00
111.00 108.50
111.00 108.00
111.50 107.50
111.50 107.00
111.50 106.50
111.50 106.00
112.00 105.50
112.00 105.00
112.50 104.50
112.50 104.00
112.50 103.50
113.00 103.00
113.00 102.50
113.00 102.00
113.50 101.50
113.50 101.00
114.00 100.50
114.50 100.00
114.50 99.50
115.00 99.00
115.50 98.50
115.50 98.00
116.00 97.50
116.50 97.00
117.00 96.50
117.50 96.00
118.00 95.50
118.50 95.00
119.00 94.50
119.50 94.50
120.00 94.00
120.50 94.00
121.00 93.50
121.50 93.50
122.00 93.00
122.50 93.00
123.00 93.00
123.50 92.50
124.00 92.50
124.50 92.50
125.00 92.00
125.50 92.00
126.00 92.00
126.50 92.00
127.00 92.00
127.50 91.50
128.00 91.50
128.50 91.50
129.00 91.50
129.50 91.50
130.00 91.50
130.50 91.00
131.00 91.00
131.50 91.00
132.00 91.00
132.50 91.00
133.00 91.00
133.50 91.00
134.00 91.00
134.50 91.00
135.00 91.00
135.50 90.50
136.00 90.50
136.50 90.50
137.00 90.50
137.50 90.50
138.00 90.50
138.50 90.50
139.00 90.50
139.50 90.50
140.00 90.50
140.50 90.50
141.00 90.50
141.50 90.50
142.00 90.50
142.50 90.50
143.00 90.50
143.50 90.50
144.00 91.00
144.50 91.00
145.00 91.00
145.50 91.00
146.00 91.50
146.50 91.50
147.00 91.50
147.50 92.00
148.00 92.00
148.50 92.50
149.00 92.50
149.50 93.00
150.00 93.50
150.50 94.00
151.00 94.50
151.50 95.00
152.00 95.50
152.50 96.00
152.50 96.50
153.00 97.00
153.00 97.50
153.50 98.00
153.50 98.50
154.00 99.00
154.00 99.50
154.50 100.00
154.50 100.50
155.00 101.00
155.00 101.50
155.00 102.00
155.00 102.50
155.50 103.00
155.50 103.50
155.50 104.00
156.00 104.50
156.00 105.00
156.00 105.50
156.00 106.00
156.50 106.50
156.50 107.00
156.50 107.50
156.50 108.00
156.50 108.50
156.50 109.00
157.00 109.50
157.00 110.00
157.00 110.50
157.00 111.00
157.00 111.50
157.00 112.00
157.00 112.50
157.00 113.00
157.00 113.50
157.00 114.00
157.50 114.50
157.50 115.00
157.50 115.50
157.50 116.00
157.00 116.50
157.00 117.00
157.00 117.50
157.00 118.00
157.00 118.50
157.00 119.00
157.00 119.50
157.00 120.00
157.00 120.50
156.50 121.00
156.50 121.50
156.50 122.00
156.50 122.50
156.00 123.00
156.00 123.50
156.00 124.00
156.00 124.50
155.50 125.00
155.50 125.50
155.50 126.00
155.00 126.50
155.00 127.00
154.50 127.50
154.50 128.00
154.00 128.50
154.00 129.00
153.50 129.50
153.50 130.00
153.00 130.50
153.00 131.00
152.50 131.50
152.00 132.00
151.50 132.50
151.50 133.00
151.00 133.50
150.50 134.00
150.00 134.50
149.50 135.00
149.00 135.50
148.50 135.50
148.00 136.00
147.50 136.50
147.00 136.50
146.50 137.00
146.00 137.00
145.50 137.50
145.00 137.50
144.50 138.00
144.00 138.00
143.50 138.00
143.00 138.00
142.50 138.50
142.00 138.50
141.50 138.50
141.00 138.50
140.50 138.50
140.00 139.00
139.50 139.00
139.00 139.00
138.50 139.00
138.00 139.00
137.50 139.00
137.00 139.00
136.50 139.00
136.00 139.00
135.50 139.00
135.00 139.00
134.50 139.00
134.00 139.00
133.50 139.00
133.00 139.00
132.50 139.00
132.00 139.00
131.50 139.00
131.00 139.00
130.50 139.00
130.00 139.00
129.50 139.00
129.00 139.00
128.50 139.00
128.00 139.00
127.50 138.50
127.00 138.50
126.50 138.50
126.00 138.50
125.50 138.50
125.00 138.50
124.50 138.50
124.00 138.00
123.50 138.00
123.00 138.00
122.50 138.00
122.00 138.00
121.50 137.50
121.00 137.50
120.50 137.00
120.00 137.00
119.50 137.00
119.00 136.50
118.50 136.50
118.00 136.00
117.50 136.00
117.00 135.50
116.50 135.00
116.00 134.50
115.50 134.00
115.00 133.50
114.50 133.00
114.00 132.50
113.50 132.00
113.50 131.50
113.00 131.00
113.00 130.50
112.50 130.00
112.00 129.50
112.00 129.00
112.00 128.50
111.50 128.00
111.50 127.50
111.00 127.00
111.00 126.50
111.00 126.00
110.50 125.50
