120.00 93.00
120.50 93.00
121.00 92.50
121.50 92.50
122.00 92.50
122.50 92.00
123.00 92.00
123.50 92.00
124.00 91.50
124.50 91.50
125.00 91.50
125.50 91.50
126.00 91.00
126.50 91.00
127.00 91.00
127.50 91.00
128.00 91.00
128.50 91.00
129.00 91.00
129.50 91.00
130.00 90.50
130.50 90.50
131.00 90.50
131.50 90.50
132.00 90.50
132.50 90.50
133.00 91.00
133.50 91.00
134.00 91.00
134.50 91.00
135.00 91.00
135.50 91.00
136.00 91.00
136.50 91.00
137.00 91.00
137.50 91.00
138.00 91.00
138.50 91.00
139.00 91.00
139.50 91.00
140.00 91.00
140.50 91.00
141.00 91.00
141.50 91.00
142.00 91.00
142.50 91.00
143.00 91.00
143.50 91.00
144.00 91.00
144.50 91.00
145.00 91.00
145.50 91.00
146.00 91.00
146.50 91.00
147.00 91.00
147.50 91.00
148.00 91.00
148.50 91.00
149.00 91.00
149.50 91.50
150.00 91.50
150.50 91.50
151.00 92.00
151.50 92.50
152.00 93.00
152.50 93.50
153.00 94.00
153.50 94.50
154.00 95.00
154.00 95.50
154.50 96.00
154.50 96.50
155.00 97.00
155.00 97.50
155.50 98.00
155.50 98.50
155.50 99.00
156.00 99.50
156.00 100.00
156.00 100.50
156.00 101.00
156.00 101.50
156.50 102.00
156.50 102.50
156.50 103.00
156.50 103.50
156.50 104.00
156.50 104.50
157.00 105.00
157.00 105.50
157.00 106.00
157.00 106.50
157.00 107.00
157.00 107.50
157.00 108.00
157.00 108.50
157.00 109.00
157.00 109.50
157.00 110.00
156.50 110.50
156.50 111.00
156.50 111.50
156.50 112.00
156.50 112.50
156.50 113.00
156.00 113.50
156.00 114.00
156.00 114.50
156.00 115.00
155.50 115.50
155.50 116.00
155.50 116.50
155.00 117.00
155.00 117.50
154.50 118.00
154.50 118.50
154.00 119.00
154.00 119.50
153.50 120.00
153.50 120.50
153.00 121.00
153.00 121.50
152.50 122.00
152.00 122.50
151.50 123.00
151.00 123.50
151.00 124.00
150.50 124.50
150.00 125.00
149.50 125.50
149.00 126.00
148.50 126.50
148.00 127.00
147.50 127.00
147.00 127.50
146.50 128.00
146.00 128.50
145.50 129.00
145.00 129.00
144.50 129.50
144.00 129.50
143.50 130.00
143.00 130.00
142.50 130.50
142.00 130.50
141.50 131.00
141.00 131.00
140.50 131.00
140.00 131.50
139.50 131.50
139.00 131.50
138.50 132.00
138.00 132.00
137.50 132.00
137.00 132.00
136.50 132.00
136.00 132.00
135.50 132.50
135.00 132.50
134.50 132.50
134.00 132.50
133.50 132.50
133.00 132.50
132.50 132.50
132.00 132.50
131.50 132.50
131.00 132.50
130.50 132.50
130.00 132.50
129.50 132.50
129.00 132.00
128.50 132.00
128.00 132.00
127.50 132.00
127.00 132.00
126.50 131.50
126.00 131.50
125.50 131.50
125.00 131.50
124.50 131.50
124.00 131.00
123.50 131.00
123.00 131.00
122.50 130.50
122.00 130.50
121.50 130.50
121.00 130.00
120.50 130.00
120.00 129.50
119.50 129.50
119.00 129.00
118.50 129.00
118.00 128.50
117.50 128.50
117.00 128.00
116.50 128.00
116.00 127.50
115.50 127.50
115.00 127.00
114.50 126.50
114.00 126.00
113.50 126.00
113.00 125.50
113.00 125.00
112.50 124.50
112.00 124.00
111.50 123.50
111.00 123.00
110.50 122.50
110.50 122.00
110.00 121.50
109.50 121.00
109.50 120.50
109.00 120.00
109.00 119.50
109.00 119.00
108.50 118.50
108.50 118.00
108.50 117.50
108.00 117.00
108.00 116.50
108.00 116.00
108.00 115.50
107.50 115.00
107.50 114.50
107.50 114.00
107.50 113.50
107.50 113.00
107.50 112.50
107.50 112.00
107.50 111.50
107.50 111.00
107.50 110.50
107.50 110.00
107.50 109.50
107.50 109.00
107.50 108.50
107.50 108.00
108.00 107.50
108.00 107.00
108.00 106.50
108.50 106.00
108.50 105.50
109.00 105.00
109.00 104.50
109.50 104.00
109.50 103.50
110.00 103.00
110.50 102.50
110.50 102.00
111.00 101.50
111.50 101.00
112.00 100.50
112.00 100.00
112.50 99.50
113.00 99.00
113.50 98.50
114.00 98.00
114.00 97.50
114.50 97.00
115.00 96.50
115.50 96.00
115.50 95.50
116.00 95.00
116.50 94.50
117.00 94.50
117.50 94.00
118.00 93.50
118.50 93.50
119.00 93.00
119.50 93.00
