147.00 134.00
146.50 134.00
146.00 134.50
145.50 135.00
145.00 135.50
144.50 136.00
144.00 136.50
143.50 137.00
143.00 137.00
142.50 137.50
142.00 137.50
141.50 137.50
141.00 138.00
140.50 138.00
140.00 138.00
139.50 138.50
139.00 138.50
138.50 138.50
138.00 138.50
137.50 138.50
137.00 138.50
136.50 138.50
136.00 138.50
135.50 138.50
135.00 138.50
134.50 138.50
134.00 138.50
133.50 138.50
133.00 138.50
132.50 138.50
132.00 138.50
131.50 138.50
131.00 138.50
130.50 138.50
130.00 138.00
129.50 138.00
129.00 138.00
128.50 137.50
128.00 137.50
127.50 137.50
127.00 137.50
126.50 137.00
126.00 137.00
125.50 137.00
125.00 136.50
124.50 136.50
124.00 136.00
123.50 136.00
123.00 135.50
122.50 135.50
122.00 135.50
121.50 135.00
121.00 134.50
120.50 134.50
120.00 134.00
119.50 134.00
119.00 133.50
118.50 133.50
118.00 133.00
117.50 132.50
117.00 132.50
116.50 132.00
116.00 131.50
115.50 131.00
115.00 130.50
114.50 130.00
114.00 129.50
113.50 129.00
113.00 128.50
112.50 128.00
112.50 127.50
112.00 127.00
111.50 126.50
111.50 126.00
111.00 125.50
111.00 125.00
110.50 124.50
110.50 124.00
110.00 123.50
110.00 123.00
109.50 122.50
109.50 122.00
109.50 121.50
109.00 121.00
109.00 120.50
109.00 120.00
108.50 119.50
108.50 119.00
108.50 118.50
108.50 118.00
108.00 117.50
108.00 117.00
108.00 116.50
108.00 116.00
108.00 115.50
108.00 115.00
108.00 114.50
108.00 114.00
108.00 113.50
108.00 113.00
108.00 112.50
108.00 112.00
108.00 111.50
108.00 111.00
108.00 110.50
108.00 110.00
108.00 109.50
108.50 109.00
108.50 108.50
108.50 108.00
109.00 107.50
109.00 107.00
109.50 106.50
109.50 106.00
110.00 105.50
110.00 105.00
110.50 104.50
111.00 104.00
111.00 103.50
111.50 103.00
112.00 102.50
112.50 102.00
113.00 101.50
113.50 101.00
114.00 101.00
114.50 100.50
115.00 100.50
115.50 100.00
116.00 100.00
116.50 99.50
117.00 99.50
117.50 99.50
118.00 99.00
118.50 99.00
119.00 99.00
119.50 99.00
120.00 99.00
120.50 99.00
121.00 99.00
121.50 99.00
122.00 98.50
122.50 98.50
123.00 98.50
123.50 98.50
124.00 98.50
124.50 98.50
125.00 98.50
125.50 98.50
126.00 98.50
126.50 98.00
127.00 98.00
127.50 98.00
128.00 98.00
128.50 98.00
129.00 98.00
129.50 97.50
130.00 97.50
130.50 97.50
131.00 97.50
131.50 97.50
132.00 97.50
132.50 97.50
133.00 97.50
133.50 97.50
134.00 97.50
134.50 97.50
135.00 97.50
135.50 97.50
136.00 97.50
136.50 97.50
137.00 97.50
137.50 98.00
138.00 98.00
138.50 98.00
139.00 98.00
139.50 98.00
140.00 98.00
140.50 98.50
141.00 98.50
141.50 98.50
142.00 98.50
142.50 99.00
143.00 99.00
143.50 99.50
144.00 99.50
144.50 99.50
145.00 100.00
145.50 100.00
146.00 100.50
146.50 101.00
147.00 101.50
147.50 102.00
148.00 102.50
148.50 103.00
149.00 103.50
149.50 104.00
150.00 104.50
150.00 105.00
150.50 105.50
151.00 106.00
151.00 106.50
151.00 107.00
151.50 107.50
151.50 108.00
152.00 108.50
152.00 109.00
152.00 109.50
152.50 110.00
152.50 110.50
152.50 111.00
152.50 111.50
153.00 112.00
153.00 112.50
153.00 113.00
153.00 113.50
153.00 114.00
153.00 114.50
153.00 115.00
153.00 115.50
153.00 116.00
153.50 116.50
153.00 117.00
153.00 117.50
153.00 118.00
153.00 118.50
153.00 119.00
153.00 119.50
153.00 120.00
153.00 120.50
153.00 121.00
152.50 121.50
152.50 122.00
152.50 122.50
152.50 123.00
152.50 123.50
152.00 124.00
152.00 124.50
152.00 125.00
151.50 125.50
151.50 126.00
151.50 126.50
151.00 127.00
151.00 127.50
150.50 128.00
150.50 128.50
150.00 129.00
150.00 129.50
149.50 130.00
149.50 130.50
149.50 131.00
149.00 131.50
149.00 132.00
148.50 132.50
148.00 133.00
148.00 133.50
148.00 134.00
147.50 134.50
