143.00 138.00
142.50 138.50
142.00 139.00
141.50 139.00
141.00 139.50
140.50 139.50
140.00 140.00
139.50 140.00
139.00 140.50
138.50 141.00
138.00 141.00
137.50 141.50
137.00 141.50
136.50 142.00
136.00 142.00
135.50 142.50
135.00 142.50
134.50 143.00
134.00 143.00
133.50 143.50
133.00 143.50
132.50 144.00
132.00 144.00
131.50 144.50
131.00 144.50
130.50 144.00
130.00 144.00
129.50 144.50
129.00 144.50
128.50 144.50
128.00 144.50
127.50 144.50
127.00 144.00
126.50 144.00
126.00 144.00
125.50 144.00
125.00 144.00
124.50 143.50
124.00 143.50
123.50 143.50
123.00 143.50
122.50 143.00
122.00 143.00
121.50 142.50
121.00 142.50
120.50 142.00
120.00 141.50
119.50 141.50
119.00 141.00
118.50 140.50
118.00 140.00
117.50 140.00
117.00 139.50
116.50 139.00
116.00 138.50
115.50 138.00
115.00 137.50
115.00 137.00
114.50 136.50
114.00 136.00
113.50 135.50
113.50 135.00
113.00 134.50
113.00 134.00
113.00 133.50
112.50 133.00
112.50 132.50
112.00 132.00
112.00 131.50
112.00 131.00
111.50 130.50
111.50 130.00
111.50 129.50
111.00 129.00
111.00 128.50
111.00 128.00
111.00 127.50
110.50 127.00
110.50 126.50
110.50 126.00
110.50 125.50
110.50 125.00
110.00 124.50
110.00 124.00
110.00 123.50
110.00 123.00
110.00 122.50
110.00 122.00
109.50 121.50
109.50 121.00
109.50 120.50
109.50 120.00
109.50 119.50
109.50 119.00
109.50 118.50
109.50 118.00
109.50 117.50
109.50 117.00
109.50 116.50
109.50 116.00
109.50 115.50
109.50 115.00
109.50 114.50
109.50 114.00
109.50 113.50
110.00 113.00
110.00 112.50
110.00 112.00
110.00 111.50
110.50 111.00
110.50 110.50
110.50 110.00
111.00 109.50
111.00 109.00
111.50 108.50
112.00 108.00
112.00 107.50
112.50 107.00
113.00 106.50
113.00 106.00
113.50 105.50
114.00 105.00
114.50 104.50
115.00 104.00
115.50 103.50
116.00 103.00
116.50 102.50
117.00 102.00
117.50 102.00
118.00 101.50
118.50 101.00
119.00 101.00
119.50 100.50
120.00 100.50
120.50 100.50
121.00 100.00
121.50 99.50
122.00 99.50
122.50 99.00
123.00 99.00
123.50 99.00
124.00 99.00
124.50 98.50
125.00 98.50
125.50 98.50
126.00 98.50
126.50 98.00
127.00 98.00
127.50 98.00
128.00 98.00
128.50 98.00
129.00 98.00
129.50 98.00
130.00 98.00
130.50 98.00
131.00 98.00
131.50 98.00
132.00 98.00
132.50 98.00
133.00 98.00
133.50 98.00
134.00 98.00
134.50 98.50
135.00 98.50
135.50 98.50
136.00 99.00
136.50 99.00
137.00 99.00
137.50 99.00
138.00 99.50
138.50 100.00
139.00 100.00
139.50 100.00
140.00 100.50
140.50 101.00
141.00 101.50
141.50 101.50
142.00 102.00
142.50 102.50
143.00 103.00
143.50 103.50
144.00 104.00
144.50 104.50
145.00 105.00
145.00 105.50
145.50 106.00
146.00 106.50
146.00 107.00
146.50 107.50
147.00 108.00
147.00 108.50
147.50 109.00
147.50 109.50
148.00 110.00
148.00 110.50
148.00 111.00
148.50 111.50
148.50 112.00
148.50 112.50
149.00 113.00
149.00 113.50
149.00 114.00
149.00 114.50
149.50 115.00
149.50 115.50
149.50 116.00
149.50 116.50
149.50 117.00
149.50 117.50
149.50 118.00
149.50 118.50
149.50 119.00
149.50 119.50
149.50 120.00
149.50 120.50
149.50 121.00
149.50 121.50
149.50 122.00
149.50 122.50
149.50 123.00
149.50 123.50
149.50 124.00
149.50 124.50
149.50 125.00
149.50 125.50
149.50 126.00
149.50 126.50
149.50 127.00
149.50 127.50
149.00 128.00
149.00 128.50
149.00 129.00
149.00 129.50
149.00 130.00
148.50 130.50
148.50 131.00
148.50 131.50
148.00 132.00
148.00 132.50
147.50 133.00
147.50 133.50
147.00 134.00
146.50 134.50
146.00 135.00
145.50 135.50
145.50 136.00
145.00 136.50
144.50 137.00
144.00 137.50
143.50 138.00
