144.50 105.50
144.00 105.00
143.50 104.50
143.00 104.50
142.50 104.00
142.00 104.00
141.50 104.00
141.00 104.00
140.50 104.00
140.00 104.50
139.50 104.50
139.00 105.00
138.50 105.50
138.00 105.50
137.50 105.00
137.00 104.50
137.00 104.00
136.50 103.50
136.50 103.00
136.50 102.50
136.50 102.00
136.50 101.50
136.50 101.00
136.50 100.50
136.50 100.00
136.50 99.50
137.00 99.00
137.00 98.50
137.50 98.00
138.00 97.50
138.50 97.50
139.00 97.50
139.50 98.00
140.00 98.00
140.50 98.00
141.00 98.50
141.50 99.00
142.00 99.00
142.50 99.50
143.00 100.00
143.50 100.00
144.00 100.00
144.50 100.00
145.00 100.00
145.50 100.00
146.00 100.00
146.50 100.50
147.00 101.00
147.00 101.50
147.00 102.00
147.00 102.50
147.00 103.00
147.00 103.50
146.50 104.00
146.50 104.50
146.50 105.00
146.00 105.50
145.50 106.00
145.00 106.00
