138.50 142.00
138.00 142.00
137.50 142.00
137.00 142.50
136.50 143.00
136.00 143.50
135.50 143.50
135.00 144.00
134.50 144.00
134.00 144.50
133.50 144.50
133.00 145.00
132.50 145.50
132.00 145.50
131.50 145.50
131.00 146.00
130.50 146.00
130.00 146.50
129.50 146.50
129.00 146.50
128.50 147.00
128.00 147.00
127.50 147.00
127.00 147.00
126.50 147.00
126.00 147.50
125.50 147.50
125.00 147.50
124.50 147.50
124.00 147.50
123.50 147.50
123.00 147.50
122.50 147.50
122.00 147.50
121.50 147.50
121.00 147.00
120.50 147.00
120.00 147.00
119.50 146.50
119.00 146.50
118.50 146.00
118.00 146.00
117.50 145.50
117.00 145.00
116.50 145.00
116.00 144.50
115.50 144.00
115.00 143.50
114.50 143.50
114.00 143.00
114.00 142.50
113.50 142.00
113.00 141.50
112.50 141.00
112.00 140.50
112.00 140.00
111.50 139.50
111.00 139.00
110.50 138.50
110.50 138.00
110.00 137.50
109.50 137.00
109.50 136.50
109.00 136.00
108.50 135.50
108.50 135.00
108.00 134.50
108.00 134.00
108.00 133.50
107.50 133.00
107.50 132.50
107.00 132.00
107.00 131.50
107.00 131.00
106.50 130.50
106.50 130.00
106.50 129.50
106.50 129.00
106.50 128.50
106.00 128.00
106.00 127.50
106.00 127.00
106.00 126.50
106.00 126.00
106.00 125.50
106.00 125.00
106.00 124.50
106.00 124.00
106.00 123.50
106.00 123.00
106.00 122.50
106.50 122.00
106.50 121.50
106.50 121.00
106.50 120.50
106.50 120.00
107.00 119.50
107.00 119.00
107.00 118.50
107.00 118.00
107.50 117.50
107.50 117.00
108.00 116.50
108.00 116.00
108.00 115.50
108.50 115.00
108.50 114.50
108.50 114.00
108.50 113.50
109.00 113.00
109.00 112.50
109.50 112.00
110.00 111.50
110.00 111.00
110.50 110.50
111.00 110.00
111.50 109.50
112.00 109.00
112.00 108.50
112.00 108.00
112.00 107.50
112.50 107.00
113.00 106.50
113.50 106.00
114.00 105.50
114.50 105.00
115.00 104.50
115.50 104.00
116.00 103.50
116.50 103.00
117.00 103.00
117.50 102.50
118.00 102.50
118.50 102.00
119.00 102.00
119.50 102.00
120.00 101.50
120.50 101.50
121.00 101.50
121.50 101.50
122.00 101.00
122.50 101.00
123.00 101.00
123.50 101.00
124.00 101.00
124.50 101.00
125.00 101.00
125.50 101.00
126.00 101.00
126.50 101.00
127.00 101.00
127.50 101.00
128.00 101.00
128.50 101.00
129.00 101.00
129.50 101.50
130.00 101.00
130.50 101.00
131.00 101.00
131.50 101.50
132.00 101.50
132.50 101.50
133.00 101.50
133.50 102.00
134.00 102.00
134.50 102.00
135.00 102.00
135.50 102.00
136.00 102.50
136.50 102.50
137.00 102.50
137.50 103.00
138.00 103.00
138.50 103.00
139.00 103.50
139.50 103.50
140.00 104.00
140.50 104.00
141.00 104.00
141.50 104.50
142.00 105.00
142.50 105.00
143.00 105.50
143.50 106.00
144.00 106.00
144.50 106.50
145.00 107.00
145.50 107.50
146.00 107.50
146.50 108.00
146.50 108.50
147.00 109.00
147.50 109.50
148.00 110.00
148.00 110.50
148.50 111.00
149.00 111.50
149.00 112.00
149.00 112.50
149.50 113.00
149.50 113.50
150.00 114.00
150.00 114.50
150.00 115.00
150.00 115.50
150.50 116.00
150.50 116.50
150.50 117.00
150.50 117.50
151.00 118.00
151.00 118.50
151.00 119.00
151.00 119.50
151.00 120.00
151.00 120.50
151.00 121.00
151.50 121.50
151.50 122.00
151.50 122.50
151.50 123.00
151.50 123.50
151.00 124.00
151.00 124.50
151.00 125.00
151.00 125.50
151.00 126.00
151.00 126.50
150.50 127.00
150.50 127.50
150.50 128.00
150.00 128.50
150.00 129.00
149.50 129.50
149.50 130.00
149.00 130.50
149.00 131.00
148.50 131.50
148.00 132.00
148.00 132.50
147.50 133.00
147.50 133.50
147.00 134.00
146.50 134.50
146.00 135.00
145.50 135.50
145.00 136.00
145.00 136.50
144.50 137.00
144.00 137.50
143.50 138.00
143.00 138.00
142.50 138.50
142.00 139.00
141.50 139.50
141.50 140.00
141.00 140.50
140.50 141.00
140.00 141.00
139.50 141.50
139.00 142.00
