134.00 140.50
133.50 140.50
133.00 140.50
132.50 140.50
132.00 140.50
131.50 141.00
131.00 141.00
130.50 141.00
130.00 141.00
129.50 141.00
129.00 141.00
128.50 141.00
128.00 141.00
127.50 141.00
127.00 141.00
126.50 141.00
126.00 141.00
125.50 140.50
125.00 140.50
124.50 140.50
124.00 140.50
123.50 140.50
123.00 140.50
122.50 140.00
122.00 140.00
121.50 140.00
121.00 139.50
120.50 139.50
120.00 139.00
119.50 139.00
119.00 138.50
118.50 138.50
118.00 138.00
117.50 137.50
117.00 137.50
116.50 137.00
116.00 136.50
115.50 136.00
115.00 135.50
114.50 135.00
114.00 134.50
113.50 134.00
113.00 133.50
113.00 133.00
112.50 132.50
112.00 132.00
111.50 131.50
111.50 131.00
111.00 130.50
111.00 130.00
110.50 129.50
110.50 129.00
110.00 128.50
110.00 128.00
110.00 127.50
109.50 127.00
109.50 126.50
109.50 126.00
109.00 125.50
109.00 125.00
109.00 124.50
108.50 124.00
108.50 123.50
108.50 123.00
108.50 122.50
108.00 122.00
108.00 121.50
108.00 121.00
108.00 120.50
107.50 120.00
107.50 119.50
107.50 119.00
107.50 118.50
107.50 118.00
107.50 117.50
107.50 117.00
107.50 116.50
107.50 116.00
107.50 115.50
107.50 115.00
107.50 114.50
107.50 114.00
107.50 113.50
107.50 113.00
107.50 112.50
107.50 112.00
107.50 111.50
108.00 111.00
108.00 110.50
108.00 110.00
108.00 109.50
108.50 109.00
108.50 108.50
108.50 108.00
108.50 107.50
109.00 107.00
109.00 106.50
109.50 106.00
109.50 105.50
109.50 105.00
110.00 104.50
110.50 104.00
110.50 103.50
110.50 103.00
111.00 102.50
111.50 102.00
111.50 101.50
112.00 101.00
112.50 100.50
113.00 100.00
113.50 99.50
113.50 99.00
114.00 98.50
114.50 98.00
115.00 98.00
115.50 97.50
116.00 97.00
116.50 96.50
117.00 96.50
117.50 96.00
118.00 95.50
118.50 95.00
119.00 95.00
119.50 94.50
120.00 94.50
120.50 94.50
121.00 94.50
121.50 94.50
122.00 94.00
122.50 94.00
123.00 94.00
123.50 94.00
124.00 94.00
124.50 94.00
125.00 94.00
125.50 94.00
126.00 94.50
126.50 94.50
127.00 94.50
127.50 94.50
128.00 94.50
128.50 94.50
129.00 95.00
129.50 95.00
130.00 95.00
130.50 95.00
131.00 95.00
131.50 95.50
132.00 95.50
132.50 95.50
133.00 95.50
133.50 96.00
134.00 96.00
134.50 96.00
135.00 96.50
135.50 96.50
136.00 96.50
136.50 97.00
137.00 97.00
137.50 97.00
138.00 97.50
138.50 97.50
139.00 97.50
139.50 98.00
140.00 98.00
140.50 98.50
141.00 98.50
141.50 99.00
142.00 99.50
142.50 99.50
143.00 100.00
143.50 100.50
144.00 101.00
144.50 101.50
145.00 102.00
145.00 102.50
145.50 103.00
146.00 103.50
146.50 104.00
146.50 104.50
147.00 105.00
147.50 105.50
147.50 106.00
147.50 106.50
148.00 107.00
148.00 107.50
148.50 108.00
148.50 108.50
148.50 109.00
149.00 109.50
149.00 110.00
149.50 110.50
149.50 111.00
149.50 111.50
150.00 112.00
150.00 112.50
150.00 113.00
150.50 113.50
150.50 114.00
150.50 114.50
150.50 115.00
150.50 115.50
150.50 116.00
150.50 116.50
150.50 117.00
150.50 117.50
150.00 118.00
150.00 118.50
150.00 119.00
149.50 119.50
149.50 120.00
149.00 120.50
149.00 121.00
149.00 121.50
148.50 122.00
148.50 122.50
148.00 123.00
148.00 123.50
147.50 124.00
147.50 124.50
147.00 125.00
147.00 125.50
147.00 126.00
146.50 126.50
146.50 127.00
146.00 127.50
146.00 128.00
146.00 128.50
145.50 129.00
145.50 129.50
145.00 130.00
145.00 130.50
144.50 131.00
144.50 131.50
144.00 132.00
143.50 132.50
143.50 133.00
143.00 133.50
142.50 134.00
142.00 134.50
141.50 135.00
141.00 135.50
140.50 136.00
140.00 136.00
139.50 136.50
139.00 137.00
138.50 137.50
138.00 137.50
137.50 138.00
137.00 138.00
136.50 138.50
136.00 138.50
135.50 138.50
135.00 139.00
134.50 139.00
134.00 139.50
134.50 140.00
134.00 140.50
