158.50 112.50
158.50 113.00
158.50 113.50
158.50 114.00
158.50 114.50
158.50 115.00
158.50 115.50
158.50 116.00
158.00 116.50
158.00 117.00
158.00 117.50
158.00 118.00
158.00 118.50
158.00 119.00
158.00 119.50
157.50 120.00
157.50 120.50
157.50 121.00
157.50 121.50
157.50 122.00
157.00 122.50
157.00 123.00
157.00 123.50
157.00 124.00
157.00 124.50
156.50 125.00
156.50 125.50
156.50 126.00
156.50 126.50
156.00 127.00
156.00 127.50
155.50 128.00
155.50 128.50
155.00 129.00
155.00 129.50
155.00 130.00
154.50 130.50
154.50 131.00
154.00 131.50
154.00 132.00
153.50 132.50
153.00 133.00
153.00 133.50
152.50 134.00
152.00 134.50
152.00 135.00
151.50 135.50
151.00 136.00
150.50 136.50
150.00 137.00
149.50 137.50
149.00 138.00
148.50 138.00
148.00 138.50
147.50 139.00
147.00 139.50
146.50 139.50
146.00 140.00
145.50 140.50
145.00 141.00
144.50 141.00
144.00 141.50
143.50 141.50
143.00 142.00
142.50 142.50
142.00 142.50
141.50 143.00
141.00 143.00
140.50 143.50
140.00 143.50
139.50 144.00
139.00 144.00
138.50 144.00
138.00 144.50
137.50 144.50
137.00 145.00
136.50 145.00
136.00 145.00
135.50 145.50
135.00 145.50
134.50 145.50
134.00 146.00
133.50 146.00
133.00 146.00
132.50 146.00
132.00 146.50
131.50 146.50
131.00 146.50
130.50 146.50
130.00 146.50
129.50 147.00
129.00 147.00
128.50 147.00
128.00 147.00
127.50 147.00
127.00 147.00
126.50 147.00
126.00 147.00
125.50 147.00
125.00 147.00
124.50 147.00
124.00 147.00
123.50 147.00
123.00 147.00
122.50 146.50
122.00 146.50
121.50 146.50
121.00 146.50
120.50 146.00
120.00 146.00
119.50 146.00
119.00 145.50
118.50 145.50
118.00 145.00
117.50 145.00
117.00 144.50
116.50 144.50
116.00 144.00
115.50 143.50
115.00 143.00
114.50 142.50
114.00 142.50
113.50 142.00
113.00 141.50
112.50 141.00
112.50 140.50
112.00 140.00
111.50 139.50
111.00 139.00
110.50 138.50
110.00 138.00
109.50 137.50
109.00 137.00
109.00 136.50
108.50 136.00
108.00 135.50
107.50 135.00
107.50 134.50
107.00 134.00
107.00 133.50
106.50 133.00
106.00 132.50
106.00 132.00
105.50 131.50
105.50 131.00
105.00 130.50
105.00 130.00
104.50 129.50
104.50 129.00
104.00 128.50
104.00 128.00
104.00 127.50
103.50 127.00
103.50 126.50
103.00 126.00
103.00 125.50
103.00 125.00
102.50 124.50
102.50 124.00
102.50 123.50
102.50 123.00
102.50 122.50
102.00 122.00
102.00 121.50
102.00 121.00
102.00 120.50
102.00 120.00
102.00 119.50
102.00 119.00
102.00 118.50
102.00 118.00
102.00 117.50
101.50 117.00
101.50 116.50
102.00 116.00
102.00 115.50
102.00 115.00
102.00 114.50
102.00 114.00
102.00 113.50
102.00 113.00
102.00 112.50
102.00 112.00
102.00 111.50
102.50 111.00
102.50 110.50
102.50 110.00
102.50 109.50
103.00 109.00
103.00 108.50
103.00 108.00
103.00 107.50
103.50 107.00
103.50 106.50
103.50 106.00
104.00 105.50
104.00 105.00
104.50 104.50
104.50 104.00
104.50 103.50
105.00 103.00
105.50 102.50
105.50 102.00
106.00 101.50
106.00 101.00
106.50 100.50
106.50 100.00
107.00 99.50
107.50 99.00
107.50 98.50
108.00 98.00
108.50 97.50
109.00 97.00
109.00 96.50
109.50 96.00
110.00 95.50
110.50 95.50
111.00 95.00
111.50 94.50
112.00 94.00
112.50 93.50
113.00 93.00
113.50 92.50
114.00 92.00
114.50 91.50
115.00 91.50
115.50 91.00
116.00 91.00
116.50 91.00
117.00 90.50
117.50 90.00
118.00 90.00
118.50 89.50
119.00 89.50
119.50 89.00
120.00 89.00
120.50 89.00
121.00 89.00
121.50 88.50
122.00 88.50
122.50 88.50
123.00 88.50
123.50 88.50
124.00 88.50
124.50 88.00
125.00 88.00
125.50 88.00
126.00 88.00
126.50 88.00
127.00 88.00
127.50 88.00
128.00 88.00
128.50 88.00
129.00 88.00
129.50 88.00
130.00 88.00
130.50 88.50
131.00 88.50
131.50 88.50
132.00 88.50
132.50 88.50
133.00 88.50
133.50 89.00
134.00 89.00
134.50 89.00
135.00 89.00
135.50 89.00
136.00 89.50
136.50 89.50
137.00 89.50
137.50 90.00
138.00 90.00
138.50 90.00
139.00 90.50
139.50 90.50
140.00 90.50
140.50 91.00
141.00 91.00
141.50 91.50
142.00 91.50
142.50 91.50
143.00 92.00
143.50 92.50
144.00 92.50
144.50 92.50
145.00 93.00
145.50 93.00
146.00 93.50
146.50 94.00
147.00 94.00
147.50 94.50
148.00 95.00
148.50 95.00
149.00 95.50
149.50 96.00
150.00 96.50
150.50 97.00
151.00 97.50
151.50 97.50
152.00 98.00
152.50 98.50
153.00 99.00
153.50 99.50
153.50 100.00
154.00 100.50
154.50 101.00
155.00 101.50
155.00 102.00
155.50 102.50
156.00 103.00
156.00 103.50
156.50 104.00
156.50 104.50
156.50 105.00
157.00 105.50
157.00 106.00
157.00 106.50
157.50 107.00
157.50 107.50
157.50 108.00
157.50 108.50
158.00 109.00
158.00 109.50
158.00 110.00
158.00 110.50
158.50 111.00
158.50 111.50
158.50 112.00
