144.50 130.00
144.50 130.50
144.50 131.00
144.50 131.50
145.00 132.00
145.50 132.50
145.50 133.00
146.00 133.50
145.50 134.00
145.00 134.50
144.50 134.50
144.00 135.00
143.50 135.00
143.00 135.00
142.50 135.00
142.00 135.50
141.50 135.50
141.00 135.50
140.50 135.50
140.00 136.00
139.50 136.50
139.00 136.50
138.50 137.00
138.00 137.50
137.50 137.50
137.00 138.00
136.50 138.00
136.00 138.50
135.50 139.00
135.00 139.00
134.50 139.50
134.00 139.50
133.50 139.50
133.00 139.50
132.50 140.00
132.00 139.50
131.50 139.50
131.00 139.00
131.00 138.50
131.00 138.00
131.00 137.50
131.00 137.00
131.50 136.50
132.00 136.00
132.50 136.00
133.00 135.50
133.50 135.50
134.00 135.00
134.50 135.00
135.00 134.50
135.50 134.50
136.00 134.50
136.50 134.00
137.00 133.50
137.50 133.50
138.00 133.00
138.50 132.50
139.00 132.00
139.50 132.00
140.00 131.50
140.50 131.00
141.00 130.50
141.50 130.00
142.00 130.00
142.50 130.00
143.00 129.50
143.50 129.50
144.00 129.50
