114.50 136.50
114.00 136.00
113.50 135.50
113.00 135.00
112.50 134.50
112.00 134.00
111.50 133.50
111.00 133.00
110.50 132.50
110.00 132.00
110.00 131.50
109.50 131.00
109.00 130.50
108.50 130.00
108.50 129.50
108.00 129.00
108.00 128.50
108.00 128.00
107.50 127.50
107.50 127.00
107.00 126.50
107.00 126.00
107.00 125.50
107.00 125.00
107.00 124.50
106.50 124.00
106.50 123.50
106.50 123.00
106.50 122.50
106.50 122.00
106.50 121.50
106.50 121.00
106.50 120.50
106.50 120.00
106.50 119.50
106.50 119.00
106.50 118.50
106.50 118.00
106.50 117.50
106.50 117.00
106.50 116.50
106.50 116.00
106.50 115.50
106.50 115.00
106.50 114.50
106.50 114.00
106.50 113.50
106.50 113.00
106.50 112.50
107.00 112.00
107.00 111.50
107.00 111.00
107.00 110.50
107.00 110.00
107.00 109.50
107.50 109.00
107.50 108.50
107.50 108.00
108.00 107.50
108.00 107.00
108.00 106.50
108.50 106.00
109.00 105.50
109.00 105.00
109.00 104.50
109.50 104.00
110.00 103.50
110.00 103.00
110.50 102.50
110.50 102.00
111.00 101.50
111.50 101.00
112.00 100.50
112.00 100.00
112.00 99.50
112.50 99.00
113.00 98.50
113.00 98.00
113.50 97.50
114.00 97.50
114.50 97.00
115.00 96.50
115.50 96.50
116.00 96.00
116.50 95.50
117.00 95.50
117.50 95.00
118.00 94.50
118.50 94.50
119.00 94.50
119.50 94.00
120.00 94.00
120.50 93.50
121.00 93.00
121.50 93.00
122.00 93.00
122.50 92.50
123.00 92.50
123.50 92.00
124.00 92.00
124.50 92.00
125.00 92.00
125.50 91.50
126.00 91.50
126.50 91.50
127.00 91.50
127.50 91.00
128.00 91.00
128.50 91.00
129.00 91.00
129.50 90.50
130.00 90.50
130.50 90.00
131.00 90.00
131.50 90.00
132.00 90.00
132.50 90.00
133.00 90.00
133.50 90.00
134.00 90.00
134.50 90.00
135.00 90.50
135.50 90.50
136.00 90.50
136.50 90.50
137.00 90.50
137.50 91.00
138.00 91.00
138.50 91.00
139.00 91.50
139.50 91.50
140.00 92.00
140.50 92.00
141.00 92.50
141.50 93.00
142.00 93.00
142.50 93.50
143.00 94.00
143.50 94.50
144.00 95.00
144.50 95.50
145.00 96.00
145.50 96.50
146.00 97.00
146.00 97.50
146.50 98.00
147.00 98.50
147.00 99.00
147.50 99.50
148.00 100.00
148.00 100.50
148.50 101.00
149.00 101.50
149.00 102.00
149.00 102.50
149.50 103.00
149.50 103.50
150.00 104.00
150.50 104.50
150.50 105.00
150.50 105.50
150.50 106.00
151.00 106.50
151.00 107.00
151.50 107.50
151.50 108.00
151.50 108.50
152.00 109.00
152.00 109.50
152.00 110.00
152.00 110.50
152.50 111.00
152.50 111.50
152.50 112.00
152.50 112.50
152.50 113.00
153.00 113.50
153.00 114.00
153.00 114.50
153.00 115.00
153.00 115.50
153.00 116.00
153.00 116.50
153.00 117.00
153.00 117.50
153.00 118.00
153.00 118.50
153.00 119.00
153.00 119.50
153.00 120.00
153.00 120.50
153.00 121.00
153.00 121.50
153.00 122.00
152.50 122.50
152.50 123.00
152.50 123.50
152.00 124.00
152.00 124.50
152.00 125.00
152.00 125.50
151.50 126.00
151.50 126.50
151.00 127.00
151.00 127.50
151.00 128.00
150.50 128.50
150.00 129.00
150.00 129.50
149.50 130.00
149.00 130.50
149.00 131.00
148.50 131.50
148.00 132.00
147.50 132.50
147.00 133.00
146.50 133.50
146.00 134.00
145.50 134.50
145.00 135.00
144.50 135.50
144.00 136.00
143.50 136.00
143.00 136.50
142.50 137.00
142.00 137.00
141.50 137.50
141.00 137.50
140.50 138.00
140.00 138.50
139.50 138.50
139.00 138.50
138.50 139.00
138.00 139.00
137.50 139.50
137.00 139.50
136.50 139.50
136.00 140.00
135.50 140.00
135.00 140.00
134.50 140.50
134.00 140.50
133.50 140.50
133.00 140.50
132.50 140.50
132.00 140.50
131.50 141.00
131.00 141.00
130.50 141.00
130.00 141.00
129.50 141.00
129.00 141.00
128.50 141.00
128.00 141.00
127.50 141.00
127.00 141.00
126.50 141.00
126.00 141.00
125.50 141.00
125.00 141.00
124.50 141.00
124.00 140.50
123.50 140.50
123.00 140.50
122.50 140.50
122.00 140.50
121.50 140.00
121.00 140.00
120.50 140.00
120.00 140.00
119.50 139.50
119.00 139.50
118.50 139.50
118.00 139.00
117.50 138.50
117.00 138.50
116.50 138.50
116.00 138.00
115.50 137.50
115.00 137.00
