152.50 118.00
152.00 118.00
151.50 118.00
151.00 117.50
150.50 117.50
150.00 117.00
149.50 117.00
149.00 116.50
148.50 116.00
148.50 115.50
148.00 115.00
147.50 115.00
147.00 114.50
146.50 114.00
146.00 113.50
145.50 113.50
145.00 113.00
144.50 112.50
144.00 112.00
143.50 111.50
143.00 111.00
142.50 110.50
142.00 110.00
142.00 109.50
141.50 109.00
141.50 108.50
141.50 108.00
141.00 107.50
141.00 107.00
141.00 106.50
141.00 106.00
141.50 105.50
141.50 105.00
141.50 104.50
141.50 104.00
141.50 103.50
141.50 103.00
141.50 102.50
141.50 102.00
141.50 101.50
141.50 101.00
141.50 100.50
141.50 100.00
141.50 99.50
141.50 99.00
142.00 98.50
142.50 98.00
143.00 98.00
143.50 98.00
144.00 98.00
144.50 98.00
145.00 98.50
145.50 99.00
146.00 99.50
146.50 100.00
147.00 100.50
147.00 101.00
147.50 101.50
147.50 102.00
147.50 102.50
147.50 103.00
147.50 103.50
147.50 104.00
147.50 104.50
148.00 105.00
148.00 105.50
148.50 106.00
149.00 106.00
149.50 106.50
150.00 107.00
150.50 107.50
151.00 108.00
151.50 108.50
152.00 109.00
152.00 109.50
152.00 110.00
152.50 110.50
152.50 111.00
152.50 111.50
152.50 112.00
153.00 112.50
153.00 113.00
153.00 113.50
153.00 114.00
153.00 114.50
153.00 115.00
153.00 115.50
153.00 116.00
153.00 116.50
153.00 117.00
153.00 117.50
