149.50 101.50
149.50 102.00
150.00 102.50
150.00 103.00
150.50 103.50
150.50 104.00
151.00 104.50
151.00 105.00
151.50 105.50
151.50 106.00
151.50 106.50
151.50 107.00
151.50 107.50
152.00 108.00
152.00 108.50
152.00 109.00
152.00 109.50
152.00 110.00
152.00 110.50
152.00 111.00
152.00 111.50
152.00 112.00
152.00 112.50
152.00 113.00
152.00 113.50
152.00 114.00
152.00 114.50
152.00 115.00
151.50 115.50
151.50 116.00
151.50 116.50
151.00 117.00
151.00 117.50
151.00 118.00
150.50 118.50
150.50 119.00
150.00 119.50
150.00 120.00
149.50 120.50
149.00 121.00
149.00 121.50
148.50 122.00
148.00 122.50
147.50 123.00
147.00 123.50
146.50 124.00
146.00 124.00
145.50 124.50
145.00 125.00
144.50 125.50
144.00 125.50
143.50 126.00
143.00 126.50
142.50 126.50
142.00 127.00
141.50 127.00
141.00 127.50
140.50 127.50
140.00 127.50
139.50 128.00
139.00 128.00
138.50 128.00
138.00 128.50
137.50 128.50
137.00 128.50
136.50 129.00
136.00 129.00
135.50 129.00
135.00 129.00
134.50 129.50
134.00 129.50
133.50 129.50
133.00 129.50
132.50 129.50
132.00 130.00
131.50 130.00
131.00 130.00
130.50 130.00
130.00 130.00
129.50 130.00
129.00 130.00
128.50 130.00
128.00 130.00
127.50 130.00
127.00 130.00
126.50 130.00
126.00 130.00
125.50 130.00
125.00 129.50
124.50 129.50
124.00 129.50
123.50 129.50
123.00 129.00
122.50 129.00
122.00 129.00
121.50 128.50
121.00 128.50
120.50 128.50
120.00 128.00
119.50 128.00
119.00 127.50
118.50 127.00
118.00 127.00
117.50 126.50
117.00 126.50
116.50 126.00
116.00 125.50
115.50 125.00
115.00 125.00
114.50 124.50
114.00 124.00
113.50 123.50
113.00 123.00
112.50 122.50
112.00 122.00
111.50 121.50
111.00 121.00
110.50 120.50
110.50 120.00
110.00 119.50
109.50 119.00
109.50 118.50
109.00 118.00
109.00 117.50
109.00 117.00
108.50 116.50
108.50 116.00
108.50 115.50
108.50 115.00
108.50 114.50
108.50 114.00
108.50 113.50
108.50 113.00
109.00 112.50
109.00 112.00
109.00 111.50
109.50 111.00
109.50 110.50
109.50 110.00
110.00 109.50
110.00 109.00
110.50 108.50
111.00 108.00
111.00 107.50
111.50 107.00
112.00 106.50
112.50 106.00
112.50 105.50
113.00 105.00
113.50 104.50
114.00 104.00
114.50 103.50
115.00 103.00
115.50 102.50
116.00 102.00
116.50 101.50
117.00 101.00
117.50 100.50
118.00 100.00
118.50 99.50
119.00 99.00
119.50 98.50
120.00 98.00
120.50 97.50
121.00 97.00
121.50 96.50
122.00 96.00
122.50 95.50
123.00 95.50
123.50 95.00
124.00 94.50
124.50 94.00
125.00 94.00
125.50 93.50
126.00 93.00
126.50 93.00
127.00 93.00
127.50 93.50
128.00 93.50
128.50 93.50
129.00 93.50
129.50 93.50
130.00 93.00
130.50 93.00
131.00 93.00
131.50 93.00
132.00 93.00
132.50 93.00
133.00 93.00
133.50 93.00
134.00 93.00
134.50 93.00
135.00 93.00
135.50 93.00
136.00 93.00
136.50 93.00
137.00 93.00
137.50 93.00
138.00 93.00
138.50 93.00
139.00 93.50
139.50 93.50
140.00 93.50
140.50 93.50
141.00 94.00
141.50 94.00
142.00 94.50
142.50 94.50
143.00 95.00
143.50 95.00
144.00 95.50
144.50 96.00
145.00 96.00
145.50 96.50
146.00 97.00
146.00 97.50
146.50 98.00
147.00 98.00
147.50 98.50
148.00 99.00
148.50 99.50
148.50 100.00
149.00 100.50
149.50 101.00
