115.50 113.00
116.00 112.50
116.00 112.00
116.00 111.50
116.50 111.00
116.50 110.50
117.00 110.00
117.00 109.50
117.50 109.00
118.00 108.50
118.00 108.00
118.50 107.50
119.00 107.00
119.50 106.50
120.00 106.00
120.50 105.50
121.00 105.50
121.50 105.00
122.00 104.50
122.50 104.50
123.00 104.00
123.50 104.00
124.00 104.00
124.50 104.00
125.00 104.00
125.50 103.50
126.00 103.50
126.50 104.00
127.00 104.00
127.50 104.00
128.00 104.00
128.50 104.00
129.00 104.00
129.50 104.00
130.00 104.00
130.50 104.00
131.00 104.00
131.50 104.00
132.00 104.00
132.50 104.00
133.00 104.00
133.50 104.00
134.00 104.00
134.50 104.00
135.00 104.00
135.50 104.00
136.00 104.00
136.50 104.00
137.00 104.50
137.50 104.50
138.00 105.00
138.50 105.00
139.00 105.00
139.50 105.50
140.00 106.00
140.50 106.50
141.00 107.00
141.50 107.50
142.00 108.00
142.50 108.50
142.50 109.00
143.00 109.50
143.50 110.00
143.50 110.50
144.00 111.00
144.00 111.50
144.50 112.00
144.50 112.50
144.50 113.00
145.00 113.50
145.00 114.00
145.50 114.50
145.50 115.00
145.50 115.50
145.50 116.00
145.50 116.50
145.50 117.00
145.50 117.50
145.50 118.00
145.50 118.50
145.50 119.00
145.50 119.50
145.50 120.00
145.50 120.50
145.00 121.00
145.00 121.50
145.00 122.00
145.00 122.50
144.50 123.00
144.50 123.50
144.50 124.00
144.00 124.50
144.00 125.00
144.00 125.50
144.00 126.00
143.50 126.50
143.50 127.00
143.00 127.50
143.00 128.00
143.00 128.50
143.00 129.00
142.50 129.50
142.50 130.00
142.50 130.50
142.00 131.00
142.00 131.50
142.00 132.00
141.50 132.50
141.00 133.00
140.50 133.50
140.00 134.00
139.50 134.50
139.00 135.00
138.50 135.50
138.00 136.00
137.50 136.00
137.00 136.50
136.50 137.00
136.00 137.00
135.50 137.50
135.00 138.00
134.50 138.00
134.00 138.50
133.50 138.50
133.00 139.00
132.50 139.00
132.00 139.50
131.50 139.50
131.00 139.50
130.50 140.00
130.00 140.00
129.50 140.50
129.00 140.50
128.50 140.50
128.00 141.00
127.50 141.00
127.00 141.00
126.50 141.00
126.00 141.50
125.50 141.50
125.00 141.50
124.50 141.50
124.00 141.50
123.50 141.50
123.00 141.50
122.50 141.00
122.00 141.00
121.50 141.00
121.00 140.50
120.50 140.00
120.00 139.50
119.50 139.00
119.00 138.50
119.00 138.00
118.50 137.50
118.00 137.00
118.00 136.50
117.50 136.00
117.00 135.50
117.00 135.00
116.50 134.50
116.50 134.00
116.00 133.50
116.00 133.00
116.00 132.50
115.50 132.00
115.50 131.50
115.50 131.00
115.50 130.50
115.00 130.00
115.00 129.50
115.00 129.00
114.50 128.50
114.50 128.00
114.50 127.50
114.50 127.00
114.50 126.50
114.50 126.00
114.50 125.50
114.00 125.00
114.00 124.50
114.00 124.00
114.00 123.50
114.00 123.00
114.00 122.50
114.00 122.00
114.00 121.50
114.00 121.00
114.00 120.50
114.00 120.00
114.00 119.50
114.00 119.00
114.00 118.50
114.00 118.00
114.00 117.50
114.00 117.00
114.00 116.50
114.50 116.00
114.50 115.50
114.50 115.00
115.00 114.50
115.00 114.00
115.00 113.50
