118.00 94.50
118.50 94.00
119.00 93.50
119.50 93.00
120.00 93.00
120.50 92.50
121.00 92.00
121.50 92.00
122.00 91.50
122.50 91.00
123.00 91.00
123.50 90.50
124.00 90.00
124.50 89.50
125.00 89.50
125.50 89.00
126.00 89.00
126.50 89.00
127.00 88.50
127.50 88.00
128.00 88.00
128.50 88.00
129.00 87.50
129.50 87.50
130.00 87.50
130.50 87.50
131.00 87.00
131.50 87.00
132.00 87.00
132.50 87.00
133.00 86.50
133.50 86.50
134.00 86.50
134.50 86.50
135.00 86.50
135.50 86.50
136.00 86.50
136.50 86.50
137.00 86.50
137.50 86.50
138.00 86.50
138.50 86.50
139.00 86.50
139.50 86.50
140.00 86.50
140.50 86.50
141.00 86.50
141.50 86.50
142.00 86.50
142.50 87.00
143.00 87.00
143.50 87.00
144.00 87.00
144.50 87.00
145.00 87.50
145.50 87.50
146.00 87.50
146.50 88.00
147.00 88.00
147.50 88.00
148.00 88.50
148.50 88.50
149.00 89.00
149.50 89.00
150.00 89.50
150.50 90.00
151.00 90.00
151.50 90.50
152.00 91.00
152.50 91.50
153.00 92.00
153.50 92.50
153.50 93.00
154.00 93.50
154.50 94.00
154.50 94.50
155.00 95.00
155.50 95.50
155.50 96.00
156.00 96.50
156.00 97.00
156.00 97.50
156.50 98.00
156.50 98.50
157.00 99.00
157.00 99.50
157.00 100.00
157.00 100.50
157.50 101.00
157.50 101.50
157.50 102.00
158.00 102.50
158.00 103.00
158.00 103.50
158.00 104.00
158.00 104.50
158.50 105.00
158.50 105.50
158.50 106.00
158.50 106.50
159.00 107.00
159.00 107.50
159.00 108.00
159.00 108.50
159.00 109.00
159.00 109.50
159.00 110.00
159.00 110.50
159.50 111.00
159.50 111.50
159.50 112.00
159.50 112.50
159.50 113.00
159.50 113.50
159.50 114.00
159.50 114.50
159.50 115.00
159.50 115.50
159.00 116.00
159.00 116.50
159.00 117.00
159.00 117.50
159.00 118.00
159.00 118.50
159.00 119.00
158.50 119.50
158.50 120.00
158.50 120.50
158.00 121.00
158.00 121.50
158.00 122.00
157.50 122.50
157.50 123.00
157.50 123.50
157.00 124.00
157.00 124.50
156.50 125.00
156.50 125.50
156.00 126.00
156.00 126.50
156.00 127.00
155.50 127.50
155.00 128.00
155.00 128.50
154.50 129.00
154.50 129.50
154.00 130.00
154.00 130.50
153.50 131.00
153.00 131.50
152.50 131.00
152.00 131.50
151.50 132.00
151.00 132.50
150.50 133.00
150.00 133.50
149.50 133.50
149.00 134.00
148.50 134.50
148.00 135.00
147.50 135.00
147.00 135.50
146.50 136.00
146.00 136.50
145.50 136.50
145.00 137.00
144.50 137.00
144.00 137.50
143.50 137.50
143.00 138.00
142.50 138.00
142.00 138.50
141.50 138.50
141.00 138.50
140.50 139.00
140.00 139.00
139.50 139.00
139.00 139.50
138.50 139.50
138.00 139.50
137.50 140.00
137.00 140.00
136.50 140.00
136.00 140.00
135.50 140.50
135.00 140.50
134.50 140.50
134.00 140.50
133.50 140.50
133.00 141.00
132.50 141.00
132.00 141.00
131.50 141.00
131.00 141.00
130.50 141.00
130.00 141.00
129.50 141.00
129.00 141.00
128.50 141.00
128.00 141.00
127.50 141.00
127.00 141.00
126.50 141.00
126.00 141.00
125.50 140.50
125.00 140.50
124.50 140.50
124.00 140.50
123.50 140.50
123.00 140.00
122.50 140.00
122.00 140.00
121.50 139.50
121.00 139.50
120.50 139.50
120.00 139.00
119.50 139.00
119.00 138.50
118.50 138.50
118.00 138.00
117.50 138.00
117.00 137.50
116.50 137.00
116.00 136.50
115.50 136.50
115.00 136.00
114.50 135.50
114.00 135.50
113.50 135.00
113.50 134.50
113.00 134.00
112.50 134.00
112.00 133.50
112.00 133.00
111.50 132.50
111.00 132.00
110.50 131.50
110.50 131.00
110.00 130.50
110.00 130.00
109.50 129.50
109.50 129.00
109.00 128.50
109.00 128.00
108.50 127.50
108.50 127.00
108.00 126.50
108.00 126.00
108.00 125.50
108.00 125.00
107.50 124.50
107.50 124.00
107.50 123.50
107.50 123.00
107.50 122.50
107.00 122.00
107.00 121.50
107.00 121.00
107.00 120.50
107.00 120.00
107.00 119.50
107.00 119.00
107.00 118.50
107.00 118.00
107.00 117.50
107.00 117.00
107.00 116.50
107.00 116.00
107.50 115.50
107.50 115.00
107.50 114.50
107.50 114.00
107.50 113.50
107.50 113.00
108.00 112.50
108.00 112.00
108.00 111.50
108.00 111.00
108.50 110.50
108.50 110.00
108.50 109.50
109.00 109.00
109.00 108.50
109.00 108.00
109.50 107.50
109.50 107.00
110.00 106.50
110.00 106.00
110.50 105.50
110.50 105.00
111.00 104.50
111.00 104.00
111.50 103.50
112.00 103.00
112.00 102.50
112.50 102.00
112.50 101.50
113.00 101.00
113.50 100.50
114.00 100.00
114.00 99.50
114.50 99.00
115.00 98.50
115.50 98.00
116.00 97.50
116.50 97.00
117.00 96.50
117.50 96.00
118.00 95.50
118.00 95.00
