110.50 108.50
110.50 108.00
110.50 107.50
111.00 107.00
111.00 106.50
111.00 106.00
111.00 105.50
111.50 105.00
111.50 104.50
111.50 104.00
112.00 103.50
112.00 103.00
112.00 102.50
112.50 102.00
112.50 101.50
113.00 101.00
113.00 100.50
113.50 100.00
113.50 99.50
114.00 99.00
114.00 98.50
114.50 98.00
115.00 97.50
115.50 97.00
116.00 96.50
116.00 96.00
116.50 95.50
117.00 95.00
117.50 94.50
118.00 94.00
118.50 94.00
119.00 93.50
119.50 93.00
120.00 92.50
120.50 92.00
121.00 91.50
121.50 91.50
122.00 91.00
122.50 90.50
123.00 90.00
123.50 90.00
124.00 89.50
124.50 89.50
125.00 89.00
125.50 88.50
126.00 88.50
126.50 88.50
127.00 88.00
127.50 88.00
128.00 88.00
128.50 87.50
129.00 87.50
129.50 87.50
130.00 87.50
130.50 87.50
131.00 87.50
131.50 87.00
132.00 87.00
132.50 87.00
133.00 87.00
133.50 87.00
134.00 87.00
134.50 87.00
135.00 87.00
135.50 87.00
136.00 87.00
136.50 87.00
137.00 87.00
137.50 87.00
138.00 87.00
138.50 87.00
139.00 87.00
139.50 87.00
140.00 87.00
140.50 87.00
141.00 87.00
141.50 87.00
142.00 87.50
142.50 87.50
143.00 87.50
143.50 88.00
144.00 88.00
144.50 88.50
145.00 89.00
145.50 89.00
146.00 89.50
146.50 90.00
147.00 90.00
147.50 90.50
148.00 91.00
148.50 91.50
149.00 92.00
149.50 92.00
150.00 92.50
150.50 93.00
151.00 93.50
151.50 94.00
152.00 94.00
152.50 94.50
153.00 95.00
153.50 95.50
154.00 96.00
154.50 96.50
155.00 97.00
155.50 97.50
156.00 98.00
156.50 98.50
156.50 99.00
156.50 99.50
157.00 100.00
157.00 100.50
157.50 101.00
157.50 101.50
157.50 102.00
158.00 102.50
158.00 103.00
158.50 103.50
158.50 104.00
159.00 104.50
159.00 105.00
159.00 105.50
159.50 106.00
159.50 106.50
159.50 107.00
160.00 107.50
160.00 108.00
160.00 108.50
160.00 109.00
160.50 109.50
160.50 110.00
160.50 110.50
160.50 111.00
160.50 111.50
160.50 112.00
160.50 112.50
160.50 113.00
160.50 113.50
160.50 114.00
160.50 114.50
160.50 115.00
160.50 115.50
160.50 116.00
160.50 116.50
160.50 117.00
160.50 117.50
160.50 118.00
160.50 118.50
160.00 119.00
160.00 119.50
160.00 120.00
160.00 120.50
160.00 121.00
160.00 121.50
160.00 122.00
159.50 122.50
159.50 123.00
159.50 123.50
159.50 124.00
159.50 124.50
159.00 125.00
159.00 125.50
159.00 126.00
159.00 126.50
158.50 127.00
158.50 127.50
158.00 128.00
158.00 128.50
157.50 129.00
157.50 129.50
157.00 130.00
156.50 130.50
156.00 131.00
155.50 131.50
155.50 132.00
155.00 132.50
154.50 132.50
154.00 133.00
153.50 133.50
153.00 133.50
152.50 134.00
152.00 134.50
151.50 134.50
151.00 135.00
150.50 134.50
150.00 134.50
149.50 135.00
149.00 135.00
148.50 135.00
148.00 135.50
147.50 135.50
147.00 136.00
146.50 136.00
146.00 136.50
145.50 136.50
145.00 136.50
144.50 136.50
144.00 137.00
143.50 137.00
143.00 137.00
142.50 137.50
142.00 137.50
141.50 137.50
141.00 137.50
140.50 138.00
140.00 138.00
139.50 138.00
139.00 138.00
138.50 138.00
138.00 138.50
137.50 138.50
137.00 138.50
136.50 138.50
136.00 138.50
135.50 138.50
135.00 138.50
134.50 139.00
134.00 139.00
133.50 139.00
133.00 139.00
132.50 139.00
132.00 139.00
131.50 139.00
131.00 139.00
130.50 139.00
130.00 139.00
129.50 139.00
129.00 139.00
128.50 139.00
128.00 139.00
127.50 139.00
127.00 139.00
126.50 139.00
126.00 139.00
125.50 139.00
125.00 139.00
124.50 138.50
124.00 138.50
123.50 138.50
123.00 138.00
122.50 138.00
122.00 138.00
121.50 137.50
121.00 137.00
120.50 136.50
120.00 136.50
119.50 136.00
119.00 135.50
118.50 135.50
118.00 135.00
117.50 134.50
117.00 134.00
116.50 133.50
116.50 133.00
116.00 132.50
115.50 132.00
115.50 131.50
115.00 131.00
114.50 130.50
114.50 130.00
114.00 129.50
114.00 129.00
113.50 128.50
113.00 128.00
113.00 127.50
113.00 127.00
112.50 126.50
112.50 126.00
112.00 125.50
112.00 125.00
112.00 124.50
111.50 124.00
111.50 123.50
111.50 123.00
111.00 122.50
111.00 122.00
111.00 121.50
111.00 121.00
110.50 120.50
110.50 120.00
110.50 119.50
110.50 119.00
110.50 118.50
110.50 118.00
110.50 117.50
110.00 117.00
110.00 116.50
110.00 116.00
110.00 115.50
110.00 115.00
110.00 114.50
110.00 114.00
110.50 113.50
110.50 113.00
110.50 112.50
110.50 112.00
110.50 111.50
110.50 111.00
110.50 110.50
111.00 110.00
111.00 109.50
111.00 109.00
