142.50 128.00
142.50 128.50
142.50 129.00
142.50 129.50
142.00 130.00
142.00 130.50
141.50 131.00
141.00 131.50
141.00 132.00
140.50 132.50
140.00 133.00
139.50 133.50
139.00 134.00
138.50 134.00
138.00 134.00
137.50 134.50
137.00 134.50
136.50 134.50
136.00 134.50
135.50 134.50
135.00 134.50
134.50 134.50
134.00 134.50
133.50 134.00
133.00 134.00
132.50 134.00
132.00 133.50
131.50 133.50
131.00 133.00
130.50 133.00
130.00 132.50
130.00 132.00
129.50 131.50
129.50 131.00
129.00 130.50
129.00 130.00
129.00 129.50
129.00 129.00
129.50 128.50
130.00 128.00
130.50 128.00
131.00 128.00
131.50 128.50
132.00 128.50
132.50 128.50
133.00 128.50
133.50 128.50
134.00 128.50
134.50 128.50
135.00 128.50
135.50 128.50
136.00 128.00
136.50 128.00
137.00 128.00
137.50 127.50
138.00 127.50
138.50 127.50
139.00 127.00
139.50 127.00
140.00 127.00
140.50 127.00
141.00 127.00
141.50 127.00
142.00 127.00
142.50 127.50
