114.50 114.00
114.50 113.50
114.50 113.00
114.50 112.50
115.00 112.00
115.00 111.50
115.00 111.00
115.00 110.50
115.50 110.00
115.50 109.50
115.50 109.00
116.00 108.50
116.00 108.00
116.50 107.50
117.00 107.00
117.50 106.50
118.00 106.00
118.50 106.00
119.00 105.50
119.50 105.00
120.00 105.00
120.50 105.00
121.00 104.50
121.50 104.50
122.00 104.00
122.50 104.00
123.00 104.00
123.50 103.50
124.00 103.50
124.50 103.50
125.00 103.50
125.50 103.50
126.00 103.50
126.50 103.50
127.00 103.50
127.50 103.00
128.00 103.00
128.50 103.00
129.00 103.00
129.50 103.50
130.00 103.50
130.50 103.50
131.00 103.50
131.50 103.50
132.00 103.50
132.50 104.00
133.00 104.00
133.50 104.00
134.00 104.50
134.50 104.50
135.00 104.50
135.50 105.00
136.00 105.00
136.50 105.50
137.00 105.50
137.50 106.00
138.00 106.00
138.50 106.50
138.50 107.00
138.00 107.50
138.50 108.00
139.00 108.00
139.50 108.00
140.00 108.50
140.00 109.00
140.00 109.50
140.50 110.00
141.00 110.50
141.50 111.00
141.50 111.50
142.00 112.00
142.00 112.50
142.50 113.00
142.50 113.50
142.50 114.00
142.50 114.50
143.00 115.00
143.00 115.50
143.00 116.00
143.00 116.50
143.00 117.00
143.50 117.50
143.50 118.00
143.50 118.50
143.50 119.00
143.50 119.50
143.50 120.00
143.50 120.50
143.50 121.00
143.50 121.50
143.50 122.00
143.50 122.50
143.50 123.00
143.50 123.50
143.50 124.00
144.00 124.50
144.00 125.00
143.50 125.50
143.50 126.00
143.50 126.50
143.50 127.00
144.00 127.50
144.00 128.00
143.50 128.50
143.50 129.00
143.00 129.50
143.00 130.00
143.00 130.50
142.50 131.00
142.50 131.50
142.00 132.00
142.00 132.50
141.50 133.00
141.50 133.50
141.00 134.00
141.00 134.50
140.50 135.00
140.50 135.50
140.00 136.00
139.50 136.50
139.00 137.00
138.50 137.50
138.00 138.00
137.50 138.50
137.00 139.00
136.50 139.00
136.00 139.50
135.50 139.50
135.00 140.00
134.50 140.00
134.00 140.50
133.50 140.50
133.00 140.50
132.50 141.00
132.00 141.00
131.50 141.50
131.00 141.50
130.50 141.50
130.00 141.50
129.50 142.00
129.00 142.00
128.50 142.00
128.00 142.00
127.50 142.00
127.00 142.00
126.50 141.50
126.00 141.50
125.50 141.50
125.00 141.50
124.50 141.50
124.00 141.00
123.50 141.00
123.00 140.50
122.50 140.50
122.00 140.50
121.50 140.00
121.00 139.50
120.50 139.00
120.00 138.50
119.50 138.00
119.50 137.50
119.00 137.00
118.50 136.50
118.50 136.00
118.50 135.50
118.00 135.00
118.00 134.50
117.50 134.00
117.50 133.50
117.50 133.00
117.00 132.50
117.00 132.00
117.00 131.50
117.00 131.00
117.00 130.50
116.50 130.00
116.50 129.50
116.50 129.00
116.00 128.50
116.00 128.00
116.00 127.50
116.00 127.00
115.50 126.50
115.50 126.00
115.50 125.50
115.50 125.00
115.00 124.50
115.00 124.00
115.00 123.50
115.00 123.00
114.50 122.50
114.50 122.00
114.50 121.50
114.50 121.00
114.50 120.50
114.50 120.00
114.00 119.50
114.00 119.00
114.00 118.50
114.00 118.00
114.00 117.50
114.00 117.00
114.00 116.50
114.00 116.00
114.00 115.50
114.00 115.00
114.50 114.50
