114.50 137.00
114.00 136.50
113.50 136.50
113.00 136.00
112.50 135.50
112.00 135.00
111.50 134.50
111.00 134.00
110.50 133.50
110.00 133.00
109.50 132.50
109.00 132.00
108.50 131.50
108.00 131.00
108.00 130.50
107.50 130.00
107.00 129.50
106.50 129.00
106.50 128.50
106.50 128.00
106.00 127.50
105.50 127.00
105.50 126.50
105.50 126.00
105.00 125.50
105.00 125.00
105.00 124.50
104.50 124.00
104.50 123.50
104.50 123.00
104.50 122.50
104.50 122.00
104.50 121.50
104.50 121.00
104.00 120.50
104.00 120.00
104.00 119.50
104.00 119.00
104.00 118.50
104.00 118.00
104.50 117.50
104.50 117.00
104.50 116.50
104.50 116.00
104.50 115.50
104.50 115.00
104.50 114.50
105.00 114.00
105.00 113.50
105.00 113.00
105.00 112.50
105.00 112.00
105.50 111.50
105.50 111.00
105.50 110.50
106.00 110.00
106.00 109.50
106.00 109.00
106.50 108.50
106.50 108.00
107.00 107.50
107.00 107.00
107.50 106.50
107.50 106.00
107.50 105.50
108.00 105.00
108.50 104.50
108.50 104.00
108.50 103.50
109.00 103.00
109.50 102.50
109.50 102.00
110.00 101.50
110.00 101.00
110.50 100.50
111.00 100.00
111.50 99.50
112.00 99.00
112.00 98.50
112.50 98.00
113.00 97.50
113.50 97.00
114.00 96.50
114.50 96.00
115.00 95.50
115.50 95.00
116.00 94.50
116.50 94.00
117.00 94.00
117.50 93.50
118.00 93.00
118.50 93.00
119.00 92.50
119.50 92.00
120.00 92.00
120.50 91.50
121.00 91.50
121.50 91.00
122.00 91.00
122.50 90.50
123.00 90.50
123.50 90.00
124.00 90.00
124.50 90.00
125.00 89.50
125.50 89.50
126.00 89.50
126.50 89.50
127.00 89.50
127.50 89.00
128.00 89.00
128.50 89.00
129.00 89.00
129.50 89.00
130.00 89.00
130.50 89.00
131.00 89.00
131.50 89.00
132.00 89.00
132.50 89.00
133.00 89.00
133.50 89.00
134.00 89.50
134.50 89.50
135.00 89.50
135.50 89.50
136.00 89.50
136.50 90.00
137.00 90.00
137.50 90.00
138.00 90.50
138.50 90.50
139.00 90.50
139.50 90.50
140.00 91.00
140.50 91.00
141.00 91.50
141.50 91.50
142.00 91.50
142.50 92.00
143.00 92.00
143.50 92.50
144.00 93.00
144.50 93.00
145.00 93.50
145.50 93.50
146.00 94.00
146.50 94.50
147.00 94.50
147.50 95.00
148.00 95.50
148.50 96.00
149.00 96.00
149.50 96.50
150.00 97.00
150.50 97.50
151.00 98.00
151.50 98.50
152.00 99.00
152.00 99.50
152.50 100.00
153.00 100.50
153.50 101.00
154.00 101.50
154.00 102.00
154.50 102.50
154.50 103.00
155.00 103.50
155.00 104.00
155.50 104.50
156.00 105.00
156.00 105.50
156.00 106.00
156.50 106.50
156.50 107.00
156.50 107.50
157.00 108.00
157.00 108.50
157.50 109.00
157.50 109.50
157.50 110.00
157.50 110.50
157.50 111.00
157.50 111.50
158.00 112.00
158.00 112.50
158.00 113.00
158.00 113.50
158.00 114.00
158.00 114.50
158.00 115.00
158.00 115.50
158.00 116.00
158.00 116.50
158.00 117.00
158.00 117.50
157.50 118.00
157.50 118.50
157.50 119.00
157.50 119.50
157.00 120.00
157.00 120.50
157.00 121.00
157.00 121.50
156.50 122.00
156.50 122.50
156.00 123.00
156.00 123.50
156.00 124.00
155.50 124.50
155.00 125.00
155.00 125.50
155.00 126.00
154.50 126.50
154.00 127.00
154.00 127.50
153.50 128.00
153.00 128.50
152.50 129.00
152.50 129.50
152.00 130.00
151.50 130.50
151.50 131.00
151.00 131.50
150.50 132.00
150.00 132.00
149.50 132.50
149.00 133.00
148.50 133.50
148.00 134.00
147.50 134.50
147.00 135.00
146.50 135.50
146.00 135.50
145.50 136.00
145.00 136.50
144.50 136.50
144.00 137.00
143.50 137.50
143.00 137.50
142.50 138.00
142.00 138.50
141.50 138.50
141.00 138.50
140.50 139.00
140.00 139.00
139.50 139.50
139.00 139.50
138.50 140.00
138.00 140.00
137.50 140.00
137.00 140.00
136.50 140.50
136.00 140.50
135.50 140.50
135.00 141.00
134.50 141.00
134.00 141.00
133.50 141.00
133.00 141.00
132.50 141.50
132.00 141.50
131.50 141.50
131.00 141.50
130.50 141.50
130.00 141.50
129.50 141.50
129.00 141.50
128.50 141.50
128.00 141.50
127.50 141.50
127.00 141.50
126.50 141.50
126.00 141.50
125.50 141.00
125.00 141.00
124.50 141.00
124.00 141.00
123.50 141.00
123.00 141.00
122.50 140.50
122.00 140.50
121.50 140.50
121.00 140.00
120.50 140.00
120.00 140.00
119.50 139.50
119.00 139.50
118.50 139.00
118.00 139.00
117.50 139.00
117.00 138.50
116.50 138.50
116.00 138.00
115.50 137.50
115.00 137.50
