111.50 99.00
112.00 98.50
112.50 98.00
113.00 97.50
113.50 97.00
113.50 96.50
114.00 96.00
114.50 96.00
115.00 95.50
115.50 95.00
116.00 94.50
116.50 94.00
116.50 93.50
117.00 93.00
117.50 92.50
118.00 92.50
118.50 92.00
119.00 91.50
119.50 91.00
120.00 90.50
120.50 90.50
121.00 90.00
121.50 90.00
122.00 89.50
122.50 89.50
123.00 89.00
123.50 88.50
124.00 88.50
124.50 88.50
125.00 88.00
125.50 88.00
126.00 88.00
126.50 87.50
127.00 87.50
127.50 87.50
128.00 87.00
128.50 87.00
129.00 87.00
129.50 87.00
130.00 87.00
130.50 86.50
131.00 86.50
131.50 86.50
132.00 86.50
132.50 86.50
133.00 86.50
133.50 86.50
134.00 86.50
134.50 86.50
135.00 86.50
135.50 86.00
136.00 86.00
136.50 86.00
137.00 86.00
137.50 86.00
138.00 86.00
138.50 86.00
139.00 86.00
139.50 86.00
140.00 86.00
140.50 86.00
141.00 86.00
141.50 85.50
142.00 85.50
142.50 85.50
143.00 85.50
143.50 85.50
144.00 85.50
144.50 85.50
145.00 85.50
145.50 85.50
146.00 86.00
146.50 86.00
147.00 86.00
147.50 86.00
148.00 86.50
148.50 86.50
149.00 87.00
149.50 87.00
150.00 87.00
150.50 87.50
151.00 88.00
151.50 88.00
152.00 88.50
152.50 89.00
153.00 89.00
153.50 89.50
154.00 90.00
154.50 90.50
155.00 90.50
155.50 91.00
156.00 91.50
156.50 92.00
157.00 92.50
157.50 93.00
157.50 93.50
158.00 94.00
158.50 94.50
159.00 95.00
159.00 95.50
159.50 96.00
159.50 96.50
160.00 97.00
160.00 97.50
160.50 98.00
160.50 98.50
161.00 99.00
161.00 99.50
161.50 100.00
161.50 100.50
161.50 101.00
161.50 101.50
162.00 102.00
162.00 102.50
162.00 103.00
162.00 103.50
162.00 104.00
162.50 104.50
162.50 105.00
162.50 105.50
162.50 106.00
162.50 106.50
162.50 107.00
162.50 107.50
162.50 108.00
162.50 108.50
162.50 109.00
162.50 109.50
162.50 110.00
162.50 110.50
162.50 111.00
162.50 111.50
162.50 112.00
162.50 112.50
162.50 113.00
162.50 113.50
162.50 114.00
162.00 114.50
162.00 115.00
162.00 115.50
162.00 116.00
162.00 116.50
162.00 117.00
161.50 117.50
161.50 118.00
161.50 118.50
161.50 119.00
161.00 119.50
161.00 120.00
161.00 120.50
160.50 121.00
160.50 121.50
160.00 122.00
160.00 122.50
160.00 123.00
159.50 123.50
159.50 124.00
159.00 124.50
159.00 125.00
159.00 125.50
158.50 126.00
158.00 126.50
158.00 127.00
157.50 127.50
157.00 128.00
157.00 128.50
156.50 129.00
156.50 129.50
156.00 130.00
155.50 130.50
155.00 131.00
155.00 131.50
154.50 132.00
154.00 132.50
153.50 132.50
153.00 133.00
152.50 133.50
152.00 134.00
151.50 134.50
151.00 135.00
150.50 135.00
150.00 135.50
149.50 136.00
149.00 136.50
148.50 136.50
148.00 137.00
147.50 137.00
147.00 137.50
146.50 138.00
146.00 138.00
145.50 138.00
145.00 138.50
144.50 138.50
144.00 139.00
143.50 139.00
143.00 139.00
142.50 139.50
142.00 139.50
141.50 139.50
141.00 140.00
140.50 140.00
140.00 140.00
139.50 140.50
139.00 140.50
138.50 140.50
138.00 140.50
137.50 140.50
137.00 141.00
136.50 141.00
136.00 141.00
135.50 141.00
135.00 141.00
134.50 141.50
134.00 141.50
133.50 141.50
133.00 141.50
132.50 141.50
132.00 141.50
131.50 141.50
131.00 141.50
130.50 142.00
130.00 142.00
129.50 142.00
129.00 142.00
128.50 142.00
128.00 142.00
127.50 142.00
127.00 142.00
126.50 142.00
126.00 142.00
125.50 142.00
125.00 142.00
124.50 142.00
124.00 142.00
123.50 142.00
123.00 142.00
122.50 141.50
122.00 141.50
121.50 141.50
121.00 141.50
120.50 141.50
120.00 141.50
119.50 141.00
119.00 141.00
118.50 141.00
118.00 140.50
117.50 140.50
117.00 140.00
116.50 140.00
116.00 140.00
115.50 139.50
115.00 139.50
114.50 139.00
114.00 139.00
113.50 138.50
113.00 138.00
112.50 137.50
112.00 137.50
111.50 137.00
111.00 136.50
110.50 136.00
110.00 135.50
109.50 135.00
109.50 134.50
109.00 134.00
108.50 133.50
108.50 133.00
108.00 132.50
107.50 132.00
107.50 131.50
107.50 131.00
107.00 130.50
107.00 130.00
107.00 129.50
106.50 129.00
106.50 128.50
106.50 128.00
106.50 127.50
106.50 127.00
106.50 126.50
106.50 126.00
106.50 125.50
106.50 125.00
106.50 124.50
106.50 124.00
106.50 123.50
106.50 123.00
106.50 122.50
106.50 122.00
106.50 121.50
106.50 121.00
106.50 120.50
106.50 120.00
106.50 119.50
106.50 119.00
106.50 118.50
106.50 118.00
106.50 117.50
106.50 117.00
106.50 116.50
106.50 116.00
106.50 115.50
106.50 115.00
106.00 114.50
106.00 114.00
106.00 113.50
106.00 113.00
106.00 112.50
106.00 112.00
106.00 111.50
106.00 111.00
106.00 110.50
106.00 110.00
106.50 109.50
107.00 109.00
107.00 108.50
107.00 108.00
107.50 107.50
107.50 107.00
108.00 106.50
108.00 106.00
108.00 105.50
108.50 105.00
109.00 104.50
109.00 104.00
109.00 103.50
109.50 103.00
109.50 102.50
109.50 102.00
110.00 101.50
110.00 101.00
110.50 100.50
110.50 100.00
110.50 99.50
111.00 99.00
