158.00 128.50
157.50 129.00
157.00 129.50
157.00 130.00
156.50 130.50
156.50 131.00
156.00 131.50
155.50 132.00
155.50 132.50
155.00 133.00
154.50 133.50
154.50 134.00
154.00 134.50
153.50 135.00
153.00 135.50
152.50 136.00
152.50 136.50
152.00 137.00
151.50 137.50
151.00 138.00
150.50 138.50
150.00 139.00
149.50 139.00
149.00 139.50
148.50 140.00
148.00 140.50
147.50 141.00
147.00 141.00
146.50 141.50
146.00 142.00
145.50 142.00
145.00 142.50
144.50 143.00
144.00 143.00
143.50 143.00
143.00 143.50
142.50 143.50
142.00 144.00
141.50 144.00
141.00 144.50
140.50 144.50
140.00 144.50
139.50 145.00
139.00 145.00
138.50 145.50
138.00 145.50
137.50 145.50
137.00 146.00
136.50 146.00
136.00 146.00
135.50 146.50
135.00 146.50
134.50 146.50
134.00 146.50
133.50 147.00
133.00 147.00
132.50 147.00
132.00 147.00
131.50 147.00
131.00 147.50
130.50 147.50
130.00 147.50
129.50 147.50
129.00 147.50
128.50 147.50
128.00 147.50
127.50 148.00
127.00 148.00
126.50 148.00
126.00 148.00
125.50 148.00
125.00 148.00
124.50 148.00
124.00 148.00
123.50 148.00
123.00 148.00
122.50 148.00
122.00 148.00
121.50 148.00
121.00 147.50
120.50 147.50
120.00 147.50
119.50 147.50
119.00 147.50
118.50 147.00
118.00 147.00
117.50 147.00
117.00 146.50
116.50 146.50
116.00 146.00
115.50 146.00
115.00 145.50
114.50 145.50
114.00 145.00
113.50 144.50
113.00 144.00
112.50 144.00
112.00 143.50
111.50 143.00
111.00 142.50
110.50 142.00
110.00 141.50
109.50 141.00
109.00 140.50
108.50 140.00
108.50 139.50
108.00 139.00
107.50 138.50
107.00 138.00
107.00 137.50
106.50 137.00
106.00 136.50
105.50 136.00
105.50 135.50
105.50 135.00
105.00 134.50
105.00 134.00
104.50 133.50
104.50 133.00
104.00 132.50
104.00 132.00
103.50 131.50
103.50 131.00
103.00 130.50
103.00 130.00
103.00 129.50
102.50 129.00
102.50 128.50
102.00 128.00
102.00 127.50
102.00 127.00
102.00 126.50
101.50 126.00
101.50 125.50
101.50 125.00
101.50 124.50
101.00 124.00
101.00 123.50
101.00 123.00
101.00 122.50
100.50 122.00
100.50 121.50
100.50 121.00
100.50 120.50
100.50 120.00
100.50 119.50
100.00 119.00
100.00 118.50
100.00 118.00
100.00 117.50
100.00 117.00
100.00 116.50
100.00 116.00
100.00 115.50
100.00 115.00
100.00 114.50
100.00 114.00
100.00 113.50
100.00 113.00
100.00 112.50
100.00 112.00
100.00 111.50
100.50 111.00
100.50 110.50
100.50 110.00
100.50 109.50
100.50 109.00
100.50 108.50
101.00 108.00
101.00 107.50
101.00 107.00
101.00 106.50
101.50 106.00
101.50 105.50
101.50 105.00
102.00 104.50
102.00 104.00
102.00 103.50
102.50 103.00
102.50 102.50
102.50 102.00
103.00 101.50
103.00 101.00
103.50 100.50
103.50 100.00
104.00 99.50
104.00 99.00
104.00 98.50
104.50 98.00
105.00 97.50
105.00 97.00
105.50 96.50
105.50 96.00
106.00 95.50
106.50 95.00
107.00 94.50
107.00 94.00
107.50 93.50
108.00 93.00
108.50 92.50
109.00 92.00
109.00 91.50
109.50 91.00
110.00 90.50
110.50 90.00
111.00 90.00
111.50 89.50
112.00 89.00
112.50 88.50
113.00 88.00
113.50 88.00
114.00 87.50
114.50 87.00
115.00 87.00
115.50 86.50
116.00 86.50
116.50 86.00
117.00 86.00
117.50 86.00
118.00 85.50
118.50 85.50
119.00 85.50
119.50 85.00
120.00 85.00
120.50 85.00
121.00 84.50
121.50 84.50
122.00 84.50
122.50 84.50
123.00 84.50
123.50 84.50
124.00 84.00
124.50 84.00
125.00 84.00
125.50 84.00
126.00 84.00
126.50 84.00
127.00 84.00
127.50 84.00
128.00 84.00
128.50 84.00
129.00 84.00
129.50 84.00
130.00 84.00
130.50 84.00
131.00 84.00
131.50 84.00
132.00 84.50
132.50 84.50
133.00 84.50
133.50 84.50
134.00 84.50
134.50 84.50
135.00 85.00
135.50 85.00
136.00 85.00
136.50 85.00
137.00 85.50
137.50 85.50
138.00 85.50
138.50 85.50
139.00 86.00
139.50 86.00
140.00 86.50
140.50 86.50
141.00 87.00
141.50 87.00
142.00 87.50
142.50 87.50
143.00 88.00
143.50 88.00
144.00 88.50
144.50 88.50
145.00 89.00
145.50 89.00
146.00 89.50
146.50 90.00
147.00 90.00
147.50 90.50
148.00 91.00
148.50 91.50
149.00 92.00
149.50 92.50
150.00 93.00
150.50 93.00
151.00 93.50
151.00 94.00
151.50 94.50
152.00 95.00
152.50 95.50
153.00 96.00
153.50 96.50
154.00 97.00
154.50 97.50
154.50 98.00
155.00 98.50
155.50 99.00
155.50 99.50
156.00 100.00
156.50 100.50
156.50 101.00
157.00 101.50
157.50 102.00
157.50 102.50
158.00 103.00
158.00 103.50
158.50 104.00
158.50 104.50
159.00 105.00
159.00 105.50
159.50 106.00
159.50 106.50
159.50 107.00
160.00 107.50
160.00 108.00
160.50 108.50
160.50 109.00
160.50 109.50
161.00 110.00
161.00 110.50
161.00 111.00
161.00 111.50
161.50 112.00
161.50 112.50
161.50 113.00
161.50 113.50
161.50 114.00
161.50 114.50
161.50 115.00
161.50 115.50
161.50 116.00
161.50 116.50
161.50 117.00
161.50 117.50
161.50 118.00
161.50 118.50
161.00 119.00
161.00 119.50
161.00 120.00
161.00 120.50
160.50 121.00
160.50 121.50
160.50 122.00
160.50 122.50
160.00 123.00
160.00 123.50
159.50 124.00
159.50 124.50
159.50 125.00
159.00 125.50
159.00 126.00
159.00 126.50
158.50 127.00
158.00 127.50
158.00 128.00
