156.50 125.00
156.50 125.50
156.00 126.00
156.00 126.50
156.00 127.00
156.00 127.50
155.50 128.00
155.50 128.50
155.00 129.00
155.00 129.50
154.50 130.00
154.50 130.50
154.50 131.00
154.00 131.50
153.50 132.00
153.50 132.50
153.00 133.00
153.00 133.50
152.50 134.00
152.00 134.50
152.00 135.00
151.50 135.50
151.00 136.00
151.00 136.50
150.50 137.00
150.00 137.50
149.50 138.00
149.00 138.50
149.00 139.00
148.50 139.50
148.00 140.00
147.50 140.50
147.00 141.00
146.50 141.50
146.00 142.00
145.50 142.50
145.00 143.00
144.50 143.50
144.00 144.00
143.50 144.50
143.00 144.50
142.50 145.00
142.00 145.50
141.50 146.00
141.00 146.50
140.50 146.50
140.00 147.00
139.50 147.00
139.00 147.50
138.50 148.00
138.00 148.00
137.50 148.50
137.00 148.50
136.50 149.00
136.00 149.00
135.50 149.00
135.00 149.50
134.50 149.50
134.00 150.00
133.50 150.00
133.00 150.00
132.50 150.50
132.00 150.50
131.50 150.50
131.00 150.50
130.50 150.50
130.00 151.00
129.50 151.00
129.00 151.00
128.50 151.00
128.00 151.00
127.50 151.00
127.00 151.00
126.50 151.00
126.00 151.00
125.50 151.00
125.00 151.00
124.50 151.00
124.00 151.00
123.50 151.00
123.00 151.00
122.50 151.00
122.00 151.00
121.50 151.00
121.00 150.50
120.50 150.50
120.00 150.50
119.50 150.00
119.00 150.00
118.50 149.50
118.00 149.50
117.50 149.50
117.00 149.00
116.50 148.50
116.00 148.50
115.50 148.00
115.00 148.00
114.50 147.50
114.00 147.00
113.50 147.00
113.00 146.50
112.50 146.00
112.50 145.50
112.00 145.00
111.50 144.50
111.00 144.00
110.50 143.50
110.00 143.00
110.00 142.50
109.50 142.00
109.00 141.50
109.00 141.00
108.50 140.50
108.50 140.00
108.00 139.50
108.00 139.00
107.50 138.50
107.00 138.00
107.00 137.50
107.00 137.00
106.50 136.50
106.50 136.00
106.50 135.50
106.00 135.00
106.00 134.50
106.00 134.00
105.50 133.50
105.50 133.00
105.50 132.50
105.50 132.00
105.00 131.50
105.00 131.00
105.00 130.50
105.00 130.00
104.50 129.50
104.50 129.00
104.50 128.50
104.50 128.00
104.50 127.50
104.00 127.00
104.00 126.50
104.00 126.00
104.00 125.50
104.00 125.00
104.00 124.50
103.50 124.00
103.50 123.50
103.50 123.00
103.50 122.50
103.50 122.00
103.50 121.50
103.50 121.00
103.50 120.50
103.50 120.00
103.50 119.50
103.50 119.00
103.50 118.50
103.50 118.00
103.50 117.50
103.50 117.00
103.50 116.50
103.50 116.00
103.50 115.50
104.00 115.00
104.00 114.50
104.00 114.00
104.00 113.50
104.50 113.00
104.50 112.50
104.50 112.00
105.00 111.50
105.00 111.00
105.00 110.50
105.50 110.00
105.50 109.50
106.00 109.00
106.00 108.50
106.50 108.00
107.00 107.50
107.50 107.00
107.50 106.50
108.00 106.00
108.50 105.50
108.50 105.00
109.00 104.50
109.50 104.50
110.00 104.00
110.00 103.50
110.50 103.00
111.00 103.00
111.50 102.50
112.00 102.00
112.50 101.50
113.00 101.00
113.50 101.00
114.00 100.50
114.50 100.00
115.00 100.00
115.50 99.50
116.00 99.50
116.50 99.00
117.00 99.00
117.50 98.50
118.00 98.50
118.50 98.00
119.00 98.00
119.50 98.00
120.00 97.50
120.50 97.50
121.00 97.50
121.50 97.50
122.00 97.00
122.50 97.00
123.00 97.00
123.50 97.00
124.00 97.00
124.50 96.50
125.00 96.50
125.50 96.50
126.00 96.50
126.50 96.50
127.00 96.50
127.50 96.50
128.00 96.50
128.50 96.50
129.00 96.50
129.50 96.50
130.00 96.50
130.50 96.50
131.00 96.50
131.50 96.50
132.00 96.50
132.50 96.50
133.00 97.00
133.50 97.00
134.00 97.00
134.50 97.00
135.00 97.00
135.50 97.00
136.00 97.50
136.50 97.50
137.00 97.50
137.50 97.50
138.00 98.00
138.50 98.00
139.00 98.00
139.50 98.50
140.00 98.50
140.50 98.50
141.00 99.00
141.50 99.00
142.00 99.50
142.50 99.50
143.00 100.00
143.50 100.00
144.00 100.00
144.50 100.50
145.00 101.00
145.50 101.50
146.00 101.50
146.50 102.00
147.00 102.50
147.50 102.50
148.00 103.00
148.50 103.50
149.00 104.00
149.50 104.50
150.00 105.00
150.50 105.50
151.00 106.00
151.50 106.50
151.50 107.00
152.00 107.50
152.50 108.00
153.00 108.50
153.00 109.00
153.50 109.50
153.50 110.00
154.00 110.50
154.00 111.00
154.50 111.50
154.50 112.00
155.00 112.50
155.00 113.00
155.50 113.50
155.50 114.00
155.50 114.50
156.00 115.00
156.00 115.50
156.00 116.00
156.00 116.50
156.50 117.00
156.50 117.50
156.50 118.00
156.50 118.50
156.50 119.00
156.50 119.50
156.50 120.00
156.50 120.50
156.50 121.00
157.00 121.50
156.50 122.00
156.50 122.50
156.50 123.00
156.50 123.50
156.50 124.00
156.50 124.50
