155.50 120.50
155.50 121.00
155.00 121.50
155.00 122.00
155.00 122.50
154.50 123.00
154.50 123.50
154.00 124.00
154.00 124.50
154.00 125.00
153.50 125.50
153.00 126.00
153.00 126.50
153.00 127.00
152.50 127.50
152.50 128.00
152.00 128.50
151.50 129.00
151.50 129.50
151.00 130.00
150.50 130.50
150.50 131.00
150.00 131.50
149.50 132.00
149.00 132.00
148.50 132.50
148.50 133.00
148.00 133.50
147.50 134.00
147.00 134.00
146.50 134.50
146.00 135.00
145.50 135.00
145.00 135.50
144.50 136.00
144.00 136.00
143.50 136.50
143.00 137.00
142.50 137.00
142.00 137.50
141.50 138.00
141.00 138.00
140.50 138.50
140.00 138.50
139.50 139.00
139.00 139.50
138.50 139.50
138.00 139.50
137.50 140.00
137.00 140.00
136.50 140.50
136.00 140.50
135.50 140.50
135.00 140.50
134.50 141.00
134.00 141.00
133.50 141.00
133.00 141.00
132.50 141.00
132.00 141.00
131.50 141.00
131.00 141.00
130.50 141.00
130.00 141.00
129.50 141.00
129.00 141.00
128.50 141.00
128.00 141.00
127.50 140.50
127.00 140.50
126.50 140.50
126.00 140.50
125.50 140.50
125.00 140.00
124.50 140.00
124.00 139.50
123.50 139.50
123.00 139.50
122.50 139.00
122.00 139.00
121.50 138.50
121.00 138.50
120.50 138.00
120.00 137.50
119.50 137.50
119.00 137.00
118.50 136.50
118.00 136.00
117.50 136.00
117.00 135.50
116.50 135.00
116.00 134.50
115.50 134.00
115.00 133.50
114.50 133.00
114.00 132.50
113.50 132.00
113.00 131.50
112.50 131.00
112.00 130.50
112.00 130.00
111.50 129.50
111.00 129.00
111.00 128.50
110.50 128.00
110.50 127.50
110.00 127.00
110.00 126.50
110.00 126.00
109.50 125.50
109.00 125.00
109.00 124.50
109.00 124.00
109.00 123.50
108.50 123.00
108.50 122.50
108.50 122.00
108.50 121.50
108.00 121.00
108.00 120.50
108.00 120.00
108.00 119.50
108.00 119.00
108.00 118.50
108.00 118.00
108.00 117.50
108.00 117.00
108.00 116.50
108.00 116.00
108.00 115.50
108.00 115.00
108.00 114.50
108.00 114.00
108.00 113.50
108.00 113.00
108.00 112.50
108.50 112.00
108.50 111.50
108.50 111.00
108.50 110.50
109.00 110.00
109.00 109.50
109.50 109.00
109.50 108.50
109.50 108.00
110.00 107.50
110.50 107.00
110.50 106.50
110.50 106.00
111.00 105.50
111.50 105.00
111.50 104.50
111.50 104.00
112.00 103.50
112.50 103.00
113.00 102.50
113.00 102.00
113.50 101.50
113.50 101.00
114.00 100.50
114.50 100.00
115.00 99.50
115.50 99.00
116.00 98.50
116.00 98.00
116.50 97.50
117.00 97.00
117.50 97.00
118.00 97.00
118.50 96.50
119.00 96.50
119.50 96.00
120.00 96.00
120.50 95.50
121.00 95.50
121.50 95.00
122.00 95.00
122.50 95.00
123.00 94.50
123.50 94.00
124.00 94.00
124.50 94.00
125.00 93.50
125.50 93.50
126.00 93.50
126.50 93.00
127.00 93.00
127.50 93.00
128.00 92.50
128.50 92.50
129.00 92.50
129.50 92.50
130.00 92.00
130.50 92.00
131.00 92.00
131.50 92.00
132.00 91.50
132.50 91.50
133.00 91.50
133.50 91.50
134.00 91.50
134.50 91.00
135.00 91.00
135.50 91.00
136.00 91.00
136.50 91.00
137.00 91.00
137.50 90.50
138.00 90.50
138.50 90.50
139.00 91.00
139.50 91.00
140.00 91.00
140.50 91.00
141.00 91.00
141.50 91.50
142.00 91.50
142.50 91.50
143.00 92.00
143.50 92.00
144.00 92.50
144.50 92.50
145.00 92.50
145.50 92.50
146.00 93.00
146.50 93.00
147.00 93.00
147.50 93.50
148.00 93.50
148.50 94.00
149.00 94.50
149.50 95.00
150.00 95.00
150.50 95.50
151.00 96.00
151.00 96.50
151.50 97.00
151.50 97.50
152.00 98.00
152.00 98.50
152.50 99.00
153.00 99.50
153.00 100.00
153.00 100.50
153.50 101.00
153.50 101.50
153.50 102.00
154.00 102.50
154.00 103.00
154.00 103.50
154.50 104.00
154.50 104.50
154.50 105.00
154.50 105.50
154.50 106.00
155.00 106.50
155.00 107.00
155.00 107.50
155.00 108.00
155.00 108.50
155.00 109.00
155.50 109.50
155.50 110.00
155.50 110.50
155.50 111.00
155.50 111.50
155.50 112.00
155.50 112.50
155.50 113.00
155.50 113.50
155.50 114.00
155.50 114.50
155.50 115.00
155.50 115.50
155.50 116.00
155.50 116.50
155.50 117.00
155.50 117.50
155.50 118.00
155.50 118.50
155.50 119.00
155.50 119.50
155.50 120.00
