152.50 113.00
152.00 113.00
151.50 112.50
151.00 112.50
150.50 112.00
150.00 112.00
149.50 111.50
149.00 111.50
148.50 111.00
148.00 111.00
147.50 110.50
147.00 110.50
146.50 110.50
146.00 110.50
145.50 110.50
145.00 111.00
144.50 111.00
144.00 111.00
143.50 111.00
143.00 111.00
142.50 111.00
142.00 111.00
141.50 110.50
141.00 110.50
140.50 110.00
140.00 109.50
139.50 109.00
139.00 108.50
138.50 108.00
138.00 107.50
138.00 107.00
137.50 106.50
137.50 106.00
137.50 105.50
137.00 105.00
137.00 104.50
137.00 104.00
137.00 103.50
137.00 103.00
137.50 102.50
137.50 102.00
138.00 101.50
138.50 101.00
139.00 101.00
139.50 100.50
140.00 100.00
140.50 100.00
141.00 100.00
141.50 99.50
142.00 99.50
142.50 99.50
143.00 99.50
143.50 99.50
144.00 99.50
144.50 99.50
145.00 100.00
145.50 100.00
146.00 100.50
146.50 101.00
147.00 101.50
147.50 102.00
148.00 102.50
148.00 103.00
148.50 103.50
149.00 104.00
149.50 104.50
150.00 105.00
150.50 105.00
151.00 105.00
151.50 105.00
152.00 105.00
152.50 105.00
153.00 105.50
153.50 106.00
154.00 106.50
154.50 107.00
154.50 107.50
154.50 108.00
154.50 108.50
154.50 109.00
154.00 109.50
153.50 110.00
153.00 110.50
153.00 111.00
153.00 111.50
153.00 112.00
153.00 112.50
152.50 113.00
