157.00 97.50
157.00 98.00
157.50 98.50
157.50 99.00
158.00 99.50
158.00 100.00
158.00 100.50
158.50 101.00
158.50 101.50
158.50 102.00
159.00 102.50
159.00 103.00
159.00 103.50
159.00 104.00
159.00 104.50
159.50 105.00
159.50 105.50
159.50 106.00
159.50 106.50
159.50 107.00
159.50 107.50
159.50 108.00
160.00 108.50
160.00 109.00
160.00 109.50
160.00 110.00
160.00 110.50
160.00 111.00
160.00 111.50
160.00 112.00
160.00 112.50
160.00 113.00
160.00 113.50
160.00 114.00
160.00 114.50
160.00 115.00
160.00 115.50
160.00 116.00
160.00 116.50
160.00 117.00
160.00 117.50
160.00 118.00
160.00 118.50
160.00 119.00
160.00 119.50
160.00 120.00
160.00 120.50
160.00 121.00
160.00 121.50
159.50 122.00
159.50 122.50
159.50 123.00
159.50 123.50
159.50 124.00
159.50 124.50
159.50 125.00
159.50 125.50
159.00 126.00
159.00 126.50
159.00 127.00
159.00 127.50
159.00 128.00
158.50 128.50
158.50 129.00
158.50 129.50
158.50 130.00
158.00 130.50
158.00 131.00
158.00 131.50
157.50 132.00
157.50 132.50
157.00 133.00
157.00 133.50
157.00 134.00
156.50 134.50
156.50 135.00
156.00 135.50
155.50 136.00
155.50 136.50
155.00 137.00
154.50 137.50
154.00 138.00
153.50 138.50
153.00 139.00
152.50 139.50
152.00 140.00
151.50 140.00
151.00 140.50
150.50 140.50
150.00 141.00
149.50 141.00
149.00 141.50
148.50 141.50
148.00 142.00
147.50 142.00
147.00 142.50
146.50 142.50
146.00 142.50
145.50 143.00
145.00 143.00
144.50 143.00
144.00 143.50
143.50 143.50
143.00 143.50
142.50 143.50
142.00 144.00
141.50 144.00
141.00 144.00
140.50 144.00
140.00 144.50
139.50 144.50
139.00 144.50
138.50 144.50
138.00 144.50
137.50 145.00
137.00 145.00
136.50 145.00
136.00 145.00
135.50 145.00
135.00 145.00
134.50 145.50
134.00 145.50
133.50 145.50
133.00 145.50
132.50 145.50
132.00 146.00
131.50 146.00
131.00 146.00
130.50 146.00
130.00 146.00
129.50 146.00
129.00 146.00
128.50 146.00
128.00 146.00
127.50 146.00
127.00 146.50
126.50 146.50
126.00 146.50
125.50 146.50
125.00 146.50
124.50 146.50
124.00 146.50
123.50 146.50
123.00 146.00
122.50 146.00
122.00 146.00
121.50 146.00
121.00 146.00
120.50 146.00
120.00 146.00
119.50 146.00
119.00 145.50
118.50 145.50
118.00 145.50
117.50 145.50
117.00 145.00
116.50 145.00
116.00 145.00
115.50 144.50
115.00 144.50
114.50 144.00
114.00 144.00
113.50 144.00
113.00 143.50
112.50 143.50
112.00 143.00
111.50 142.50
111.00 142.00
110.50 142.00
110.00 141.50
109.50 141.00
109.00 141.00
108.50 140.50
108.00 140.00
107.50 139.50
107.00 139.00
106.50 138.50
106.00 138.00
105.50 137.50
105.50 137.00
105.00 136.50
104.50 136.00
104.00 135.50
104.00 135.00
103.50 134.50
103.00 134.00
103.00 133.50
102.50 133.00
102.50 132.50
102.50 132.00
102.00 131.50
102.00 131.00
101.50 130.50
101.50 130.00
101.50 129.50
101.00 129.00
101.00 128.50
101.00 128.00
101.00 127.50
100.50 127.00
100.50 126.50
100.50 126.00
100.50 125.50
100.50 125.00
100.50 124.50
100.00 124.00
100.00 123.50
100.00 123.00
100.00 122.50
100.00 122.00
100.00 121.50
100.00 121.00
100.00 120.50
100.00 120.00
100.00 119.50
100.00 119.00
100.00 118.50
100.00 118.00
100.00 117.50
100.00 117.00
100.00 116.50
100.00 116.00
100.00 115.50
100.00 115.00
100.00 114.50
100.00 114.00
100.00 113.50
100.00 113.00
100.00 112.50
100.50 112.00
100.50 111.50
100.50 111.00
100.50 110.50
100.50 110.00
100.50 109.50
101.00 109.00
101.00 108.50
101.00 108.00
101.00 107.50
101.50 107.00
101.50 106.50
101.50 106.00
101.50 105.50
102.00 105.00
102.00 104.50
102.00 104.00
102.50 103.50
102.50 103.00
103.00 102.50
103.00 102.00
103.00 101.50
103.50 101.00
103.50 100.50
104.00 100.00
104.00 99.50
104.50 99.00
104.50 98.50
105.00 98.00
105.50 97.50
105.50 97.00
106.00 96.50
106.50 96.00
107.00 95.50
107.00 95.00
107.50 94.50
108.00 94.00
108.50 93.50
109.00 93.00
109.50 92.50
110.00 92.00
110.50 91.50
111.00 91.00
111.50 90.50
112.00 90.50
112.50 90.00
113.00 89.50
113.50 89.00
114.00 89.00
114.50 88.50
115.00 88.00
115.50 88.00
116.00 87.50
116.50 87.00
117.00 87.00
117.50 87.00
118.00 86.50
118.50 86.00
119.00 86.00
119.50 86.00
120.00 85.50
120.50 85.50
121.00 85.00
121.50 85.00
122.00 85.00
122.50 84.50
123.00 84.50
123.50 84.50
124.00 84.00
124.50 84.00
125.00 84.00
125.50 84.00
126.00 83.50
126.50 83.50
127.00 83.50
127.50 83.50
128.00 83.50
128.50 83.00
129.00 83.00
129.50 83.00
130.00 83.00
130.50 83.00
131.00 83.00
131.50 82.50
132.00 82.50
132.50 82.50
133.00 82.50
133.50 82.50
134.00 82.50
134.50 82.50
135.00 82.50
135.50 82.50
136.00 82.50
136.50 82.50
137.00 82.50
137.50 82.50
138.00 82.50
138.50 83.00
139.00 83.00
139.50 83.00
140.00 83.00
140.50 83.00
141.00 83.00
141.50 83.50
142.00 83.50
142.50 83.50
143.00 84.00
143.50 84.00
144.00 84.00
144.50 84.50
145.00 84.50
145.50 85.00
146.00 85.50
146.50 85.50
147.00 86.00
147.50 86.50
148.00 86.50
148.50 87.00
149.00 87.50
149.50 87.50
150.00 88.00
150.50 88.50
151.00 89.00
151.50 89.50
152.00 90.00
152.50 90.50
152.50 91.00
153.00 91.50
153.50 92.00
154.00 92.50
154.00 93.00
154.50 93.50
155.00 94.00
155.50 94.50
155.50 95.00
156.00 95.50
156.00 96.00
156.50 96.50
156.50 97.00
