157.50 128.50
157.00 129.00
157.00 129.50
157.00 130.00
156.50 130.50
156.50 131.00
156.50 131.50
156.00 132.00
155.50 132.50
155.50 133.00
155.50 133.50
155.00 134.00
154.50 134.50
154.50 135.00
154.00 135.50
154.00 136.00
153.50 136.50
153.00 137.00
152.50 137.50
152.00 138.00
151.50 138.50
151.00 139.00
150.50 139.50
150.00 139.50
149.50 140.00
149.00 140.00
148.50 140.50
148.00 140.50
147.50 141.00
147.00 141.00
146.50 141.00
146.00 141.50
145.50 141.50
145.00 141.50
144.50 142.00
144.00 142.00
143.50 142.00
143.00 142.00
142.50 142.00
142.00 142.50
141.50 142.50
141.00 142.50
140.50 142.50
140.00 142.50
139.50 142.50
139.00 142.50
138.50 142.50
138.00 142.50
137.50 143.00
137.00 143.00
136.50 143.00
136.00 143.00
135.50 143.00
135.00 142.50
134.50 142.50
134.00 142.50
133.50 142.50
133.00 142.50
132.50 142.50
132.00 142.50
131.50 142.50
131.00 142.00
130.50 142.00
130.00 142.00
129.50 142.00
129.00 141.50
128.50 141.50
128.00 141.00
127.50 141.00
127.00 140.50
126.50 140.00
126.00 140.00
125.50 139.50
125.00 139.00
124.50 139.00
124.00 138.50
123.50 138.00
123.50 137.50
123.00 137.00
122.50 137.00
122.00 136.50
121.50 136.00
121.00 135.50
121.00 135.00
120.50 134.50
120.00 134.00
119.50 133.50
119.00 133.00
119.50 132.50
119.50 132.00
119.50 131.50
119.00 131.00
119.00 130.50
118.50 130.00
118.50 129.50
118.00 129.00
118.00 128.50
118.00 128.00
117.50 127.50
117.50 127.00
117.50 126.50
117.50 126.00
117.50 125.50
117.00 125.00
117.00 124.50
117.00 124.00
117.00 123.50
117.00 123.00
117.00 122.50
117.00 122.00
117.00 121.50
117.00 121.00
117.00 120.50
117.00 120.00
117.00 119.50
117.50 119.00
117.50 118.50
117.50 118.00
117.50 117.50
117.50 117.00
118.00 116.50
118.00 116.00
118.00 115.50
118.00 115.00
118.50 114.50
118.50 114.00
119.00 113.50
119.00 113.00
119.00 112.50
119.50 112.00
119.50 111.50
120.00 111.00
120.50 110.50
120.50 110.00
121.00 109.50
121.00 109.00
121.50 108.50
122.00 108.00
122.50 107.50
123.00 107.00
123.50 106.50
123.50 106.00
124.00 105.50
124.50 105.00
125.00 104.50
125.50 104.50
126.00 104.00
126.50 103.50
127.00 103.50
127.50 103.00
128.00 103.00
128.50 102.50
129.00 102.00
129.50 102.00
130.00 102.00
130.50 101.50
131.00 101.50
131.50 101.50
132.00 101.00
132.50 101.00
133.00 101.00
133.50 101.00
134.00 101.00
134.50 101.00
135.00 101.00
135.50 100.50
136.00 100.50
136.50 100.50
137.00 100.50
137.50 100.50
138.00 100.50
138.50 101.00
139.00 101.00
139.50 101.00
140.00 101.00
140.50 101.00
141.00 101.00
141.50 101.00
142.00 101.00
142.50 101.50
143.00 101.50
143.50 101.50
144.00 101.50
144.50 102.00
145.00 102.00
145.50 102.00
146.00 102.50
146.50 102.50
147.00 103.00
147.50 103.00
148.00 103.00
148.50 103.50
149.00 104.00
149.50 104.00
150.00 104.50
150.50 105.00
151.00 105.50
151.50 105.50
152.00 106.00
152.50 106.50
153.00 107.00
153.50 107.50
154.00 108.00
154.50 108.50
154.50 109.00
155.00 109.50
155.50 110.00
155.50 110.50
156.00 111.00
156.00 111.50
156.50 112.00
156.50 112.50
157.00 113.00
157.00 113.50
157.00 114.00
157.50 114.50
157.50 115.00
158.00 115.50
158.00 116.00
158.00 116.50
158.00 117.00
158.00 117.50
158.50 118.00
158.50 118.50
158.50 119.00
158.50 119.50
158.50 120.00
158.50 120.50
158.50 121.00
158.50 121.50
158.50 122.00
158.50 122.50
158.50 123.00
158.50 123.50
158.50 124.00
158.50 124.50
158.00 125.00
158.00 125.50
158.00 126.00
158.00 126.50
157.50 127.00
157.50 127.50
157.50 128.00
