118.00 113.50
118.50 113.00
118.50 112.50
119.00 112.00
119.00 111.50
119.50 111.00
119.50 110.50
120.00 110.00
120.00 109.50
120.50 109.00
120.50 108.50
121.00 108.00
121.50 107.50
122.00 107.00
122.00 106.50
122.50 106.00
123.00 105.50
123.50 105.00
124.00 104.50
124.50 104.00
125.00 103.50
125.50 103.00
126.00 103.00
126.50 103.00
127.00 102.50
127.50 102.00
128.00 101.50
128.50 101.50
129.00 101.50
129.50 101.00
130.00 100.50
130.50 100.50
131.00 100.50
131.50 100.00
132.00 100.00
132.50 100.00
133.00 99.50
133.50 99.50
134.00 99.50
134.50 99.00
134.50 98.50
135.00 98.00
135.50 98.00
136.00 98.00
136.50 97.50
137.00 97.50
137.50 97.50
138.00 97.00
138.50 97.00
139.00 97.00
139.50 97.00
140.00 97.00
140.50 97.00
141.00 97.00
141.50 96.50
142.00 96.50
142.50 96.50
143.00 96.50
143.50 96.50
144.00 96.50
144.50 96.50
145.00 96.50
145.50 96.50
146.00 96.50
146.50 97.00
147.00 97.00
147.50 97.00
148.00 97.00
148.50 97.00
149.00 97.50
149.50 97.50
150.00 98.00
150.50 98.00
151.00 98.00
151.50 98.50
152.00 99.00
152.50 99.00
153.00 99.50
153.50 100.00
154.00 100.00
154.50 100.50
155.00 101.00
155.50 101.50
156.00 102.00
156.50 102.50
157.00 103.00
157.50 103.50
158.00 104.00
158.00 104.50
158.50 105.00
159.00 105.50
159.50 106.00
159.50 106.50
160.00 107.00
160.00 107.50
160.50 108.00
160.50 108.50
161.00 109.00
161.00 109.50
161.50 110.00
161.50 110.50
162.00 111.00
162.00 111.50
162.00 112.00
162.50 112.50
162.50 113.00
162.50 113.50
162.50 114.00
163.00 114.50
163.00 115.00
163.00 115.50
163.00 116.00
163.00 116.50
163.50 117.00
163.50 117.50
163.50 118.00
163.50 118.50
163.50 119.00
164.00 119.50
164.00 120.00
164.00 120.50
164.00 121.00
164.00 121.50
164.00 122.00
164.00 122.50
164.00 123.00
164.00 123.50
164.50 124.00
164.50 124.50
164.50 125.00
164.50 125.50
164.50 126.00
164.50 126.50
164.50 127.00
164.50 127.50
164.50 128.00
165.00 128.50
165.00 129.00
165.00 129.50
165.00 130.00
165.00 130.50
165.00 131.00
165.00 131.50
165.00 132.00
165.00 132.50
165.00 133.00
165.00 133.50
165.00 134.00
165.00 134.50
165.00 135.00
165.00 135.50
165.00 136.00
165.00 136.50
165.00 137.00
165.00 137.50
165.00 138.00
164.50 138.50
164.50 139.00
164.50 139.50
164.50 140.00
164.00 140.50
164.00 141.00
163.50 141.50
163.50 142.00
163.00 142.50
162.50 143.00
162.00 143.50
162.00 144.00
161.50 144.50
161.00 145.00
160.50 145.50
160.00 145.50
159.50 146.00
159.00 146.50
158.50 146.50
158.00 147.00
157.50 147.00
157.00 147.50
156.50 147.50
156.00 148.00
155.50 148.00
155.00 148.50
154.50 148.50
154.00 148.50
153.50 149.00
153.00 149.00
152.50 149.00
152.00 149.50
151.50 149.50
151.00 149.50
150.50 149.50
150.00 149.50
149.50 150.00
149.00 150.00
148.50 150.00
148.00 150.00
147.50 150.00
147.00 150.00
146.50 150.00
146.00 150.00
145.50 150.00
145.00 150.00
144.50 150.00
144.00 150.00
143.50 150.00
143.00 150.00
142.50 150.00
142.00 150.00
141.50 150.00
141.00 150.00
140.50 150.00
140.00 150.00
139.50 149.50
139.00 149.50
138.50 149.50
138.00 149.50
137.50 149.50
137.00 149.00
136.50 149.00
136.00 149.00
135.50 148.50
135.00 148.50
134.50 148.50
134.00 148.50
133.50 148.00
133.00 148.00
132.50 147.50
132.00 147.50
131.50 147.50
131.00 147.00
130.50 147.00
130.00 146.50
129.50 146.50
129.00 146.00
128.50 146.00
128.00 145.50
127.50 145.00
127.00 145.00
126.50 144.50
126.00 144.00
125.50 144.00
125.00 143.50
124.50 143.00
124.00 142.50
123.50 142.50
123.00 142.00
122.50 141.50
122.00 141.00
121.50 140.50
121.00 140.00
121.00 139.50
120.50 139.00
120.00 138.50
119.50 138.00
119.00 137.50
119.00 137.00
119.00 136.50
118.50 136.00
118.00 135.50
118.00 135.00
118.00 134.50
117.50 134.00
117.50 133.50
117.00 133.00
117.00 132.50
117.00 132.00
117.00 131.50
117.00 131.00
116.50 130.50
116.50 130.00
116.50 129.50
116.50 129.00
116.50 128.50
116.50 128.00
116.50 127.50
116.50 127.00
116.50 126.50
116.50 126.00
116.50 125.50
116.50 125.00
116.50 124.50
116.50 124.00
117.00 123.50
117.00 123.00
117.00 122.50
117.00 122.00
117.00 121.50
117.00 121.00
117.00 120.50
117.00 120.00
117.50 119.50
117.50 119.00
117.50 118.50
117.50 118.00
117.50 117.50
117.50 117.00
117.50 116.50
118.00 116.00
118.00 115.50
118.00 115.00
118.00 114.50
118.50 114.00
