151.00 110.50
151.50 110.50
152.00 111.00
152.50 111.00
153.00 111.00
153.50 111.50
154.00 111.50
154.50 111.50
155.00 112.00
155.50 112.00
156.00 112.50
156.50 112.50
157.00 113.00
157.50 113.00
158.00 113.50
158.50 114.00
159.00 114.00
159.50 114.50
160.00 115.00
160.50 115.50
161.00 116.00
161.50 116.50
162.00 117.00
162.50 117.50
162.50 118.00
162.50 118.50
163.00 119.00
163.50 119.50
163.50 120.00
164.00 120.50
164.00 121.00
164.50 121.50
164.50 122.00
164.50 122.50
165.00 123.00
165.00 123.50
165.00 124.00
165.00 124.50
165.50 125.00
165.50 125.50
165.50 126.00
165.50 126.50
165.50 127.00
165.50 127.50
165.50 128.00
165.50 128.50
165.50 129.00
165.50 129.50
165.50 130.00
165.50 130.50
165.50 131.00
165.50 131.50
165.50 132.00
165.50 132.50
165.00 133.00
165.00 133.50
165.00 134.00
165.00 134.50
165.00 135.00
164.50 135.50
164.50 136.00
164.00 136.50
164.00 137.00
163.50 137.50
163.50 138.00
163.00 138.50
163.00 139.00
162.50 139.50
162.00 140.00
162.00 140.50
161.50 141.00
161.00 141.50
160.50 142.00
160.00 142.50
159.50 143.00
159.00 143.00
158.50 143.50
158.00 144.00
157.50 144.50
157.00 144.50
156.50 145.00
156.00 145.50
155.50 145.50
155.00 146.00
154.50 146.00
154.00 146.00
153.50 146.50
153.00 146.50
152.50 147.00
152.00 147.00
151.50 147.00
151.00 147.00
150.50 147.00
150.00 147.50
149.50 147.50
149.00 147.50
148.50 147.50
148.00 147.50
147.50 147.50
147.00 147.50
146.50 147.50
146.00 147.50
145.50 147.50
145.00 147.50
144.50 147.50
144.00 147.50
143.50 147.50
143.00 147.00
142.50 147.00
142.00 147.00
141.50 146.50
141.00 146.50
140.50 146.50
140.00 146.00
139.50 146.00
139.00 145.50
138.50 145.00
138.00 144.50
137.50 144.00
137.00 143.50
136.50 143.00
136.00 142.50
135.50 142.00
135.00 141.50
135.00 141.00
134.50 140.50
134.50 140.00
134.00 139.50
134.00 139.00
133.50 138.50
133.00 138.00
133.00 137.50
133.00 137.00
132.50 136.50
132.50 136.00
132.00 135.50
132.00 135.00
131.50 134.50
131.50 134.00
131.00 133.50
131.00 133.00
130.50 132.50
130.50 132.00
130.50 131.50
130.00 131.00
130.00 130.50
130.00 130.00
130.00 129.50
129.50 129.00
129.50 128.50
129.50 128.00
129.50 127.50
129.50 127.00
129.50 126.50
129.50 126.00
129.50 125.50
129.00 125.00
129.00 124.50
129.50 124.00
129.50 123.50
129.50 123.00
129.50 122.50
129.50 122.00
129.50 121.50
129.50 121.00
129.50 120.50
129.50 120.00
130.00 119.50
130.00 119.00
130.00 118.50
130.00 118.00
130.50 117.50
130.50 117.00
131.00 116.50
131.00 116.00
131.00 115.50
131.50 115.00
132.00 114.50
132.00 114.00
132.50 113.50
133.00 113.00
133.50 112.50
134.00 112.00
134.50 111.50
135.00 111.00
135.50 111.00
136.00 110.50
136.50 110.50
137.00 110.00
137.50 110.00
138.00 110.00
138.50 109.50
139.00 109.50
139.50 109.50
140.00 109.50
140.50 109.50
141.00 109.50
141.50 109.00
142.00 109.00
142.50 109.00
143.00 109.00
143.50 109.00
144.00 109.00
144.50 109.50
145.00 109.50
145.50 109.50
146.00 109.50
146.50 109.50
147.00 109.50
147.50 109.50
148.00 110.00
148.50 110.00
149.00 110.00
149.50 110.00
150.00 110.00
150.50 110.50
