143.50 104.50
144.00 104.50
144.50 104.00
145.00 103.50
145.50 103.50
146.00 103.50
146.50 103.00
147.00 103.00
147.50 103.00
148.00 102.50
148.50 102.50
149.00 102.50
149.50 102.50
150.00 102.50
150.50 102.50
151.00 102.50
151.50 102.50
152.00 102.50
152.50 102.50
153.00 103.00
153.50 103.00
154.00 103.00
154.50 103.50
155.00 103.50
155.50 104.00
156.00 104.00
156.50 104.00
157.00 104.50
157.50 104.50
158.00 105.00
158.50 105.50
159.00 105.50
159.50 105.50
160.00 106.00
160.50 106.50
161.00 106.50
161.50 107.00
162.00 107.50
162.50 107.50
163.00 108.00
163.50 108.00
164.00 108.50
164.50 108.50
165.00 109.00
165.50 109.00
166.00 109.50
166.50 110.00
167.00 110.00
167.50 110.00
168.00 110.50
168.50 111.00
169.00 111.50
169.50 111.50
170.00 112.00
170.50 112.50
171.00 113.00
171.50 113.50
172.00 114.00
172.50 114.50
173.00 115.00
173.00 115.50
173.50 116.00
173.50 116.50
174.00 117.00
174.00 117.50
174.50 118.00
175.00 118.50
175.00 119.00
175.00 119.50
175.00 120.00
175.50 120.50
175.50 121.00
175.50 121.50
176.00 122.00
176.00 122.50
176.00 123.00
176.00 123.50
176.00 124.00
176.00 124.50
176.00 125.00
176.00 125.50
176.00 126.00
176.00 126.50
176.00 127.00
176.00 127.50
176.00 128.00
176.00 128.50
176.00 129.00
176.00 129.50
176.00 130.00
175.50 130.50
175.50 131.00
175.50 131.50
175.50 132.00
175.00 132.50
175.00 133.00
175.00 133.50
174.50 134.00
174.50 134.50
174.00 135.00
174.00 135.50
173.50 136.00
173.50 136.50
173.00 137.00
172.50 137.50
172.50 138.00
172.00 138.50
172.00 139.00
171.50 139.50
171.00 140.00
170.50 140.50
170.50 141.00
170.00 141.50
169.50 142.00
169.00 142.50
168.50 143.00
168.00 143.00
167.50 143.50
167.00 144.00
166.50 144.50
166.00 144.50
165.50 145.00
165.00 145.50
164.50 146.00
164.00 146.00
163.50 146.50
163.00 146.50
162.50 147.00
162.00 147.50
161.50 147.50
161.00 147.50
160.50 148.00
160.00 148.00
159.50 148.00
159.00 148.50
158.50 148.50
158.00 148.50
157.50 149.00
157.00 149.00
156.50 149.00
156.00 149.50
155.50 149.50
155.00 149.50
154.50 149.50
154.00 149.50
153.50 149.50
153.00 149.50
152.50 149.50
152.00 150.00
151.50 150.00
151.00 150.00
150.50 150.00
150.00 150.00
149.50 150.00
149.00 150.00
148.50 149.50
148.00 149.50
147.50 149.50
147.00 149.50
146.50 149.50
146.00 149.50
145.50 149.00
145.00 149.00
144.50 149.00
144.00 149.00
143.50 148.50
143.00 148.50
142.50 148.00
142.00 148.00
141.50 147.50
141.00 147.00
140.50 147.00
140.00 146.50
139.50 146.00
139.00 145.50
138.50 145.00
138.00 144.50
138.00 144.00
137.50 143.50
137.00 143.00
136.50 142.50
136.50 142.00
136.00 141.50
136.00 141.00
135.50 140.50
135.50 140.00
135.00 139.50
135.00 139.00
134.50 138.50
134.50 138.00
134.50 137.50
134.00 137.00
134.00 136.50
134.00 136.00
133.50 135.50
133.50 135.00
133.50 134.50
133.50 134.00
133.50 133.50
133.00 133.00
133.00 132.50
133.00 132.00
133.00 131.50
133.00 131.00
133.00 130.50
133.00 130.00
133.00 129.50
133.00 129.00
133.00 128.50
133.00 128.00
133.00 127.50
133.00 127.00
133.00 126.50
133.00 126.00
133.00 125.50
133.00 125.00
133.00 124.50
133.00 124.00
133.50 123.50
133.50 123.00
133.50 122.50
133.50 122.00
133.50 121.50
134.00 121.00
134.00 120.50
134.00 120.00
134.00 119.50
134.50 119.00
134.50 118.50
134.50 118.00
134.50 117.50
135.00 117.00
135.00 116.50
135.00 116.00
135.50 115.50
135.50 115.00
136.00 114.50
136.00 114.00
136.00 113.50
136.50 113.00
136.50 112.50
137.00 112.00
137.00 111.50
137.50 111.00
137.50 110.50
138.00 110.00
138.00 109.50
138.50 109.00
139.00 108.50
139.50 108.00
140.00 107.50
140.50 107.00
141.00 106.50
141.50 106.00
142.00 105.50
142.50 105.00
143.00 105.00
