144.00 107.50
144.50 107.50
145.00 107.50
145.50 107.50
146.00 107.50
146.50 107.50
147.00 108.00
147.50 108.00
148.00 108.00
148.50 108.00
149.00 108.50
149.50 108.50
150.00 109.00
150.50 109.50
151.00 109.50
151.50 110.00
152.00 110.00
152.50 110.50
153.00 111.00
153.50 111.50
154.00 111.50
154.50 112.00
155.00 112.00
155.50 112.50
156.00 113.00
156.50 113.00
157.00 113.50
157.50 114.00
158.00 114.50
158.50 115.00
159.00 115.50
159.50 115.50
160.00 116.00
160.50 116.50
161.00 117.00
161.50 117.50
162.00 118.00
162.50 118.50
163.00 119.00
163.50 119.00
164.00 119.50
164.00 120.00
164.50 120.50
165.00 121.00
165.50 121.50
166.00 122.00
166.00 122.50
166.00 123.00
166.50 123.50
166.50 124.00
166.50 124.50
166.50 125.00
166.50 125.50
166.50 126.00
166.50 126.50
166.50 127.00
166.50 127.50
166.50 128.00
166.50 128.50
166.50 129.00
166.00 129.50
166.00 130.00
166.00 130.50
165.50 131.00
165.50 131.50
165.00 132.00
165.00 132.50
164.50 133.00
164.50 133.50
164.00 134.00
163.50 134.50
163.50 135.00
163.00 135.50
162.50 136.00
162.50 136.50
162.00 137.00
161.50 137.50
161.50 138.00
161.00 138.50
160.50 139.00
160.50 139.50
160.00 140.00
159.50 140.00
159.00 140.50
159.00 141.00
158.50 141.50
158.00 142.00
157.50 142.00
157.00 142.50
156.50 143.00
156.00 143.50
155.50 143.50
155.00 144.00
154.50 144.00
154.00 144.00
153.50 144.50
153.00 144.50
152.50 144.50
152.00 144.50
151.50 145.00
151.00 145.00
150.50 145.00
150.00 145.00
149.50 145.00
149.00 145.00
148.50 145.00
148.00 145.00
147.50 145.00
147.00 145.00
146.50 144.50
146.00 144.50
145.50 144.50
145.00 144.50
144.50 144.50
144.00 144.00
143.50 144.00
143.00 144.00
142.50 143.50
142.00 143.50
141.50 143.00
141.00 143.00
140.50 143.00
140.00 142.50
139.50 142.50
139.00 142.00
138.50 141.50
138.00 141.50
137.50 141.00
137.00 140.50
136.50 140.00
136.00 140.00
135.50 139.50
135.00 139.00
134.50 138.50
134.50 138.00
134.00 137.50
133.50 137.00
133.00 136.50
133.00 136.00
132.50 135.50
132.00 135.00
132.00 134.50
131.50 134.00
131.50 133.50
131.50 133.00
131.00 132.50
131.00 132.00
131.00 131.50
131.00 131.00
130.50 130.50
130.50 130.00
130.50 129.50
130.50 129.00
130.50 128.50
130.50 128.00
130.50 127.50
130.50 127.00
130.50 126.50
130.50 126.00
130.50 125.50
131.00 125.00
131.00 124.50
131.00 124.00
131.00 123.50
131.00 123.00
131.50 122.50
131.50 122.00
131.50 121.50
132.00 121.00
132.00 120.50
132.00 120.00
132.50 119.50
132.50 119.00
133.00 118.50
133.00 118.00
133.50 117.50
133.50 117.00
134.00 116.50
134.00 116.00
134.50 115.50
135.00 115.00
135.50 114.50
135.50 114.00
136.00 113.50
136.50 113.00
137.00 112.50
137.50 112.00
137.50 111.50
138.00 111.00
138.50 110.50
139.00 110.00
139.50 109.50
140.00 109.00
140.50 109.00
141.00 108.50
141.50 108.00
142.00 108.00
142.50 108.00
143.00 108.00
143.50 107.50
