150.00 96.50
150.50 96.50
151.00 96.50
151.50 96.50
152.00 96.50
152.50 96.50
153.00 96.50
153.50 96.50
154.00 96.50
154.50 96.50
155.00 96.50
155.50 96.50
156.00 96.50
156.50 96.50
157.00 97.00
157.50 97.00
158.00 97.00
158.50 97.00
159.00 97.00
159.50 97.50
160.00 97.50
160.50 97.50
161.00 98.00
161.50 98.00
162.00 98.00
162.50 98.50
163.00 98.50
163.50 99.00
164.00 99.00
164.50 99.50
165.00 100.00
165.50 100.50
166.00 100.50
166.50 101.00
167.00 101.50
167.50 102.00
168.00 102.00
168.50 102.50
168.50 103.00
169.00 103.50
169.50 103.50
170.00 104.00
170.00 104.50
170.50 105.00
171.00 105.50
171.50 106.00
172.00 106.50
172.00 107.00
172.50 107.50
173.00 108.00
173.00 108.50
173.50 109.00
173.50 109.50
174.00 110.00
174.50 110.50
174.50 111.00
174.50 111.50
175.00 112.00
175.00 112.50
175.50 113.00
175.50 113.50
176.00 114.00
176.00 114.50
176.00 115.00
176.50 115.50
176.50 116.00
176.50 116.50
177.00 117.00
177.00 117.50
177.00 118.00
177.00 118.50
177.00 119.00
177.00 119.50
177.50 120.00
177.50 120.50
177.50 121.00
177.50 121.50
177.50 122.00
177.50 122.50
177.50 123.00
177.50 123.50
177.50 124.00
177.50 124.50
177.50 125.00
177.50 125.50
177.50 126.00
177.50 126.50
177.50 127.00
177.50 127.50
177.50 128.00
177.50 128.50
177.00 129.00
177.00 129.50
177.00 130.00
177.00 130.50
177.00 131.00
176.50 131.50
176.50 132.00
176.50 132.50
176.00 133.00
176.00 133.50
176.00 134.00
175.50 134.50
175.50 135.00
175.50 135.50
175.00 136.00
175.00 136.50
174.50 137.00
174.50 137.50
174.00 138.00
174.00 138.50
173.50 139.00
173.00 139.50
172.50 140.00
172.50 140.50
172.00 141.00
171.50 141.50
171.00 142.00
170.50 142.50
170.00 143.00
169.50 143.50
169.00 143.50
168.50 144.00
168.00 144.50
167.50 144.50
167.00 145.00
166.50 145.00
166.00 145.50
165.50 145.50
165.00 146.00
164.50 146.50
164.00 146.50
163.50 146.50
163.00 147.00
162.50 147.00
162.00 147.00
161.50 147.50
161.00 147.50
160.50 147.50
160.00 148.00
159.50 148.00
159.00 148.00
158.50 148.50
158.00 148.50
157.50 148.50
157.00 148.50
156.50 148.50
156.00 149.00
155.50 149.00
155.00 149.00
154.50 149.00
154.00 149.00
153.50 149.50
153.00 149.50
152.50 149.50
152.00 149.50
151.50 149.50
151.00 149.50
150.50 149.50
150.00 149.50
149.50 150.00
149.00 150.00
148.50 150.00
148.00 150.00
147.50 150.00
147.00 150.00
146.50 150.00
146.00 150.00
145.50 150.00
145.00 150.00
144.50 150.00
144.00 149.50
143.50 149.50
143.00 149.50
142.50 149.50
142.00 149.50
141.50 149.00
141.00 149.00
140.50 149.00
140.00 149.00
139.50 148.50
139.00 148.50
138.50 148.00
138.00 148.00
137.50 148.00
137.00 147.50
136.50 147.00
136.00 147.00
135.50 147.00
135.00 146.50
134.50 146.00
134.00 145.50
133.50 145.00
133.00 144.50
132.50 144.50
132.00 144.00
131.50 143.50
131.00 143.00
131.00 142.50
130.50 142.00
130.00 141.50
129.50 141.00
129.00 140.50
128.50 140.00
128.50 139.50
128.00 139.00
127.50 138.50
127.50 138.00
127.00 137.50
126.50 137.00
126.50 136.50
126.00 136.00
125.50 135.50
125.50 135.00
125.50 134.50
125.00 134.00
125.00 133.50
124.50 133.00
124.50 132.50
124.50 132.00
124.00 131.50
124.00 131.00
124.00 130.50
123.50 130.00
123.50 129.50
123.50 129.00
123.50 128.50
123.50 128.00
123.50 127.50
123.00 127.00
123.00 126.50
123.00 126.00
123.00 125.50
123.00 125.00
123.00 124.50
123.00 124.00
123.00 123.50
123.00 123.00
123.00 122.50
123.00 122.00
123.00 121.50
123.00 121.00
123.50 120.50
123.50 120.00
123.50 119.50
123.50 119.00
123.50 118.50
123.50 118.00
124.00 117.50
124.00 117.00
124.00 116.50
124.50 116.00
124.50 115.50
124.50 115.00
125.00 114.50
125.00 114.00
125.00 113.50
125.50 113.00
125.50 112.50
126.00 112.00
126.00 111.50
126.00 111.00
126.50 110.50
127.00 110.00
127.00 109.50
127.50 109.00
127.50 108.50
128.00 108.00
128.50 107.50
129.00 107.00
129.00 106.50
129.50 106.00
130.00 105.50
130.50 105.00
131.00 104.50
131.50 104.00
132.00 103.50
132.50 103.00
133.00 102.50
133.50 102.00
134.00 102.00
134.50 101.50
135.00 101.00
135.50 101.00
136.00 100.50
136.50 100.00
137.00 100.00
137.50 99.50
138.00 99.50
138.50 99.00
139.00 99.00
139.50 99.00
140.00 98.50
140.50 98.50
141.00 98.50
141.50 98.00
142.00 98.00
142.50 98.00
143.00 97.50
143.50 97.50
144.00 97.50
144.50 97.50
145.00 97.00
145.50 97.00
146.00 97.00
146.50 97.00
147.00 97.00
147.50 96.50
148.00 96.50
148.50 96.50
149.00 96.50
149.50 96.50
