141.00 109.00
141.50 108.50
142.00 108.00
142.50 107.50
143.00 107.00
143.50 106.50
144.00 106.50
144.50 106.00
145.00 105.50
145.50 105.50
146.00 105.50
146.50 105.00
147.00 105.00
147.50 105.00
148.00 104.50
148.50 104.50
149.00 104.50
149.50 105.00
150.00 105.00
150.50 105.00
151.00 105.00
151.50 105.00
152.00 105.50
152.50 105.50
153.00 106.00
153.50 106.00
154.00 106.00
154.50 106.50
155.00 107.00
155.50 107.00
156.00 107.00
156.50 107.50
157.00 108.00
157.50 108.00
158.00 108.00
158.50 108.50
159.00 109.00
159.50 109.50
160.00 109.50
160.50 110.00
161.00 110.00
161.50 110.50
162.00 111.00
162.50 111.50
163.00 112.00
163.50 112.50
164.00 113.00
164.50 113.50
164.50 114.00
165.00 114.50
165.50 115.00
165.50 115.50
166.00 116.00
166.00 116.50
166.00 117.00
166.50 117.50
166.50 118.00
166.50 118.50
166.50 119.00
167.00 119.50
167.00 120.00
167.00 120.50
167.00 121.00
167.00 121.50
167.00 122.00
167.00 122.50
167.00 123.00
167.00 123.50
167.00 124.00
167.00 124.50
167.00 125.00
167.00 125.50
167.00 126.00
167.00 126.50
167.00 127.00
167.00 127.50
167.00 128.00
166.50 128.50
166.50 129.00
166.50 129.50
166.50 130.00
166.50 130.50
166.00 131.00
166.00 131.50
166.00 132.00
165.50 132.50
165.50 133.00
165.00 133.50
165.00 134.00
164.50 134.50
164.50 135.00
164.00 135.50
163.50 136.00
163.00 136.50
162.50 137.00
162.00 137.50
161.50 138.00
161.00 138.00
160.50 138.50
160.00 138.50
159.50 139.00
159.00 139.00
158.50 139.00
158.00 139.50
157.50 139.50
157.00 139.50
156.50 139.50
156.00 140.00
155.50 140.00
155.00 140.00
154.50 140.00
154.00 140.00
153.50 140.00
153.00 140.00
152.50 140.00
152.00 140.00
151.50 140.00
151.00 140.00
150.50 140.00
150.00 140.00
149.50 140.00
149.00 140.00
148.50 140.00
148.00 140.00
147.50 140.00
147.00 140.00
146.50 140.00
146.00 140.00
145.50 139.50
145.00 139.50
144.50 139.50
144.00 139.50
143.50 139.50
143.00 139.50
142.50 139.00
142.00 139.00
141.50 139.00
141.00 139.00
140.50 138.50
140.00 138.50
139.50 138.00
139.00 138.00
138.50 137.50
138.00 137.50
137.50 137.00
137.00 136.50
136.50 136.00
136.00 136.00
135.50 135.50
135.50 135.00
135.00 134.50
134.50 134.00
134.50 133.50
134.00 133.00
134.00 132.50
133.50 132.00
133.50 131.50
133.00 131.00
133.00 130.50
133.00 130.00
132.50 129.50
132.50 129.00
132.50 128.50
132.50 128.00
132.50 127.50
132.50 127.00
132.00 126.50
132.00 126.00
132.00 125.50
132.00 125.00
132.00 124.50
132.00 124.00
132.00 123.50
132.00 123.00
132.50 122.50
132.50 122.00
132.50 121.50
132.50 121.00
132.50 120.50
133.00 120.00
133.00 119.50
133.00 119.00
133.50 118.50
133.50 118.00
133.50 117.50
134.00 117.00
134.50 116.50
134.50 116.00
135.00 115.50
135.50 115.00
136.00 114.50
136.00 114.00
136.50 113.50
137.00 113.00
137.50 112.50
138.00 112.00
138.50 111.50
139.00 111.00
139.50 110.50
140.00 110.00
140.50 109.50
