140.00 144.00
140.50 143.50
141.00 143.50
141.50 143.50
142.00 143.50
142.50 143.00
143.00 143.00
143.50 143.00
144.00 142.50
144.50 142.50
145.00 142.50
145.50 142.50
146.00 142.50
146.50 142.00
147.00 142.00
147.50 142.00
148.00 142.00
148.50 142.50
149.00 142.50
149.50 143.00
150.00 143.50
150.00 144.00
150.50 144.50
150.50 145.00
150.50 145.50
150.50 146.00
150.50 146.50
150.50 147.00
150.00 147.50
150.00 148.00
149.50 148.50
149.00 149.00
148.50 149.00
148.00 149.00
147.50 149.00
147.00 149.00
146.50 149.00
146.00 149.00
145.50 149.00
145.00 148.50
144.50 148.50
144.00 148.00
143.50 148.00
143.00 147.50
142.50 147.50
142.00 147.50
141.50 147.00
141.00 146.50
140.50 146.50
140.00 146.50
139.50 146.00
139.00 146.00
138.50 145.50
138.50 145.00
139.00 144.50
139.50 144.00
