127.50 119.50
127.50 119.00
127.50 118.50
128.00 118.00
128.00 117.50
128.00 117.00
128.50 116.50
128.50 116.00
129.00 115.50
129.00 115.00
129.50 114.50
130.00 114.00
130.50 113.50
131.00 113.50
131.50 113.50
132.00 113.50
132.50 113.50
133.00 113.50
133.50 113.50
134.00 114.00
134.50 114.00
135.00 114.00
135.50 114.50
136.00 115.00
136.50 115.50
137.00 116.00
137.50 116.50
138.00 117.00
138.00 117.50
138.50 118.00
138.50 118.50
139.00 119.00
139.00 119.50
139.00 120.00
139.50 120.50
139.50 121.00
139.50 121.50
139.50 122.00
139.50 122.50
139.50 123.00
139.00 123.50
138.50 124.00
138.00 124.00
137.50 124.50
137.00 124.50
136.50 124.50
136.00 125.00
135.50 125.00
135.00 125.00
134.50 125.00
134.00 125.00
133.50 125.00
133.00 125.00
132.50 125.00
132.00 125.00
131.50 125.00
131.00 125.00
130.50 125.00
130.00 125.00
129.50 125.00
129.00 125.00
128.50 125.00
128.00 125.00
127.50 124.50
127.00 124.00
127.00 123.50
127.00 123.00
127.00 122.50
127.00 122.00
127.00 121.50
127.00 121.00
127.50 120.50
127.50 120.00
