129.50 109.00
130.00 109.00
130.50 108.50
131.00 108.50
131.50 108.50
132.00 108.00
132.50 108.00
133.00 108.00
133.50 108.00
134.00 108.00
134.50 108.00
135.00 108.00
135.50 108.00
136.00 108.50
136.50 108.50
137.00 108.50
137.50 108.50
138.00 108.50
138.50 108.50
139.00 108.50
139.50 109.00
140.00 109.00
140.50 109.00
141.00 109.50
141.50 109.50
142.00 109.50
142.50 109.50
143.00 110.00
143.50 110.00
144.00 110.50
144.50 110.50
145.00 111.00
145.50 111.50
146.00 112.00
146.50 112.50
146.50 113.00
147.00 113.50
147.00 114.00
147.00 114.50
147.50 115.00
147.50 115.50
147.50 116.00
147.50 116.50
147.50 117.00
147.50 117.50
147.50 118.00
147.50 118.50
147.50 119.00
147.50 119.50
147.50 120.00
147.50 120.50
147.50 121.00
147.50 121.50
147.00 122.00
147.00 122.50
147.00 123.00
147.00 123.50
146.50 124.00
146.50 124.50
146.50 125.00
146.00 125.50
146.00 126.00
146.00 126.50
145.50 127.00
145.00 127.50
145.00 128.00
144.50 128.50
144.00 128.50
143.50 129.00
143.00 129.50
142.50 129.50
142.00 130.00
141.50 130.00
141.00 130.00
140.50 130.00
140.00 130.00
139.50 130.50
139.00 130.50
138.50 130.50
138.00 130.50
137.50 130.50
137.00 130.00
136.50 130.00
136.00 130.00
135.50 130.00
135.00 130.00
134.50 130.00
134.00 130.00
133.50 129.50
133.00 129.50
132.50 129.50
132.00 129.00
131.50 129.00
131.00 129.00
130.50 129.00
130.00 128.50
129.50 128.50
129.00 128.00
128.50 128.00
128.00 127.50
127.50 127.00
127.00 126.50
126.50 126.00
126.00 125.50
125.50 125.00
125.50 124.50
125.00 124.00
125.00 123.50
124.50 123.00
124.50 122.50
124.50 122.00
124.50 121.50
124.50 121.00
124.50 120.50
124.50 120.00
124.50 119.50
124.50 119.00
124.50 118.50
124.50 118.00
125.00 117.50
125.00 117.00
125.00 116.50
125.00 116.00
125.50 115.50
125.50 115.00
125.50 114.50
125.50 114.00
126.00 113.50
126.00 113.00
126.50 112.50
126.50 112.00
127.00 111.50
127.00 111.00
127.50 110.50
128.00 110.50
128.50 110.00
129.00 109.50
