134.50 118.00
135.00 117.50
135.50 117.00
136.00 116.50
136.00 116.00
136.50 115.50
137.00 115.00
137.50 114.50
138.00 114.00
138.50 113.50
139.00 113.00
139.50 112.50
140.00 112.00
140.50 111.50
141.00 111.00
141.50 110.50
142.00 110.00
142.50 110.00
143.00 109.50
143.50 109.50
144.00 109.00
144.50 109.00
145.00 108.50
145.50 108.50
146.00 108.50
146.50 108.50
147.00 108.50
147.50 108.50
148.00 108.50
148.50 108.50
149.00 108.50
149.50 108.50
150.00 108.50
150.50 108.50
151.00 108.50
151.50 108.50
152.00 109.00
152.50 109.00
153.00 109.00
153.50 109.00
154.00 109.00
154.50 109.50
154.50 110.00
154.00 110.50
154.50 111.00
155.00 111.00
155.50 111.00
156.00 111.00
156.50 111.50
157.00 111.50
157.50 112.00
158.00 112.00
158.50 112.00
159.00 112.50
159.50 112.50
160.00 113.00
160.50 113.50
161.00 114.00
161.50 114.00
162.00 114.00
162.50 114.50
163.00 115.00
163.50 115.50
164.00 116.00
164.50 116.50
165.00 117.00
165.50 117.50
166.00 118.00
166.50 118.50
166.50 119.00
167.00 119.50
167.50 120.00
168.00 120.50
168.00 121.00
168.50 121.50
168.50 122.00
168.50 122.50
169.00 123.00
169.00 123.50
169.00 124.00
169.50 124.50
169.50 125.00
169.50 125.50
169.50 126.00
169.50 126.50
169.50 127.00
169.50 127.50
169.50 128.00
169.00 128.50
169.00 129.00
169.00 129.50
168.50 130.00
168.50 130.50
168.50 131.00
168.00 131.50
168.00 132.00
167.50 132.50
167.50 133.00
167.00 133.50
166.50 134.00
166.00 134.50
165.50 135.00
165.00 135.50
164.50 136.00
164.50 136.50
164.00 137.00
163.50 137.00
163.00 137.50
162.50 138.00
162.00 138.50
161.50 139.00
161.00 139.00
160.50 139.50
160.00 139.50
159.50 140.00
159.00 140.50
158.50 140.50
158.00 140.50
157.50 141.00
157.00 141.00
156.50 141.50
156.00 141.50
155.50 141.50
155.00 142.00
154.50 142.00
154.00 142.00
153.50 142.00
153.00 142.50
152.50 142.50
152.00 142.50
151.50 142.50
151.00 142.50
150.50 142.50
150.00 142.50
149.50 142.50
149.00 143.00
148.50 143.00
148.00 143.00
147.50 143.00
147.00 142.50
146.50 142.50
146.00 142.50
145.50 142.50
145.00 142.50
144.50 142.50
144.00 142.50
143.50 142.00
143.00 142.00
142.50 142.00
142.00 141.50
141.50 141.50
141.00 141.50
140.50 141.00
140.00 141.00
139.50 140.50
139.00 140.00
138.50 140.00
138.00 139.50
137.50 139.00
137.00 138.50
136.50 138.00
136.00 137.50
136.00 137.00
135.50 136.50
135.00 136.00
135.00 135.50
134.50 135.00
134.00 134.50
134.00 134.00
134.00 133.50
133.50 133.00
133.50 132.50
133.00 132.00
133.00 131.50
133.00 131.00
132.50 130.50
132.50 130.00
132.50 129.50
132.50 129.00
132.50 128.50
132.00 128.00
132.00 127.50
132.00 127.00
132.00 126.50
132.00 126.00
132.00 125.50
132.00 125.00
132.00 124.50
132.00 124.00
132.00 123.50
132.00 123.00
132.50 122.50
132.50 122.00
132.50 121.50
132.50 121.00
132.50 120.50
133.00 120.00
133.00 119.50
133.00 119.00
133.50 118.50
134.00 118.50
