127.00 117.00
127.00 116.50
127.50 116.00
127.50 115.50
127.50 115.00
128.00 114.50
128.00 114.00
128.50 113.50
128.50 113.00
129.00 112.50
129.00 112.00
129.50 111.50
130.00 111.00
130.00 110.50
130.50 110.00
131.00 109.50
131.50 109.00
132.00 108.50
132.50 108.50
133.00 108.00
133.50 108.00
134.00 108.00
134.50 108.00
135.00 108.00
135.50 108.50
136.00 108.50
136.50 108.50
137.00 109.00
137.50 109.50
138.00 110.00
138.50 110.50
139.00 111.00
139.50 111.50
140.00 112.00
140.00 112.50
140.50 113.00
141.00 113.50
141.00 114.00
141.50 114.50
141.50 115.00
142.00 115.50
142.00 116.00
142.50 116.50
142.50 117.00
142.50 117.50
143.00 118.00
143.00 118.50
143.50 119.00
143.50 119.50
144.00 120.00
144.00 120.50
144.50 121.00
144.50 121.50
144.50 122.00
145.00 122.50
145.00 123.00
145.00 123.50
145.00 124.00
145.00 124.50
145.00 125.00
145.00 125.50
145.00 126.00
145.00 126.50
144.50 127.00
144.50 127.50
144.00 128.00
143.50 128.50
143.00 129.00
142.50 129.50
142.00 130.00
141.50 130.50
141.00 131.00
140.50 131.00
140.00 131.00
139.50 131.00
139.00 131.00
138.50 131.00
138.00 131.00
137.50 131.00
137.00 131.00
136.50 131.00
136.00 131.00
135.50 131.00
135.00 131.00
134.50 131.00
134.00 131.00
133.50 131.00
133.00 131.00
132.50 131.00
132.00 131.00
131.50 131.00
131.00 131.00
130.50 131.00
130.00 131.00
129.50 131.00
129.00 130.50
128.50 130.50
128.00 130.00
127.50 129.50
127.00 129.00
126.50 128.50
126.00 128.00
126.00 127.50
125.50 127.00
125.50 126.50
125.50 126.00
125.00 125.50
125.00 125.00
125.00 124.50
125.00 124.00
125.00 123.50
125.00 123.00
125.00 122.50
125.00 122.00
125.50 121.50
125.50 121.00
125.50 120.50
126.00 120.00
126.00 119.50
126.00 119.00
126.50 118.50
126.50 118.00
127.00 117.50
