164.50 133.00
164.50 132.50
164.50 132.00
164.00 131.50
164.00 131.00
164.00 130.50
163.50 130.00
163.50 129.50
163.50 129.00
163.50 128.50
163.00 128.00
163.00 127.50
163.00 127.00
162.50 126.50
162.50 126.00
163.00 125.50
163.00 125.00
162.50 124.50
162.00 124.00
162.00 123.50
162.50 123.00
163.00 123.00
163.50 122.50
164.00 122.00
164.00 121.50
164.50 121.00
165.00 120.50
165.50 120.00
166.00 119.50
166.50 119.50
167.00 119.50
167.50 120.00
168.00 120.00
168.50 120.50
168.50 121.00
169.00 121.50
169.00 122.00
169.50 122.50
169.50 123.00
170.00 123.50
170.50 124.00
171.00 124.50
171.00 125.00
171.00 125.50
171.00 126.00
170.50 126.50
170.50 127.00
170.50 127.50
170.50 128.00
170.50 128.50
170.50 129.00
170.50 129.50
170.00 130.00
170.00 130.50
170.00 131.00
170.00 131.50
170.00 132.00
169.50 132.50
169.50 133.00
169.50 133.50
170.00 134.00
169.50 134.50
169.00 134.50
168.50 135.00
168.00 135.50
167.50 135.50
167.00 135.50
166.50 135.50
166.00 135.00
165.50 135.00
165.00 134.50
165.00 134.00
165.00 133.50
