162.50 96.00
163.00 96.00
163.50 96.50
164.00 96.50
164.50 96.50
165.00 97.00
165.50 97.00
166.00 97.50
166.50 97.50
167.00 98.00
167.50 98.00
168.00 98.50
168.50 98.50
169.00 99.00
169.50 99.00
170.00 99.50
170.50 100.00
171.00 100.50
171.50 101.00
172.00 101.00
172.50 101.50
173.00 102.00
173.50 102.50
174.00 103.00
174.50 103.50
175.00 104.00
175.50 104.50
176.00 105.00
176.50 105.50
176.50 106.00
177.00 106.50
177.00 107.00
177.50 107.50
178.00 108.00
178.50 108.50
178.50 109.00
179.00 109.50
179.00 110.00
179.50 110.50
179.50 111.00
179.50 111.50
180.00 112.00
180.00 112.50
180.50 113.00
180.50 113.50
180.50 114.00
181.00 114.50
181.00 115.00
181.00 115.50
181.50 116.00
181.50 116.50
181.50 117.00
181.50 117.50
182.00 118.00
182.00 118.50
182.00 119.00
182.00 119.50
182.00 120.00
182.00 120.50
182.50 121.00
182.50 121.50
182.50 122.00
182.50 122.50
182.50 123.00
182.50 123.50
182.50 124.00
182.50 124.50
182.50 125.00
182.50 125.50
182.50 126.00
182.50 126.50
182.50 127.00
182.50 127.50
182.50 128.00
182.50 128.50
182.50 129.00
182.50 129.50
182.00 130.00
182.00 130.50
182.00 131.00
182.00 131.50
182.00 132.00
181.50 132.50
181.50 133.00
181.50 133.50
181.50 134.00
181.00 134.50
181.00 135.00
181.00 135.50
180.50 136.00
180.50 136.50
180.50 137.00
180.00 137.50
180.00 138.00
179.50 138.50
179.50 139.00
179.50 139.50
179.00 140.00
179.00 140.50
178.50 141.00
178.00 141.50
178.00 142.00
177.50 142.50
177.00 143.00
177.00 143.50
176.50 144.00
176.00 144.50
176.00 145.00
175.50 145.50
175.00 146.00
174.50 146.50
174.00 147.00
173.50 147.50
173.00 148.00
172.50 148.50
172.00 149.00
171.50 149.50
171.00 149.50
170.50 150.00
170.00 150.50
169.50 151.00
169.00 151.00
168.50 151.50
168.00 151.50
167.50 152.00
167.00 152.00
166.50 152.50
166.00 153.00
165.50 153.00
165.00 153.50
164.50 153.50
164.00 153.50
163.50 154.00
163.00 154.00
162.50 154.00
162.00 154.50
161.50 154.50
161.00 154.50
160.50 155.00
160.00 155.00
159.50 155.00
159.00 155.00
158.50 155.00
158.00 155.50
157.50 155.50
157.00 155.50
156.50 155.50
156.00 155.50
155.50 155.50
155.00 156.00
154.50 156.00
154.00 156.00
153.50 156.00
153.00 156.00
152.50 156.00
152.00 156.00
151.50 156.00
151.00 156.00
150.50 156.00
150.00 156.00
149.50 156.00
149.00 156.00
148.50 156.00
148.00 156.00
147.50 156.00
147.00 156.00
146.50 156.00
146.00 156.00
145.50 156.00
145.00 156.00
144.50 156.00
144.00 156.00
143.50 155.50
143.00 155.50
142.50 155.50
142.00 155.50
141.50 155.00
141.00 155.00
140.50 155.00
140.00 155.00
139.50 154.50
139.00 154.50
138.50 154.00
138.00 154.00
137.50 154.00
137.00 153.50
136.50 153.50
136.00 153.00
135.50 152.50
135.00 152.50
134.50 152.00
134.00 151.50
133.50 151.00
133.00 151.00
132.50 150.50
132.00 150.00
131.50 149.50
131.00 149.00
130.50 148.50
130.00 148.00
130.00 147.50
129.50 147.00
129.00 146.50
128.50 146.00
128.50 145.50
128.00 145.00
128.00 144.50
127.50 144.00
127.00 143.50
127.00 143.00
127.00 142.50
126.50 142.00
126.50 141.50
126.00 141.00
126.00 140.50
126.00 140.00
126.00 139.50
125.50 139.00
125.50 138.50
125.50 138.00
125.50 137.50
125.50 137.00
125.50 136.50
125.50 136.00
125.50 135.50
125.50 135.00
125.00 134.50
125.00 134.00
125.00 133.50
125.00 133.00
125.00 132.50
125.50 132.00
125.50 131.50
125.50 131.00
125.50 130.50
125.50 130.00
125.50 129.50
125.50 129.00
125.50 128.50
125.50 128.00
125.50 127.50
126.00 127.00
126.00 126.50
126.00 126.00
126.00 125.50
126.00 125.00
126.00 124.50
126.50 124.00
126.50 123.50
126.50 123.00
126.50 122.50
126.50 122.00
127.00 121.50
127.00 121.00
127.00 120.50
127.00 120.00
127.50 119.50
127.50 119.00
127.50 118.50
127.50 118.00
128.00 117.50
128.00 117.00
128.00 116.50
128.00 116.00
128.50 115.50
128.50 115.00
129.00 114.50
129.00 114.00
129.00 113.50
129.00 113.00
129.50 112.50
129.50 112.00
130.00 111.50
130.00 111.00
130.50 110.50
130.50 110.00
130.50 109.50
131.00 109.00
131.50 108.50
131.50 108.00
132.00 107.50
132.00 107.00
132.50 106.50
133.00 106.00
133.50 105.50
133.50 105.00
134.00 104.50
134.50 104.00
135.00 103.50
135.00 103.00
135.50 102.50
136.00 102.00
136.50 101.50
137.00 101.50
137.50 101.00
138.00 100.50
138.50 100.00
139.00 99.50
139.50 99.50
140.00 99.00
140.50 98.50
141.00 98.50
141.50 98.00
142.00 97.50
142.50 97.50
143.00 97.00
143.50 97.00
144.00 96.50
144.50 96.50
145.00 96.50
145.50 96.00
146.00 96.00
146.50 95.50
147.00 95.50
147.50 95.50
148.00 95.50
148.50 95.50
149.00 95.00
149.50 95.00
150.00 95.00
150.50 95.00
151.00 95.00
151.50 95.00
152.00 95.00
152.50 95.00
153.00 94.50
153.50 94.50
154.00 94.50
154.50 94.50
155.00 94.50
155.50 95.00
156.00 95.00
156.50 95.00
157.00 95.00
157.50 95.00
158.00 95.00
158.50 95.00
159.00 95.00
159.50 95.50
160.00 95.50
160.50 95.50
161.00 95.50
161.50 95.50
162.00 96.00
