127.50 112.00
128.00 111.50
128.00 111.00
128.50 110.50
129.00 110.00
129.50 109.50
130.00 109.00
130.50 108.50
131.00 108.00
131.50 107.50
132.00 107.00
132.50 107.00
133.00 107.00
133.50 107.00
134.00 107.00
134.50 107.00
135.00 107.00
135.50 107.50
136.00 107.50
136.50 107.50
137.00 108.00
137.50 108.00
138.00 108.50
138.50 108.50
139.00 109.00
139.50 109.50
140.00 109.50
140.50 109.50
141.00 109.50
141.50 110.00
142.00 110.00
142.50 110.50
143.00 110.50
143.50 111.00
144.00 111.50
144.50 112.00
145.00 112.00
145.50 112.50
146.00 113.00
146.50 113.50
147.00 114.00
147.50 114.50
148.00 115.00
148.50 115.50
148.50 116.00
149.00 116.50
149.50 117.00
150.00 117.50
150.00 118.00
150.50 118.50
151.00 119.00
151.00 119.50
151.00 120.00
151.50 120.50
151.50 121.00
151.50 121.50
152.00 122.00
152.00 122.50
152.00 123.00
152.00 123.50
152.00 124.00
152.00 124.50
152.00 125.00
152.00 125.50
152.00 126.00
152.00 126.50
152.00 127.00
152.00 127.50
151.50 128.00
151.50 128.50
151.50 129.00
151.50 129.50
151.00 130.00
151.00 130.50
150.50 131.00
150.50 131.50
150.50 132.00
150.00 132.50
149.50 133.00
149.50 133.50
149.00 134.00
148.50 134.50
148.00 135.00
147.50 135.50
147.00 136.00
146.50 136.50
146.00 137.00
145.50 137.00
145.00 137.50
144.50 137.50
144.00 138.00
143.50 138.00
143.00 138.00
142.50 138.50
142.00 138.50
141.50 138.50
141.00 138.50
140.50 138.50
140.00 138.50
139.50 138.50
139.00 138.50
138.50 138.50
138.00 138.00
137.50 138.00
137.00 138.00
136.50 138.00
136.00 138.00
135.50 137.50
135.00 137.50
134.50 137.50
134.00 137.00
133.50 137.00
133.00 137.00
132.50 136.50
132.00 136.50
131.50 136.50
131.00 136.00
130.50 136.00
130.00 136.00
129.50 135.50
129.00 135.50
128.50 135.00
128.00 135.00
127.50 134.50
127.00 134.50
126.50 134.00
126.00 134.00
125.50 133.50
125.00 133.00
124.50 132.50
124.00 132.00
123.50 131.50
123.50 131.00
123.00 130.50
123.00 130.00
123.00 129.50
123.00 129.00
122.50 128.50
122.50 128.00
122.50 127.50
122.50 127.00
122.50 126.50
122.50 126.00
122.50 125.50
122.50 125.00
122.50 124.50
122.50 124.00
122.50 123.50
123.00 123.00
123.00 122.50
123.00 122.00
123.00 121.50
123.00 121.00
123.00 120.50
123.50 120.00
123.50 119.50
123.50 119.00
123.50 118.50
124.00 118.00
124.00 117.50
124.50 117.00
124.50 116.50
124.50 116.00
125.00 115.50
125.00 115.00
125.50 114.50
126.00 114.00
126.00 113.50
126.50 113.00
127.00 112.50
