128.50 111.00
129.00 110.50
129.50 110.00
129.50 109.50
130.00 109.00
130.50 108.50
131.00 108.00
131.00 107.50
131.50 107.00
132.00 106.50
132.50 106.00
133.00 105.50
133.50 105.00
134.00 104.50
134.50 104.50
135.00 104.50
135.50 104.00
136.00 103.50
136.50 103.50
137.00 103.50
137.50 103.50
138.00 103.00
138.50 103.00
139.00 103.00
139.50 103.00
140.00 103.00
140.50 103.00
141.00 103.00
141.50 103.00
142.00 103.50
142.50 103.50
143.00 103.50
143.50 104.00
144.00 104.00
144.50 104.00
145.00 104.00
145.50 104.50
146.00 105.00
146.50 105.00
147.00 105.00
147.50 105.50
148.00 106.00
148.50 106.00
149.00 106.50
149.50 107.00
150.00 107.50
150.50 108.00
151.00 108.50
151.50 109.00
152.00 109.50
152.50 110.00
153.00 110.50
153.00 111.00
153.50 111.50
154.00 112.00
154.00 112.50
154.50 113.00
154.50 113.50
155.00 114.00
155.00 114.50
155.00 115.00
155.50 115.50
155.50 116.00
155.50 116.50
156.00 117.00
156.00 117.50
156.00 118.00
156.00 118.50
156.00 119.00
156.00 119.50
156.50 120.00
156.50 120.50
156.50 121.00
156.50 121.50
156.50 122.00
156.50 122.50
156.50 123.00
156.50 123.50
156.50 124.00
156.50 124.50
156.50 125.00
156.50 125.50
156.50 126.00
156.50 126.50
156.50 127.00
157.00 127.50
157.00 128.00
157.00 128.50
157.00 129.00
157.00 129.50
157.00 130.00
157.00 130.50
157.50 131.00
157.50 131.50
157.50 132.00
157.50 132.50
157.50 133.00
158.00 133.50
158.00 134.00
158.00 134.50
158.00 135.00
158.00 135.50
158.00 136.00
158.50 136.50
158.50 137.00
158.50 137.50
158.50 138.00
158.50 138.50
158.50 139.00
158.50 139.50
158.50 140.00
158.50 140.50
158.50 141.00
158.00 141.50
158.00 142.00
157.50 142.50
157.00 143.00
156.50 143.00
156.00 143.50
155.50 143.50
155.00 143.50
154.50 143.50
154.00 144.00
153.50 144.00
153.00 144.00
152.50 144.00
152.00 144.00
151.50 144.00
151.00 144.00
150.50 144.00
150.00 144.00
149.50 144.00
149.00 144.00
148.50 144.00
148.00 144.00
147.50 144.00
147.00 144.00
146.50 144.00
146.00 144.00
145.50 144.50
145.00 144.50
144.50 144.50
144.00 144.50
143.50 144.50
143.00 144.50
142.50 144.50
142.00 144.50
141.50 144.50
141.00 144.50
140.50 144.50
140.00 144.50
139.50 144.50
139.00 144.50
138.50 144.00
138.00 144.00
137.50 144.00
137.00 144.00
136.50 144.00
136.00 144.00
135.50 143.50
135.00 143.50
134.50 143.50
134.00 143.50
133.50 143.00
133.00 143.00
132.50 143.00
132.00 142.50
131.50 142.50
131.00 142.00
130.50 142.00
130.00 141.50
129.50 141.50
129.00 141.00
128.50 140.50
128.00 140.50
127.50 140.00
127.00 139.50
126.50 139.00
126.00 139.00
125.50 138.50
125.50 138.00
125.00 137.50
124.50 137.00
124.00 136.50
123.50 136.00
123.50 135.50
123.00 135.00
122.50 134.50
122.50 134.00
122.00 133.50
122.00 133.00
122.00 132.50
121.50 132.00
121.50 131.50
121.50 131.00
121.50 130.50
121.00 130.00
121.00 129.50
121.00 129.00
121.00 128.50
121.00 128.00
121.00 127.50
121.00 127.00
121.00 126.50
121.00 126.00
121.00 125.50
121.00 125.00
121.00 124.50
121.00 124.00
121.50 123.50
121.50 123.00
121.50 122.50
121.50 122.00
121.50 121.50
122.00 121.00
122.00 120.50
122.50 120.00
122.50 119.50
122.50 119.00
123.00 118.50
123.00 118.00
123.50 117.50
123.50 117.00
124.00 116.50
124.00 116.00
124.50 115.50
125.00 115.00
125.00 114.50
125.50 114.00
126.00 113.50
126.00 113.00
126.50 112.50
127.00 112.00
127.50 111.50
128.00 111.50
