140.50 104.00
141.00 104.00
141.50 103.50
142.00 103.50
142.50 103.00
143.00 103.00
143.50 103.00
144.00 103.00
144.50 102.50
145.00 102.50
145.50 102.50
146.00 102.50
146.50 102.50
147.00 102.50
147.50 102.50
148.00 102.50
148.50 102.50
149.00 102.50
149.50 102.50
150.00 103.00
150.50 103.00
151.00 103.00
151.50 103.00
152.00 103.50
152.50 103.50
153.00 104.00
153.50 104.00
154.00 104.50
154.50 104.50
155.00 105.00
155.50 105.00
156.00 105.50
156.50 105.50
157.00 106.00
157.50 106.50
158.00 107.00
158.50 107.50
159.00 108.00
159.50 108.00
160.00 108.50
160.50 109.00
161.00 109.50
161.50 110.00
162.00 110.50
162.50 111.00
163.00 111.50
163.50 111.50
164.00 112.00
164.00 112.50
164.50 113.00
165.00 113.50
165.50 114.00
166.00 114.50
166.00 115.00
166.50 115.50
167.00 116.00
167.00 116.50
167.50 117.00
167.50 117.50
168.00 118.00
168.00 118.50
168.50 119.00
168.50 119.50
168.50 120.00
168.50 120.50
169.00 121.00
169.00 121.50
169.00 122.00
169.00 122.50
169.00 123.00
169.50 123.50
169.50 124.00
169.50 124.50
169.50 125.00
169.50 125.50
169.50 126.00
169.50 126.50
169.50 127.00
169.50 127.50
169.50 128.00
169.50 128.50
169.50 129.00
169.50 129.50
169.50 130.00
169.50 130.50
169.00 131.00
169.00 131.50
169.00 132.00
169.00 132.50
169.00 133.00
168.50 133.50
168.50 134.00
168.50 134.50
168.50 135.00
168.00 135.50
168.00 136.00
168.00 136.50
167.50 137.00
167.50 137.50
167.50 138.00
167.00 138.50
167.00 139.00
166.50 139.50
166.00 140.00
166.00 140.50
165.50 141.00
165.00 141.50
165.00 142.00
164.50 142.50
164.00 143.00
163.50 143.50
163.50 144.00
163.00 144.50
162.50 145.00
162.00 145.50
161.50 145.50
161.00 146.00
160.50 146.50
160.00 146.50
159.50 147.00
159.00 147.00
158.50 147.50
158.00 147.50
157.50 148.00
157.00 148.00
156.50 148.00
156.00 148.00
155.50 148.50
155.00 148.50
154.50 148.50
154.00 149.00
153.50 149.00
153.00 149.00
152.50 149.00
152.00 149.00
151.50 149.00
151.00 149.00
150.50 149.00
150.00 149.00
149.50 149.00
149.00 149.00
148.50 149.00
148.00 149.00
147.50 149.00
147.00 149.00
146.50 149.00
146.00 149.00
145.50 149.00
145.00 149.00
144.50 148.50
144.00 148.50
143.50 148.50
143.00 148.50
142.50 148.50
142.00 148.00
141.50 148.00
141.00 148.00
140.50 147.50
140.00 147.50
139.50 147.50
139.00 147.50
138.50 147.00
138.00 147.00
137.50 146.50
137.00 146.50
136.50 146.00
136.00 146.00
135.50 145.50
135.00 145.00
134.50 145.00
134.00 144.50
133.50 144.00
133.00 144.00
132.50 143.50
132.50 143.00
132.00 142.50
131.50 142.50
131.00 142.00
131.00 141.50
130.50 141.00
130.00 140.50
130.00 140.00
129.50 139.50
129.50 139.00
129.00 138.50
129.00 138.00
128.50 137.50
128.50 137.00
128.50 136.50
128.50 136.00
128.00 135.50
128.00 135.00
128.00 134.50
128.00 134.00
128.00 133.50
128.00 133.00
127.50 132.50
127.50 132.00
127.50 131.50
127.50 131.00
127.50 130.50
127.50 130.00
127.50 129.50
127.50 129.00
128.00 128.50
128.00 128.00
128.00 127.50
128.00 127.00
128.00 126.50
128.00 126.00
128.00 125.50
128.00 125.00
128.50 124.50
128.50 124.00
128.50 123.50
128.50 123.00
128.50 122.50
129.00 122.00
129.00 121.50
129.00 121.00
129.00 120.50
129.50 120.00
129.50 119.50
129.50 119.00
130.00 118.50
130.00 118.00
130.00 117.50
130.00 117.00
130.50 116.50
130.50 116.00
130.50 115.50
131.00 115.00
131.50 114.50
131.50 114.00
131.50 113.50
132.00 113.00
132.00 112.50
132.50 112.00
133.00 111.50
133.00 111.00
133.50 110.50
134.00 110.00
134.00 109.50
134.50 109.00
135.00 108.50
135.50 108.00
136.00 107.50
136.50 107.00
137.00 106.50
137.50 106.00
138.00 105.50
138.50 105.50
139.00 105.00
139.50 104.50
140.00 104.50
