134.00 118.50
134.00 118.00
134.50 117.50
134.50 117.00
135.00 116.50
135.50 116.00
136.00 115.50
136.50 115.00
136.50 114.50
137.00 114.00
137.00 113.50
137.50 113.00
138.00 112.50
138.50 112.00
139.00 111.50
139.50 111.00
140.00 110.50
140.50 110.50
141.00 110.00
141.50 109.50
142.00 109.50
142.50 109.00
143.00 109.00
143.50 109.00
144.00 109.00
144.50 109.00
145.00 109.00
145.50 109.00
146.00 109.00
146.50 109.00
147.00 109.50
147.50 109.50
148.00 109.50
148.50 110.00
149.00 110.00
149.50 110.00
150.00 110.00
150.50 110.50
151.00 110.50
151.50 111.00
152.00 111.00
152.50 111.00
153.00 111.50
153.50 111.50
154.00 111.50
154.50 112.00
155.00 112.00
155.50 112.50
156.00 112.50
156.50 112.50
157.00 113.00
157.50 113.50
158.00 113.50
158.50 113.50
159.00 114.00
159.50 114.00
160.00 114.50
160.50 114.50
161.00 115.00
161.50 115.50
162.00 115.50
162.50 116.00
163.00 116.50
163.50 117.00
164.00 117.50
164.50 118.00
165.00 118.50
165.50 119.00
165.50 119.50
166.00 120.00
166.00 120.50
166.50 121.00
166.50 121.50
167.00 122.00
167.00 122.50
167.50 123.00
167.50 123.50
167.50 124.00
168.00 124.50
168.00 125.00
168.00 125.50
168.00 126.00
168.00 126.50
168.00 127.00
168.00 127.50
168.00 128.00
168.00 128.50
168.00 129.00
167.50 129.50
167.50 130.00
167.50 130.50
167.50 131.00
167.00 131.50
167.00 132.00
166.50 132.50
166.50 133.00
166.00 133.50
166.00 134.00
165.50 134.50
165.00 135.00
164.50 135.50
164.00 136.00
164.00 136.50
163.50 137.00
163.00 137.50
162.50 138.00
162.00 138.50
161.50 139.00
161.00 139.00
160.50 139.50
160.00 140.00
159.50 140.50
159.00 141.00
158.50 141.00
158.00 141.50
157.50 142.00
157.00 142.50
156.50 142.50
156.00 143.00
155.50 143.00
155.00 143.00
154.50 143.50
154.00 143.50
153.50 143.50
153.00 143.50
152.50 143.50
152.00 143.50
151.50 143.50
151.00 144.00
150.50 144.00
150.00 144.00
149.50 144.00
149.00 144.00
148.50 144.00
148.00 144.00
147.50 144.00
147.00 144.00
146.50 144.00
146.00 143.50
145.50 143.50
145.00 143.50
144.50 143.50
144.00 143.00
143.50 143.00
143.00 143.00
142.50 142.50
142.00 142.50
141.50 142.00
141.00 142.00
140.50 141.50
140.00 141.50
139.50 141.00
139.00 140.50
138.50 140.50
138.00 140.00
137.50 139.50
137.00 139.00
136.50 139.00
136.00 139.00
135.50 138.50
135.00 138.00
134.50 137.50
134.50 137.00
134.00 136.50
134.00 136.00
134.00 135.50
133.50 135.00
133.50 134.50
133.50 134.00
133.00 133.50
133.00 133.00
133.00 132.50
132.50 132.00
132.50 131.50
132.50 131.00
132.50 130.50
132.00 130.00
132.00 129.50
132.00 129.00
132.00 128.50
132.00 128.00
132.00 127.50
132.00 127.00
132.00 126.50
132.00 126.00
132.00 125.50
132.00 125.00
132.00 124.50
132.50 124.00
132.50 123.50
133.00 123.00
133.00 122.50
133.00 122.00
133.50 121.50
133.50 121.00
133.50 120.50
134.00 120.00
134.50 119.50
134.50 119.00
