142.00 141.00
142.50 141.00
143.00 140.50
143.50 140.50
144.00 140.50
144.50 140.50
145.00 140.50
145.50 140.50
146.00 141.00
146.50 141.00
147.00 141.00
147.50 141.00
148.00 141.50
148.50 141.50
149.00 141.50
149.50 142.00
150.00 142.00
150.50 142.50
151.00 143.00
151.50 143.50
151.50 144.00
152.00 144.50
152.00 145.00
152.00 145.50
152.00 146.00
152.00 146.50
152.00 147.00
151.50 147.50
151.00 148.00
150.50 148.00
150.00 148.00
149.50 148.50
149.00 148.50
148.50 148.50
148.00 148.50
147.50 148.50
147.00 148.50
146.50 148.50
146.00 148.50
145.50 149.00
145.00 149.00
144.50 149.00
144.00 148.50
143.50 148.50
143.00 148.00
142.50 148.00
142.00 148.00
141.50 147.50
141.50 147.00
141.00 146.50
140.50 146.00
140.00 145.50
140.00 145.00
140.00 144.50
140.00 144.00
140.00 143.50
140.00 143.00
140.50 142.50
141.00 142.00
141.50 141.50
