162.50 117.00
163.00 117.50
163.50 118.00
164.00 118.00
164.50 118.50
165.00 119.00
165.50 119.50
166.00 120.00
166.50 120.50
167.00 121.00
167.50 121.50
167.50 122.00
168.00 122.50
168.50 123.00
168.50 123.50
168.50 124.00
169.00 124.50
169.00 125.00
169.00 125.50
169.00 126.00
169.50 126.50
169.50 127.00
169.50 127.50
169.50 128.00
169.50 128.50
169.50 129.00
169.50 129.50
169.50 130.00
169.50 130.50
169.50 131.00
169.50 131.50
169.00 132.00
169.00 132.50
169.00 133.00
169.00 133.50
168.50 134.00
168.50 134.50
168.50 135.00
168.00 135.50
168.00 136.00
167.50 136.50
167.50 137.00
167.00 137.50
167.00 138.00
167.00 138.50
166.50 139.00
166.00 139.50
166.00 140.00
165.50 140.50
165.00 141.00
164.50 141.50
164.50 142.00
164.00 142.50
163.50 143.00
163.00 143.50
162.50 144.00
162.00 144.50
161.50 145.00
161.00 145.50
160.50 145.50
160.00 146.00
159.50 146.50
159.00 146.50
158.50 147.00
158.00 147.00
157.50 147.50
157.00 147.50
156.50 147.50
156.00 148.00
155.50 148.00
155.00 148.00
154.50 148.50
154.00 148.50
153.50 148.50
153.00 148.50
152.50 148.50
152.00 148.50
151.50 148.50
151.00 148.50
150.50 148.50
150.00 148.50
149.50 148.50
149.00 148.50
148.50 148.50
148.00 148.50
147.50 148.50
147.00 148.50
146.50 148.00
146.00 148.00
145.50 148.00
145.00 147.50
144.50 147.50
144.00 147.00
143.50 146.50
143.00 146.00
142.50 146.00
142.00 145.50
141.50 145.00
141.50 144.50
141.00 144.00
140.50 143.50
140.50 143.00
140.50 142.50
140.00 142.00
139.50 141.50
139.50 141.00
139.00 140.50
139.00 140.00
138.50 139.50
138.50 139.00
138.00 138.50
138.00 138.00
137.50 137.50
137.00 137.00
137.00 136.50
137.00 136.00
136.50 135.50
136.00 135.00
136.00 134.50
136.00 134.00
136.00 133.50
135.50 133.00
135.50 132.50
135.50 132.00
135.50 131.50
135.50 131.00
135.50 130.50
135.50 130.00
135.50 129.50
136.00 129.00
136.00 128.50
136.00 128.00
136.50 127.50
136.50 127.00
136.50 126.50
137.00 126.00
137.00 125.50
137.50 125.00
137.50 124.50
138.00 124.00
138.50 123.50
139.00 123.00
139.50 122.50
139.50 122.00
140.00 121.50
140.50 121.00
141.00 120.50
141.50 120.00
142.00 119.50
142.50 119.00
143.00 118.50
143.50 118.50
144.00 118.00
144.50 117.50
145.00 117.50
145.50 117.00
146.00 116.50
146.50 116.50
147.00 116.00
147.50 116.00
148.00 115.50
148.50 115.50
149.00 115.50
149.50 115.00
150.00 115.00
150.50 115.00
151.00 115.00
151.50 114.50
152.00 114.50
152.50 114.50
153.00 114.50
153.50 114.50
154.00 114.50
154.50 114.50
155.00 114.50
155.50 114.50
156.00 114.50
156.50 114.50
157.00 114.50
157.50 115.00
158.00 115.00
158.50 115.00
159.00 115.00
159.50 115.50
160.00 115.50
160.50 116.00
161.00 116.00
161.50 116.50
162.00 117.00
