154.50 94.50
155.00 94.50
155.50 95.00
156.00 95.00
156.50 95.00
157.00 95.00
157.50 95.50
158.00 95.50
158.50 96.00
159.00 96.50
159.50 96.50
160.00 96.50
160.50 97.00
161.00 97.50
161.50 98.00
162.00 98.00
162.50 98.50
163.00 99.00
163.50 99.50
164.00 100.00
164.50 100.50
165.00 101.00
165.50 101.50
166.00 102.00
166.50 102.50
167.00 103.00
167.00 103.50
167.00 104.00
167.50 104.50
168.00 105.00
168.50 105.50
169.00 106.00
169.50 106.50
169.50 107.00
169.50 107.50
170.00 108.00
170.50 108.50
171.00 109.00
171.00 109.50
171.00 110.00
171.50 110.50
172.00 111.00
172.50 111.50
172.50 112.00
172.50 112.50
173.00 113.00
173.00 113.50
173.50 114.00
173.50 114.50
174.00 115.00
174.00 115.50
174.50 116.00
174.50 116.50
174.50 117.00
175.00 117.50
175.00 118.00
175.00 118.50
175.00 119.00
175.50 119.50
175.50 120.00
175.50 120.50
176.00 121.00
176.00 121.50
176.00 122.00
176.00 122.50
176.00 123.00
176.50 123.50
176.50 124.00
176.50 124.50
176.50 125.00
176.50 125.50
176.50 126.00
176.50 126.50
176.50 127.00
176.50 127.50
176.50 128.00
176.50 128.50
176.50 129.00
176.50 129.50
176.50 130.00
176.50 130.50
176.50 131.00
176.50 131.50
176.00 132.00
176.00 132.50
176.00 133.00
176.00 133.50
176.00 134.00
175.50 134.50
175.50 135.00
175.50 135.50
175.00 136.00
175.00 136.50
175.00 137.00
174.50 137.50
174.50 138.00
174.50 138.50
174.00 139.00
174.00 139.50
173.50 140.00
173.00 140.50
173.00 141.00
172.50 141.50
172.50 142.00
172.00 142.50
171.50 143.00
171.50 143.50
171.00 144.00
170.50 144.50
170.00 145.00
170.00 145.50
169.50 146.00
169.00 146.50
168.50 147.00
168.00 147.50
167.50 148.00
167.00 148.50
166.50 149.00
166.00 149.50
165.50 149.50
165.00 150.00
164.50 150.50
164.00 150.50
163.50 151.00
163.00 151.00
162.50 151.50
162.00 151.50
161.50 152.00
161.00 152.50
160.50 152.50
160.00 152.50
159.50 153.00
159.00 153.00
158.50 153.00
158.00 153.50
157.50 153.50
157.00 154.00
156.50 154.00
156.00 154.00
155.50 154.50
155.00 154.50
154.50 154.50
154.00 154.50
153.50 154.50
153.00 155.00
152.50 155.00
152.00 155.00
151.50 155.00
151.00 155.00
150.50 155.00
150.00 155.50
149.50 155.50
149.00 155.50
148.50 155.50
148.00 155.50
147.50 155.50
147.00 155.50
146.50 155.50
146.00 155.50
145.50 155.50
145.00 155.50
144.50 155.50
144.00 155.50
143.50 155.50
143.00 155.50
142.50 155.00
142.00 155.00
141.50 155.00
141.00 155.00
140.50 155.00
140.00 155.00
139.50 155.00
139.00 154.50
138.50 154.50
138.00 154.50
137.50 154.50
137.00 154.00
136.50 154.00
136.00 154.00
135.50 153.50
135.00 153.50
134.50 153.50
134.00 153.00
133.50 153.00
133.00 152.50
132.50 152.50
132.00 152.00
131.50 152.00
131.00 151.50
130.50 151.50
130.00 151.00
129.50 150.50
129.00 150.50
128.50 150.00
128.00 149.50
127.50 149.00
127.00 148.50
126.50 148.00
126.00 147.50
125.50 147.00
125.50 146.50
125.00 146.00
124.50 145.50
124.50 145.00
124.50 144.50
124.00 144.00
123.50 143.50
123.50 143.00
123.50 142.50
123.00 142.00
123.00 141.50
122.50 141.00
122.50 140.50
122.50 140.00
122.50 139.50
122.00 139.00
122.00 138.50
122.00 138.00
122.00 137.50
122.00 137.00
121.50 136.50
121.50 136.00
121.50 135.50
121.50 135.00
121.50 134.50
121.50 134.00
121.50 133.50
121.50 133.00
121.50 132.50
121.50 132.00
121.50 131.50
121.50 131.00
121.50 130.50
121.50 130.00
121.50 129.50
121.50 129.00
121.50 128.50
121.50 128.00
121.50 127.50
121.50 127.00
121.50 126.50
121.50 126.00
121.50 125.50
122.00 125.00
122.00 124.50
122.00 124.00
122.00 123.50
122.00 123.00
122.00 122.50
122.50 122.00
122.50 121.50
122.50 121.00
122.50 120.50
123.00 120.00
123.00 119.50
123.00 119.00
123.50 118.50
123.50 118.00
123.50 117.50
124.00 117.00
124.00 116.50
124.00 116.00
124.50 115.50
124.50 115.00
125.00 114.50
125.00 114.00
125.50 113.50
125.50 113.00
125.50 112.50
126.00 112.00
126.50 111.50
126.50 111.00
126.50 110.50
127.00 110.00
127.50 109.50
128.00 109.00
128.00 108.50
128.50 108.00
129.00 107.50
129.50 107.00
129.50 106.50
130.00 106.00
130.50 105.50
131.00 105.00
131.50 104.50
132.00 104.00
132.50 103.50
133.00 103.00
133.50 102.50
134.00 102.00
134.50 101.50
135.00 101.50
135.50 101.00
136.00 100.50
136.50 100.00
137.00 100.00
137.50 99.50
138.00 99.00
138.50 99.00
139.00 98.50
139.50 98.00
140.00 98.00
140.50 97.50
141.00 97.00
141.50 97.00
142.00 96.50
142.50 96.50
143.00 96.50
143.50 96.00
144.00 96.00
144.50 95.50
145.00 95.50
145.50 95.00
146.00 95.00
146.50 95.00
147.00 95.00
147.50 94.50
148.00 94.50
148.50 94.50
149.00 94.50
149.50 94.50
150.00 94.50
150.50 94.00
151.00 94.00
151.50 94.00
152.00 94.00
152.50 94.00
153.00 94.50
153.50 94.50
154.00 94.50
