174.00 122.50
174.00 123.00
174.00 123.50
174.00 124.00
174.00 124.50
174.00 125.00
174.00 125.50
174.00 126.00
174.00 126.50
174.00 127.00
174.00 127.50
174.00 128.00
174.00 128.50
174.00 129.00
174.00 129.50
174.00 130.00
174.00 130.50
174.00 131.00
174.00 131.50
174.00 132.00
174.00 132.50
173.50 133.00
173.50 133.50
173.50 134.00
173.50 134.50
173.00 135.00
173.00 135.50
173.00 136.00
172.50 136.50
172.00 137.00
172.00 137.50
171.50 138.00
171.00 138.50
170.50 139.00
170.00 139.50
169.50 140.00
169.50 140.50
169.00 141.00
168.50 141.00
168.00 141.50
167.50 142.00
167.00 142.00
166.50 142.50
166.00 143.00
165.50 143.50
165.00 143.50
164.50 144.00
164.00 144.50
163.50 144.50
163.00 145.00
162.50 145.50
162.50 146.00
163.00 146.50
162.50 147.00
162.00 147.50
161.50 148.00
161.00 148.50
160.50 149.00
160.00 149.00
159.50 149.50
159.00 150.00
158.50 150.00
158.00 150.50
157.50 151.00
157.00 151.00
156.50 151.50
156.00 151.50
155.50 151.50
155.00 152.00
154.50 152.00
154.00 152.00
153.50 152.00
153.00 152.50
152.50 152.50
152.00 152.50
151.50 152.50
151.00 152.50
150.50 152.50
150.00 152.50
149.50 152.50
149.00 152.50
148.50 152.50
148.00 152.50
147.50 152.50
147.00 152.50
146.50 152.50
146.00 152.50
145.50 152.50
145.00 152.00
144.50 152.00
144.00 152.00
143.50 152.00
143.00 151.50
142.50 151.50
142.00 151.50
141.50 151.00
141.00 151.00
140.50 151.00
140.00 150.50
139.50 150.00
139.00 150.00
138.50 149.50
138.00 149.00
137.50 149.00
137.00 148.50
136.50 148.00
136.00 147.50
135.50 147.00
135.00 146.50
135.00 146.00
134.50 145.50
134.00 145.00
134.00 144.50
133.50 144.00
133.50 143.50
133.00 143.00
133.00 142.50
132.50 142.00
132.50 141.50
132.50 141.00
132.50 140.50
132.00 140.00
132.00 139.50
132.00 139.00
132.00 138.50
131.50 138.00
131.50 137.50
131.50 137.00
131.50 136.50
131.50 136.00
131.50 135.50
131.50 135.00
131.50 134.50
131.50 134.00
131.50 133.50
131.50 133.00
131.50 132.50
131.50 132.00
131.50 131.50
131.50 131.00
131.50 130.50
131.50 130.00
131.50 129.50
131.50 129.00
131.50 128.50
131.50 128.00
131.50 127.50
131.50 127.00
131.50 126.50
131.50 126.00
132.00 125.50
132.00 125.00
132.00 124.50
132.00 124.00
132.00 123.50
132.00 123.00
132.50 122.50
132.50 122.00
132.50 121.50
132.50 121.00
133.00 120.50
133.00 120.00
133.00 119.50
133.00 119.00
133.50 118.50
133.50 118.00
133.50 117.50
134.00 117.00
134.00 116.50
134.50 116.00
134.50 115.50
134.50 115.00
135.00 114.50
135.50 114.00
135.50 113.50
136.00 113.00
136.00 112.50
136.50 112.00
137.00 111.50
137.00 111.00
137.50 110.50
138.00 110.00
138.00 109.50
138.50 109.00
139.00 108.50
139.50 108.00
140.00 107.50
140.50 107.00
141.00 106.50
141.50 106.00
142.00 105.50
142.50 105.00
143.00 104.50
143.50 104.50
144.00 104.00
144.50 103.50
145.00 103.50
145.50 103.50
146.00 103.00
146.50 103.00
147.00 102.50
147.50 102.50
148.00 102.50
148.50 102.50
149.00 102.50
149.50 102.50
150.00 102.50
150.50 102.50
151.00 102.50
151.50 102.50
152.00 102.50
152.50 102.50
153.00 103.00
153.50 103.00
154.00 103.00
154.50 103.00
155.00 103.50
155.50 103.50
156.00 104.00
156.50 104.00
157.00 104.50
157.50 104.50
158.00 105.00
158.50 105.50
159.00 105.50
159.50 106.00
160.00 106.50
160.50 107.00
161.00 107.00
161.50 107.50
162.00 108.00
162.50 108.50
163.00 108.50
163.50 109.00
164.00 109.50
164.50 110.00
165.00 110.50
165.50 111.00
166.00 111.50
166.50 112.00
167.00 112.50
167.50 113.00
168.00 113.50
168.50 114.00
169.00 114.50
169.50 115.00
169.50 115.50
170.00 116.00
170.50 116.50
171.00 117.00
171.00 117.50
171.50 118.00
171.50 118.50
172.00 119.00
172.00 119.50
172.00 120.00
172.50 120.50
172.50 121.00
173.00 121.50
173.50 122.00
