125.00 120.50
125.00 120.00
125.50 119.50
125.50 119.00
126.00 118.50
126.00 118.00
126.50 117.50
126.50 117.00
127.00 116.50
127.00 116.00
127.50 115.50
127.50 115.00
128.00 114.50
128.50 114.00
128.50 113.50
129.00 113.00
129.00 112.50
129.50 112.00
130.00 111.50
130.50 111.00
131.00 110.50
131.50 110.00
132.00 110.00
132.50 109.50
133.00 109.50
133.50 109.50
134.00 109.50
134.50 109.50
135.00 109.50
135.50 109.50
136.00 109.50
136.50 109.50
137.00 109.50
137.50 109.50
138.00 110.00
138.50 110.00
139.00 110.00
139.50 110.50
140.00 110.50
140.50 111.00
141.00 111.00
141.50 111.50
142.00 111.50
142.50 112.00
143.00 112.00
143.50 112.00
144.00 112.50
144.50 113.00
145.00 113.50
145.50 114.00
146.00 114.00
146.50 114.50
147.00 115.00
147.50 115.50
148.00 115.50
148.50 116.00
149.00 116.50
149.50 117.00
150.00 117.50
150.50 118.00
151.00 118.50
151.00 119.00
151.50 119.50
151.50 120.00
151.50 120.50
151.50 121.00
151.50 121.50
151.50 122.00
151.50 122.50
151.00 123.00
151.00 123.50
150.50 124.00
150.50 124.50
150.00 125.00
150.00 125.50
149.50 126.00
149.00 126.50
149.00 127.00
148.50 127.50
148.00 127.50
147.50 128.00
147.00 128.50
146.50 129.00
146.00 129.50
145.50 130.00
145.00 130.50
144.50 130.50
144.00 131.00
143.50 131.50
143.00 131.50
142.50 132.00
142.00 132.00
141.50 132.50
141.00 132.50
140.50 132.50
140.00 133.00
139.50 133.00
139.00 133.00
138.50 133.50
138.00 133.50
137.50 133.50
137.00 133.50
136.50 133.50
136.00 133.50
135.50 133.50
135.00 133.50
134.50 133.50
134.00 133.50
133.50 133.50
133.00 133.50
132.50 133.00
132.00 133.00
131.50 133.00
131.00 132.50
130.50 132.50
130.00 132.50
129.50 132.00
129.00 131.50
128.50 131.00
128.00 130.50
127.50 130.00
127.00 129.50
126.50 129.00
126.50 128.50
126.50 128.00
126.00 127.50
126.00 127.00
125.50 126.50
125.50 126.00
125.50 125.50
125.50 125.00
125.50 124.50
125.50 124.00
125.50 123.50
125.00 123.00
125.00 122.50
125.00 122.00
125.00 121.50
125.50 121.00
