142.50 102.50
143.00 102.50
143.50 102.00
144.00 102.00
144.50 102.00
145.00 101.50
145.50 101.50
146.00 101.50
146.50 101.00
147.00 101.00
147.50 101.00
148.00 101.00
148.50 101.00
149.00 101.00
149.50 101.00
150.00 101.00
150.50 101.00
151.00 101.00
151.50 101.50
152.00 101.50
152.50 101.50
153.00 102.00
153.50 102.00
154.00 102.00
154.50 102.50
155.00 102.50
155.50 103.00
156.00 103.00
156.50 103.00
157.00 103.50
157.50 103.50
158.00 104.00
158.50 104.50
159.00 104.50
159.50 105.00
160.00 105.50
160.50 106.00
161.00 106.50
161.50 107.00
162.00 107.50
162.50 107.50
163.00 108.00
163.50 108.00
164.00 108.50
164.50 109.00
165.00 109.50
165.50 110.00
166.00 110.50
166.50 111.00
166.50 111.50
167.00 112.00
167.50 112.50
168.00 113.00
168.00 113.50
168.50 114.00
168.50 114.50
169.00 115.00
169.00 115.50
169.00 116.00
169.50 116.50
169.50 117.00
169.50 117.50
169.50 118.00
169.50 118.50
169.50 119.00
169.50 119.50
169.50 120.00
169.50 120.50
169.50 121.00
169.50 121.50
169.50 122.00
169.50 122.50
169.50 123.00
169.50 123.50
169.50 124.00
169.50 124.50
169.50 125.00
169.50 125.50
169.50 126.00
169.00 126.50
169.00 127.00
169.00 127.50
169.00 128.00
169.00 128.50
169.00 129.00
169.00 129.50
169.00 130.00
168.50 130.50
168.50 131.00
168.50 131.50
168.50 132.00
168.50 132.50
168.50 133.00
168.50 133.50
168.00 134.00
168.00 134.50
168.00 135.00
167.50 135.50
167.50 136.00
167.50 136.50
167.00 137.00
167.00 137.50
166.50 138.00
166.50 138.50
166.00 139.00
165.50 139.50
165.50 140.00
165.00 140.50
164.50 140.50
164.00 141.00
163.50 141.50
163.00 142.00
162.50 142.00
162.00 142.50
161.50 142.50
161.00 143.00
160.50 143.00
160.00 143.50
159.50 143.50
159.00 143.50
158.50 144.00
158.00 144.00
157.50 144.00
157.00 144.00
156.50 144.50
156.00 144.50
155.50 144.50
155.00 144.50
154.50 144.50
154.00 144.50
153.50 144.50
153.00 144.50
152.50 144.50
152.00 144.50
151.50 144.50
151.00 144.50
150.50 144.50
150.00 144.50
149.50 144.50
149.00 144.50
148.50 144.50
148.00 144.00
147.50 144.00
147.00 144.00
146.50 144.00
146.00 144.00
145.50 144.00
145.00 144.00
144.50 144.00
144.00 143.50
143.50 143.50
143.00 143.50
142.50 143.50
142.00 143.50
141.50 143.00
141.00 143.00
140.50 143.00
140.00 143.00
139.50 142.50
139.00 142.50
138.50 142.50
138.00 142.50
137.50 142.00
137.00 142.00
136.50 141.50
136.00 141.00
135.50 141.00
135.00 140.50
134.50 140.00
134.00 139.50
133.50 139.50
133.00 139.00
132.50 138.50
132.50 138.00
132.00 137.50
131.50 137.00
131.00 136.50
131.00 136.00
130.50 135.50
130.00 135.00
130.00 134.50
129.50 134.00
129.50 133.50
129.00 133.00
129.00 132.50
129.00 132.00
128.50 131.50
128.50 131.00
128.50 130.50
128.00 130.00
128.00 129.50
128.00 129.00
128.00 128.50
128.00 128.00
128.00 127.50
128.00 127.00
128.00 126.50
128.00 126.00
128.00 125.50
128.00 125.00
128.00 124.50
128.00 124.00
128.00 123.50
128.00 123.00
128.00 122.50
128.00 122.00
128.00 121.50
128.00 121.00
128.50 120.50
128.50 120.00
128.50 119.50
129.00 119.00
129.00 118.50
129.00 118.00
129.00 117.50
129.50 117.00
129.50 116.50
130.00 116.00
130.00 115.50
130.00 115.00
130.50 114.50
130.50 114.00
131.00 113.50
131.00 113.00
131.50 112.50
131.50 112.00
132.00 111.50
132.50 111.00
132.50 110.50
133.00 110.00
133.50 109.50
133.50 109.00
134.00 108.50
134.50 108.00
135.00 107.50
135.50 107.00
136.00 106.50
136.50 106.00
137.00 105.50
137.50 105.00
138.00 104.50
138.50 104.50
139.00 104.00
139.50 103.50
140.00 103.50
140.50 103.00
141.00 103.00
141.50 102.50
142.00 102.50
