146.50 108.50
147.00 108.00
147.50 108.00
148.00 107.50
148.50 107.50
149.00 107.50
149.50 107.50
150.00 107.00
150.50 107.00
151.00 107.00
151.50 107.00
152.00 107.00
152.50 107.00
153.00 107.00
153.50 107.50
154.00 107.50
154.50 107.50
155.00 107.50
155.50 107.50
156.00 108.00
156.50 108.00
157.00 108.50
157.50 108.50
158.00 108.50
158.50 109.00
159.00 109.50
159.50 109.50
160.00 110.00
160.50 110.50
161.00 111.00
161.50 111.00
162.00 111.00
162.50 111.50
163.00 112.00
163.50 112.00
164.00 112.50
164.50 112.50
165.00 112.50
165.50 112.50
166.00 113.00
166.50 113.00
167.00 113.00
167.50 113.50
168.00 113.50
168.50 113.50
169.00 114.00
169.50 114.50
170.00 114.50
170.50 115.00
171.00 115.50
171.50 116.00
172.00 116.50
172.00 117.00
172.50 117.50
173.00 118.00
173.50 118.50
173.50 119.00
173.50 119.50
174.00 120.00
174.00 120.50
174.00 121.00
174.50 121.50
174.50 122.00
174.50 122.50
174.50 123.00
174.50 123.50
174.50 124.00
174.50 124.50
174.50 125.00
174.50 125.50
174.50 126.00
174.50 126.50
174.50 127.00
174.50 127.50
174.00 128.00
174.00 128.50
174.00 129.00
173.50 129.50
173.50 130.00
173.50 130.50
173.50 131.00
173.00 131.50
173.00 132.00
173.00 132.50
172.50 133.00
172.50 133.50
172.00 134.00
172.00 134.50
171.50 135.00
171.50 135.50
171.00 136.00
170.50 136.50
170.50 137.00
170.00 137.50
170.00 138.00
169.50 138.50
169.00 139.00
169.00 139.50
168.50 140.00
168.00 140.50
167.50 141.00
167.00 141.50
167.00 142.00
166.50 142.50
166.00 143.00
165.50 143.50
165.00 144.00
164.50 144.50
164.00 145.00
163.50 145.50
163.00 145.50
162.50 146.00
162.00 146.50
161.50 146.50
161.00 147.00
160.50 147.50
160.00 147.50
159.50 147.50
159.00 148.00
158.50 148.00
158.00 148.50
157.50 148.50
157.00 148.50
156.50 149.00
156.00 149.00
155.50 149.00
155.00 149.00
154.50 149.50
154.00 149.50
153.50 149.50
153.00 149.50
152.50 149.50
152.00 149.50
151.50 149.50
151.00 149.50
150.50 149.50
150.00 149.50
149.50 149.50
149.00 149.50
148.50 149.00
148.00 149.00
147.50 149.00
147.00 149.00
146.50 149.00
146.00 148.50
145.50 148.50
145.00 148.00
144.50 148.00
144.00 147.50
143.50 147.00
143.00 147.00
142.50 146.50
142.00 146.00
141.50 145.50
141.50 145.00
141.00 144.50
141.00 144.00
140.50 143.50
140.50 143.00
140.50 142.50
140.00 142.00
140.00 141.50
140.00 141.00
139.50 140.50
139.50 140.00
139.50 139.50
139.50 139.00
139.50 138.50
139.00 138.00
139.00 137.50
139.00 137.00
139.00 136.50
139.00 136.00
139.00 135.50
138.50 135.00
138.50 134.50
138.00 134.00
138.00 133.50
138.00 133.00
137.50 132.50
137.50 132.00
137.50 131.50
137.50 131.00
137.00 130.50
137.00 130.00
137.00 129.50
137.00 129.00
137.00 128.50
137.00 128.00
136.50 127.50
136.50 127.00
136.50 126.50
136.50 126.00
136.50 125.50
136.50 125.00
136.50 124.50
136.50 124.00
136.50 123.50
136.50 123.00
136.50 122.50
136.50 122.00
136.50 121.50
136.50 121.00
137.00 120.50
137.00 120.00
137.00 119.50
137.00 119.00
137.00 118.50
137.50 118.00
137.50 117.50
137.50 117.00
138.00 116.50
138.00 116.00
138.00 115.50
138.50 115.00
139.00 114.50
139.00 114.00
139.50 113.50
140.00 113.00
140.50 112.50
141.00 112.00
141.50 111.50
142.00 111.00
142.50 110.50
143.00 110.00
143.50 110.00
144.00 109.50
144.50 109.00
145.00 108.50
145.50 108.50
146.00 108.00
