139.00 106.50
139.50 106.00
140.00 105.50
140.50 105.00
141.00 104.50
141.50 104.50
142.00 104.00
142.50 103.50
143.00 103.50
143.50 103.00
144.00 103.00
144.50 103.00
145.00 102.50
145.50 102.50
146.00 102.50
146.50 102.00
147.00 102.00
147.50 102.00
148.00 102.00
148.50 101.50
149.00 101.50
149.50 101.50
150.00 101.00
150.50 101.00
151.00 101.00
151.50 101.00
152.00 100.50
152.50 100.50
153.00 100.50
153.50 100.50
154.00 100.50
154.50 101.00
155.00 100.50
155.50 100.50
156.00 100.50
156.50 100.50
157.00 100.50
157.50 100.50
158.00 100.50
158.50 100.50
159.00 100.50
159.50 100.50
160.00 100.50
160.50 100.50
161.00 100.50
161.50 100.50
162.00 101.00
162.50 101.00
163.00 101.00
163.50 101.00
164.00 101.00
164.50 101.50
165.00 101.50
165.50 101.50
166.00 101.50
166.50 102.00
167.00 102.00
167.50 102.00
168.00 102.50
168.50 102.50
169.00 103.00
169.50 103.00
170.00 103.50
170.50 103.50
171.00 104.00
171.50 104.00
172.00 104.00
172.50 104.50
173.00 105.00
173.50 105.00
174.00 105.50
174.50 106.00
175.00 106.00
175.50 106.50
176.00 107.00
176.50 107.50
177.00 108.00
177.50 108.50
177.50 109.00
178.00 109.50
178.50 110.00
179.00 110.50
179.00 111.00
179.00 111.50
179.50 112.00
179.50 112.50
180.00 113.00
180.00 113.50
180.50 114.00
180.50 114.50
180.50 115.00
181.00 115.50
181.00 116.00
181.00 116.50
181.00 117.00
181.00 117.50
181.00 118.00
181.50 118.50
181.50 119.00
181.50 119.50
181.50 120.00
181.50 120.50
181.50 121.00
181.50 121.50
181.50 122.00
181.50 122.50
181.50 123.00
181.50 123.50
181.50 124.00
181.50 124.50
181.50 125.00
181.50 125.50
181.50 126.00
181.50 126.50
181.50 127.00
181.50 127.50
181.00 128.00
181.00 128.50
181.00 129.00
181.00 129.50
181.00 130.00
180.50 130.50
180.50 131.00
180.50 131.50
180.50 132.00
180.00 132.50
180.00 133.00
180.00 133.50
180.00 134.00
179.50 134.50
179.50 135.00
179.00 135.50
179.00 136.00
179.00 136.50
178.50 137.00
178.50 137.50
178.00 138.00
178.00 138.50
177.50 139.00
177.50 139.50
177.00 140.00
177.00 140.50
176.50 141.00
176.00 141.50
176.00 142.00
175.50 142.50
175.00 143.00
175.00 143.50
174.50 144.00
174.00 144.50
173.50 145.00
173.00 145.50
172.50 146.00
172.50 146.50
172.00 147.00
171.50 147.50
171.00 148.00
170.50 148.00
170.00 148.50
169.50 149.00
169.00 149.50
168.50 150.00
168.00 150.50
167.50 150.50
167.00 151.00
166.50 151.50
166.00 152.00
165.50 152.00
165.00 152.50
164.50 152.50
164.00 153.00
163.50 153.00
163.00 153.50
162.50 153.50
162.00 153.50
161.50 154.00
161.00 154.00
160.50 154.00
160.00 154.50
159.50 154.50
159.00 154.50
158.50 155.00
158.00 155.00
157.50 155.00
157.00 155.00
156.50 155.00
156.00 155.50
155.50 155.50
155.00 155.50
154.50 155.50
154.00 155.50
153.50 155.50
153.00 155.50
152.50 155.50
152.00 155.50
151.50 155.50
151.00 155.50
150.50 155.50
150.00 155.50
149.50 155.50
149.00 155.00
148.50 155.00
148.00 155.00
147.50 155.00
147.00 155.00
146.50 154.50
146.00 154.50
145.50 154.50
145.00 154.00
144.50 154.00
144.00 154.00
143.50 153.50
143.00 153.00
142.50 153.00
142.00 153.00
141.50 152.50
141.00 152.00
140.50 151.50
140.00 151.00
139.50 150.50
139.00 150.00
138.50 149.50
138.00 149.00
138.00 148.50
137.50 148.00
137.00 147.50
137.00 147.00
137.00 146.50
136.50 146.00
136.00 145.50
136.00 145.00
135.50 144.50
135.50 144.00
135.00 143.50
135.00 143.00
135.00 142.50
134.50 142.00
134.50 141.50
134.50 141.00
134.00 140.50
134.00 140.00
134.00 139.50
133.50 139.00
133.50 138.50
133.50 138.00
133.00 137.50
133.00 137.00
133.00 136.50
132.50 136.00
132.50 135.50
132.50 135.00
132.50 134.50
132.50 134.00
132.00 133.50
132.00 133.00
132.00 132.50
132.00 132.00
132.00 131.50
132.00 131.00
132.00 130.50
132.00 130.00
132.00 129.50
132.00 129.00
132.00 128.50
132.50 128.00
133.00 127.50
133.00 127.00
133.00 126.50
133.00 126.00
133.50 125.50
133.50 125.00
133.50 124.50
133.50 124.00
133.50 123.50
133.50 123.00
133.50 122.50
134.00 122.00
134.00 121.50
134.00 121.00
134.00 120.50
134.00 120.00
134.00 119.50
134.50 119.00
134.50 118.50
134.50 118.00
135.00 117.50
135.00 117.00
135.00 116.50
135.00 116.00
135.50 115.50
135.50 115.00
135.50 114.50
136.00 114.00
136.00 113.50
136.00 113.00
136.50 112.50
136.50 112.00
137.00 111.50
137.00 111.00
137.00 110.50
137.50 110.00
137.50 109.50
137.50 109.00
138.00 108.50
138.00 108.00
138.00 107.50
138.50 107.00
139.00 106.50
