155.00 107.00
155.50 107.00
156.00 107.00
156.50 107.50
157.00 107.50
157.50 107.50
158.00 107.50
158.50 108.00
159.00 108.00
159.50 108.00
160.00 108.50
160.50 108.50
161.00 108.50
161.50 109.00
162.00 109.00
162.50 109.50
163.00 109.50
163.50 110.00
164.00 110.50
164.50 110.50
165.00 111.00
165.50 111.50
166.00 112.00
166.50 112.00
167.00 112.50
167.50 113.00
168.00 113.50
168.50 114.00
169.00 114.50
169.50 115.00
169.50 115.50
170.00 116.00
170.50 116.50
171.00 117.00
171.00 117.50
171.00 118.00
171.50 118.50
172.00 119.00
172.00 119.50
172.00 120.00
172.50 120.50
172.50 121.00
172.50 121.50
172.50 122.00
173.00 122.50
173.00 123.00
173.00 123.50
173.00 124.00
173.00 124.50
173.00 125.00
173.00 125.50
173.00 126.00
173.00 126.50
173.00 127.00
173.00 127.50
173.00 128.00
173.00 128.50
173.00 129.00
172.50 129.50
172.50 130.00
172.50 130.50
172.00 131.00
172.00 131.50
172.00 132.00
172.00 132.50
171.50 133.00
171.50 133.50
171.50 134.00
171.00 134.50
171.00 135.00
170.50 135.50
170.00 136.00
170.00 136.50
169.50 137.00
169.00 137.50
169.00 138.00
168.50 138.50
168.50 139.00
168.00 139.50
167.50 140.00
167.50 140.50
167.00 141.00
166.50 141.50
166.00 142.00
165.50 142.50
165.00 143.00
164.50 143.50
164.00 144.00
163.50 144.50
163.00 145.00
162.50 145.50
162.00 146.00
161.50 146.00
161.00 146.50
160.50 147.00
160.00 147.50
159.50 147.50
159.00 148.00
158.50 148.00
158.00 148.50
157.50 148.50
157.00 149.00
156.50 149.00
156.00 149.00
155.50 149.00
155.00 149.50
154.50 149.50
154.00 149.50
153.50 149.50
153.00 149.50
152.50 150.00
152.00 150.00
151.50 150.00
151.00 150.00
150.50 150.00
150.00 150.00
149.50 150.00
149.00 150.00
148.50 149.50
148.00 149.50
147.50 149.50
147.00 149.50
146.50 149.50
146.00 149.00
145.50 149.00
145.00 149.00
144.50 148.50
144.00 148.50
143.50 148.50
143.00 148.00
142.50 148.00
142.00 147.50
141.50 147.00
141.00 147.00
140.50 146.50
140.00 146.50
139.50 146.00
139.00 145.50
138.50 145.00
138.00 144.50
137.50 144.00
137.00 143.50
137.00 143.00
136.50 142.50
136.00 142.00
135.50 141.50
135.00 141.00
135.00 140.50
134.50 140.00
134.00 139.50
134.00 139.00
133.50 138.50
133.50 138.00
133.00 137.50
133.00 137.00
133.00 136.50
132.50 136.00
132.50 135.50
132.50 135.00
132.00 134.50
132.00 134.00
132.00 133.50
131.50 133.00
131.50 132.50
131.50 132.00
131.50 131.50
131.50 131.00
131.50 130.50
131.00 130.00
131.00 129.50
131.00 129.00
131.00 128.50
131.00 128.00
131.00 127.50
131.00 127.00
131.00 126.50
131.00 126.00
131.00 125.50
131.00 125.00
131.50 124.50
131.50 124.00
131.50 123.50
131.50 123.00
131.50 122.50
132.00 122.00
132.00 121.50
132.00 121.00
132.50 120.50
132.50 120.00
132.50 119.50
132.50 119.00
133.00 118.50
133.00 118.00
133.50 117.50
133.50 117.00
134.00 116.50
134.50 116.00
134.50 115.50
135.00 115.00
135.50 114.50
135.50 114.00
136.00 113.50
136.50 113.00
137.00 112.50
137.50 112.50
138.00 112.00
138.50 111.50
139.00 111.00
139.50 110.50
140.00 110.00
140.50 110.00
141.00 109.50
141.50 109.00
142.00 109.00
142.50 108.50
143.00 108.50
143.50 108.00
144.00 108.00
144.50 108.00
145.00 107.50
145.50 107.50
146.00 107.50
146.50 107.00
147.00 107.00
147.50 107.00
148.00 107.00
148.50 107.00
149.00 107.00
149.50 107.00
150.00 106.50
150.50 106.50
151.00 106.50
151.50 106.50
152.00 106.50
152.50 106.50
153.00 107.00
153.50 107.00
154.00 107.00
154.50 107.00
