136.00 139.00
135.50 139.00
135.00 139.00
134.50 139.00
134.00 139.00
133.50 139.00
133.00 139.00
132.50 139.50
132.00 139.50
131.50 139.50
131.00 139.50
130.50 139.00
130.00 139.00
129.50 139.00
129.00 139.00
128.50 139.00
128.00 139.00
127.50 138.50
127.00 138.50
126.50 138.50
126.00 138.00
125.50 137.50
125.00 137.00
125.00 136.50
124.50 136.00
124.00 135.50
124.00 135.00
124.00 134.50
123.50 134.00
123.50 133.50
123.50 133.00
123.50 132.50
123.00 132.00
123.00 131.50
123.00 131.00
123.00 130.50
123.00 130.00
123.00 129.50
122.50 129.00
122.50 128.50
122.50 128.00
122.50 127.50
122.50 127.00
122.50 126.50
122.50 126.00
122.50 125.50
122.50 125.00
122.50 124.50
122.50 124.00
122.50 123.50
123.00 123.00
123.00 122.50
123.00 122.00
123.00 121.50
123.50 121.00
123.50 120.50
124.00 120.00
124.50 119.50
125.00 119.00
125.50 118.50
126.00 118.00
126.50 117.50
127.00 117.50
127.50 117.00
128.00 117.00
128.50 116.50
129.00 116.50
129.50 116.50
130.00 116.00
130.50 116.00
131.00 116.00
131.50 116.00
132.00 116.00
132.50 116.00
133.00 116.00
133.50 116.00
134.00 116.00
134.50 116.00
135.00 116.00
135.50 116.00
136.00 116.00
136.50 116.00
137.00 116.00
137.50 116.50
138.00 116.50
138.50 116.50
139.00 117.00
139.50 117.00
140.00 117.00
140.50 117.50
141.00 118.00
141.50 118.00
142.00 118.50
142.50 119.00
143.00 119.50
143.50 120.00
143.50 120.50
143.50 121.00
144.00 121.50
144.00 122.00
144.00 122.50
144.50 123.00
144.50 123.50
144.50 124.00
144.50 124.50
144.50 125.00
144.50 125.50
144.50 126.00
144.50 126.50
144.00 127.00
144.00 127.50
144.00 128.00
144.00 128.50
144.00 129.00
143.50 129.50
143.50 130.00
143.50 130.50
143.00 131.00
142.50 131.50
142.50 132.00
142.00 132.50
142.00 133.00
141.50 133.50
141.00 134.00
140.50 134.50
140.50 135.00
140.00 135.50
139.50 135.50
139.00 136.00
138.50 136.50
138.00 137.00
137.50 137.50
137.00 138.00
136.50 138.50
