131.00 104.50
131.50 104.50
132.00 104.50
132.50 104.00
133.00 104.00
133.50 104.00
134.00 104.00
134.50 104.00
135.00 104.00
135.50 104.00
136.00 104.00
136.50 104.00
137.00 104.00
137.50 104.00
138.00 104.00
138.50 104.00
139.00 104.50
139.50 104.50
140.00 104.50
140.50 104.50
141.00 104.50
141.50 105.00
142.00 105.00
142.50 105.00
143.00 105.50
143.50 105.50
144.00 106.00
144.50 106.00
145.00 106.50
145.50 106.50
146.00 107.00
146.50 107.00
147.00 107.50
147.50 108.00
148.00 108.50
148.50 108.50
149.00 109.00
149.50 109.50
150.00 110.00
150.50 110.50
151.00 111.00
151.00 111.50
151.50 112.00
152.00 112.50
152.50 113.00
153.00 113.50
153.00 114.00
153.50 114.50
153.50 115.00
154.00 115.50
154.00 116.00
154.00 116.50
154.50 117.00
154.50 117.50
154.50 118.00
155.00 118.50
155.00 119.00
155.00 119.50
155.00 120.00
155.50 120.50
155.50 121.00
155.50 121.50
155.50 122.00
155.50 122.50
155.50 123.00
155.50 123.50
155.50 124.00
155.50 124.50
155.50 125.00
155.50 125.50
155.50 126.00
155.50 126.50
155.50 127.00
155.50 127.50
155.50 128.00
155.50 128.50
155.50 129.00
155.00 129.50
155.00 130.00
155.00 130.50
155.00 131.00
154.50 131.50
154.50 132.00
154.50 132.50
154.50 133.00
154.00 133.50
154.00 134.00
153.50 134.50
153.50 135.00
153.50 135.50
153.00 136.00
153.00 136.50
152.50 137.00
152.00 137.50
152.00 138.00
151.50 138.50
151.00 139.00
151.00 139.50
150.50 140.00
150.00 140.50
149.50 141.00
149.00 141.50
149.00 142.00
148.50 142.50
148.00 143.00
147.50 143.50
147.00 143.50
146.50 144.00
146.00 144.50
145.50 145.00
145.00 145.00
144.50 145.50
144.00 146.00
143.50 146.00
143.00 146.50
142.50 147.00
142.00 147.00
141.50 147.50
141.00 147.50
140.50 147.50
140.00 148.00
139.50 148.00
139.00 148.50
138.50 148.50
138.00 148.50
137.50 148.50
137.00 149.00
136.50 149.00
136.00 149.00
135.50 149.00
135.00 149.00
134.50 149.00
134.00 149.00
133.50 149.00
133.00 149.00
132.50 149.00
132.00 149.00
131.50 149.00
131.00 149.00
130.50 148.50
130.00 148.50
129.50 148.50
129.00 148.00
128.50 148.00
128.00 148.00
127.50 147.50
127.00 147.50
126.50 147.00
126.00 147.00
125.50 146.50
125.00 146.50
124.50 146.00
124.00 145.50
123.50 145.00
123.00 144.50
122.50 144.00
122.00 143.50
121.50 143.00
121.00 142.50
120.50 142.00
120.00 141.50
119.50 141.00
119.50 140.50
119.00 140.00
119.00 139.50
118.50 139.00
118.00 138.50
118.00 138.00
118.00 137.50
117.50 137.00
117.50 136.50
117.00 136.00
117.00 135.50
116.50 135.00
116.50 134.50
116.50 134.00
116.50 133.50
116.00 133.00
116.00 132.50
116.00 132.00
116.00 131.50
115.50 131.00
115.50 130.50
115.50 130.00
115.50 129.50
115.50 129.00
115.50 128.50
115.50 128.00
115.50 127.50
115.50 127.00
115.50 126.50
115.50 126.00
115.50 125.50
115.50 125.00
115.50 124.50
115.50 124.00
115.50 123.50
116.00 123.00
116.00 122.50
116.00 122.00
116.00 121.50
116.00 121.00
116.50 120.50
116.50 120.00
116.50 119.50
117.00 119.00
117.00 118.50
117.00 118.00
117.50 117.50
117.50 117.00
118.00 116.50
118.00 116.00
118.00 115.50
118.50 115.00
119.00 114.50
119.00 114.00
119.50 113.50
119.50 113.00
120.00 112.50
120.50 112.00
121.00 111.50
121.00 111.00
121.50 110.50
122.00 110.00
122.50 109.50
123.00 109.00
123.50 108.50
124.00 108.00
124.50 107.50
125.00 107.50
125.50 107.00
126.00 107.00
126.50 106.50
127.00 106.00
127.50 106.00
128.00 105.50
128.50 105.50
129.00 105.00
129.50 105.00
130.00 105.00
130.50 104.50
