129.50 102.50
130.00 102.50
130.50 102.00
131.00 102.00
131.50 102.00
132.00 102.00
132.50 102.00
133.00 101.50
133.50 101.50
134.00 101.50
134.50 101.50
135.00 101.50
135.50 101.50
136.00 101.50
136.50 101.50
137.00 101.50
137.50 102.00
138.00 102.00
138.50 102.00
139.00 102.00
139.50 102.00
140.00 102.00
140.50 102.50
141.00 102.50
141.50 102.50
142.00 103.00
142.50 103.00
143.00 103.00
143.50 103.50
144.00 103.50
144.50 104.00
145.00 104.00
145.50 104.00
146.00 104.50
146.50 105.00
147.00 105.00
147.50 105.50
148.00 106.00
148.50 106.00
149.00 106.50
149.50 107.00
150.00 107.50
150.50 108.00
151.00 108.00
151.50 108.50
152.00 109.00
152.50 109.50
153.00 110.00
153.50 110.50
154.00 111.00
154.00 111.50
154.50 112.00
155.00 112.50
155.00 113.00
155.50 113.50
156.00 114.00
156.00 114.50
156.50 115.00
156.50 115.50
157.00 116.00
157.00 116.50
157.50 117.00
157.50 117.50
158.00 118.00
158.00 118.50
158.00 119.00
158.00 119.50
158.50 120.00
158.50 120.50
158.50 121.00
158.50 121.50
159.00 122.00
159.00 122.50
159.00 123.00
159.00 123.50
159.00 124.00
159.00 124.50
159.00 125.00
159.00 125.50
159.00 126.00
159.00 126.50
159.00 127.00
159.00 127.50
159.00 128.00
159.00 128.50
159.00 129.00
159.00 129.50
159.00 130.00
159.00 130.50
159.00 131.00
158.50 131.50
158.50 132.00
158.50 132.50
158.50 133.00
158.00 133.50
158.00 134.00
158.00 134.50
157.50 135.00
157.50 135.50
157.50 136.00
157.00 136.50
157.00 137.00
156.50 137.50
156.50 138.00
156.00 138.50
156.00 139.00
155.50 139.50
155.00 140.00
155.00 140.50
154.50 141.00
154.00 141.50
153.50 142.00
153.50 142.50
153.00 143.00
152.50 143.00
152.00 143.50
151.50 144.00
151.50 144.50
151.00 145.00
150.50 145.50
150.00 145.50
149.50 146.00
149.00 146.50
148.50 147.00
148.00 147.00
147.50 147.50
147.00 148.00
146.50 148.00
146.00 148.50
145.50 149.00
145.00 149.00
144.50 149.50
144.00 149.50
143.50 149.50
143.00 150.00
142.50 150.00
142.00 150.50
141.50 150.50
141.00 151.00
140.50 151.00
140.00 151.00
139.50 151.50
139.00 151.50
138.50 151.50
138.00 151.50
137.50 151.50
137.00 152.00
136.50 152.00
136.00 152.00
135.50 152.00
135.00 152.00
134.50 152.00
134.00 152.00
133.50 152.00
133.00 152.00
132.50 152.00
132.00 152.00
131.50 152.00
131.00 152.00
130.50 152.00
130.00 151.50
129.50 151.50
129.00 151.50
128.50 151.00
128.00 151.00
127.50 151.00
127.00 150.50
126.50 150.50
126.00 150.00
125.50 149.50
125.00 149.50
124.50 149.00
124.00 148.50
123.50 148.50
123.00 148.00
122.50 147.50
122.00 147.00
121.50 147.00
121.00 146.50
120.50 146.00
120.00 145.50
120.00 145.00
119.50 144.50
119.00 144.00
118.50 143.50
118.50 143.00
118.00 142.50
117.50 142.00
117.50 141.50
117.00 141.00
117.00 140.50
116.50 140.00
116.00 139.50
116.00 139.00
116.00 138.50
115.50 138.00
115.50 137.50
115.50 137.00
115.00 136.50
115.00 136.00
115.00 135.50
114.50 135.00
114.50 134.50
114.50 134.00
114.50 133.50
114.50 133.00
114.00 132.50
114.00 132.00
114.00 131.50
114.00 131.00
114.00 130.50
114.00 130.00
114.00 129.50
114.00 129.00
114.00 128.50
114.00 128.00
114.00 127.50
114.00 127.00
114.00 126.50
114.00 126.00
114.00 125.50
114.00 125.00
114.00 124.50
114.50 124.00
114.50 123.50
114.50 123.00
114.50 122.50
114.50 122.00
115.00 121.50
115.00 121.00
115.00 120.50
115.00 120.00
115.50 119.50
115.50 119.00
116.00 118.50
116.00 118.00
116.00 117.50
116.50 117.00
116.50 116.50
117.00 116.00
117.00 115.50
117.00 115.00
117.50 114.50
117.50 114.00
118.00 113.50
118.50 113.00
118.50 112.50
119.00 112.00
119.00 111.50
119.50 111.00
120.00 110.50
120.00 110.00
120.50 109.50
121.00 109.00
121.50 108.50
122.00 108.00
122.00 107.50
122.50 107.00
123.00 107.00
123.50 106.50
124.00 106.00
124.50 105.50
125.00 105.00
125.50 104.50
126.00 104.50
126.50 104.00
127.00 103.50
127.50 103.50
128.00 103.00
128.50 103.00
129.00 102.50
