129.50 101.00
130.00 101.00
130.50 101.00
131.00 101.00
131.50 101.00
132.00 101.00
132.50 101.00
133.00 101.00
133.50 101.00
134.00 101.00
134.50 101.00
135.00 101.00
135.50 101.00
136.00 101.00
136.50 101.00
137.00 101.00
137.50 101.00
138.00 101.00
138.50 101.00
139.00 101.00
139.50 101.00
140.00 101.50
140.50 101.50
141.00 101.50
141.50 101.50
142.00 101.50
142.50 102.00
143.00 102.00
143.50 102.00
144.00 102.00
144.50 102.50
145.00 102.50
145.50 102.50
146.00 103.00
146.50 103.00
147.00 103.00
147.50 103.50
148.00 103.50
148.50 103.50
149.00 104.00
149.00 104.50
149.50 105.00
150.00 105.50
150.50 105.50
151.00 106.00
151.50 106.50
152.00 107.00
152.50 107.50
153.00 108.00
153.50 108.50
154.00 109.00
154.50 109.50
155.00 110.00
155.50 110.50
155.50 111.00
156.00 111.50
156.50 112.00
157.00 112.50
157.00 113.00
157.50 113.50
158.00 114.00
158.00 114.50
158.50 115.00
159.00 115.50
159.00 116.00
159.50 116.50
159.50 117.00
160.00 117.50
160.00 118.00
160.00 118.50
160.50 119.00
160.50 119.50
160.50 120.00
161.00 120.50
161.00 121.00
161.00 121.50
161.00 122.00
161.50 122.50
161.50 123.00
161.50 123.50
161.50 124.00
161.50 124.50
161.50 125.00
161.50 125.50
161.50 126.00
161.50 126.50
161.50 127.00
161.50 127.50
161.50 128.00
161.00 128.50
161.00 129.00
161.00 129.50
161.00 130.00
161.00 130.50
160.50 131.00
160.50 131.50
160.50 132.00
160.00 132.50
160.00 133.00
160.00 133.50
159.50 134.00
159.50 134.50
159.00 135.00
159.00 135.50
158.50 136.00
158.50 136.50
158.50 137.00
158.00 137.50
157.50 138.00
157.50 138.50
157.00 139.00
156.50 139.50
156.50 140.00
156.00 140.50
156.00 141.00
155.50 141.50
155.00 142.00
154.50 142.50
154.50 143.00
154.00 143.50
153.50 144.00
153.00 144.50
153.00 145.00
152.50 145.50
152.00 146.00
151.50 146.50
151.00 147.00
150.50 147.50
150.00 148.00
149.50 148.50
149.00 149.00
148.50 149.50
148.00 150.00
147.50 150.00
147.00 150.50
146.50 151.00
146.00 151.50
145.50 151.50
145.00 152.00
144.50 152.00
144.00 152.50
143.50 153.00
143.00 153.00
142.50 153.50
142.00 153.50
141.50 153.50
141.00 154.00
140.50 154.00
140.00 154.00
139.50 154.50
139.00 154.50
138.50 154.50
138.00 154.50
137.50 154.50
137.00 154.50
136.50 154.50
136.00 154.50
135.50 154.50
135.00 154.50
134.50 154.50
134.00 154.50
133.50 154.50
133.00 154.50
132.50 154.50
132.00 154.50
131.50 154.00
131.00 154.00
130.50 154.00
130.00 154.00
129.50 153.50
129.00 153.50
128.50 153.50
128.00 153.00
127.50 153.00
127.00 152.50
126.50 152.00
126.00 152.00
125.50 151.50
125.00 151.00
124.50 151.00
124.00 150.50
123.50 150.00
123.00 149.50
122.50 149.00
122.00 148.50
121.50 148.00
121.00 147.50
120.50 147.00
120.00 146.50
120.00 146.00
119.50 145.50
119.00 145.00
119.00 144.50
118.50 144.00
118.00 143.50
118.00 143.00
117.50 142.50
117.50 142.00
117.50 141.50
117.00 141.00
117.00 140.50
116.50 140.00
116.50 139.50
116.50 139.00
116.00 138.50
116.00 138.00
116.00 137.50
115.50 137.00
115.50 136.50
115.50 136.00
115.50 135.50
115.50 135.00
115.00 134.50
115.00 134.00
115.00 133.50
115.00 133.00
115.00 132.50
115.00 132.00
115.00 131.50
115.00 131.00
115.00 130.50
115.00 130.00
114.50 129.50
114.50 129.00
114.50 128.50
115.00 128.00
115.00 127.50
115.00 127.00
115.00 126.50
115.00 126.00
115.00 125.50
115.00 125.00
115.00 124.50
115.00 124.00
115.00 123.50
115.50 123.00
115.50 122.50
115.50 122.00
115.50 121.50
115.50 121.00
116.00 120.50
116.00 120.00
116.00 119.50
116.00 119.00
116.50 118.50
116.50 118.00
117.00 117.50
117.00 117.00
117.00 116.50
117.50 116.00
117.50 115.50
118.00 115.00
118.00 114.50
118.50 114.00
118.50 113.50
119.00 113.00
119.00 112.50
119.50 112.00
120.00 111.50
120.00 111.00
120.50 110.50
120.50 110.00
121.00 109.50
121.50 109.00
121.50 108.50
122.00 108.00
122.50 107.50
123.00 107.00
123.50 106.50
123.50 106.00
124.00 105.50
124.50 105.00
125.00 104.50
125.50 104.00
126.00 103.50
126.50 103.00
127.00 102.50
127.50 102.00
128.00 102.00
128.50 101.50
129.00 101.50
