142.00 139.00
142.00 139.50
142.00 140.00
142.00 140.50
142.00 141.00
142.00 141.50
141.50 142.00
141.50 142.50
141.00 143.00
141.00 143.50
140.50 144.00
140.00 144.00
139.50 144.50
139.00 144.50
138.50 145.00
138.00 145.00
137.50 145.00
137.00 145.00
136.50 144.50
136.00 144.50
135.50 144.00
135.00 144.00
134.50 143.50
134.00 143.00
133.50 142.50
133.50 142.00
133.00 141.50
132.50 141.00
132.50 140.50
132.50 140.00
132.00 139.50
132.00 139.00
132.00 138.50
132.00 138.00
132.00 137.50
132.50 137.00
133.00 136.50
133.50 136.50
134.00 136.50
134.50 136.50
135.00 136.50
135.50 137.00
136.00 137.00
136.50 137.00
137.00 137.00
137.50 137.00
138.00 137.00
138.50 137.50
139.00 137.50
139.50 137.50
140.00 137.50
140.50 138.00
141.00 138.00
141.50 138.50
