127.50 138.50
127.00 138.50
126.50 138.00
126.00 137.50
125.50 137.00
125.00 136.50
124.50 136.00
124.00 135.50
124.00 135.00
123.50 134.50
123.50 134.00
123.00 133.50
123.00 133.00
122.50 132.50
122.50 132.00
122.50 131.50
122.00 131.00
122.00 130.50
122.00 130.00
122.00 129.50
122.00 129.00
122.00 128.50
122.00 128.00
122.00 127.50
122.00 127.00
122.00 126.50
122.00 126.00
122.00 125.50
122.00 125.00
122.00 124.50
122.00 124.00
122.50 123.50
122.50 123.00
122.50 122.50
123.00 122.00
123.00 121.50
123.50 121.00
123.50 120.50
124.00 120.00
124.50 119.50
125.00 119.00
125.00 118.50
125.50 118.00
126.00 117.50
126.50 117.00
127.00 117.00
127.50 116.50
128.00 116.00
128.50 116.00
129.00 115.50
129.50 115.00
130.00 115.00
130.50 115.00
131.00 115.00
131.50 114.50
132.00 114.50
132.50 114.50
133.00 114.50
133.50 114.50
134.00 114.50
134.50 114.50
135.00 115.00
135.50 115.00
136.00 115.00
136.50 115.50
137.00 115.50
137.50 116.00
138.00 116.00
138.50 116.50
139.00 117.00
139.50 117.00
140.00 117.50
140.50 118.00
141.00 118.50
141.50 119.00
142.00 119.50
142.00 120.00
142.50 120.50
143.00 121.00
143.00 121.50
143.50 122.00
144.00 122.50
144.00 123.00
144.00 123.50
144.50 124.00
144.50 124.50
144.50 125.00
145.00 125.50
145.00 126.00
145.00 126.50
145.00 127.00
145.00 127.50
145.00 128.00
145.00 128.50
145.00 129.00
145.00 129.50
144.50 130.00
144.50 130.50
144.50 131.00
144.00 131.50
144.00 132.00
143.50 132.50
143.50 133.00
143.00 133.50
142.50 134.00
142.00 134.50
141.50 135.00
141.00 135.50
140.50 136.00
140.00 136.50
139.50 137.00
139.00 137.00
138.50 137.50
138.00 138.00
137.50 138.00
137.00 138.00
136.50 138.50
136.00 138.50
135.50 139.00
135.00 139.00
134.50 139.00
134.00 139.00
133.50 139.00
133.00 139.50
132.50 139.50
132.00 139.50
131.50 139.50
131.00 139.50
130.50 139.50
130.00 139.50
129.50 139.00
129.00 139.00
128.50 139.00
128.00 139.00
