130.00 144.50
129.50 144.50
129.00 144.00
128.50 144.00
128.00 143.50
127.50 143.00
127.00 142.50
126.50 142.50
126.00 142.00
125.50 141.50
125.00 141.00
124.50 140.50
124.50 140.00
124.00 139.50
123.50 139.00
123.50 138.50
123.00 138.00
123.00 137.50
122.50 137.00
122.50 136.50
122.00 136.00
122.00 135.50
121.50 135.00
121.50 134.50
121.50 134.00
121.00 133.50
121.00 133.00
121.00 132.50
121.00 132.00
120.50 131.50
120.50 131.00
120.50 130.50
120.50 130.00
120.50 129.50
120.50 129.00
120.00 128.50
120.00 128.00
120.00 127.50
120.00 127.00
120.00 126.50
120.00 126.00
120.00 125.50
120.00 125.00
120.00 124.50
120.00 124.00
120.00 123.50
120.50 123.00
120.50 122.50
120.50 122.00
120.50 121.50
120.50 121.00
120.50 120.50
121.00 120.00
121.00 119.50
121.00 119.00
121.00 118.50
121.50 118.00
121.50 117.50
122.00 117.00
122.00 116.50
122.50 116.00
123.00 115.50
123.00 115.00
123.50 114.50
124.00 114.00
124.50 113.50
125.00 113.00
125.50 112.50
126.00 112.00
126.50 112.00
127.00 111.50
127.50 111.00
128.00 111.00
128.50 110.50
129.00 110.50
129.50 110.50
130.00 110.00
130.50 110.00
131.00 110.00
131.50 110.00
132.00 109.50
132.50 109.50
133.00 109.50
133.50 109.50
134.00 109.50
134.50 109.50
135.00 109.50
135.50 109.50
136.00 109.50
136.50 109.50
137.00 109.50
137.50 109.50
138.00 109.50
138.50 109.50
139.00 110.00
139.50 110.00
140.00 110.00
140.50 110.50
141.00 110.50
141.50 110.50
142.00 111.00
142.50 111.50
143.00 111.50
143.50 112.00
144.00 112.50
144.50 112.50
145.00 113.00
145.00 113.50
145.50 114.00
146.00 114.50
146.50 115.00
147.00 115.50
147.50 116.00
147.50 116.50
148.00 117.00
148.00 117.50
148.00 118.00
148.50 118.50
148.50 119.00
149.00 119.50
149.00 120.00
149.50 120.50
149.50 121.00
149.50 121.50
149.50 122.00
150.00 122.50
150.00 123.00
150.00 123.50
150.50 124.00
150.50 124.50
150.50 125.00
150.50 125.50
150.50 126.00
150.50 126.50
150.50 127.00
150.50 127.50
150.50 128.00
150.50 128.50
150.50 129.00
150.50 129.50
150.50 130.00
150.50 130.50
150.50 131.00
150.50 131.50
150.50 132.00
150.00 132.50
150.00 133.00
150.00 133.50
150.00 134.00
149.50 134.50
149.50 135.00
149.00 135.50
149.00 136.00
149.00 136.50
148.50 137.00
148.50 137.50
148.00 138.00
148.00 138.50
147.50 139.00
147.00 139.50
146.50 140.00
146.00 140.50
145.50 141.00
145.00 141.50
144.50 142.00
144.00 142.00
143.50 142.50
143.00 143.00
142.50 143.00
142.00 143.50
141.50 143.50
141.00 144.00
140.50 144.00
140.00 144.00
139.50 144.50
139.00 144.50
138.50 144.50
138.00 145.00
137.50 145.00
137.00 145.00
136.50 145.00
136.00 145.00
135.50 145.00
135.00 145.00
134.50 145.00
134.00 145.00
133.50 145.00
133.00 145.00
132.50 145.00
132.00 145.00
131.50 145.00
131.00 145.00
130.50 144.50
