147.00 125.00
146.50 125.50
146.00 125.50
145.50 126.00
145.00 126.00
144.50 126.00
144.00 126.00
143.50 126.00
143.00 126.00
142.50 125.50
142.00 125.00
142.00 124.50
141.50 124.00
141.00 123.50
141.00 123.00
141.00 122.50
140.50 122.00
140.50 121.50
140.50 121.00
140.50 120.50
140.50 120.00
140.50 119.50
140.50 119.00
140.50 118.50
141.00 118.00
141.00 117.50
141.50 117.00
141.50 116.50
142.00 116.00
142.50 116.00
143.00 116.00
143.50 116.00
144.00 116.00
144.50 116.50
145.00 117.00
145.50 117.00
146.00 117.50
146.00 118.00
146.50 118.50
147.00 119.00
147.50 119.50
147.50 120.00
148.00 120.50
148.00 121.00
148.00 121.50
148.00 122.00
148.00 122.50
148.00 123.00
148.00 123.50
147.50 124.00
147.50 124.50
