126.50 136.50
126.00 136.00
125.50 135.50
125.00 135.00
124.50 134.50
124.00 134.00
124.00 133.50
123.50 133.00
123.50 132.50
123.00 132.00
123.00 131.50
123.00 131.00
123.00 130.50
123.00 130.00
123.00 129.50
122.50 129.00
122.50 128.50
122.50 128.00
123.00 127.50
123.00 127.00
123.00 126.50
123.00 126.00
123.00 125.50
123.00 125.00
123.00 124.50
123.50 124.00
123.50 123.50
123.50 123.00
124.00 122.50
124.00 122.00
124.50 121.50
124.50 121.00
124.50 120.50
125.00 120.00
125.50 119.50
125.50 119.00
126.00 118.50
126.50 118.00
127.00 117.50
127.50 117.00
128.00 116.50
128.50 116.50
129.00 116.50
129.50 116.00
130.00 116.00
130.50 116.00
131.00 116.00
131.50 116.00
132.00 116.50
132.50 116.50
133.00 116.50
133.50 117.00
134.00 117.50
134.50 117.50
135.00 118.00
135.50 118.50
136.00 119.00
136.50 119.50
136.50 120.00
137.00 120.50
137.50 121.00
137.50 121.50
138.00 122.00
138.50 122.50
138.50 123.00
138.50 123.50
139.00 124.00
139.00 124.50
139.50 125.00
139.50 125.50
139.50 126.00
139.50 126.50
139.50 127.00
139.50 127.50
140.00 128.00
140.00 128.50
139.50 129.00
139.50 129.50
139.50 130.00
139.50 130.50
139.50 131.00
139.50 131.50
139.00 132.00
139.00 132.50
138.50 133.00
138.00 133.50
138.00 134.00
137.50 134.50
137.00 135.00
136.50 135.50
136.00 136.00
135.50 136.00
135.00 136.50
134.50 136.50
134.00 136.50
133.50 137.00
133.00 137.00
132.50 137.00
132.00 137.50
131.50 137.50
131.00 137.50
130.50 137.50
130.00 137.50
129.50 137.50
129.00 137.50
128.50 137.00
128.00 137.00
127.50 137.00
127.00 137.00
