132.00 139.00
131.50 139.00
131.00 139.50
130.50 139.50
130.00 139.50
129.50 140.00
129.00 140.00
128.50 140.00
128.00 140.00
127.50 140.00
127.00 139.50
126.50 139.50
126.00 139.50
125.50 139.00
125.00 139.00
124.50 139.00
124.00 138.50
123.50 138.00
123.00 137.50
123.00 137.00
122.50 136.50
122.00 136.00
122.00 135.50
121.50 135.00
121.50 134.50
121.50 134.00
121.00 133.50
121.00 133.00
121.00 132.50
121.00 132.00
121.00 131.50
121.00 131.00
121.00 130.50
121.00 130.00
121.00 129.50
121.00 129.00
121.00 128.50
121.00 128.00
121.50 127.50
121.50 127.00
121.50 126.50
122.00 126.00
122.00 125.50
122.50 125.00
122.50 124.50
123.00 124.00
123.50 123.50
123.50 123.00
124.00 122.50
124.50 122.00
125.00 121.50
125.50 121.00
126.00 121.00
126.50 120.50
127.00 120.00
127.50 120.00
128.00 119.50
128.50 119.50
129.00 119.00
129.50 119.00
130.00 119.00
130.50 119.00
131.00 119.00
131.50 119.00
132.00 119.00
132.50 119.00
133.00 119.50
133.50 119.50
134.00 120.00
134.50 120.50
134.50 121.00
135.00 121.50
135.00 122.00
135.00 122.50
135.50 123.00
135.50 123.50
135.50 124.00
135.50 124.50
135.50 125.00
135.50 125.50
136.00 126.00
136.00 126.50
136.00 127.00
136.00 127.50
136.00 128.00
136.00 128.50
136.00 129.00
136.00 129.50
135.50 130.00
135.50 130.50
135.50 131.00
135.50 131.50
135.50 132.00
135.50 132.50
135.50 133.00
135.00 133.50
135.00 134.00
135.00 134.50
135.00 135.00
134.50 135.50
134.50 136.00
134.00 136.50
134.00 137.00
133.50 137.50
133.50 138.00
133.00 138.50
132.50 138.50
