140.00 139.00
140.00 139.50
139.50 140.00
139.00 140.50
138.50 141.00
138.00 141.00
137.50 141.50
137.00 141.50
136.50 141.50
136.00 141.50
135.50 142.00
135.00 142.00
134.50 141.50
134.00 141.50
133.50 141.00
133.00 141.00
132.50 140.50
132.00 140.00
131.50 139.50
131.50 139.00
131.50 138.50
131.00 138.00
131.00 137.50
131.00 137.00
131.00 136.50
131.50 136.00
131.50 135.50
132.00 135.00
132.50 134.50
133.00 134.00
133.50 134.00
134.00 134.50
134.00 135.00
134.00 135.50
134.00 136.00
134.00 136.50
134.00 137.00
134.00 137.50
134.00 138.00
134.50 138.50
135.00 139.00
135.50 139.00
136.00 138.50
136.50 138.50
137.00 138.00
137.50 137.50
138.00 137.50
138.50 137.50
139.00 138.00
139.50 138.00
140.00 138.50
