140.50 142.50
140.00 143.00
139.50 143.00
139.00 143.00
138.50 143.00
138.00 143.00
137.50 143.00
137.00 143.00
136.50 143.00
136.00 143.00
135.50 143.00
135.00 143.00
134.50 143.00
134.00 143.00
133.50 143.00
133.00 143.50
132.50 143.50
132.00 143.50
131.50 143.50
131.00 143.00
131.50 142.50
132.00 142.00
132.50 141.50
133.00 141.50
133.50 141.00
134.00 141.00
134.50 140.50
135.00 140.50
135.50 140.00
136.00 140.00
136.50 139.50
137.00 139.50
137.50 139.00
138.00 139.00
138.50 139.00
139.00 139.00
139.50 139.00
140.00 139.00
140.50 139.50
141.00 140.00
141.00 140.50
141.00 141.00
141.00 141.50
141.00 142.00
