116.00 136.00
116.50 135.50
117.00 135.00
117.00 134.50
117.50 134.00
118.00 133.50
118.00 133.00
118.00 132.50
118.50 132.00
118.50 131.50
118.50 131.00
118.50 130.50
118.50 130.00
118.50 129.50
118.00 129.00
118.00 128.50
118.00 128.00
118.00 127.50
117.50 127.00
117.50 126.50
117.50 126.00
117.50 125.50
117.50 125.00
117.50 124.50
117.50 124.00
118.00 123.50
118.00 123.00
118.00 122.50
118.50 122.00
118.50 121.50
119.00 121.00
119.50 120.50
119.50 120.00
120.00 119.50
120.50 119.00
121.00 118.50
121.00 118.00
121.50 117.50
122.00 117.00
122.00 116.50
122.50 116.00
122.50 115.50
123.00 115.00
123.50 114.50
124.00 114.00
124.00 113.50
124.50 113.00
125.00 112.50
125.50 112.00
126.00 111.50
126.50 111.00
127.00 110.50
127.50 110.50
128.00 110.00
128.50 109.50
129.00 109.00
129.50 108.50
129.50 108.00
130.00 107.50
130.00 107.00
130.50 106.50
130.50 106.00
131.00 105.50
131.00 105.00
131.50 104.50
132.00 104.00
132.50 103.50
133.00 103.50
133.50 103.00
134.00 102.50
134.00 102.00
134.50 101.50
135.00 101.50
135.50 101.50
136.00 101.50
136.50 101.50
137.00 101.50
137.50 101.50
138.00 101.50
138.50 101.50
139.00 101.50
139.50 102.00
140.00 102.00
140.50 102.00
141.00 102.00
141.50 102.50
142.00 102.50
142.50 102.50
143.00 102.50
143.50 103.00
144.00 103.00
144.50 103.00
145.00 103.50
145.50 103.50
146.00 103.50
146.50 104.00
147.00 104.00
147.50 104.00
148.00 104.50
148.50 105.00
149.00 105.00
149.50 105.50
150.00 105.50
150.50 106.00
151.00 106.00
151.50 106.50
152.00 107.00
152.50 107.00
153.00 107.50
153.50 108.00
154.00 108.50
154.50 108.50
155.00 109.00
155.00 109.50
155.50 110.00
156.00 110.50
156.50 111.00
157.00 111.50
157.50 112.00
157.50 112.50
158.00 113.00
158.50 113.50
158.50 114.00
159.00 114.50
159.00 115.00
159.50 115.50
160.00 116.00
160.00 116.50
160.50 117.00
160.50 117.50
160.50 118.00
161.00 118.50
161.00 119.00
161.00 119.50
161.50 120.00
161.50 120.50
161.50 121.00
161.50 121.50
162.00 122.00
162.00 122.50
162.00 123.00
162.00 123.50
162.00 124.00
162.00 124.50
162.00 125.00
162.00 125.50
162.00 126.00
162.00 126.50
162.00 127.00
162.00 127.50
162.00 128.00
162.00 128.50
162.00 129.00
162.00 129.50
162.00 130.00
161.50 130.50
161.50 131.00
161.50 131.50
161.00 132.00
161.00 132.50
161.00 133.00
160.50 133.50
160.50 134.00
160.50 134.50
160.00 135.00
159.50 135.50
159.50 136.00
159.00 136.50
158.50 137.00
158.50 137.50
158.00 138.00
157.50 138.50
157.50 139.00
157.00 139.50
156.50 140.00
156.00 140.50
155.50 141.00
155.00 141.50
155.00 142.00
154.50 142.50
154.00 143.00
153.50 143.00
153.00 143.50
152.50 143.50
152.00 144.00
151.50 144.50
151.00 145.00
150.50 145.50
150.00 146.00
149.50 146.50
149.00 147.00
148.50 147.00
148.00 147.50
147.50 148.00
147.00 148.00
146.50 148.50
146.00 149.00
145.50 149.00
145.00 149.50
144.50 150.00
144.00 150.00
143.50 150.50
143.00 150.50
142.50 151.00
142.00 151.00
141.50 151.50
141.00 151.50
140.50 152.00
140.00 152.00
139.50 152.00
139.00 152.50
138.50 152.50
138.00 152.50
137.50 153.00
137.00 153.00
136.50 153.00
136.00 153.00
135.50 153.00
135.00 153.00
134.50 153.00
134.00 153.50
133.50 153.00
133.00 153.00
132.50 153.00
132.00 153.00
131.50 153.00
131.00 153.00
130.50 153.00
130.00 152.50
129.50 152.50
129.00 152.00
128.50 152.00
128.00 151.50
127.50 151.50
127.00 151.00
126.50 150.50
126.00 150.50
125.50 150.00
125.00 149.50
124.50 149.00
124.00 149.00
123.50 148.50
123.00 148.00
122.50 147.50
122.50 147.00
122.00 146.50
121.50 146.00
121.00 145.50
120.50 145.00
120.00 144.50
120.00 144.00
119.50 143.50
119.00 143.00
119.00 142.50
118.50 142.00
118.50 141.50
118.00 141.00
118.00 140.50
117.50 140.00
117.50 139.50
117.00 139.00
117.00 138.50
116.50 138.00
116.50 137.50
116.50 137.00
116.00 136.50
