120.00 134.00
120.00 133.50
120.00 133.00
119.50 132.50
119.50 132.00
119.50 131.50
119.50 131.00
119.50 130.50
119.00 130.00
119.00 129.50
119.00 129.00
119.00 128.50
119.00 128.00
119.00 127.50
119.00 127.00
119.00 126.50
119.00 126.00
119.00 125.50
119.00 125.00
119.00 124.50
119.00 124.00
119.00 123.50
119.50 123.00
119.50 122.50
119.50 122.00
119.50 121.50
119.50 121.00
120.00 120.50
120.00 120.00
120.50 119.50
120.50 119.00
120.50 118.50
121.00 118.00
121.50 117.50
121.50 117.00
121.50 116.50
122.00 116.00
122.50 115.50
123.00 115.00
123.50 114.50
124.00 114.00
124.50 113.50
125.00 113.00
125.50 112.50
126.00 112.00
126.50 111.50
127.00 111.50
127.50 111.00
128.00 110.50
128.50 110.00
129.00 109.50
129.50 109.00
130.00 109.00
130.50 109.00
131.00 109.00
131.50 109.00
132.00 109.00
132.50 109.00
133.00 109.50
133.50 109.00
134.00 108.50
134.50 108.50
135.00 108.50
135.50 108.50
136.00 108.50
136.50 108.50
137.00 108.50
137.50 108.50
138.00 108.50
138.50 109.00
139.00 109.00
139.50 109.00
140.00 109.00
140.50 109.00
141.00 109.50
141.50 109.50
142.00 109.50
142.50 109.50
143.00 110.00
143.50 110.00
144.00 110.50
144.50 110.50
145.00 110.50
145.50 111.00
146.00 111.50
146.50 112.00
147.00 112.00
147.50 112.00
148.00 112.50
148.50 113.00
149.00 113.50
149.50 114.00
150.00 114.50
150.50 115.00
151.00 115.50
151.50 116.00
152.00 116.50
152.00 117.00
152.50 117.50
152.50 118.00
153.00 118.50
153.00 119.00
153.50 119.50
153.50 120.00
154.00 120.50
154.00 121.00
154.00 121.50
154.00 122.00
154.50 122.50
154.50 123.00
154.50 123.50
154.50 124.00
154.50 124.50
154.50 125.00
155.00 125.50
155.00 126.00
155.00 126.50
155.00 127.00
155.00 127.50
155.00 128.00
155.00 128.50
155.00 129.00
154.50 129.50
154.50 130.00
154.50 130.50
154.50 131.00
154.50 131.50
154.50 132.00
154.00 132.50
154.00 133.00
154.00 133.50
153.50 134.00
153.50 134.50
153.50 135.00
153.50 135.50
153.00 136.00
153.00 136.50
152.50 137.00
152.00 137.50
152.00 138.00
151.50 138.50
151.50 139.00
151.00 139.50
150.50 140.00
150.50 140.50
150.00 141.00
149.50 141.50
149.00 142.00
148.50 142.50
148.00 143.00
147.50 143.50
147.00 143.50
146.50 144.00
146.00 144.50
145.50 144.50
145.00 145.00
144.50 145.00
144.00 145.50
143.50 145.50
143.00 146.00
142.50 146.00
142.00 146.00
141.50 146.50
141.00 146.50
140.50 146.50
140.00 146.50
139.50 146.50
139.00 146.50
138.50 146.50
138.00 146.50
137.50 146.50
137.00 146.50
136.50 146.50
136.00 146.50
135.50 146.50
135.00 146.50
134.50 146.50
134.00 146.50
133.50 146.50
133.00 146.00
132.50 146.00
132.00 146.00
131.50 146.00
131.00 145.50
130.50 145.50
130.00 145.00
129.50 145.00
129.00 145.00
128.50 144.50
128.00 144.50
127.50 144.00
127.00 143.50
126.50 143.50
126.00 143.00
125.50 142.50
125.00 142.50
124.50 142.00
124.00 142.00
123.50 141.50
123.50 141.00
123.00 140.50
122.50 140.00
122.00 139.50
121.50 139.00
121.00 138.50
120.50 138.00
120.50 137.50
120.00 137.00
119.50 136.50
119.50 136.00
119.00 135.50
119.50 135.00
119.50 134.50
