132.50 148.50
132.00 148.50
131.50 148.50
131.00 148.00
130.50 148.00
130.00 148.00
129.50 147.50
129.00 147.00
128.50 147.00
128.00 146.50
127.50 146.50
127.00 146.00
126.50 145.50
126.00 145.00
125.50 144.50
125.00 144.00
124.50 143.50
124.00 143.00
123.50 142.50
123.50 142.00
123.00 141.50
122.50 141.00
122.50 140.50
122.00 140.00
122.00 139.50
121.50 139.00
121.00 138.50
121.00 138.00
121.00 137.50
120.50 137.00
120.50 136.50
120.50 136.00
120.00 135.50
120.00 135.00
119.50 134.50
119.50 134.00
119.50 133.50
119.50 133.00
119.00 132.50
119.00 132.00
119.00 131.50
119.00 131.00
119.00 130.50
119.00 130.00
119.00 129.50
119.00 129.00
118.50 128.50
118.50 128.00
118.50 127.50
118.50 127.00
119.00 126.50
119.00 126.00
119.00 125.50
119.00 125.00
119.00 124.50
119.00 124.00
119.00 123.50
119.50 123.00
119.50 122.50
119.50 122.00
120.00 121.50
120.00 121.00
120.00 120.50
120.50 120.00
120.50 119.50
120.50 119.00
121.00 118.50
121.50 118.00
121.50 117.50
122.00 117.00
122.00 116.50
122.50 116.00
123.00 115.50
123.00 115.00
123.50 114.50
124.00 114.00
124.50 113.50
125.00 113.00
125.50 112.50
126.00 112.00
126.50 111.50
127.00 111.00
127.50 110.50
128.00 110.50
128.50 110.00
129.00 109.50
129.50 109.50
130.00 109.00
130.50 109.00
131.00 108.50
131.50 108.50
132.00 108.00
132.50 108.00
133.00 107.50
133.50 107.50
134.00 107.50
134.50 107.50
135.00 107.50
135.50 107.00
136.00 107.00
136.50 107.00
137.00 107.00
137.50 107.00
138.00 107.00
138.50 107.00
139.00 107.00
139.50 107.00
140.00 107.00
140.50 107.00
141.00 107.50
141.50 107.50
142.00 107.50
142.50 108.00
143.00 108.00
143.50 108.00
144.00 108.50
144.50 108.50
145.00 109.00
145.50 109.00
146.00 109.50
146.50 110.00
147.00 110.00
147.50 110.50
148.00 111.00
148.50 111.50
149.00 111.50
149.50 112.00
150.00 112.50
150.50 113.00
150.50 113.50
151.00 114.00
151.50 114.50
152.00 115.00
152.00 115.50
152.50 116.00
153.00 116.50
153.00 117.00
153.00 117.50
153.50 118.00
154.00 118.50
154.00 119.00
154.00 119.50
154.50 120.00
154.50 120.50
154.50 121.00
155.00 121.50
155.00 122.00
155.00 122.50
155.00 123.00
155.00 123.50
155.00 124.00
155.50 124.50
155.50 125.00
155.50 125.50
155.50 126.00
155.50 126.50
155.50 127.00
155.00 127.50
155.00 128.00
155.00 128.50
155.00 129.00
155.00 129.50
155.00 130.00
155.00 130.50
154.50 131.00
154.50 131.50
154.50 132.00
154.00 132.50
154.00 133.00
154.00 133.50
153.50 134.00
153.50 134.50
153.00 135.00
153.00 135.50
153.00 136.00
152.50 136.50
152.00 137.00
151.50 137.50
151.50 138.00
151.50 138.50
151.00 139.00
150.50 139.50
150.00 140.00
149.50 140.50
149.00 141.00
148.50 141.50
148.00 142.00
147.50 142.50
147.00 143.00
146.50 143.50
146.00 144.00
145.50 144.50
145.00 145.00
144.50 145.50
144.00 145.50
143.50 146.00
143.00 146.50
142.50 146.50
142.00 146.50
141.50 147.00
141.00 147.00
140.50 147.50
140.00 147.50
139.50 148.00
139.00 148.00
138.50 148.00
138.00 148.50
137.50 148.50
137.00 148.50
136.50 148.50
136.00 148.50
135.50 148.50
135.00 148.50
134.50 148.50
134.00 148.50
133.50 148.50
133.00 148.50
