149.00 117.00
149.50 117.50
149.50 118.00
149.50 118.50
150.00 119.00
150.00 119.50
150.00 120.00
150.50 120.50
150.50 121.00
150.50 121.50
151.00 122.00
151.00 122.50
151.00 123.00
151.00 123.50
151.00 124.00
151.00 124.50
150.50 125.00
150.00 125.50
149.50 125.50
149.00 125.50
148.50 125.50
148.00 125.50
147.50 125.50
147.00 125.50
146.50 125.50
146.00 125.00
145.50 125.00
145.00 125.00
144.50 124.50
144.00 124.50
143.50 124.00
143.00 124.00
142.50 123.50
142.00 123.50
141.50 123.00
141.00 122.50
140.50 122.00
140.00 121.50
140.00 121.00
139.50 120.50
139.50 120.00
139.50 119.50
139.50 119.00
139.50 118.50
139.50 118.00
140.00 117.50
140.00 117.00
140.50 116.50
141.00 116.00
141.50 115.50
142.00 115.00
142.50 114.50
143.00 114.00
143.50 114.00
144.00 113.50
144.50 113.50
145.00 114.00
145.50 114.50
146.00 114.50
146.50 115.00
147.00 115.00
147.50 115.50
148.00 116.00
148.50 116.00
149.00 116.50
