147.50 126.00
147.50 126.50
147.50 127.00
147.50 127.50
147.50 128.00
147.50 128.50
147.50 129.00
147.50 129.50
147.50 130.00
147.50 130.50
147.50 131.00
147.50 131.50
147.50 132.00
147.50 132.50
147.50 133.00
147.50 133.50
147.50 134.00
147.50 134.50
147.00 135.00
146.50 135.50
146.50 136.00
146.00 136.50
146.00 137.00
145.50 137.50
145.50 138.00
145.00 138.50
145.00 139.00
144.50 139.50
144.50 140.00
144.00 140.50
143.50 141.00
143.00 141.50
143.00 142.00
142.50 142.50
142.00 143.00
141.50 143.50
141.00 144.00
140.50 144.50
140.00 145.00
139.50 145.50
139.00 146.00
138.50 146.50
138.00 146.50
137.50 147.00
137.00 147.00
136.50 147.50
136.00 147.50
135.50 148.00
135.00 148.00
134.50 148.00
134.00 148.50
133.50 148.50
133.00 148.50
132.50 148.50
132.00 148.50
131.50 148.50
131.00 148.50
130.50 148.50
130.00 148.50
129.50 148.50
129.00 148.50
128.50 148.00
128.00 148.00
127.50 148.00
127.00 148.00
126.50 148.00
126.00 148.00
125.50 147.50
125.00 147.50
124.50 147.00
124.00 146.50
123.50 146.00
123.00 146.00
122.50 145.50
122.00 145.00
121.50 145.00
121.00 144.50
120.50 144.00
120.00 143.50
119.50 143.00
119.00 142.50
118.50 142.00
118.00 141.50
118.00 141.00
117.50 140.50
117.00 140.00
117.00 139.50
116.50 139.00
116.50 138.50
116.00 138.00
116.00 137.50
115.50 137.00
115.50 136.50
115.00 136.00
115.00 135.50
115.00 135.00
115.00 134.50
114.50 134.00
114.50 133.50
114.50 133.00
114.50 132.50
114.50 132.00
114.00 131.50
114.00 131.00
114.00 130.50
114.00 130.00
114.00 129.50
114.00 129.00
114.00 128.50
114.00 128.00
114.00 127.50
114.00 127.00
114.00 126.50
114.00 126.00
114.00 125.50
114.00 125.00
114.50 124.50
114.50 124.00
114.50 123.50
114.50 123.00
115.00 122.50
115.00 122.00
115.00 121.50
115.00 121.00
115.50 120.50
115.50 120.00
116.00 119.50
116.00 119.00
116.00 118.50
116.50 118.00
116.50 117.50
117.00 117.00
117.00 116.50
117.50 116.00
117.50 115.50
118.00 115.00
118.50 114.50
118.50 114.00
119.00 113.50
119.50 113.00
120.00 112.50
120.00 112.00
120.50 111.50
121.00 111.00
121.50 111.00
122.00 110.50
122.50 110.00
123.00 109.50
123.50 109.50
124.00 109.00
124.50 109.00
125.00 108.50
125.50 108.50
126.00 108.50
126.50 108.50
127.00 108.50
127.50 108.50
128.00 108.50
128.50 108.50
129.00 108.50
129.50 108.50
130.00 108.50
130.50 108.50
131.00 108.50
131.50 109.00
132.00 109.00
132.50 109.00
133.00 109.00
133.50 109.00
134.00 109.50
134.50 109.50
135.00 109.50
135.50 109.50
136.00 110.00
136.50 110.00
137.00 110.00
137.50 110.50
138.00 110.50
138.50 111.00
139.00 111.00
139.50 111.50
140.00 112.00
140.50 112.50
141.00 112.50
141.50 113.00
142.00 113.50
142.50 114.00
143.00 114.50
143.50 115.00
144.00 115.50
144.00 116.00
144.00 116.50
144.50 117.00
145.00 117.50
145.00 118.00
145.00 118.50
145.50 119.00
145.50 119.50
146.00 120.00
146.00 120.50
146.00 121.00
146.50 121.50
146.50 122.00
146.50 122.50
146.50 123.00
147.00 123.50
147.00 124.00
147.00 124.50
147.00 125.00
147.50 125.50
