139.50 148.00
139.00 148.00
138.50 147.50
138.00 147.50
137.50 147.50
137.00 147.00
136.50 147.00
136.00 147.00
135.50 146.50
135.00 146.50
134.50 146.50
134.00 146.00
133.50 146.00
133.00 146.00
132.50 145.50
132.00 145.00
131.50 145.00
131.00 145.00
130.50 144.50
130.00 144.50
129.50 144.00
129.00 143.50
128.50 143.50
128.00 143.00
127.50 142.50
127.00 142.00
126.50 141.50
126.00 141.00
125.50 140.50
125.50 140.00
125.00 139.50
124.50 139.00
124.50 138.50
124.50 138.00
124.00 137.50
124.00 137.00
124.00 136.50
123.50 136.00
123.50 135.50
123.50 135.00
123.50 134.50
123.50 134.00
123.00 133.50
123.00 133.00
123.00 132.50
123.00 132.00
123.00 131.50
123.00 131.00
123.00 130.50
123.00 130.00
122.50 129.50
122.50 129.00
122.50 128.50
122.50 128.00
122.50 127.50
122.50 127.00
122.50 126.50
122.50 126.00
122.50 125.50
122.50 125.00
122.50 124.50
122.50 124.00
122.50 123.50
123.00 123.00
123.00 122.50
123.00 122.00
123.50 121.50
123.50 121.00
123.50 120.50
123.50 120.00
124.00 119.50
124.00 119.00
124.50 118.50
125.00 118.00
125.00 117.50
125.50 117.00
125.50 116.50
126.00 116.00
126.00 115.50
126.50 115.00
127.00 114.50
127.00 114.00
127.50 113.50
128.00 113.00
128.50 112.50
129.00 112.00
129.50 111.50
130.00 111.00
130.50 110.50
131.00 110.00
131.50 109.50
132.00 109.00
132.50 109.00
133.00 108.50
133.50 108.00
134.00 108.00
134.50 107.50
135.00 107.50
135.50 107.00
136.00 107.00
136.50 107.00
137.00 107.00
137.50 106.50
138.00 106.50
138.50 106.50
139.00 106.50
139.50 106.50
140.00 106.50
140.50 106.50
141.00 106.50
141.50 107.00
142.00 107.00
142.50 107.50
143.00 107.50
143.50 107.50
144.00 108.00
144.50 108.00
145.00 108.50
145.50 109.00
146.00 109.50
146.50 109.50
147.00 110.00
147.50 110.50
148.00 111.00
148.50 111.50
149.00 111.50
149.50 112.00
149.50 112.50
150.00 113.00
150.50 113.50
151.00 114.00
151.50 114.50
151.50 115.00
152.00 115.50
152.50 116.00
153.00 116.50
153.00 117.00
153.50 117.50
153.50 118.00
154.00 118.50
154.00 119.00
154.50 119.50
154.50 120.00
155.00 120.50
155.00 121.00
155.00 121.50
155.50 122.00
155.50 122.50
155.50 123.00
156.00 123.50
156.00 124.00
156.00 124.50
156.00 125.00
156.00 125.50
156.00 126.00
156.00 126.50
156.00 127.00
156.00 127.50
156.00 128.00
156.00 128.50
156.00 129.00
156.00 129.50
155.50 130.00
155.50 130.50
155.50 131.00
155.50 131.50
155.00 132.00
155.00 132.50
155.00 133.00
154.50 133.50
154.50 134.00
154.00 134.50
154.00 135.00
154.00 135.50
153.50 136.00
153.00 136.50
153.00 137.00
152.50 137.50
152.00 138.00
152.00 138.50
151.50 139.00
151.00 139.50
150.50 140.00
150.50 140.50
150.00 141.00
149.50 141.50
149.00 142.00
148.50 142.50
148.00 143.00
147.50 143.50
147.00 144.00
146.50 144.50
146.00 145.00
145.50 145.00
145.00 145.50
144.50 145.50
144.00 146.00
143.50 146.00
143.00 146.50
142.50 146.50
142.00 147.00
141.50 147.00
141.00 147.00
140.50 147.50
140.00 147.50
