150.50 122.00
150.00 122.50
149.50 123.00
149.00 123.00
148.50 123.50
148.00 123.50
147.50 124.00
147.00 124.00
146.50 124.00
146.00 124.00
145.50 124.00
145.00 124.00
144.50 124.00
144.00 124.00
143.50 124.00
143.00 124.00
142.50 124.00
142.00 124.00
141.50 123.50
141.00 123.50
140.50 123.00
140.00 122.50
139.50 122.00
139.00 121.50
139.00 121.00
139.00 120.50
139.00 120.00
139.00 119.50
139.00 119.00
139.00 118.50
139.00 118.00
139.50 117.50
139.50 117.00
140.00 116.50
140.00 116.00
140.50 115.50
140.50 115.00
141.00 114.50
141.50 114.00
142.00 113.50
142.50 113.00
143.00 113.00
143.50 112.50
144.00 112.50
144.50 112.50
145.00 112.50
145.50 112.50
146.00 112.50
146.50 112.50
147.00 112.50
147.50 113.00
148.00 113.00
148.50 113.50
149.00 113.50
149.50 114.00
150.00 114.50
150.50 115.00
150.50 115.50
151.00 116.00
151.50 116.50
151.50 117.00
151.50 117.50
151.50 118.00
151.50 118.50
151.50 119.00
151.50 119.50
151.50 120.00
151.50 120.50
151.00 121.00
151.00 121.50
