127.50 144.00
127.00 144.00
126.50 144.00
126.00 143.50
125.50 143.50
125.00 143.00
124.50 142.50
124.00 142.50
123.50 142.00
123.00 141.50
122.50 141.00
122.50 140.50
122.00 140.00
121.50 139.50
121.00 139.00
121.00 138.50
120.50 138.00
120.50 137.50
120.50 137.00
120.00 136.50
120.00 136.00
119.50 135.50
119.50 135.00
119.50 134.50
119.50 134.00
119.50 133.50
119.00 133.00
119.00 132.50
119.00 132.00
119.00 131.50
119.00 131.00
119.00 130.50
119.00 130.00
119.00 129.50
119.00 129.00
119.00 128.50
119.00 128.00
119.00 127.50
119.00 127.00
119.00 126.50
119.50 126.00
119.50 125.50
119.50 125.00
119.50 124.50
119.50 124.00
120.00 123.50
120.00 123.00
120.00 122.50
120.50 122.00
120.50 121.50
120.50 121.00
121.00 120.50
121.00 120.00
121.50 119.50
121.50 119.00
122.00 118.50
122.00 118.00
122.50 117.50
123.00 117.00
123.00 116.50
123.50 116.00
124.00 115.50
124.50 115.00
125.00 114.50
125.50 114.50
126.00 114.00
126.50 113.50
127.00 113.50
127.50 113.50
128.00 113.00
128.50 113.00
129.00 113.00
129.50 113.00
130.00 113.00
130.50 113.00
131.00 113.00
131.50 113.50
132.00 113.50
132.50 113.50
133.00 114.00
133.50 114.00
134.00 114.50
134.50 115.00
135.00 115.00
135.50 115.50
136.00 116.00
136.50 116.50
137.00 117.00
137.50 117.50
138.00 118.00
138.50 118.50
139.00 119.00
139.00 119.50
139.50 120.00
140.00 120.50
140.00 121.00
140.50 121.50
140.50 122.00
141.00 122.50
141.00 123.00
141.50 123.50
141.50 124.00
141.50 124.50
142.00 125.00
142.00 125.50
142.00 126.00
142.00 126.50
142.50 127.00
142.50 127.50
142.50 128.00
142.50 128.50
142.50 129.00
142.50 129.50
142.50 130.00
142.50 130.50
142.50 131.00
142.50 131.50
142.00 132.00
142.00 132.50
142.00 133.00
142.00 133.50
141.50 134.00
141.50 134.50
141.50 135.00
141.00 135.50
141.00 136.00
140.50 136.50
140.00 137.00
140.00 137.50
139.50 138.00
139.00 138.50
138.50 139.00
138.00 139.50
137.50 140.00
137.00 140.50
136.50 141.00
136.00 141.50
135.50 141.50
135.00 142.00
134.50 142.50
134.00 142.50
133.50 143.00
133.00 143.00
132.50 143.50
132.00 143.50
131.50 144.00
131.00 144.00
130.50 144.00
130.00 144.00
129.50 144.00
129.00 144.00
128.50 144.00
128.00 144.00
